	Chr	Start	End	Name	Score	Strand	Length
ENSG00000000003	chrX	100627108	100639991	TSPAN6	0	-	12883
ENSG00000000005	chrX	100584936	100599885	TNMD	0	+	14949
ENSG00000000419	chr20	50934867	50959140	DPM1	0	-	24273
ENSG00000000457	chr1	169849631	169894267	SCYL3	0	-	44636
ENSG00000000460	chr1	169662007	169854080	C1orf112	0	+	192073
ENSG00000000938	chr1	27612064	27635185	FGR	0	-	23121
ENSG00000000971	chr1	196652043	196747504	CFH	0	+	95461
ENSG00000001036	chr6	143494812	143511720	FUCA2	0	-	16908
ENSG00000001084	chr6	53497341	53616970	GCLC	0	-	119629
ENSG00000001167	chr6	41072974	41102403	NFYA	0	+	29429
ENSG00000001460	chr1	24356999	24416934	STPG1	0	-	59935
ENSG00000001461	chr1	24415802	24472976	NIPAL3	0	+	57174
ENSG00000001497	chrX	65438549	65534810	LAS1L	0	-	96261
ENSG00000001561	chr6	46129989	46146688	ENPP4	0	+	16699
ENSG00000001617	chr3	50155045	50189075	SEMA3F	0	+	34030
ENSG00000001629	chr7	92245974	92401383	ANKIB1	0	+	155409
ENSG00000002016	chr12	911736	990053	RAD52	0	-	78317
ENSG00000002330	chr11	64269830	64284704	BAD	0	-	14874
ENSG00000002549	chr4	17577198	17607972	LAP3	0	+	30774
ENSG00000002586	chrX	2691187	2741309	CD99	0	+	50122
ENSG00000002586	chrY	2691187	2741309	CD99	0	+	50122
ENSG00000002587	chr4	11393150	11429564	HS3ST1	0	-	36414
ENSG00000002726	chr7	150824627	150861504	AOC1	0	+	36877
ENSG00000002834	chr17	38869859	38921770	LASP1	0	+	51911
ENSG00000002919	chr17	48103357	48123601	SNX11	0	+	20244
ENSG00000002933	chr7	150800403	150805118	TMEM176A	0	+	4715
ENSG00000003056	chr12	8940361	8949761	M6PR	0	-	9400
ENSG00000003096	chrX	117897813	118117340	KLHL13	0	-	219527
ENSG00000003137	chr2	72129238	72147862	CYP26B1	0	-	18624
ENSG00000003147	chr7	8113184	8262687	ICA1	0	-	149503
ENSG00000003249	chr16	90004871	90019890	DBNDD1	0	-	15019
ENSG00000003393	chr2	201700267	201782112	ALS2	0	-	81845
ENSG00000003400	chr2	201182898	201229406	CASP10	0	+	46508
ENSG00000003402	chr2	201116154	201176687	CFLAR	0	+	60533
ENSG00000003436	chr2	187464230	187565760	TFPI	0	-	101530
ENSG00000003509	chr2	37231631	37253403	NDUFAF7	0	+	21772
ENSG00000003987	chr8	17296794	17413528	MTMR7	0	-	116734
ENSG00000003989	chr8	17497088	17570573	SLC7A2	0	+	73485
ENSG00000004139	chr17	28364356	28404049	SARM1	0	+	39693
ENSG00000004142	chr17	28346633	28357527	POLDIP2	0	-	10894
ENSG00000004399	chr3	129555214	129606676	PLXND1	0	-	51462
ENSG00000004455	chr1	33007940	33080996	AK2	0	-	73056
ENSG00000004468	chr4	15778275	15853232	CD38	0	+	74957
ENSG00000004478	chr12	2794970	2805423	FKBP4	0	+	10453
ENSG00000004487	chr1	23019443	23083689	KDM1A	0	+	64246
ENSG00000004534	chr3	49940007	50100045	RBM6	0	+	160038
ENSG00000004660	chr17	3860315	3894891	CAMKK1	0	-	34576
ENSG00000004700	chr12	21468910	21501669	RECQL	0	-	32759
ENSG00000004766	chr7	93232340	93361123	VPS50	0	+	128783
ENSG00000004776	chr19	35754566	35758079	HSPB6	0	-	3513
ENSG00000004777	chr19	35774532	35788822	ARHGAP33	0	+	14290
ENSG00000004779	chr16	23581014	23596316	NDUFAB1	0	-	15302
ENSG00000004799	chr7	95583499	95596516	PDK4	0	-	13017
ENSG00000004838	chr3	50341110	50345732	ZMYND10	0	-	4622
ENSG00000004864	chr7	96120220	96322147	SLC25A13	0	-	201927
ENSG00000004866	chr7	116953238	117230176	ST7	0	+	276938
ENSG00000004897	chr17	47117703	47189422	CDC27	0	-	71719
ENSG00000004961	chrX	11111301	11123086	HCCS	0	+	11785
ENSG00000004975	chr17	7225342	7234517	DVL2	0	-	9175
ENSG00000005001	chr16	2852730	2858170	PRSS22	0	-	5440
ENSG00000005007	chr19	18831959	18868230	UPF1	0	+	36271
ENSG00000005020	chr7	26667068	26995239	SKAP2	0	-	328171
ENSG00000005022	chrX	119468422	119471396	SLC25A5	0	+	2974
ENSG00000005059	chr4	109560209	109688719	MCUB	0	+	128510
ENSG00000005073	chr7	27181157	27185232	HOXA11	0	-	4075
ENSG00000005075	chr7	102473128	102478922	POLR2J	0	-	5794
ENSG00000005100	chr17	5440917	5468982	DHX33	0	-	28065
ENSG00000005102	chr17	43640389	43661922	MEOX1	0	-	21533
ENSG00000005108	chr7	11370365	11832198	THSD7A	0	-	461833
ENSG00000005156	chr17	34980512	35009743	LIG3	0	+	29231
ENSG00000005175	chr12	47661249	47706030	RPAP3	0	-	44781
ENSG00000005187	chr16	20610243	20797581	ACSM3	0	+	187338
ENSG00000005189	chr16	20806429	20849665	REXO5	0	+	43236
ENSG00000005194	chr16	57428187	57447420	CIAPIN1	0	-	19233
ENSG00000005238	chr9	35104112	35116341	FAM214B	0	-	12229
ENSG00000005243	chr17	48026167	48038030	COPZ2	0	-	11863
ENSG00000005249	chr7	107044705	107161811	PRKAR2B	0	+	117106
ENSG00000005302	chrX	11758159	11775772	MSL3	0	+	17613
ENSG00000005339	chr16	3725054	3880713	CREBBP	0	-	155659
ENSG00000005379	chr17	58301228	58328795	TSPOAP1	0	-	27567
ENSG00000005436	chr2	75652000	75710985	GCFC2	0	-	58985
ENSG00000005448	chr2	74421678	74425755	WDR54	0	+	4077
ENSG00000005469	chr7	87345664	87399794	CROT	0	+	54130
ENSG00000005471	chr7	87401696	87480435	ABCB4	0	-	78739
ENSG00000005483	chr7	104940943	105115019	KMT2E	0	+	174076
ENSG00000005486	chr7	75842602	75888926	RHBDD2	0	+	46324
ENSG00000005513	chr16	981770	986979	SOX8	0	+	5209
ENSG00000005700	chr6	82169986	82247754	IBTK	0	-	77768
ENSG00000005801	chr11	3339261	3379222	ZNF195	0	-	39961
ENSG00000005810	chr13	77042474	77327094	MYCBP2	0	-	284620
ENSG00000005812	chr13	76992598	77027195	FBXL3	0	-	34597
ENSG00000005844	chr16	30472658	30523567	ITGAL	0	+	50909
ENSG00000005882	chr17	50094737	50112152	PDK2	0	+	17415
ENSG00000005884	chr17	50055968	50090481	ITGA3	0	+	34513
ENSG00000005889	chrX	24149173	24216255	ZFX	0	+	67082
ENSG00000005893	chrX	120426148	120469365	LAMP2	0	-	43217
ENSG00000006007	chr16	19501693	19522123	GDE1	0	-	20430
ENSG00000006015	chr19	18588685	18592337	REX1BD	0	+	3652
ENSG00000006016	chr19	18572220	18607741	CRLF1	0	-	35521
ENSG00000006025	chr17	47807372	47821834	OSBPL7	0	-	14462
ENSG00000006042	chr17	32927910	32945106	TMEM98	0	+	17196
ENSG00000006047	chr17	7288263	7294639	YBX2	0	-	6376
ENSG00000006062	chr17	45263119	45317029	MAP3K14	0	-	53910
ENSG00000006071	chr11	17392498	17476894	ABCC8	0	-	84396
ENSG00000006118	chr11	60924460	60937159	TMEM132A	0	+	12699
ENSG00000006125	chr17	35578046	35726413	AP2B1	0	+	148367
ENSG00000006194	chr16	3263800	3301401	ZNF263	0	+	37601
ENSG00000006210	chr16	57372477	57385044	CX3CL1	0	+	12567
ENSG00000006282	chr17	50543058	50555852	SPATA20	0	+	12794
ENSG00000006283	chr17	50560715	50627474	CACNA1G	0	+	66759
ENSG00000006327	chr16	3018445	3022383	TNFRSF12A	0	+	3938
ENSG00000006432	chr14	70722526	70809534	MAP3K9	0	-	87008
ENSG00000006451	chr7	39623565	39708120	RALA	0	+	84555
ENSG00000006453	chr7	98291650	98401090	BAIAP2L1	0	-	109440
ENSG00000006459	chr7	140084746	140176983	KDM7A	0	-	92237
ENSG00000006468	chr7	13891229	13991425	ETV1	0	-	100196
ENSG00000006530	chr7	141551278	141655244	AGK	0	+	103966
ENSG00000006534	chr11	68008578	68029282	ALDH3B1	0	+	20704
ENSG00000006555	chr1	54779712	54801323	TTC22	0	-	21611
ENSG00000006576	chr7	77798792	77957503	PHTF2	0	+	158711
ENSG00000006607	chr2	241356285	241494841	FARP2	0	+	138556
ENSG00000006634	chr7	87876216	87909553	DBF4	0	+	33337
ENSG00000006638	chr19	3594507	3606875	TBXA2R	0	-	12368
ENSG00000006652	chr7	112422887	112481017	IFRD1	0	+	58130
ENSG00000006695	chr17	14069490	14231736	COX10	0	+	162246
ENSG00000006704	chr7	74453790	74602605	GTF2IRD1	0	+	148815
ENSG00000006712	chr19	39385629	39391154	PAF1	0	-	5525
ENSG00000006715	chr7	38722974	38932394	VPS41	0	-	209420
ENSG00000006740	chr17	12789498	12991643	ARHGAP44	0	+	202145
ENSG00000006744	chr17	12991612	13018065	ELAC2	0	-	26453
ENSG00000006747	chr7	12570577	12660182	SCIN	0	+	89605
ENSG00000006756	chrX	2903972	2929349	ARSD	0	-	25377
ENSG00000006757	chrX	7898247	7927739	PNPLA4	0	-	29492
ENSG00000006831	chr12	1688574	1788674	ADIPOR2	0	+	100100
ENSG00000006837	chr5	134286350	134371047	CDKL3	0	-	84697
ENSG00000007038	chr16	2817180	2826304	PRSS21	0	+	9124
ENSG00000007047	chr19	45079288	45305284	MARK4	0	+	225996
ENSG00000007062	chr4	15963076	16084378	PROM1	0	-	121302
ENSG00000007080	chr19	17933015	17943991	CCDC124	0	+	10976
ENSG00000007129	chr19	41549518	41586844	CEACAM21	0	+	37326
ENSG00000007168	chr17	2593210	2685615	PAFAH1B1	0	+	92405
ENSG00000007202	chr17	28614446	28645454	KIAA0100	0	-	31008
ENSG00000007216	chr17	28473293	28497781	SLC13A2	0	+	24488
ENSG00000007237	chr17	9910606	10198606	GAS7	0	-	288000
ENSG00000007255	chr19	45162928	45178237	TRAPPC6A	0	-	15309
ENSG00000007264	chr19	3777970	3802129	MATK	0	-	24159
ENSG00000007314	chr17	63938554	63972918	SCN4A	0	-	34364
ENSG00000007341	chr1	112523514	112620825	ST7L	0	-	97311
ENSG00000007372	chr11	31784779	31817961	PAX6	0	-	33182
ENSG00000007376	chr16	784974	788397	RPUSD1	0	-	3423
ENSG00000007384	chr16	58059	76355	RHBDF1	0	-	18296
ENSG00000007392	chr16	188969	229463	LUC7L	0	-	40494
ENSG00000007402	chr3	50362613	50504244	CACNA2D2	0	-	141631
ENSG00000007516	chr16	1333638	1349441	BAIAP3	0	+	15803
ENSG00000007520	chr16	1349240	1351878	TSR3	0	-	2638
ENSG00000007541	chr16	566995	584109	PIGQ	0	+	17114
ENSG00000007545	chr16	1612337	1677908	CRAMP1	0	+	65571
ENSG00000007866	chr6	35473597	35497079	TEAD3	0	-	23482
ENSG00000007908	chr1	169722640	169764705	SELE	0	-	42065
ENSG00000007923	chr1	6634168	6701924	DNAJC11	0	-	67756
ENSG00000007933	chr1	171090901	171117819	FMO3	0	+	26918
ENSG00000007944	chr6	16129086	16148248	MYLIP	0	+	19162
ENSG00000007968	chr1	23506438	23531233	E2F2	0	-	24795
ENSG00000008018	chr6	170535120	170553307	PSMB1	0	-	18187
ENSG00000008056	chrX	47571901	47619857	SYN1	0	-	47956
ENSG00000008083	chr6	15246069	15522042	JARID2	0	+	275973
ENSG00000008086	chrX	18425583	18653629	CDKL5	0	+	228046
ENSG00000008128	chr1	1702379	1724357	CDK11A	0	-	21978
ENSG00000008130	chr1	1751232	1780457	NADK	0	-	29225
ENSG00000008196	chr6	50818723	50847619	TFAP2B	0	+	28896
ENSG00000008226	chr3	38039205	38124025	DLEC1	0	+	84820
ENSG00000008256	chr7	6161776	6272644	CYTH3	0	-	110868
ENSG00000008277	chr7	87934143	88202889	ADAM22	0	+	268746
ENSG00000008282	chr7	106090505	106112576	SYPL1	0	-	22071
ENSG00000008283	chr17	63432304	63446354	CYB561	0	-	14050
ENSG00000008294	chr17	50962174	51120868	SPAG9	0	-	158694
ENSG00000008300	chr3	48636463	48662886	CELSR3	0	-	26423
ENSG00000008311	chr7	122064583	122144308	AASS	0	-	79725
ENSG00000008323	chr12	6310436	6328506	PLEKHG6	0	+	18070
ENSG00000008324	chr3	42581840	42596934	SS18L2	0	+	15094
ENSG00000008382	chr19	4343527	4360086	MPND	0	+	16559
ENSG00000008394	chr12	16347142	16609259	MGST1	0	+	262117
ENSG00000008405	chr12	106991364	107093549	CRY1	0	-	102185
ENSG00000008441	chr19	12995475	13098796	NFIX	0	+	103321
ENSG00000008513	chr8	133454848	133571940	ST3GAL1	0	-	117092
ENSG00000008516	chr16	3046062	3060726	MMP25	0	+	14664
ENSG00000008517	chr16	3065297	3082192	IL32	0	+	16895
ENSG00000008710	chr16	2088708	2135898	PKD1	0	-	47190
ENSG00000008735	chr22	50600793	50613981	MAPK8IP2	0	+	13188
ENSG00000008838	chr17	40019097	40061215	MED24	0	-	42118
ENSG00000008853	chr8	22987417	23020509	RHOBTB2	0	+	33092
ENSG00000008869	chr2	36968383	37084372	HEATR5B	0	-	115989
ENSG00000008952	chr3	169966635	169998373	SEC62	0	+	31738
ENSG00000008988	chr8	56067254	56074510	RPS20	0	-	7256
ENSG00000009307	chr1	114716913	114758676	CSDE1	0	-	41763
ENSG00000009335	chr7	157138916	157269370	UBE3C	0	+	130454
ENSG00000009413	chr6	111299028	111483715	REV3L	0	-	184687
ENSG00000009694	chrX	124375903	124963817	TENM1	0	-	587914
ENSG00000009709	chr1	18630846	18748866	PAX7	0	+	118020
ENSG00000009724	chr1	11026523	11047239	MASP2	0	-	20716
ENSG00000009765	chr6	150368892	150405969	IYD	0	+	37077
ENSG00000009780	chr1	27725961	27763116	FAM76A	0	+	37155
ENSG00000009790	chr1	209756032	209782320	TRAF3IP3	0	+	26288
ENSG00000009830	chr14	77274956	77320883	POMT2	0	-	45927
ENSG00000009844	chr6	142147162	142224685	VTA1	0	+	77523
ENSG00000009950	chr7	73593194	73624543	MLXIPL	0	-	31349
ENSG00000009954	chr7	73440406	73522293	BAZ1B	0	-	81887
ENSG00000010017	chr6	13621498	13711835	RANBP9	0	-	90337
ENSG00000010030	chr6	36354091	36387800	ETV7	0	-	33709
ENSG00000010072	chr1	231337104	231355023	SPRTN	0	+	17919
ENSG00000010165	chr1	171781660	171814023	METTL13	0	+	32363
ENSG00000010244	chr17	32350132	32381885	ZNF207	0	+	31753
ENSG00000010256	chr3	48599002	48610976	UQCRC1	0	-	11974
ENSG00000010270	chr7	38178245	38230670	STARD3NL	0	+	52425
ENSG00000010278	chr12	6199715	6238271	CD9	0	+	38556
ENSG00000010292	chr12	6493356	6531955	NCAPD2	0	+	38599
ENSG00000010295	chr12	6538961	6556073	IFFO1	0	-	17112
ENSG00000010310	chr19	45668221	45683722	GIPR	0	+	15501
ENSG00000010318	chr3	52410660	52423641	PHF7	0	+	12981
ENSG00000010319	chr3	52433035	52445103	SEMA3G	0	-	12068
ENSG00000010322	chr3	52455118	52493068	NISCH	0	+	37950
ENSG00000010327	chr3	52495338	52524495	STAB1	0	+	29157
ENSG00000010361	chr19	49806866	49817376	FUZ	0	-	10510
ENSG00000010539	chr16	3222325	3236221	ZNF200	0	-	13896
ENSG00000010610	chr12	6786858	6820799	CD4	0	+	33941
ENSG00000010626	chr12	6873569	6914241	LRRC23	0	+	40672
ENSG00000010671	chrX	101349447	101390796	BTK	0	-	41349
ENSG00000010704	chr6	26087281	26098343	HFE	0	+	11062
ENSG00000010803	chr1	41027200	41242154	SCMH1	0	-	214954
ENSG00000010810	chr6	111660332	111873452	FYN	0	-	213120
ENSG00000010818	chr6	142751469	142956698	HIVEP2	0	-	205229
ENSG00000010932	chr1	171248471	171285978	FMO1	0	+	37507
ENSG00000011007	chr1	23743448	23762059	ELOA	0	+	18611
ENSG00000011009	chr1	23791145	23795539	LYPLA2	0	+	4394
ENSG00000011021	chr1	11806096	11848079	CLCN6	0	+	41983
ENSG00000011028	chr17	62627670	62693597	MRC2	0	+	65927
ENSG00000011052	chr17	51153590	51171744	NME1-NME2	0	+	18154
ENSG00000011105	chr12	3077355	3286564	TSPAN9	0	+	209209
ENSG00000011114	chr14	93237550	93333092	BTBD7	0	-	95542
ENSG00000011132	chr19	3750772	3761692	APBA3	0	-	10920
ENSG00000011143	chr17	58205441	58219605	MKS1	0	-	14164
ENSG00000011198	chr3	43690108	43734371	ABHD5	0	+	44263
ENSG00000011201	chrX	8528874	8732137	ANOS1	0	-	203263
ENSG00000011243	chr19	15380050	15419141	AKAP8L	0	-	39091
ENSG00000011258	chr17	51177425	51260163	MBTD1	0	-	82738
ENSG00000011260	chr17	51260546	51297936	UTP18	0	+	37390
ENSG00000011275	chr7	5620047	5781696	RNF216	0	-	161649
ENSG00000011295	chr17	15999784	16045015	TTC19	0	+	45231
ENSG00000011304	chr19	797075	812327	PTBP1	0	+	15252
ENSG00000011347	chr11	61513714	61581148	SYT7	0	-	67434
ENSG00000011376	chr3	45388561	45554726	LARS2	0	+	166165
ENSG00000011405	chr11	17077730	17207986	PIK3C2A	0	-	130256
ENSG00000011422	chr19	43646095	43670547	PLAUR	0	-	24452
ENSG00000011426	chr7	36389821	36453791	ANLN	0	+	63970
ENSG00000011451	chr19	15419978	15449956	WIZ	0	-	29978
ENSG00000011454	chr9	122940833	123104866	RABGAP1	0	+	164033
ENSG00000011465	chr12	91140484	91183217	DCN	0	-	42733
ENSG00000011478	chr19	45692403	45703989	QPCTL	0	+	11586
ENSG00000011485	chr19	46347087	46392981	PPP5C	0	+	45894
ENSG00000011523	chr2	65056366	65087004	CEP68	0	+	30638
ENSG00000011566	chr2	39249266	39437301	MAP4K3	0	-	188035
ENSG00000011600	chr19	35904401	35908295	TYROBP	0	-	3894
ENSG00000011638	chr16	21158377	21180616	LDAF1	0	+	22239
ENSG00000012048	chr17	43044295	43170245	BRCA1	0	-	125950
ENSG00000012061	chr19	45407334	45478828	ERCC1	0	-	71494
ENSG00000012124	chr19	35319261	35347361	CD22	0	+	28100
ENSG00000012171	chr3	50267558	50277546	SEMA3B	0	+	9988
ENSG00000012174	chrX	21839617	21885423	MBTPS2	0	+	45806
ENSG00000012211	chrX	49174802	49186528	PRICKLE3	0	-	11726
ENSG00000012223	chr3	46435645	46485234	LTF	0	-	49589
ENSG00000012232	chr8	28600469	28755599	EXTL3	0	+	155130
ENSG00000012660	chr6	53267398	53349179	ELOVL5	0	-	81781
ENSG00000012779	chr10	45374176	45446119	ALOX5	0	+	71943
ENSG00000012822	chr12	53708517	53727745	CALCOCO1	0	-	19228
ENSG00000012983	chr14	50418501	50561126	MAP4K5	0	-	142625
ENSG00000013016	chr2	31234152	31269451	EHD3	0	+	35299
ENSG00000013275	chr19	39971165	39981764	PSMC4	0	+	10599
ENSG00000013288	chr4	6575189	6623362	MAN2B2	0	+	48173
ENSG00000013306	chr17	44319625	44324870	SLC25A39	0	-	5245
ENSG00000013364	chr16	29820394	29848039	MVP	0	+	27645
ENSG00000013374	chr7	151341772	151378449	NUB1	0	+	36677
ENSG00000013375	chr6	83161150	83193936	PGM3	0	-	32786
ENSG00000013392	chr6	83193357	83198935	RWDD2A	0	+	5578
ENSG00000013441	chr2	200853009	200864691	CLK1	0	-	11682
ENSG00000013503	chr12	106357748	106510198	POLR3B	0	+	152450
ENSG00000013523	chr14	76786009	76826246	ANGEL1	0	-	40237
ENSG00000013561	chr5	141958328	141990292	RNF14	0	+	31964
ENSG00000013563	chrX	154401236	154412112	DNASE1L1	0	-	10876
ENSG00000013573	chr12	31073860	31104799	DDX11	0	+	30939
ENSG00000013583	chr12	12974870	13000265	HEBP1	0	-	25395
ENSG00000013588	chr12	12891559	12917937	GPRC5A	0	+	26378
ENSG00000013619	chrX	150361422	150514178	MAMLD1	0	+	152756
ENSG00000013725	chr11	60971680	61020377	CD6	0	+	48697
ENSG00000013810	chr4	1712858	1745171	TACC3	0	+	32313
ENSG00000014123	chr6	96521595	96555276	UFL1	0	+	33681
ENSG00000014164	chr8	143437659	143541447	ZC3H3	0	-	103788
ENSG00000014216	chr11	65180566	65212006	CAPN1	0	+	31440
ENSG00000014257	chr3	132317369	132368298	ACP3	0	+	50929
ENSG00000014641	chr2	63588609	63607197	MDH1	0	+	18588
ENSG00000014824	chr4	41990502	42090461	SLC30A9	0	+	99959
ENSG00000014914	chr1	149928651	149936879	MTMR11	0	-	8228
ENSG00000015133	chr14	91271323	91417844	CCDC88C	0	-	146521
ENSG00000015153	chr12	42157104	42238349	YAF2	0	-	81245
ENSG00000015171	chr10	134465	254637	ZMYND11	0	+	120172
ENSG00000015285	chrX	48676596	48691427	WAS	0	+	14831
ENSG00000015413	chr16	89613308	89638456	DPEP1	0	+	25148
ENSG00000015475	chr22	17734138	17774770	BID	0	-	40632
ENSG00000015520	chr7	44512535	44541330	NPC1L1	0	-	28795
ENSG00000015532	chr17	50346126	50363138	XYLT2	0	+	17012
ENSG00000015568	chr2	109792758	109857705	RGPD5	0	+	64947
ENSG00000015676	chr7	44379119	44490658	NUDCD3	0	-	111539
ENSG00000016391	chr3	53812335	53846419	CHDH	0	-	34084
ENSG00000016402	chr6	136999971	137045180	IL20RA	0	-	45209
ENSG00000016864	chr3	52694486	52706032	GLT8D1	0	-	11546
ENSG00000017260	chr3	130850595	131016712	ATP2C1	0	+	166117
ENSG00000017427	chr12	102395874	102481744	IGF1	0	-	85870
ENSG00000017483	chrX	48458537	48470260	SLC38A5	0	-	11723
ENSG00000017797	chr18	9475009	9538114	RALBP1	0	+	63105
ENSG00000018189	chr4	70704204	70808619	RUFY3	0	+	104415
ENSG00000018236	chr12	40692439	41072415	CNTN1	0	+	379976
ENSG00000018280	chr2	218382029	218396894	SLC11A1	0	+	14865
ENSG00000018408	chr3	149517235	149736714	WWTR1	0	-	219479
ENSG00000018510	chr2	177392746	177567024	AGPS	0	+	174278
ENSG00000018610	chrX	119538149	119565409	STEEP1	0	-	27260
ENSG00000018625	chr1	160115759	160143591	ATP1A2	0	+	27832
ENSG00000018699	chr2	32628032	32821051	TTC27	0	+	193019
ENSG00000018869	chr19	56375846	56393538	ZNF582	0	-	17692
ENSG00000019102	chr11	124747474	124752255	VSIG2	0	-	4781
ENSG00000019144	chr11	118606440	118658031	PHLDB1	0	+	51591
ENSG00000019169	chr2	118942194	118994660	MARCO	0	+	52466
ENSG00000019186	chr20	54153446	54173986	CYP24A1	0	-	20540
ENSG00000019485	chr11	45095806	45235110	PRDM11	0	+	139304
ENSG00000019505	chr11	45240302	45286341	SYT13	0	-	46039
ENSG00000019549	chr8	48917598	48921740	SNAI2	0	-	4142
ENSG00000019582	chr5	150401637	150412969	CD74	0	-	11332
ENSG00000019991	chr7	81699010	81770438	HGF	0	-	71428
ENSG00000019995	chr10	124942123	124988189	ZRANB1	0	+	46066
ENSG00000020129	chr1	35557473	35567274	NCDN	0	+	9801
ENSG00000020181	chr8	37784191	37844896	ADGRA2	0	+	60705
ENSG00000020256	chr20	52051663	52204308	ZFP64	0	-	152645
ENSG00000020426	chr14	60734742	60969965	MNAT1	0	+	235223
ENSG00000020577	chr14	54566117	54793315	SAMD4A	0	+	227198
ENSG00000020633	chr1	24899511	24965121	RUNX3	0	-	65610
ENSG00000020922	chr11	94415570	94493885	MRE11	0	-	78315
ENSG00000021300	chr11	73646178	73662819	PLEKHB1	0	+	16641
ENSG00000021355	chr6	2832332	2841959	SERPINB1	0	-	9627
ENSG00000021574	chr2	32063556	32157637	SPAST	0	+	94081
ENSG00000021645	chr14	78170373	79868291	NRXN3	0	+	1697918
ENSG00000021762	chr11	3087107	3166739	OSBPL5	0	-	79632
ENSG00000021776	chr15	34851782	34969742	AQR	0	-	117960
ENSG00000021826	chr2	210477682	210679107	CPS1	0	+	201425
ENSG00000022267	chrX	136146702	136211359	FHL1	0	+	64657
ENSG00000022277	chr20	56468585	56519449	RTF2	0	+	50864
ENSG00000022556	chr19	54953130	55001142	NLRP2	0	+	48012
ENSG00000022567	chr8	141207166	141308305	SLC45A4	0	-	101139
ENSG00000022840	chr12	120533480	120577588	RNF10	0	+	44108
ENSG00000022976	chr14	102317377	102342702	ZNF839	0	+	25325
ENSG00000023041	chr10	112424428	112447572	ZDHHC6	0	-	23144
ENSG00000023171	chr11	123358428	123627774	GRAMD1B	0	+	269346
ENSG00000023191	chr11	494512	507300	RNH1	0	-	12788
ENSG00000023228	chr2	206114817	206159509	NDUFS1	0	-	44692
ENSG00000023287	chr8	52622458	52745843	RB1CC1	0	-	123385
ENSG00000023318	chr9	99979185	100099052	ERP44	0	-	119867
ENSG00000023330	chr3	52198086	52214327	ALAS1	0	+	16241
ENSG00000023445	chr11	102317450	102339403	BIRC3	0	+	21953
ENSG00000023516	chr13	42272152	42323261	AKAP11	0	+	51109
ENSG00000023572	chr1	193090866	193106114	GLRX2	0	-	15248
ENSG00000023608	chr14	61762420	61796428	SNAPC1	0	+	34008
ENSG00000023697	chr12	15911302	16037381	DERA	0	+	126079
ENSG00000023734	chr12	15882387	15903478	STRAP	0	+	21091
ENSG00000023839	chr10	99782640	99852594	ABCC2	0	+	69954
ENSG00000023892	chr6	35297818	35321771	DEF6	0	+	23953
ENSG00000023902	chr1	150149183	150164720	PLEKHO1	0	+	15537
ENSG00000023909	chr1	93885199	93909456	GCLM	0	-	24257
ENSG00000024048	chr6	42564029	42693505	UBR2	0	+	129476
ENSG00000024422	chr19	47713422	47743134	EHD2	0	+	29712
ENSG00000024526	chr1	68474152	68497221	DEPDC1	0	-	23069
ENSG00000024862	chr6	138773769	138793319	CCDC28A	0	+	19550
ENSG00000025039	chr6	89364616	89412273	RRAGD	0	-	47657
ENSG00000025156	chr6	122399551	122433119	HSF2	0	+	33568
ENSG00000025293	chr20	35771974	35950370	PHF20	0	+	178396
ENSG00000025423	chr12	56752161	56787790	HSD17B6	0	+	35629
ENSG00000025434	chr11	47248300	47269033	NR1H3	0	+	20733
ENSG00000025708	chr22	50525752	50530032	TYMP	0	-	4280
ENSG00000025770	chr22	50508224	50524780	NCAPH2	0	+	16556
ENSG00000025772	chr20	44942130	44960397	TOMM34	0	-	18267
ENSG00000025796	chr6	107867756	107958208	SEC63	0	-	90452
ENSG00000025800	chr1	32108056	32176563	KPNA6	0	+	68507
ENSG00000026025	chr10	17228241	17237593	VIM	0	+	9352
ENSG00000026036	chr20	63659300	63698684	RTEL1-TNFRSF6B	0	+	39384
ENSG00000026297	chr6	166922113	166957191	RNASET2	0	-	35078
ENSG00000026508	chr11	35138882	35232402	CD44	0	+	93520
ENSG00000026559	chr20	51003656	51023107	KCNG1	0	-	19451
ENSG00000026652	chr6	161129967	161274061	AGPAT4	0	-	144094
ENSG00000026751	chr1	160739057	160754821	SLAMF7	0	+	15764
ENSG00000026950	chr6	26402237	26415208	BTN3A1	0	+	12971
ENSG00000027001	chr13	23730189	23889400	MIPEP	0	-	159211
ENSG00000027075	chr14	61187559	61550976	PRKCH	0	+	363417
ENSG00000027697	chr6	137197485	137219449	IFNGR1	0	-	21964
ENSG00000027847	chr5	177600132	177610330	B4GALT7	0	+	10198
ENSG00000027869	chr1	156806243	156816848	SH2D2A	0	-	10605
ENSG00000028116	chr2	57907629	58159920	VRK2	0	+	252291
ENSG00000028137	chr1	12166991	12209228	TNFRSF1B	0	+	42237
ENSG00000028203	chr12	95217746	95302799	VEZT	0	+	85053
ENSG00000028277	chr19	42086110	42196585	POU2F2	0	-	110475
ENSG00000028528	chr15	64094123	64146090	SNX1	0	+	51967
ENSG00000028839	chr6	133952170	133990432	TBPL1	0	+	38262
ENSG00000029153	chr12	27332836	27425289	ARNTL2	0	+	92453
ENSG00000029363	chr6	136256627	136289851	BCLAF1	0	-	33224
ENSG00000029364	chr14	69398015	69462390	SLC39A9	0	+	64375
ENSG00000029534	chr8	41653220	41896762	ANK1	0	-	243542
ENSG00000029559	chr4	87799554	87812435	IBSP	0	+	12881
ENSG00000029639	chr6	155256134	155314493	TFB1M	0	-	58359
ENSG00000029725	chr17	5282265	5386340	RABEP1	0	+	104075
ENSG00000029993	chrX	150980509	150990771	HMGB3	0	+	10262
ENSG00000030066	chr11	47778087	47848555	NUP160	0	-	70468
ENSG00000030110	chr6	33572547	33580293	BAK1	0	-	7746
ENSG00000030419	chr2	212999691	213152427	IKZF2	0	-	152736
ENSG00000030582	chr17	44345246	44353106	GRN	0	+	7860
ENSG00000031003	chr5	137937960	138051961	FAM13B	0	-	114001
ENSG00000031081	chr3	119294383	119420714	ARHGAP31	0	+	126331
ENSG00000031691	chr6	49463370	49493107	CENPQ	0	+	29737
ENSG00000031698	chr1	109213918	109238182	SARS1	0	+	24264
ENSG00000031823	chr19	5916139	5978142	RANBP3	0	-	62003
ENSG00000032219	chr14	58298504	58373887	ARID4A	0	+	75383
ENSG00000032389	chr2	3188925	3377830	EIPR1	0	-	188905
ENSG00000032444	chr19	7534004	7561764	PNPLA6	0	+	27760
ENSG00000032742	chr13	20567138	20691444	IFT88	0	+	124306
ENSG00000033011	chr16	5033702	5087379	ALG1	0	+	53677
ENSG00000033030	chr12	122471599	122501073	ZCCHC8	0	-	29474
ENSG00000033100	chr7	151232483	151240979	CHPF2	0	+	8496
ENSG00000033170	chr14	65410592	65744121	FUT8	0	+	333529
ENSG00000033178	chr4	67612652	67701155	UBA6	0	-	88503
ENSG00000033327	chr11	78215293	78418348	GAB2	0	-	203055
ENSG00000033627	chr17	42458844	42522582	ATP6V0A1	0	+	63738
ENSG00000033800	chr15	68054309	68198603	PIAS1	0	+	144294
ENSG00000033867	chr3	27372721	27484420	SLC4A7	0	-	111699
ENSG00000034053	chr15	28884483	29118315	APBA2	0	+	233832
ENSG00000034152	chr17	21284672	21315232	MAP2K3	0	+	30560
ENSG00000034239	chr8	48710789	48735311	EFCAB1	0	-	24522
ENSG00000034510	chr2	84905656	84906671	TMSB10	0	+	1015
ENSG00000034533	chr3	131013875	131027649	ASTE1	0	-	13774
ENSG00000034677	chr8	100257060	100336218	RNF19A	0	-	79158
ENSG00000034693	chr6	143450805	143490616	PEX3	0	+	39811
ENSG00000034713	chr16	75566375	75577881	GABARAPL2	0	+	11506
ENSG00000034971	chr1	171635417	171652688	MYOC	0	-	17271
ENSG00000035115	chr2	217730	266398	SH3YL1	0	-	48668
ENSG00000035141	chr2	70295975	70302090	FAM136A	0	-	6115
ENSG00000035403	chr10	73995193	74121363	VCL	0	+	126170
ENSG00000035499	chr5	60596912	60700190	DEPDC1B	0	-	103278
ENSG00000035664	chr15	63907036	64072033	DAPK2	0	-	164997
ENSG00000035681	chr8	58583508	58659853	NSMAF	0	-	76345
ENSG00000035687	chr1	244408494	244451909	ADSS2	0	-	43415
ENSG00000035862	chr17	78852977	78925387	TIMP2	0	-	72410
ENSG00000035928	chr4	39287456	39366375	RFC1	0	-	78919
ENSG00000036054	chr3	100260992	100325251	TBC1D23	0	+	64259
ENSG00000036257	chr2	224470150	224585397	CUL3	0	-	115247
ENSG00000036448	chr8	2045046	2165552	MYOM2	0	+	120506
ENSG00000036530	chr14	99684298	99727301	CYP46A1	0	+	43003
ENSG00000036549	chr1	77562416	77683419	ZZZ3	0	-	121003
ENSG00000036672	chr11	119355215	119381711	USP2	0	-	26496
ENSG00000037042	chr17	42659284	42667006	TUBG2	0	+	7722
ENSG00000037241	chr5	172958729	172969771	RPL26L1	0	+	11042
ENSG00000037280	chr5	180601506	180649624	FLT4	0	-	48118
ENSG00000037474	chr5	6599239	6633291	NSUN2	0	-	34052
ENSG00000037637	chr1	16246840	16352480	FBXO42	0	-	105640
ENSG00000037757	chr19	13764522	13774282	MRI1	0	+	9760
ENSG00000038002	chr4	177430774	177442437	AGA	0	-	11663
ENSG00000038210	chr4	25160663	25279204	PI4K2B	0	+	118541
ENSG00000038219	chr4	13568738	13627725	BOD1L1	0	-	58987
ENSG00000038274	chr5	163503114	163519354	MAT2B	0	+	16240
ENSG00000038295	chr4	165873237	166104457	TLL1	0	+	231220
ENSG00000038358	chr16	67873052	67884499	EDC4	0	+	11447
ENSG00000038382	chr5	14143342	14532128	TRIO	0	+	388786
ENSG00000038427	chr5	83471618	83582303	VCAN	0	+	110685
ENSG00000038532	chr16	10944564	11182186	CLEC16A	0	+	237622
ENSG00000038945	chr8	16107878	16567490	MSR1	0	-	459612
ENSG00000039068	chr16	68737292	68835537	CDH1	0	+	98245
ENSG00000039123	chr5	55307989	55425579	MTREX	0	+	117590
ENSG00000039139	chr5	13690328	14011818	DNAH5	0	-	321490
ENSG00000039319	chr5	80408013	80483379	ZFYVE16	0	+	75366
ENSG00000039523	chr16	67518418	67546788	RIPOR1	0	+	28370
ENSG00000039537	chr5	41142116	41261438	C6	0	-	119322
ENSG00000039560	chr5	34656328	34832612	RAI14	0	+	176284
ENSG00000039650	chr19	49859882	49878351	PNKP	0	-	18469
ENSG00000040199	chr16	71637835	71724701	PHLPP2	0	-	86866
ENSG00000040275	chr5	169583636	169604778	SPDL1	0	+	21142
ENSG00000040341	chr8	73420369	73747708	STAU2	0	-	327339
ENSG00000040487	chr1	19312326	19329300	SLC66A1	0	+	16974
ENSG00000040531	chr17	3636459	3663103	CTNS	0	+	26644
ENSG00000040608	chr22	20241415	20283246	RTN4R	0	-	41831
ENSG00000040633	chr17	7235029	7239722	PHF23	0	-	4693
ENSG00000040933	chr2	98444854	98594392	INPP4A	0	+	149538
ENSG00000041353	chr18	54717860	54895516	RAB27B	0	+	177656
ENSG00000041357	chr15	78540405	78552417	PSMA4	0	+	12012
ENSG00000041515	chr13	108596152	109208005	MYO16	0	+	611853
ENSG00000041802	chr3	194640791	194672463	LSG1	0	-	31672
ENSG00000041880	chr3	51942345	51948867	PARP3	0	+	6522
ENSG00000041982	chr9	115019575	115118257	TNC	0	-	98682
ENSG00000041988	chr1	6624868	6635586	THAP3	0	+	10718
ENSG00000042062	chr20	50586108	50691542	RIPOR3	0	-	105434
ENSG00000042088	chr14	89954939	90044764	TDP1	0	+	89825
ENSG00000042286	chr10	70098223	70132934	AIFM2	0	-	34711
ENSG00000042317	chr14	88384924	88470350	SPATA7	0	+	85426
ENSG00000042445	chr2	85341955	85354531	RETSAT	0	-	12576
ENSG00000042493	chr2	85394753	85418432	CAPG	0	-	23679
ENSG00000042753	chr19	46838136	46850846	AP2S1	0	-	12710
ENSG00000042832	chr8	132866958	133134903	TG	0	+	267945
ENSG00000042980	chr8	24294069	24359014	ADAM28	0	+	64945
ENSG00000043039	chr11	129375848	129452279	BARX2	0	+	76431
ENSG00000043093	chr3	182938074	182985953	DCUN1D1	0	-	47879
ENSG00000043143	chr5	134524312	134583230	JADE2	0	+	58918
ENSG00000043355	chr13	99981784	99986765	ZIC2	0	+	4981
ENSG00000043462	chr5	170246233	170297815	LCP2	0	-	51582
ENSG00000043514	chr1	39838110	39883511	TRIT1	0	-	45401
ENSG00000043591	chr10	114043866	114046904	ADRB1	0	+	3038
ENSG00000044090	chr6	43037617	43053943	CUL7	0	-	16326
ENSG00000044115	chr5	138610967	138935034	CTNNA1	0	+	324067
ENSG00000044446	chrX	18892298	18984114	PHKA2	0	-	91816
ENSG00000044459	chr9	17134982	17503923	CNTLN	0	+	368941
ENSG00000044524	chr3	89107621	89482134	EPHA3	0	+	374513
ENSG00000044574	chr9	125234853	125241382	HSPA5	0	-	6529
ENSG00000046604	chr18	31498177	31549008	DSG2	0	+	50831
ENSG00000046647	chrX	14006726	14029893	GEMIN8	0	-	23167
ENSG00000046651	chrX	13734743	13777955	OFD1	0	+	43212
ENSG00000046653	chrX	13770939	13938638	GPM6B	0	-	167699
ENSG00000046889	chr8	67952046	68237032	PREX2	0	+	284986
ENSG00000047056	chr10	1049538	1132384	WDR37	0	+	82846
ENSG00000047188	chr5	113513694	113595285	YTHDC2	0	+	81591
ENSG00000047230	chrX	16587999	16712936	CTPS2	0	-	124937
ENSG00000047249	chr8	53715543	53843558	ATP6V1H	0	-	128015
ENSG00000047315	chr4	56977722	57031158	POLR2B	0	+	53436
ENSG00000047346	chr15	52581317	52709817	FAM214A	0	-	128500
ENSG00000047365	chr4	35948221	36244514	ARAP2	0	-	296293
ENSG00000047410	chr1	186311652	186375693	TPR	0	-	64041
ENSG00000047457	chr3	149162410	149221829	CP	0	-	59419
ENSG00000047578	chr16	27550133	27780344	KATNIP	0	+	230211
ENSG00000047579	chr6	15522807	15663058	DTNBP1	0	-	140251
ENSG00000047617	chr12	5531869	5946232	ANO2	0	-	414363
ENSG00000047621	chr12	4487735	4538508	C12orf4	0	-	50773
ENSG00000047634	chrX	17737449	17754988	SCML1	0	+	17539
ENSG00000047644	chrX	10015254	10144474	WWC3	0	+	129220
ENSG00000047648	chrX	11117651	11665920	ARHGAP6	0	-	548269
ENSG00000047662	chr4	17629306	17781621	FAM184B	0	-	152315
ENSG00000047849	chr3	47850690	48089272	MAP4	0	-	238582
ENSG00000048028	chr11	113797874	113875570	USP28	0	-	77696
ENSG00000048052	chr7	18086949	19002416	HDAC9	0	+	915467
ENSG00000048140	chr5	176647387	176659054	TSPAN17	0	+	11667
ENSG00000048162	chr5	176383946	176388927	NOP16	0	-	4981
ENSG00000048342	chr4	15469865	15601552	CC2D2A	0	+	131687
ENSG00000048392	chr8	102204502	102238961	RRM2B	0	-	34459
ENSG00000048405	chr7	127346790	127431924	ZNF800	0	-	85134
ENSG00000048462	chr16	11965210	11968068	TNFRSF17	0	+	2858
ENSG00000048471	chr16	11976734	12574287	SNX29	0	+	597553
ENSG00000048540	chr12	16548372	16610594	LMO3	0	-	62222
ENSG00000048544	chr6	42206807	42217861	MRPS10	0	-	11054
ENSG00000048649	chr11	77660009	77820869	RSF1	0	-	160860
ENSG00000048707	chr1	12230030	12512047	VPS13D	0	+	282017
ENSG00000048740	chr10	10798397	11336675	CELF2	0	+	538278
ENSG00000048828	chr9	93451685	93566112	FAM120A	0	+	114427
ENSG00000048991	chr2	135531455	135725270	R3HDM1	0	+	193815
ENSG00000049089	chr1	40300489	40317813	COL9A2	0	-	17324
ENSG00000049130	chr12	88492793	88580851	KITLG	0	-	88058
ENSG00000049167	chr5	60866454	60945073	ERCC8	0	-	78619
ENSG00000049192	chr5	65148738	65481920	ADAMTS6	0	-	333182
ENSG00000049239	chr1	9234774	9271337	H6PD	0	+	36563
ENSG00000049245	chr1	7771296	7781432	VAMP3	0	+	10136
ENSG00000049246	chr1	7784291	7845177	PER3	0	+	60886
ENSG00000049247	chr1	7843083	7853512	UTS2	0	-	10429
ENSG00000049249	chr1	7915871	7943165	TNFRSF9	0	-	27294
ENSG00000049323	chr2	32946953	33399509	LTBP1	0	+	452556
ENSG00000049540	chr7	74027789	74069907	ELN	0	+	42118
ENSG00000049541	chr7	74231499	74254458	RFC2	0	-	22959
ENSG00000049618	chr6	156776020	157210779	ARID1B	0	+	434759
ENSG00000049656	chr5	1317752	1345099	CLPTM1L	0	-	27347
ENSG00000049759	chr18	58044226	58401540	NEDD4L	0	+	357314
ENSG00000049768	chrX	49250438	49270477	FOXP3	0	-	20039
ENSG00000049769	chrX	49269793	49301461	PPP1R3F	0	+	31668
ENSG00000049860	chr5	74640023	74722647	HEXB	0	+	82624
ENSG00000049883	chr5	72320367	72368395	PTCD2	0	+	48028
ENSG00000050030	chrX	74732856	74925472	NEXMIF	0	-	192616
ENSG00000050130	chr14	59484443	59505410	JKAMP	0	+	20967
ENSG00000050165	chr11	11956207	12009769	DKK3	0	-	53562
ENSG00000050327	chr7	144355288	144380632	ARHGEF5	0	+	25344
ENSG00000050344	chr7	26152198	26187137	NFE2L3	0	+	34939
ENSG00000050393	chr6	13786557	13814568	MCUR1	0	-	28011
ENSG00000050405	chr12	50175788	50283520	LIMA1	0	-	107732
ENSG00000050426	chr12	51047962	51060424	LETMD1	0	+	12462
ENSG00000050438	chr12	51391317	51515763	SLC4A8	0	+	124446
ENSG00000050555	chr9	131009174	131094473	LAMC3	0	+	85299
ENSG00000050628	chr1	70852353	71047816	PTGER3	0	-	195463
ENSG00000050748	chr5	180233143	180292099	MAPK9	0	-	58956
ENSG00000050767	chr5	178237476	178590393	COL23A1	0	-	352917
ENSG00000050820	chr16	75228181	75268053	BCAR1	0	-	39872
ENSG00000051009	chr11	6211345	6234711	FHIP1B	0	-	23366
ENSG00000051108	chr16	56932142	56944864	HERPUD1	0	+	12722
ENSG00000051180	chr15	40694774	40732340	RAD51	0	+	37566
ENSG00000051341	chr3	121431431	121545988	POLQ	0	-	114557
ENSG00000051382	chr3	138652698	138834928	PIK3CB	0	-	182230
ENSG00000051523	chr16	88643289	88651054	CYBA	0	-	7765
ENSG00000051596	chr5	175917873	176034680	THOC3	0	-	116807
ENSG00000051620	chr6	138403531	138422197	HEBP2	0	+	18666
ENSG00000051825	chr12	123152320	123244014	MPHOSPH9	0	-	91694
ENSG00000052126	chr12	19129733	19376400	PLEKHA5	0	+	246667
ENSG00000052344	chr16	31131433	31135727	PRSS8	0	-	4294
ENSG00000052723	chr1	114769479	114780685	SIKE1	0	-	11206
ENSG00000052749	chr10	97356358	97426076	RRP12	0	-	69718
ENSG00000052795	chr4	158769026	158908050	FNIP2	0	+	139024
ENSG00000052802	chr4	165327667	165343164	MSMO1	0	+	15497
ENSG00000052841	chr11	43358920	43494933	TTC17	0	+	136013
ENSG00000052850	chr11	44260440	44310139	ALX4	0	-	49699
ENSG00000053108	chr5	133196455	133612541	FSTL4	0	-	416086
ENSG00000053254	chr14	89124871	89619149	FOXN3	0	-	494278
ENSG00000053371	chr1	19303965	19312144	AKR7A2	0	-	8179
ENSG00000053372	chr1	19251805	19260128	MRTO4	0	+	8323
ENSG00000053438	chr20	37521206	37523690	NNAT	0	+	2484
ENSG00000053501	chr19	17215346	17219829	USE1	0	+	4483
ENSG00000053524	chr3	183178041	183428778	MCF2L2	0	-	250737
ENSG00000053702	chr12	2825348	2835544	NRIP2	0	-	10196
ENSG00000053747	chr18	23689453	23956222	LAMA3	0	+	266769
ENSG00000053770	chr14	57268924	57298742	AP5M1	0	+	29818
ENSG00000053900	chr4	25377263	25418498	ANAPC4	0	+	41235
ENSG00000053918	chr11	2444684	2849105	KCNQ1	0	+	404421
ENSG00000054116	chr1	36136570	36156053	TRAPPC3	0	-	19483
ENSG00000054118	chr1	36224432	36305357	THRAP3	0	+	80925
ENSG00000054179	chr9	137048107	137054061	ENTPD2	0	-	5954
ENSG00000054267	chr1	235131634	235328219	ARID4B	0	-	196585
ENSG00000054277	chr1	241590102	241677376	OPN3	0	-	87274
ENSG00000054282	chr1	243256034	243500091	SDCCAG8	0	+	244057
ENSG00000054356	chr2	219289623	219309648	PTPRN	0	-	20025
ENSG00000054392	chr1	210328252	210676296	HHAT	0	+	348044
ENSG00000054523	chr1	10210570	10381603	KIF1B	0	+	171033
ENSG00000054598	chr6	1609915	1613897	FOXC1	0	+	3982
ENSG00000054611	chr22	46762617	47175699	TBC1D22A	0	+	413082
ENSG00000054654	chr14	63761899	64226433	SYNE2	0	+	464534
ENSG00000054690	chr14	67533290	67589612	PLEKHH1	0	+	56322
ENSG00000054793	chr20	51596514	51768390	ATP9A	0	-	171876
ENSG00000054803	chr20	55997357	56005519	CBLN4	0	-	8162
ENSG00000054938	chr11	74696429	74731426	CHRDL2	0	-	34997
ENSG00000054965	chr11	73400487	73598189	FAM168A	0	-	197702
ENSG00000054967	chr11	73376399	73397474	RELT	0	+	21075
ENSG00000054983	chr14	87837820	87993665	GALC	0	-	155845
ENSG00000055044	chr2	202265736	202303661	NOP58	0	+	37925
ENSG00000055070	chr1	16352575	16398145	SZRD1	0	+	45570
ENSG00000055118	chr7	150944961	150978321	KCNH2	0	-	33360
ENSG00000055130	chr7	148697914	148801110	CUL1	0	+	103196
ENSG00000055147	chr5	153990148	154038936	FAM114A2	0	-	48788
ENSG00000055163	chr5	157266079	157395595	CYFIP2	0	+	129516
ENSG00000055208	chr6	149218641	149411613	TAB2	0	+	192972
ENSG00000055211	chr6	149566294	149591748	GINM1	0	+	25454
ENSG00000055332	chr2	37099210	37157522	EIF2AK2	0	-	58312
ENSG00000055483	chr17	78787381	78841441	USP36	0	-	54060
ENSG00000055609	chr7	152134922	152436644	KMT2C	0	-	301722
ENSG00000055732	chr1	85018082	85048500	MCOLN3	0	-	30418
ENSG00000055813	chr2	56183990	56386172	CCDC85A	0	+	202182
ENSG00000055917	chr2	20248691	20352234	PUM2	0	-	103543
ENSG00000055950	chr10	100969458	100987515	MRPL43	0	-	18057
ENSG00000056050	chr4	169729470	169757944	HPF1	0	-	28474
ENSG00000056097	chr5	32354350	32444740	ZFR	0	-	90390
ENSG00000056277	chrX	130202707	130268899	ZNF280C	0	-	66192
ENSG00000056487	chr22	44881162	45010005	PHF21B	0	-	128843
ENSG00000056558	chr9	120902393	120929173	TRAF1	0	-	26780
ENSG00000056586	chr9	122844556	122905359	RC3H2	0	-	60803
ENSG00000056736	chr3	53846568	53865794	IL17RB	0	+	19226
ENSG00000056972	chr6	111555381	111606906	TRAF3IP2	0	-	51525
ENSG00000056998	chrX	2828822	2882820	GYG2	0	+	53998
ENSG00000057019	chr3	98795941	98901695	DCBLD2	0	-	105754
ENSG00000057149	chr18	63655197	63661893	SERPINB3	0	-	6696
ENSG00000057252	chr1	179293714	179358680	SOAT1	0	+	64966
ENSG00000057294	chr12	32790755	32896777	PKP2	0	-	106022
ENSG00000057593	chr13	113105788	113120685	F7	0	+	14897
ENSG00000057608	chr10	5765223	5842132	GDI2	0	-	76909
ENSG00000057657	chr6	105993463	106109939	PRDM1	0	+	116476
ENSG00000057663	chr6	106045423	106325791	ATG5	0	-	280368
ENSG00000057704	chr12	94567122	94650557	TMCC3	0	-	83435
ENSG00000057757	chr1	23778418	23788232	PITHD1	0	+	9814
ENSG00000057935	chr2	42494569	42756947	MTA3	0	+	262378
ENSG00000058063	chr3	182793503	182921629	ATP11B	0	+	128126
ENSG00000058085	chr1	183186238	183245127	LAMC2	0	+	58889
ENSG00000058091	chr7	90466424	91210590	CDK14	0	+	744166
ENSG00000058262	chr3	128051641	128071683	SEC61A1	0	+	20042
ENSG00000058272	chr12	79773563	79935460	PPP1R12A	0	-	161897
ENSG00000058335	chr15	78959906	79090780	RASGRF1	0	-	130874
ENSG00000058404	chr7	44217150	44334577	CAMK2B	0	-	117427
ENSG00000058453	chr1	16740273	16972964	CROCC	0	+	232691
ENSG00000058600	chr16	22297375	22335101	POLR3E	0	+	37726
ENSG00000058668	chr1	203626787	203744081	ATP2B4	0	+	117294
ENSG00000058673	chr1	203795623	203854999	ZC3H11A	0	+	59376
ENSG00000058729	chr5	97160867	97183247	RIOK2	0	-	22380
ENSG00000058799	chr1	53851719	53889798	YIPF1	0	-	38079
ENSG00000058804	chr1	53765478	53838463	NDC1	0	-	72985
ENSG00000058866	chr3	186105668	186362234	DGKG	0	-	256566
ENSG00000059122	chr16	2911931	2951208	FLYWCH1	0	+	39277
ENSG00000059145	chr16	1363205	1414751	UNKL	0	-	51546
ENSG00000059377	chr7	139777051	140020325	TBXAS1	0	+	243274
ENSG00000059378	chr7	140023749	140062951	PARP12	0	-	39202
ENSG00000059573	chr10	95605941	95656711	ALDH18A1	0	-	50770
ENSG00000059588	chr1	234391313	234479179	TARBP1	0	-	87866
ENSG00000059691	chr4	151670504	151761007	GATB	0	-	90503
ENSG00000059728	chr2	69897688	69942945	MXD1	0	+	45257
ENSG00000059758	chr12	96278261	96400480	CDK17	0	-	122219
ENSG00000059804	chr12	7919230	7936187	SLC2A3	0	-	16957
ENSG00000059915	chr10	102402617	102421539	PSD	0	-	18922
ENSG00000060069	chr18	79679803	79754503	CTDP1	0	+	74700
ENSG00000060138	chr12	10699089	10723323	YBX3	0	-	24234
ENSG00000060140	chr12	10618923	10674318	STYK1	0	-	55395
ENSG00000060237	chr12	752579	911452	WNK1	0	+	158873
ENSG00000060339	chr10	68721012	68792377	CCAR1	0	+	71365
ENSG00000060491	chr20	62804835	62814000	OGFR	0	+	9165
ENSG00000060558	chr19	3136033	3163749	GNA15	0	+	27716
ENSG00000060642	chr1	26787054	26800659	PIGV	0	+	13605
ENSG00000060656	chr1	29236516	29326813	PTPRU	0	+	90297
ENSG00000060688	chr1	31259568	31296788	SNRNP40	0	-	37220
ENSG00000060718	chr1	102876467	103108872	COL11A1	0	-	232405
ENSG00000060749	chr11	32892811	32993316	QSER1	0	+	100505
ENSG00000060762	chr6	166364919	166383013	MPC1	0	-	18094
ENSG00000060971	chr3	38103129	38137242	ACAA1	0	-	34113
ENSG00000060982	chr12	24810024	24949101	BCAT1	0	-	139077
ENSG00000061273	chr12	47782722	47833132	HDAC7	0	-	50410
ENSG00000061337	chr8	20246165	20303963	LZTS1	0	-	57798
ENSG00000061455	chr5	123089241	123194266	PRDM6	0	+	105025
ENSG00000061656	chr20	35615829	35621094	SPAG4	0	+	5265
ENSG00000061676	chr2	182909115	183038858	NCKAP1	0	-	129743
ENSG00000061794	chr12	27710822	27756295	MRPS35	0	+	45473
ENSG00000061918	chr4	155758992	155807811	GUCY1B1	0	+	48819
ENSG00000061936	chr12	131711081	131799738	SFSWAP	0	+	88657
ENSG00000061938	chr3	195863364	195911945	TNK2	0	-	48581
ENSG00000061987	chr12	62466817	62600476	MON2	0	+	133659
ENSG00000062038	chr16	68636189	68727468	CDH3	0	+	91279
ENSG00000062194	chr5	57173948	57264679	GPBP1	0	+	90731
ENSG00000062282	chr11	75759512	75801535	DGAT2	0	+	42023
ENSG00000062598	chr20	46366050	46432985	ELMO2	0	-	66935
ENSG00000062650	chr10	86435256	86521792	WAPL	0	-	86536
ENSG00000062716	chr17	59707192	59842255	VMP1	0	+	135063
ENSG00000062725	chr17	60443158	60526242	APPBP2	0	-	83084
ENSG00000062822	chr19	50384204	50418018	POLD1	0	+	33814
ENSG00000063015	chr17	28954901	29006440	SEZ6	0	-	51539
ENSG00000063046	chr12	53006282	53042215	EIF4B	0	+	35933
ENSG00000063127	chr19	49289638	49325215	SLC6A16	0	-	35577
ENSG00000063169	chr19	47608196	47703277	BICRA	0	+	95081
ENSG00000063176	chr19	48619291	48630717	SPHK2	0	+	11426
ENSG00000063177	chr19	48615328	48619184	RPL18	0	-	3856
ENSG00000063180	chr19	48637946	48646187	CA11	0	-	8241
ENSG00000063241	chr19	55452985	55462343	ISOC2	0	-	9358
ENSG00000063244	chr19	55654146	55674716	U2AF2	0	+	20570
ENSG00000063245	chr19	55675226	55709858	EPN1	0	+	34632
ENSG00000063322	chr19	39391303	39400641	MED29	0	+	9338
ENSG00000063587	chrX	153334147	153360110	ZNF275	0	+	25963
ENSG00000063601	chrX	150692971	150765108	MTMR1	0	+	72137
ENSG00000063660	chr2	240435663	240468076	GPC1	0	+	32413
ENSG00000063761	chr14	77800109	77935014	ADCK1	0	+	134905
ENSG00000063854	chr16	1795620	1827157	HAGH	0	-	31537
ENSG00000064012	chr2	201233443	201287711	CASP8	0	+	54268
ENSG00000064042	chr4	41359607	41700044	LIMCH1	0	+	340437
ENSG00000064102	chr12	26905181	26938326	INTS13	0	-	33145
ENSG00000064115	chr12	26971579	27014434	TM7SF3	0	-	42855
ENSG00000064195	chr17	49990005	49995224	DLX3	0	-	5219
ENSG00000064199	chr11	124673844	124697518	SPA17	0	+	23674
ENSG00000064205	chr20	44714844	44728509	CCN5	0	+	13665
ENSG00000064225	chr3	98732236	98821201	ST3GAL6	0	+	88965
ENSG00000064270	chr16	84368527	84464187	ATP2C2	0	+	95660
ENSG00000064300	chr17	49495293	49515008	NGFR	0	+	19715
ENSG00000064309	chr11	125955796	126063335	CDON	0	-	107539
ENSG00000064313	chr8	119730774	119832863	TAF2	0	-	102089
ENSG00000064393	chr7	139561570	139777998	HIPK2	0	-	216428
ENSG00000064419	chr7	128954180	129055173	TNPO3	0	-	100993
ENSG00000064489	chr19	19145569	19192158	BORCS8-MEF2B	0	-	46589
ENSG00000064490	chr19	19192229	19201869	RFXANK	0	+	9640
ENSG00000064545	chr19	19119169	19138513	TMEM161A	0	-	19344
ENSG00000064547	chr19	19623655	19628930	LPAR2	0	-	5275
ENSG00000064601	chr20	45890144	45898949	CTSA	0	+	8805
ENSG00000064607	chr19	18990888	19034023	SUGP2	0	-	43135
ENSG00000064651	chr5	128083766	128189677	SLC12A2	0	+	105911
ENSG00000064652	chr5	122843439	123029354	SNX24	0	+	185915
ENSG00000064655	chr20	46894624	47188844	EYA2	0	+	294220
ENSG00000064666	chr19	1026586	1039068	CNN2	0	+	12482
ENSG00000064687	chr19	1039997	1065572	ABCA7	0	+	25575
ENSG00000064692	chr5	122311354	122464219	SNCAIP	0	+	152865
ENSG00000064703	chr1	111754832	111775602	DDX20	0	+	20770
ENSG00000064726	chr15	83016423	83067252	BTBD1	0	-	50829
ENSG00000064763	chr12	29149016	29341121	FAR2	0	+	192105
ENSG00000064787	chr20	53936777	54070594	BCAS1	0	-	133817
ENSG00000064886	chr1	111200771	111243440	CHI3L2	0	+	42669
ENSG00000064932	chr19	1107637	1174268	SBNO2	0	-	66631
ENSG00000064933	chr2	189784085	189877629	PMS1	0	+	93544
ENSG00000064961	chr19	3572777	3579088	HMG20B	0	+	6311
ENSG00000064989	chr2	187341964	187448460	CALCRL	0	-	106496
ENSG00000064995	chr6	34877462	34889192	TAF11	0	-	11730
ENSG00000064999	chr6	34889255	35091406	ANKS1A	0	+	202151
ENSG00000065000	chr19	2100988	2164468	AP3D1	0	-	63480
ENSG00000065029	chr6	35258909	35295985	ZNF76	0	+	37076
ENSG00000065054	chr16	2025356	2039026	SLC9A3R2	0	+	13670
ENSG00000065057	chr16	2039815	2047866	NTHL1	0	-	8051
ENSG00000065060	chr6	34792083	34877514	UHRF1BP1	0	+	85431
ENSG00000065135	chr1	109548615	109600195	GNAI3	0	+	51580
ENSG00000065150	chr13	97953658	98024296	IPO5	0	+	70638
ENSG00000065154	chr10	124397303	124418976	OAT	0	-	21673
ENSG00000065183	chr1	117929720	117966543	WDR3	0	+	36823
ENSG00000065243	chr1	88684222	88836255	PKN2	0	+	152033
ENSG00000065268	chr19	984332	998438	WDR18	0	+	14106
ENSG00000065308	chr6	52497408	52577060	TRAM2	0	-	79652
ENSG00000065320	chr17	9021510	9244000	NTN1	0	+	222490
ENSG00000065328	chr10	13161558	13211110	MCM10	0	+	49552
ENSG00000065357	chr12	55927319	55954027	DGKA	0	+	26708
ENSG00000065361	chr12	56076799	56103505	ERBB3	0	+	26706
ENSG00000065371	chr3	123968521	123992178	ROPN1	0	-	23657
ENSG00000065413	chr2	196967017	197311173	ANKRD44	0	-	344156
ENSG00000065427	chr16	75627474	75648643	KARS1	0	-	21169
ENSG00000065457	chr16	75596868	75623300	ADAT1	0	-	26432
ENSG00000065485	chr3	123067025	123225227	PDIA5	0	+	158202
ENSG00000065491	chr6	37257772	37332970	TBC1D22B	0	+	75198
ENSG00000065518	chr3	120596328	120602507	NDUFB4	0	+	6179
ENSG00000065526	chr1	15836095	15940456	SPEN	0	+	104361
ENSG00000065534	chr3	123610049	123884332	MYLK	0	-	274283
ENSG00000065548	chr2	186486253	186509361	ZC3H15	0	+	23108
ENSG00000065559	chr17	12020829	12143830	MAP2K4	0	+	123001
ENSG00000065600	chr1	212363928	212414901	PACC1	0	-	50973
ENSG00000065613	chr10	103967140	104029233	SLK	0	+	62093
ENSG00000065615	chr6	83859656	83967423	CYB5R4	0	+	107767
ENSG00000065618	chr10	104031286	104085880	COL17A1	0	-	54594
ENSG00000065621	chr10	104268873	104304950	GSTO2	0	+	36077
ENSG00000065665	chr10	12129637	12169961	SEC61A2	0	+	40324
ENSG00000065675	chr10	6427143	6580301	PRKCQ	0	-	153158
ENSG00000065717	chr19	2997639	3047635	TLE2	0	-	49996
ENSG00000065802	chr2	238426742	238452250	ASB1	0	+	25508
ENSG00000065809	chr10	14518557	14774897	FAM107B	0	-	256340
ENSG00000065833	chr6	83210402	83431051	ME1	0	-	220649
ENSG00000065882	chr4	37891084	38139175	TBC1D1	0	+	248091
ENSG00000065883	chr7	39950121	40099580	CDK13	0	+	149459
ENSG00000065911	chr2	74186172	74217565	MTHFD2	0	+	31393
ENSG00000065923	chrX	46599251	46759118	SLC9A7	0	-	159867
ENSG00000065970	chr12	8032716	8055517	FOXJ2	0	+	22801
ENSG00000065978	chr1	42682418	42703805	YBX1	0	+	21387
ENSG00000065989	chr19	10416773	10469630	PDE4A	0	+	52857
ENSG00000066027	chr1	212285410	212361853	PPP2R5A	0	+	76443
ENSG00000066044	chr19	7958573	8005659	ELAVL1	0	-	47086
ENSG00000066056	chr1	43300982	43323108	TIE1	0	+	22126
ENSG00000066084	chr12	50504985	50748657	DIP2B	0	+	243672
ENSG00000066117	chr12	50085200	50100707	SMARCD1	0	+	15507
ENSG00000066136	chr1	40691648	40771603	NFYC	0	+	79955
ENSG00000066185	chr1	42430329	42456253	ZMYND12	0	-	25924
ENSG00000066230	chr5	470456	524449	SLC9A3	0	-	53993
ENSG00000066248	chr2	232878701	233013256	NGEF	0	-	134555
ENSG00000066279	chr1	197084121	197146694	ASPM	0	-	62573
ENSG00000066294	chr1	160541095	160579516	CD84	0	-	38421
ENSG00000066322	chr1	43363398	43368074	ELOVL1	0	-	4676
ENSG00000066336	chr11	47354860	47378547	SPI1	0	-	23687
ENSG00000066379	chr6	30058899	30064909	POLR1H	0	+	6010
ENSG00000066382	chr11	30384493	30586872	MPPED2	0	-	202379
ENSG00000066422	chr3	101648889	101677135	ZBTB11	0	-	28246
ENSG00000066427	chr14	92044496	92106621	ATXN3	0	-	62125
ENSG00000066455	chr14	92794305	92839947	GOLGA5	0	+	45642
ENSG00000066468	chr10	121478332	121598458	FGFR2	0	-	120126
ENSG00000066557	chr1	70144805	70205579	LRRC40	0	-	60774
ENSG00000066583	chr5	129094749	129114028	ISOC1	0	+	19279
ENSG00000066629	chr14	99737693	99942060	EML1	0	+	204367
ENSG00000066651	chr6	125986479	126203817	TRMT11	0	+	217338
ENSG00000066654	chr16	20702816	20742084	THUMPD1	0	-	39268
ENSG00000066735	chr14	104138587	104180894	KIF26A	0	+	42307
ENSG00000066739	chr14	96279195	96363341	ATG2B	0	-	84146
ENSG00000066777	chr8	67173511	67343781	ARFGEF1	0	-	170270
ENSG00000066827	chr8	134477788	134713049	ZFAT	0	-	235261
ENSG00000066855	chr8	65644734	65771261	MTFR1	0	+	126527
ENSG00000066923	chr7	100177563	100221488	STAG3	0	+	43925
ENSG00000066926	chr18	57544377	57586732	FECH	0	-	42355
ENSG00000066933	chr15	71822291	72118577	MYO9A	0	-	296286
ENSG00000067057	chr10	3066333	3137718	PFKP	0	+	71385
ENSG00000067064	chr10	1039152	1049119	IDI1	0	-	9967
ENSG00000067066	chr2	230415942	230545606	SP100	0	+	129664
ENSG00000067082	chr10	3775996	3785281	KLF6	0	-	9285
ENSG00000067113	chr5	55424854	55534969	PLPP1	0	-	110115
ENSG00000067141	chr15	73051710	73305205	NEO1	0	+	253495
ENSG00000067167	chr8	70573218	70608416	TRAM1	0	-	35198
ENSG00000067177	chrX	72578814	72714319	PHKA1	0	-	135505
ENSG00000067182	chr12	6328757	6342114	TNFRSF1A	0	-	13357
ENSG00000067191	chr17	39173453	39197703	CACNB1	0	-	24250
ENSG00000067208	chr1	92508696	92792404	EVI5	0	-	283708
ENSG00000067221	chr15	73978926	73994622	STOML1	0	-	15696
ENSG00000067225	chr15	72199029	72231819	PKM	0	-	32790
ENSG00000067248	chr5	55256055	55307694	DHX29	0	-	51639
ENSG00000067334	chr1	93866284	93879918	DNTTIP2	0	-	13634
ENSG00000067365	chr16	8621683	8649654	METTL22	0	+	27971
ENSG00000067369	chr15	43403061	43510728	TP53BP1	0	-	107667
ENSG00000067445	chrX	54920462	54931431	TRO	0	+	10969
ENSG00000067533	chr1	218285293	218337983	RRP15	0	+	52690
ENSG00000067560	chr3	49359139	49412998	RHOA	0	-	53859
ENSG00000067596	chr17	43483865	43610338	DHX8	0	+	126473
ENSG00000067606	chr1	2050411	2185395	PRKCZ	0	+	134984
ENSG00000067704	chr1	220094132	220148041	IARS2	0	+	53909
ENSG00000067715	chr12	78863993	79452008	SYT1	0	+	588015
ENSG00000067798	chr12	77324641	78213010	NAV3	0	+	888369
ENSG00000067829	chrX	153785766	153794512	IDH3G	0	-	8746
ENSG00000067836	chr16	4796968	4802880	ROGDI	0	-	5912
ENSG00000067840	chrX	153802166	153830565	PDZD4	0	-	28399
ENSG00000067900	chr18	20946906	21111813	ROCK1	0	-	164907
ENSG00000067955	chr16	67028984	67101058	CBFB	0	+	72074
ENSG00000067992	chrX	24465244	24550466	PDK3	0	+	85222
ENSG00000068024	chr2	239048168	239401654	HDAC4	0	-	353486
ENSG00000068028	chr3	50329782	50340980	RASSF1	0	-	11198
ENSG00000068078	chr4	1793293	1808872	FGFR3	0	+	15579
ENSG00000068079	chr17	43006740	43014456	IFI35	0	+	7716
ENSG00000068097	chr17	60041008	60078922	HEATR6	0	-	37914
ENSG00000068120	chr17	42561467	42566277	COASY	0	+	4810
ENSG00000068137	chr17	42667914	42676994	PLEKHH3	0	-	9080
ENSG00000068305	chr15	99565417	99716488	MEF2A	0	+	151071
ENSG00000068308	chrX	48922024	48958386	OTUD5	0	-	36362
ENSG00000068323	chrX	49028726	49043410	TFE3	0	-	14684
ENSG00000068366	chrX	109624244	109733403	ACSL4	0	-	109159
ENSG00000068383	chr10	132537787	132783480	INPP5A	0	+	245693
ENSG00000068394	chrX	49113407	49123735	GPKOW	0	-	10328
ENSG00000068400	chrX	48973720	49002264	GRIPAP1	0	-	28544
ENSG00000068438	chrX	48476021	48486364	FTSJ1	0	+	10343
ENSG00000068489	chr17	59155732	59206709	PRR11	0	+	50977
ENSG00000068615	chr2	86213993	86338083	REEP1	0	-	124090
ENSG00000068650	chr13	112690038	112887168	ATP11A	0	+	197130
ENSG00000068654	chr2	86020216	86106155	POLR1A	0	-	85939
ENSG00000068697	chr2	20032650	20051628	LAPTM4A	0	-	18978
ENSG00000068724	chr2	46916157	47076137	TTC7A	0	+	159980
ENSG00000068745	chr3	48688003	48740353	IP6K2	0	-	52350
ENSG00000068781	chr2	48529925	48776517	STON1-GTF2A1L	0	+	246592
ENSG00000068784	chr2	45388680	45612165	SRBD1	0	-	223485
ENSG00000068831	chr11	64726911	64745456	RASGRP2	0	-	18545
ENSG00000068878	chr2	53864069	53970993	PSME4	0	-	106924
ENSG00000068903	chr19	38878555	38899862	SIRT2	0	-	21307
ENSG00000068912	chr2	53787009	53833038	ERLEC1	0	+	46029
ENSG00000068971	chr11	64917553	64934475	PPP2R5B	0	+	16922
ENSG00000068976	chr11	64746389	64759974	PYGM	0	-	13585
ENSG00000069011	chr5	135027734	135034813	PITX1	0	-	7079
ENSG00000069020	chr5	66596380	67169593	MAST4	0	+	573213
ENSG00000069122	chr6	46852522	46954943	ADGRF5	0	-	102421
ENSG00000069188	chr17	73334384	73644445	SDK2	0	-	310061
ENSG00000069248	chr1	229440259	229508341	NUP133	0	-	68082
ENSG00000069275	chr1	205712822	205750182	NUCKS1	0	-	37360
ENSG00000069329	chr16	46656132	46689518	VPS35	0	-	33386
ENSG00000069345	chr16	46955362	46973674	DNAJA2	0	-	18312
ENSG00000069399	chr19	44747705	44760044	BCL3	0	+	12339
ENSG00000069424	chr1	5990927	6101193	KCNAB2	0	+	110266
ENSG00000069431	chr12	21797389	21942543	ABCC9	0	-	145154
ENSG00000069482	chr11	68683779	68691175	GAL	0	+	7396
ENSG00000069493	chr12	9664969	9699553	CLEC2D	0	+	34584
ENSG00000069509	chrX	44523639	44542859	FUNDC1	0	-	19220
ENSG00000069535	chrX	43766610	43882450	MAOB	0	-	115840
ENSG00000069667	chr15	60488284	61229302	RORA	0	-	741018
ENSG00000069702	chr1	91680343	91906335	TGFBR3	0	-	225992
ENSG00000069812	chr1	6412418	6424670	HES2	0	-	12252
ENSG00000069849	chr3	141876124	141926549	ATP1B3	0	+	50425
ENSG00000069869	chr15	55826922	55993660	NEDD4	0	-	166738
ENSG00000069943	chr15	55318960	55355648	PIGB	0	+	36688
ENSG00000069956	chr15	51952106	52067375	MAPK6	0	+	115269
ENSG00000069966	chr15	52115100	52191392	GNB5	0	-	76292
ENSG00000069974	chr15	55202966	55319113	RAB27A	0	-	116147
ENSG00000069998	chr22	17137511	17165287	HDHD5	0	-	27776
ENSG00000070010	chr22	19449911	19479202	UFD1	0	-	29291
ENSG00000070018	chr12	12116025	12267044	LRP6	0	-	151019
ENSG00000070047	chr11	576470	612222	PHRF1	0	+	35752
ENSG00000070061	chr9	108866898	108934328	ELP1	0	-	67430
ENSG00000070081	chr11	17208153	17349980	NUCB2	0	+	141827
ENSG00000070159	chr9	109375466	109498313	PTPN3	0	-	122847
ENSG00000070182	chr14	64746283	64879907	SPTB	0	-	133624
ENSG00000070190	chr4	99816827	99870190	DAPP1	0	+	53363
ENSG00000070193	chr5	44300247	44389706	FGF10	0	-	89459
ENSG00000070214	chr9	105244622	105439171	SLC44A1	0	+	194549
ENSG00000070269	chr14	56488354	56650606	TMEM260	0	+	162252
ENSG00000070366	chr17	2059839	2303785	SMG6	0	-	243946
ENSG00000070367	chr14	57200507	57268905	EXOC5	0	-	68398
ENSG00000070371	chr22	19179473	19291719	CLTCL1	0	-	112246
ENSG00000070404	chr19	676392	683392	FSTL3	0	+	7000
ENSG00000070413	chr22	19036282	19122454	DGCR2	0	-	86172
ENSG00000070423	chr19	647526	663233	RNF126	0	-	15707
ENSG00000070444	chr17	2384073	2401104	MNT	0	-	17031
ENSG00000070476	chr3	126437601	126475891	ZXDC	0	-	38290
ENSG00000070495	chr17	76712832	76726799	JMJD6	0	-	13967
ENSG00000070501	chr8	42338454	42371808	POLB	0	+	33354
ENSG00000070526	chr17	76624761	76643786	ST6GALNAC1	0	-	19025
ENSG00000070540	chr17	68420948	68457513	WIPI1	0	-	36565
ENSG00000070610	chr9	35736866	35749228	GBA2	0	-	12362
ENSG00000070614	chr5	150485818	150558211	NDST1	0	+	72393
ENSG00000070669	chr7	97851677	97872542	ASNS	0	-	20865
ENSG00000070718	chr8	42152946	42171673	AP3M2	0	+	18727
ENSG00000070731	chr17	76565377	76586956	ST6GALNAC2	0	-	21579
ENSG00000070756	chr8	100685816	100722809	PABPC1	0	-	36993
ENSG00000070761	chr16	58113592	58129381	CFAP20	0	-	15789
ENSG00000070770	chr16	58157907	58198106	CSNK2A2	0	-	40199
ENSG00000070778	chr14	88465778	88555007	PTPN21	0	-	89229
ENSG00000070785	chr1	44850522	44986722	EIF2B3	0	-	136200
ENSG00000070814	chr5	150357629	150400308	TCOF1	0	+	42679
ENSG00000070831	chr1	22025511	22101360	CDC42	0	+	75849
ENSG00000070882	chr7	24796540	24981634	OSBPL3	0	-	185094
ENSG00000070886	chr1	22563489	22603595	EPHA8	0	+	40106
ENSG00000070950	chr3	8775402	8963773	RAD18	0	-	188371
ENSG00000070961	chr12	89588049	89709300	ATP2B1	0	-	121251
ENSG00000071051	chr2	105744912	105894274	NCK2	0	+	149362
ENSG00000071054	chr2	101696850	101894690	MAP4K4	0	+	197840
ENSG00000071073	chr2	98619106	98731132	MGAT4A	0	-	112026
ENSG00000071082	chr2	101002229	101024032	RPL31	0	+	21803
ENSG00000071127	chr4	10074339	10116949	WDR1	0	-	42610
ENSG00000071189	chr7	17790761	17940501	SNX13	0	-	149740
ENSG00000071205	chr4	147732063	148072776	ARHGAP10	0	+	340713
ENSG00000071242	chr6	166409364	166906451	RPS6KA2	0	-	497087
ENSG00000071243	chr7	120950763	120977216	ING3	0	+	26453
ENSG00000071246	chr14	76761468	76783015	VASH1	0	+	21547
ENSG00000071282	chr3	8501807	8574668	LMCD1	0	+	72861
ENSG00000071462	chr7	73683025	73705161	BUD23	0	+	22136
ENSG00000071537	chr14	81471547	81533853	SEL1L	0	-	62306
ENSG00000071539	chr5	892884	919357	TRIP13	0	+	26473
ENSG00000071553	chrX	154428633	154436516	ATP6AP1	0	+	7883
ENSG00000071564	chr19	1609290	1652615	TCF3	0	-	43325
ENSG00000071575	chr2	12716910	12742734	TRIB2	0	+	25824
ENSG00000071626	chr19	1407569	1435687	DAZAP1	0	+	28118
ENSG00000071794	chr3	149030127	149086554	HLTF	0	-	56427
ENSG00000071859	chrX	154444141	154450654	FAM50A	0	+	6513
ENSG00000071889	chrX	154506159	154516242	FAM3A	0	-	10083
ENSG00000071894	chr8	144393229	144409335	CPSF1	0	-	16106
ENSG00000071909	chr2	170178145	170655171	MYO3B	0	+	477026
ENSG00000071967	chr2	171522247	171558129	CYBRD1	0	+	35882
ENSG00000071991	chr18	66501083	66604138	CDH19	0	-	103055
ENSG00000071994	chr6	170575295	170584692	PDCD2	0	-	9397
ENSG00000072041	chr12	84859491	84913629	SLC6A15	0	-	54138
ENSG00000072062	chr19	14091688	14118084	PRKACA	0	-	26396
ENSG00000072071	chr19	14147743	14206187	ADGRL1	0	-	58444
ENSG00000072110	chr14	68874128	68979440	ACTN1	0	-	105312
ENSG00000072121	chr14	67727374	67816590	ZFYVE26	0	-	89216
ENSG00000072133	chrX	84058346	84188199	RPS6KA6	0	-	129853
ENSG00000072134	chr17	19215615	19336715	EPN2	0	+	121100
ENSG00000072135	chr2	130356045	130375405	PTPN18	0	+	19360
ENSG00000072163	chr2	127638381	127681786	LIMS2	0	-	43405
ENSG00000072195	chr2	219434843	219493629	SPEG	0	+	58786
ENSG00000072201	chr4	53459301	53701405	LNX1	0	-	242104
ENSG00000072210	chr17	19648136	19685760	ALDH3A2	0	+	37624
ENSG00000072274	chr3	196027183	196082096	TFRC	0	-	54913
ENSG00000072310	chr17	17810399	17837002	SREBF1	0	-	26603
ENSG00000072364	chr5	132875395	132963634	AFF4	0	-	88239
ENSG00000072401	chr10	58334979	58370751	UBE2D1	0	+	35772
ENSG00000072415	chr14	67240713	67336061	PALS1	0	+	95348
ENSG00000072422	chr10	60869438	61001440	RHOBTB1	0	-	132002
ENSG00000072501	chrX	53374149	53422728	SMC1A	0	-	48579
ENSG00000072506	chrX	53431258	53434370	HSD17B10	0	-	3112
ENSG00000072518	chr11	63838928	63911020	MARK2	0	+	72092
ENSG00000072571	chr5	163460203	163491941	HMMR	0	+	31738
ENSG00000072609	chr12	132822187	132956304	CHFR	0	-	134117
ENSG00000072657	chr12	72087266	72670758	TRHDE	0	+	583492
ENSG00000072682	chr5	132190147	132295315	P4HA2	0	-	105168
ENSG00000072694	chr1	161663143	161678654	FCGR2B	0	+	15511
ENSG00000072736	chr16	68084751	68229259	NFATC3	0	+	144508
ENSG00000072756	chr3	3126933	3150879	TRNT1	0	+	23946
ENSG00000072778	chr17	7217125	7225266	ACADVL	0	+	8141
ENSG00000072786	chr5	172042079	172188224	STK10	0	-	146145
ENSG00000072803	chr5	171861549	172006873	FBXW11	0	-	145324
ENSG00000072818	chr17	7336529	7351477	ACAP1	0	+	14948
ENSG00000072832	chr4	5748084	5893086	CRMP1	0	-	145002
ENSG00000072840	chr4	5711201	5814305	EVC	0	+	103104
ENSG00000072849	chr17	5471254	5486811	DERL2	0	-	15557
ENSG00000072858	chr3	113532555	113629575	SIDT1	0	+	97020
ENSG00000072864	chr16	15643267	15734691	NDE1	0	+	91424
ENSG00000072952	chr11	10573091	10693988	IRAG1	0	-	120897
ENSG00000072954	chr19	16661139	16690023	TMEM38A	0	+	28884
ENSG00000072958	chr19	16197854	16245906	AP1M1	0	+	48052
ENSG00000073008	chr19	44643798	44666162	PVR	0	+	22364
ENSG00000073060	chr12	124776856	124882668	SCARB1	0	-	105812
ENSG00000073111	chr3	127598410	127622436	MCM2	0	+	24026
ENSG00000073150	chr22	50170731	50180295	PANX2	0	+	9564
ENSG00000073169	chr22	50201011	50217616	SELENOO	0	+	16605
ENSG00000073282	chr3	189631389	189897276	TP63	0	+	265887
ENSG00000073331	chr4	112285509	112442621	ALPK1	0	+	157112
ENSG00000073350	chr17	75525080	75575209	LLGL2	0	+	50129
ENSG00000073417	chr15	84980440	85139145	PDE8A	0	+	158705
ENSG00000073464	chrX	10156975	10237660	CLCN4	0	+	80685
ENSG00000073536	chr17	35128730	35142304	NLE1	0	-	13574
ENSG00000073605	chr17	39904595	39919854	GSDMB	0	-	15259
ENSG00000073614	chr12	280057	389320	KDM5A	0	-	109263
ENSG00000073711	chr3	135965728	136147894	PPP2R3A	0	+	182166
ENSG00000073712	chr14	52857268	52952435	FERMT2	0	-	95167
ENSG00000073737	chr2	169064789	169096167	DHRS9	0	+	31378
ENSG00000073756	chr1	186671791	186680922	PTGS2	0	-	9131
ENSG00000073792	chr3	185643130	185825042	IGF2BP2	0	-	181912
ENSG00000073803	chr3	185282941	185489094	MAP3K13	0	+	206153
ENSG00000073849	chr3	186930325	187078553	ST6GAL1	0	+	148228
ENSG00000073861	chr17	47733236	47746122	TBX21	0	+	12886
ENSG00000073910	chr13	31846713	32299125	FRY	0	+	452412
ENSG00000073921	chr11	85957175	86069882	PICALM	0	-	112707
ENSG00000073969	chr17	46590669	46757464	NSF	0	+	166795
ENSG00000074047	chr2	120735623	120992653	GLI2	0	+	257030
ENSG00000074054	chr2	121337776	121649476	CLASP1	0	-	311700
ENSG00000074071	chr16	1771890	1773150	MRPS34	0	-	1260
ENSG00000074181	chr19	15159038	15200995	NOTCH3	0	-	41957
ENSG00000074201	chr11	77514936	77637794	CLNS1A	0	-	122858
ENSG00000074211	chr4	6320578	6563600	PPP2R2C	0	-	243022
ENSG00000074219	chr19	49340595	49362457	TEAD2	0	-	21862
ENSG00000074266	chr11	86244753	86278813	EED	0	+	34060
ENSG00000074319	chr11	18468336	18526951	TSG101	0	-	58615
ENSG00000074356	chr17	3802158	3846246	NCBP3	0	-	44088
ENSG00000074370	chr17	3923870	3964464	ATP2A3	0	-	40594
ENSG00000074410	chr15	63321378	63381846	CA12	0	-	60468
ENSG00000074416	chr3	127689062	128052190	MGLL	0	-	363128
ENSG00000074527	chr12	95657807	95791189	NTN4	0	-	133382
ENSG00000074582	chr2	218658764	218663443	BCS1L	0	+	4679
ENSG00000074590	chr12	106063345	106138954	NUAK1	0	-	75609
ENSG00000074603	chr15	65442463	65517704	DPP8	0	-	75241
ENSG00000074621	chr15	65611366	65660995	SLC24A1	0	+	49629
ENSG00000074657	chr18	58862600	58986480	ZNF532	0	+	123880
ENSG00000074660	chr17	1633858	1645744	SCARF1	0	-	11886
ENSG00000074695	chr18	59327823	59359265	LMAN1	0	-	31442
ENSG00000074696	chr15	65530418	65578349	HACD3	0	+	47931
ENSG00000074755	chr17	4004445	4143030	ZZEF1	0	-	138585
ENSG00000074800	chr1	8861000	8879190	ENO1	0	-	18190
ENSG00000074803	chr15	48178438	48304078	SLC12A1	0	+	125640
ENSG00000074842	chr19	4641374	4670362	MYDGF	0	-	28988
ENSG00000074855	chr19	17323223	17334855	ANO8	0	-	11632
ENSG00000074935	chr6	112070663	112087529	TUBE1	0	-	16866
ENSG00000074964	chr1	17539698	17697874	ARHGEF10L	0	+	158176
ENSG00000075035	chr12	108129288	108250537	WSCD2	0	+	121249
ENSG00000075073	chr10	69403903	69416918	TACR2	0	-	13015
ENSG00000075089	chr12	100199122	100241865	ACTR6	0	+	42743
ENSG00000075131	chr15	66336191	66386746	TIPIN	0	-	50555
ENSG00000075142	chr7	88205115	88226993	SRI	0	-	21878
ENSG00000075151	chr1	20806292	21177285	EIF4G3	0	-	370993
ENSG00000075188	chr12	102073103	102120120	NUP37	0	-	47017
ENSG00000075213	chr7	83955777	84492724	SEMA3A	0	-	536947
ENSG00000075218	chr22	46296870	46330810	GTSE1	0	+	33940
ENSG00000075223	chr7	80742538	80922359	SEMA3C	0	-	179821
ENSG00000075234	chr22	46267961	46294008	TTC38	0	+	26047
ENSG00000075239	chr11	108116695	108147603	ACAT1	0	+	30908
ENSG00000075240	chr22	46576012	46679790	GRAMD4	0	+	103778
ENSG00000075275	chr22	46360834	46537620	CELSR1	0	-	176786
ENSG00000075292	chr2	71276561	71435069	ZNF638	0	+	158508
ENSG00000075303	chr7	87833568	87876360	SLC25A40	0	-	42792
ENSG00000075336	chr18	74148523	74160531	TIMM21	0	+	12008
ENSG00000075340	chr2	70607618	70768225	ADD2	0	-	160607
ENSG00000075388	chr11	69771022	69775341	FGF4	0	-	4319
ENSG00000075391	chr1	178094104	178484147	RASAL2	0	+	390043
ENSG00000075399	chr16	89707134	89720898	VPS9D1	0	-	13764
ENSG00000075413	chr14	103385377	103503831	MARK3	0	+	118454
ENSG00000075415	chr12	98593591	98606379	SLC25A3	0	+	12788
ENSG00000075420	chr3	172039578	172401669	FNDC3B	0	+	362091
ENSG00000075426	chr2	28392448	28417317	FOSL2	0	+	24869
ENSG00000075461	chr17	66964707	67033398	CACNG4	0	+	68691
ENSG00000075539	chr4	48497357	48780322	FRYL	0	-	282965
ENSG00000075568	chr2	97756333	97995948	TMEM131	0	-	239615
ENSG00000075618	chr7	5592816	5606655	FSCN1	0	+	13839
ENSG00000075624	chr7	5526409	5563902	ACTB	0	-	37493
ENSG00000075643	chr18	36187497	36272157	MOCOS	0	+	84660
ENSG00000075651	chr3	171600404	171810950	PLD1	0	-	210546
ENSG00000075702	chr19	36054649	36105108	WDR62	0	+	50459
ENSG00000075711	chr3	197042560	197299330	DLG1	0	-	256770
ENSG00000075785	chr3	128693669	128825942	RAB7A	0	+	132273
ENSG00000075826	chr10	100486646	100519864	SEC31B	0	-	33218
ENSG00000075856	chr12	108522214	108561400	SART3	0	-	39186
ENSG00000075884	chr2	143091362	143768352	ARHGAP15	0	+	676990
ENSG00000075886	chr2	131476119	131482934	TUBA3D	0	+	6815
ENSG00000075891	chr10	100735396	100829944	PAX2	0	+	94548
ENSG00000075914	chr3	44975241	45036066	EXOSC7	0	+	60825
ENSG00000075945	chr1	169921326	170085208	KIFAP3	0	-	163882
ENSG00000075975	chr3	12557057	12586208	MKRN2	0	+	29151
ENSG00000076003	chr2	135839626	135876443	MCM6	0	-	36817
ENSG00000076067	chr12	56521820	56596193	RBMS2	0	+	74373
ENSG00000076108	chr12	56595596	56636816	BAZ2A	0	-	41220
ENSG00000076201	chr3	47381011	47413435	PTPN23	0	+	32424
ENSG00000076242	chr3	36993350	37050846	MLH1	0	+	57496
ENSG00000076248	chr12	109097597	109110992	UNG	0	+	13395
ENSG00000076258	chr1	171314183	171342084	FMO4	0	+	27901
ENSG00000076321	chr1	173714941	173786692	KLHL20	0	+	71751
ENSG00000076344	chr16	268301	275980	RGS11	0	-	7679
ENSG00000076351	chr17	28394642	28407197	SLC46A1	0	-	12555
ENSG00000076356	chr1	208022242	208244384	PLXNA2	0	-	222142
ENSG00000076513	chr12	109999186	110039763	ANKRD13A	0	+	40577
ENSG00000076554	chr8	80034745	80231232	TPD52	0	-	196487
ENSG00000076555	chr12	109116587	109268226	ACACB	0	+	151639
ENSG00000076604	chr17	28744011	28750956	TRAF4	0	+	6945
ENSG00000076641	chr8	80967810	81112068	PAG1	0	-	144258
ENSG00000076650	chr19	33080899	33130542	GPATCH1	0	+	49643
ENSG00000076662	chr19	10333776	10339661	ICAM3	0	-	5885
ENSG00000076685	chr10	103087185	103277605	NT5C2	0	-	190420
ENSG00000076706	chr11	119308529	119321521	MCAM	0	-	12992
ENSG00000076716	chrX	133300103	133415489	GPC4	0	-	115386
ENSG00000076770	chrX	132369317	132489968	MBNL3	0	-	120651
ENSG00000076826	chr19	7595863	7618304	CAMSAP3	0	+	22441
ENSG00000076864	chr1	21596221	21669357	RAP1GAP	0	-	73136
ENSG00000076924	chr19	7619525	7629545	XAB2	0	-	10020
ENSG00000076928	chr19	41883173	41930150	ARHGEF1	0	+	46977
ENSG00000076984	chr19	7903843	7914478	MAP2K7	0	+	10635
ENSG00000077044	chr2	233354494	233472104	DGKD	0	+	117610
ENSG00000077063	chr7	117710651	117874139	CTTNBP2	0	-	163488
ENSG00000077092	chr3	24687887	25597932	RARB	0	+	910045
ENSG00000077097	chr3	25597984	25664907	TOP2B	0	-	66923
ENSG00000077147	chr10	96518110	96587452	TM9SF3	0	-	69342
ENSG00000077150	chr10	102394110	102402524	NFKB2	0	+	8414
ENSG00000077152	chr1	202331657	202341980	UBE2T	0	-	10323
ENSG00000077157	chr1	202348699	202592706	PPP1R12B	0	+	244007
ENSG00000077232	chr2	182716255	182794464	DNAJC10	0	+	78209
ENSG00000077235	chr16	27459555	27549913	GTF3C1	0	-	90358
ENSG00000077238	chr16	27313668	27364778	IL4R	0	+	51110
ENSG00000077254	chr1	77695987	77759852	USP33	0	-	63865
ENSG00000077264	chrX	110944285	111227361	PAK3	0	+	283076
ENSG00000077274	chrX	111245099	111270483	CAPN6	0	-	25384
ENSG00000077279	chrX	111293779	111412429	DCX	0	-	118650
ENSG00000077312	chr19	40750637	40765389	SNRPA	0	+	14752
ENSG00000077327	chr10	22345445	22454224	SPAG6	0	+	108779
ENSG00000077348	chr19	41386371	41397362	EXOSC5	0	-	10991
ENSG00000077380	chr2	171687409	171750158	DYNC1I2	0	+	62749
ENSG00000077420	chr10	26438341	26567803	APBB1IP	0	+	129462
ENSG00000077454	chr7	100574011	100586129	LRCH4	0	-	12118
ENSG00000077458	chr11	95768953	95790409	FAM76B	0	-	21456
ENSG00000077463	chr19	4174109	4182566	SIRT6	0	-	8457
ENSG00000077514	chr11	74493851	74669117	POLD3	0	+	175266
ENSG00000077522	chr1	236664141	236764631	ACTN2	0	+	100490
ENSG00000077549	chr1	19338775	19485539	CAPZB	0	-	146764
ENSG00000077585	chr1	236142505	236221865	GPR137B	0	+	79360
ENSG00000077616	chr11	90131515	90192894	NAALAD2	0	+	61379
ENSG00000077684	chr4	128809700	128875224	JADE1	0	+	65524
ENSG00000077713	chrX	119399336	119454478	SLC25A43	0	+	55142
ENSG00000077721	chrX	119574536	119591083	UBE2A	0	+	16547
ENSG00000077782	chr8	38400215	38468834	FGFR1	0	-	68619
ENSG00000077935	chr22	45344063	45413619	SMC1B	0	-	69556
ENSG00000077942	chr22	45502238	45601135	FBLN1	0	+	98897
ENSG00000077943	chr10	15513954	15719922	ITGA8	0	-	205968
ENSG00000077984	chr20	24949269	24959928	CST7	0	+	10659
ENSG00000078018	chr2	209424047	209734118	MAP2	0	+	310071
ENSG00000078043	chr18	46803218	46920160	PIAS2	0	-	116942
ENSG00000078053	chr7	38383704	38631420	AMPH	0	-	247716
ENSG00000078061	chrX	47561205	47571908	ARAF	0	+	10703
ENSG00000078070	chr3	183015218	183116075	MCCC1	0	-	100857
ENSG00000078081	chr3	183122215	183163839	LAMP3	0	-	41624
ENSG00000078098	chr2	162170684	162245151	FAP	0	-	74467
ENSG00000078114	chr10	20779973	21293011	NEBL	0	-	513038
ENSG00000078124	chr11	76860859	77026797	ACER3	0	+	165938
ENSG00000078140	chr4	39698109	39782792	UBE2K	0	+	84683
ENSG00000078142	chr18	41955234	42087830	PIK3C3	0	+	132596
ENSG00000078177	chr4	40056850	40158252	N4BP2	0	+	101402
ENSG00000078246	chr12	2877223	2941138	TULP3	0	+	63915
ENSG00000078269	chr6	157981863	158099176	SYNJ2	0	+	117313
ENSG00000078295	chr5	7396138	7830081	ADCY2	0	+	433943
ENSG00000078304	chr14	101761798	101927989	PPP2R5C	0	+	166191
ENSG00000078369	chr1	1785285	1891117	GNB1	0	-	105832
ENSG00000078401	chr6	12290361	12297194	EDN1	0	+	6833
ENSG00000078403	chr10	21524646	21743630	MLLT10	0	+	218984
ENSG00000078487	chr7	100400826	100428992	ZCWPW1	0	-	28166
ENSG00000078549	chr7	31052308	31111479	ADCYAP1R1	0	+	59171
ENSG00000078589	chrX	78945332	78963727	P2RY10	0	+	18395
ENSG00000078596	chrX	79360384	79367667	ITM2A	0	-	7283
ENSG00000078618	chr1	51789191	51878805	NRDC	0	-	89614
ENSG00000078668	chr8	42391624	42405937	VDAC3	0	+	14313
ENSG00000078674	chr8	17922968	18029948	PCM1	0	+	106980
ENSG00000078687	chr17	77959240	78108835	TNRC6C	0	+	149595
ENSG00000078699	chr20	33490075	33650036	CBFA2T2	0	+	159961
ENSG00000078725	chr9	119153458	119369435	BRINP1	0	-	215977
ENSG00000078747	chr20	34363241	34540748	ITCH	0	+	177507
ENSG00000078795	chr5	137887968	137942747	PKD2L2	0	+	54779
ENSG00000078804	chr20	34704339	34713439	TP53INP2	0	+	9100
ENSG00000078808	chr1	1216909	1232067	SDF4	0	-	15158
ENSG00000078814	chr20	34955810	35002437	MYH7B	0	+	46627
ENSG00000078898	chr20	33007704	33023703	BPIFB2	0	+	15999
ENSG00000078900	chr1	3652516	3736201	TP73	0	+	83685
ENSG00000078902	chr11	1274371	1309654	TOLLIP	0	-	35283
ENSG00000078967	chr7	43926436	43956136	UBE2D4	0	+	29700
ENSG00000079101	chr18	596988	650334	CLUL1	0	+	53346
ENSG00000079102	chr8	91954967	92103286	RUNX1T1	0	-	148319
ENSG00000079134	chr18	214520	268050	THOC1	0	-	53530
ENSG00000079150	chr2	178463664	178478600	FKBP7	0	-	14936
ENSG00000079156	chr2	178194481	178402893	OSBPL6	0	+	208412
ENSG00000079215	chr5	36596588	36688334	SLC1A3	0	+	91746
ENSG00000079246	chr2	216107464	216206303	XRCC5	0	+	98839
ENSG00000079257	chr3	158645822	158672648	LXN	0	-	26826
ENSG00000079263	chr2	230203110	230313215	SP140	0	+	110105
ENSG00000079277	chr1	46557407	46616843	MKNK1	0	-	59436
ENSG00000079308	chr2	217799588	218033982	TNS1	0	-	234394
ENSG00000079313	chr19	1815248	1848483	REXO1	0	-	33235
ENSG00000079332	chr10	70147289	70170523	SAR1A	0	-	23234
ENSG00000079335	chr1	100345001	100520277	CDC14A	0	+	175276
ENSG00000079337	chr12	47734363	47771040	RAPGEF3	0	-	36677
ENSG00000079385	chr19	42507304	42561234	CEACAM1	0	-	53930
ENSG00000079387	chr12	48042897	48106079	SENP1	0	-	63182
ENSG00000079432	chr19	42268537	42295797	CIC	0	+	27260
ENSG00000079435	chr19	42401514	42427388	LIPE	0	-	25874
ENSG00000079459	chr8	11795573	11839304	FDFT1	0	+	43731
ENSG00000079462	chr19	42297033	42303546	PAFAH1B3	0	-	6513
ENSG00000079482	chrX	67949349	68433913	OPHN1	0	-	484564
ENSG00000079616	chr16	29790727	29805385	KIF22	0	+	14658
ENSG00000079689	chr6	25652201	25701783	SCGN	0	+	49582
ENSG00000079691	chr6	25279078	25620530	CARMIL1	0	+	341452
ENSG00000079739	chr1	63593411	63660245	PGM1	0	+	66834
ENSG00000079785	chr2	15591178	15634346	DDX1	0	+	43168
ENSG00000079805	chr19	10718055	10833488	DNM2	0	+	115433
ENSG00000079819	chr6	130839347	131063322	EPB41L2	0	-	223975
ENSG00000079841	chr6	71886550	72403145	RIMS1	0	+	516595
ENSG00000079931	chr6	132296055	132401475	MOXD1	0	-	105420
ENSG00000079950	chr6	132445867	132513198	STX7	0	-	67331
ENSG00000079974	chr22	50767501	50783667	RABL2B	0	-	16166
ENSG00000079999	chr19	10486125	10503558	KEAP1	0	-	17433
ENSG00000080031	chr19	55181247	55209506	PTPRH	0	-	28259
ENSG00000080189	chr20	46345980	46364458	SLC35C2	0	-	18478
ENSG00000080200	chr3	97822011	97944984	CRYBG3	0	+	122973
ENSG00000080298	chr9	3218297	3526004	RFX3	0	-	307707
ENSG00000080345	chr2	151409883	151508013	RIF1	0	+	98130
ENSG00000080371	chr12	71754863	71800286	RAB21	0	+	45423
ENSG00000080493	chr4	71062667	71572087	SLC4A4	0	+	509420
ENSG00000080503	chr9	1980290	2193624	SMARCA2	0	+	213334
ENSG00000080546	chr6	108984309	109094846	SESN1	0	-	110537
ENSG00000080561	chrX	107825755	107931637	MID2	0	+	105882
ENSG00000080573	chr19	9959561	10010504	COL5A3	0	-	50943
ENSG00000080603	chr16	30698209	30741409	SRCAP	0	+	43200
ENSG00000080608	chr9	2720469	2844095	PUM3	0	-	123626
ENSG00000080802	chr7	135361795	135510127	CNOT4	0	-	148332
ENSG00000080815	chr14	73136418	73223691	PSEN1	0	+	87273
ENSG00000080823	chr14	102224500	102305190	MOK	0	-	80690
ENSG00000080824	chr14	102080742	102139699	HSP90AA1	0	-	58957
ENSG00000080839	chr20	36996349	37095997	RBL1	0	-	99648
ENSG00000080845	chr20	36306336	36528637	DLGAP4	0	+	222301
ENSG00000080854	chr11	133896438	133956968	IGSF9B	0	-	60530
ENSG00000080986	chr18	2571557	2616635	NDC80	0	+	45078
ENSG00000081014	chr15	50908672	51005895	AP4E1	0	+	97223
ENSG00000081019	chr1	113761832	113812476	RSBN1	0	-	50644
ENSG00000081026	chr1	113390515	113685923	MAGI3	0	+	295408
ENSG00000081041	chr4	74097040	74099196	CXCL2	0	-	2156
ENSG00000081051	chr4	73431138	73456174	AFP	0	+	25036
ENSG00000081052	chr2	227002714	227164453	COL4A4	0	-	161739
ENSG00000081059	chr5	134114681	134151865	TCF7	0	+	37184
ENSG00000081087	chr6	108041409	108165854	OSTM1	0	-	124445
ENSG00000081138	chr18	65750252	65890337	CDH7	0	+	140085
ENSG00000081154	chr3	101574180	101594465	PCNP	0	+	20285
ENSG00000081177	chr14	69191498	69244020	EXD2	0	+	52522
ENSG00000081181	chr14	67619920	67651708	ARG2	0	+	31788
ENSG00000081189	chr5	88717117	88904257	MEF2C	0	-	187140
ENSG00000081237	chr1	198638457	198757476	PTPRC	0	+	119019
ENSG00000081277	chr1	201283452	201332993	PKP1	0	+	49541
ENSG00000081307	chr3	132654446	132679794	UBA5	0	+	25348
ENSG00000081320	chr2	196133583	196176503	STK17B	0	-	42920
ENSG00000081377	chr9	96490241	96619843	CDC14B	0	-	129602
ENSG00000081386	chr9	96754553	96778129	ZNF510	0	-	23576
ENSG00000081479	chr2	169127109	169362534	LRP2	0	-	235425
ENSG00000081665	chr19	19785839	19821751	ZNF506	0	-	35912
ENSG00000081692	chr1	227730425	227735411	JMJD4	0	-	4986
ENSG00000081721	chr1	161749758	161757238	DUSP12	0	+	7480
ENSG00000081760	chr12	125065434	125143333	AACS	0	+	77899
ENSG00000081791	chr5	141923855	141942047	DELE1	0	+	18192
ENSG00000081803	chr7	122318411	122886759	CADPS2	0	-	568348
ENSG00000081818	chr5	141121818	141125623	PCDHB4	0	+	3805
ENSG00000081870	chr1	53916574	53945699	HSPB11	0	-	29125
ENSG00000081913	chr18	62715541	62980433	PHLPP1	0	+	264892
ENSG00000081923	chr18	57646426	57803315	ATP8B1	0	-	156889
ENSG00000081985	chr1	67307364	67398724	IL12RB2	0	+	91360
ENSG00000082014	chr7	151238764	151277896	SMARCD3	0	-	39132
ENSG00000082068	chr5	37379285	37753435	WDR70	0	+	374150
ENSG00000082074	chr5	39105252	39274528	FYB1	0	-	169276
ENSG00000082146	chr2	201387858	201480846	STRADB	0	+	92988
ENSG00000082153	chr2	200810594	200827338	BZW1	0	+	16744
ENSG00000082175	chr11	101029624	101129813	PGR	0	-	100189
ENSG00000082212	chr18	50879080	50954257	ME2	0	+	75177
ENSG00000082213	chr5	31532287	31555053	C5orf22	0	+	22766
ENSG00000082258	chr2	134918235	134959342	CCNT2	0	+	41107
ENSG00000082269	chr6	70412941	70561174	FAM135A	0	+	148233
ENSG00000082397	chr18	5392381	5630700	EPB41L3	0	-	238319
ENSG00000082438	chr2	164653624	164843679	COBLL1	0	-	190055
ENSG00000082458	chrX	70444835	70505490	DLG3	0	+	60655
ENSG00000082482	chr1	215005775	215237090	KCNK2	0	+	231315
ENSG00000082497	chr1	210232796	210246631	SERTAD4	0	+	13835
ENSG00000082512	chr1	211326615	211374946	TRAF5	0	+	48331
ENSG00000082515	chr5	154941073	154969411	MRPL22	0	+	28338
ENSG00000082516	chr5	154887411	154938211	GEMIN5	0	-	50800
ENSG00000082641	chr17	48048329	48061545	NFE2L1	0	+	13216
ENSG00000082684	chr3	122909082	123028605	SEMA5B	0	-	119523
ENSG00000082701	chr3	119821321	120094994	GSK3B	0	-	273673
ENSG00000082781	chr3	124761948	124901418	ITGB5	0	-	139470
ENSG00000082805	chr12	990509	1495933	ERC1	0	+	505424
ENSG00000082898	chr2	61476032	61538741	XPO1	0	-	62709
ENSG00000082996	chr3	149812770	149962139	RNF13	0	+	149369
ENSG00000083093	chr16	23603160	23641310	PALB2	0	-	38150
ENSG00000083097	chr6	83067666	83171350	DOP1A	0	+	103684
ENSG00000083099	chr6	89568144	89638749	LYRM2	0	-	70605
ENSG00000083123	chr6	80106647	80346270	BCKDHB	0	+	239623
ENSG00000083168	chr8	41929479	42051994	KAT6A	0	-	122515
ENSG00000083223	chr9	86287733	86354454	TUT7	0	-	66721
ENSG00000083290	chr17	19770829	19867936	ULK2	0	-	97107
ENSG00000083307	chr8	101492439	101669726	GRHL2	0	+	177287
ENSG00000083312	chr5	72816312	72916733	TNPO1	0	+	100421
ENSG00000083444	chr1	11934205	11975538	PLOD1	0	+	41333
ENSG00000083457	chr17	3714628	3801188	ITGAE	0	-	86560
ENSG00000083520	chr13	72752169	72782096	DIS3	0	-	29927
ENSG00000083535	chr13	72782133	73016461	PIBF1	0	+	234328
ENSG00000083544	chr13	60396457	60573878	TDRD3	0	+	177421
ENSG00000083635	chr13	44939249	44989471	NUFIP1	0	-	50222
ENSG00000083642	chr13	32586452	32778019	PDS5B	0	+	191567
ENSG00000083720	chr5	41730065	41870425	OXCT1	0	-	140360
ENSG00000083750	chrX	55717749	55758774	RRAGB	0	+	41025
ENSG00000083782	chr12	90963682	91005026	EPYC	0	-	41344
ENSG00000083799	chr16	50742050	50801935	CYLD	0	+	59885
ENSG00000083807	chr19	58479512	58512413	SLC27A5	0	-	32901
ENSG00000083812	chr19	58467056	58475436	ZNF324	0	+	8380
ENSG00000083814	chr19	57719751	57727624	ZNF671	0	-	7873
ENSG00000083817	chr19	57571566	57578911	ZNF416	0	-	7345
ENSG00000083828	chr19	57769655	57819939	ZNF586	0	+	50284
ENSG00000083844	chr19	57191500	57222846	ZNF264	0	+	31346
ENSG00000083845	chr19	58386400	58394806	RPS5	0	+	8406
ENSG00000083857	chr4	186587794	186726722	FAT1	0	-	138928
ENSG00000083896	chr4	68310387	68350090	YTHDC1	0	-	39703
ENSG00000083937	chr3	87227271	87255556	CHMP2B	0	+	28285
ENSG00000084070	chr1	40344850	40423326	SMAP2	0	+	78476
ENSG00000084072	chr1	39692182	39763914	PPIE	0	+	71732
ENSG00000084073	chr1	40258041	40294180	ZMPSTE24	0	+	36139
ENSG00000084090	chr2	96184859	96208827	STARD7	0	-	23968
ENSG00000084092	chr4	56963350	56977606	NOA1	0	-	14256
ENSG00000084093	chr4	56907876	56966808	REST	0	+	58932
ENSG00000084112	chr12	108778191	108857590	SSH1	0	-	79399
ENSG00000084207	chr11	67583742	67586656	GSTP1	0	+	2914
ENSG00000084234	chr11	130068147	130144811	APLP2	0	+	76664
ENSG00000084444	chr12	13044381	13142521	FAM234B	0	+	98140
ENSG00000084463	chr12	14784582	14803486	WBP11	0	-	18904
ENSG00000084623	chr1	32221077	32245397	EIF3I	0	+	24320
ENSG00000084628	chr1	31179745	31239887	NKAIN1	0	-	60142
ENSG00000084636	chr1	31652263	31704319	COL16A1	0	-	52056
ENSG00000084652	chr1	32179675	32198285	TXLNA	0	+	18610
ENSG00000084674	chr2	21001429	21044073	APOB	0	-	42644
ENSG00000084676	chr2	24491254	24770702	NCOA1	0	+	279448
ENSG00000084693	chr2	27042364	27070622	AGBL5	0	+	28258
ENSG00000084710	chr2	25042076	25159135	EFR3B	0	+	117059
ENSG00000084731	chr2	25926598	25982749	KIF3C	0	-	56151
ENSG00000084733	chr2	26034084	26137454	RAB10	0	+	103370
ENSG00000084754	chr2	26190635	26244672	HADHA	0	-	54037
ENSG00000084764	chr2	26970637	27027219	MAPRE3	0	+	56582
ENSG00000084774	chr2	27217369	27243943	CAD	0	+	26574
ENSG00000085063	chr11	33703010	33736479	CD59	0	-	33469
ENSG00000085117	chr11	44564427	44620358	CD82	0	+	55931
ENSG00000085185	chrX	129981107	130058071	BCORL1	0	+	76964
ENSG00000085224	chrX	77504880	77786233	ATRX	0	-	281353
ENSG00000085231	chr5	69350984	69370013	AK6	0	-	19029
ENSG00000085265	chr9	134903232	134917912	FCN1	0	-	14680
ENSG00000085274	chr3	169773396	169789716	MYNN	0	+	16320
ENSG00000085276	chr3	169083499	169663775	MECOM	0	-	580276
ENSG00000085365	chr5	78360611	78480739	SCAMP1	0	+	120128
ENSG00000085377	chr6	105273218	105454062	PREP	0	-	180844
ENSG00000085382	chr6	104728094	104859919	HACE1	0	-	131825
ENSG00000085415	chr18	12947133	12987536	SEH1L	0	+	40403
ENSG00000085433	chr1	108970214	109042113	WDR47	0	-	71899
ENSG00000085465	chr1	111414319	111427735	OVGP1	0	-	13416
ENSG00000085491	chr1	108134043	108200849	SLC25A24	0	-	66806
ENSG00000085511	chr6	160991727	161117385	MAP3K4	0	+	125658
ENSG00000085514	chr7	100367530	100400096	PILRA	0	+	32566
ENSG00000085552	chr1	159927039	159945613	IGSF9	0	-	18574
ENSG00000085563	chr7	87503017	87713323	ABCB1	0	-	210306
ENSG00000085644	chr16	3129777	3142804	ZNF213	0	+	13027
ENSG00000085662	chr7	134442356	134459284	AKR1B1	0	-	16928
ENSG00000085719	chr8	86514435	86561498	CPNE3	0	+	47063
ENSG00000085721	chr16	15060033	15094311	RRN3	0	-	34278
ENSG00000085733	chr11	70398404	70436584	CTTN	0	+	38180
ENSG00000085741	chr11	76186325	76210736	WNT11	0	-	24411
ENSG00000085760	chr2	55236595	55269347	MTIF2	0	-	32752
ENSG00000085788	chr8	38225218	38275558	DDHD2	0	+	50340
ENSG00000085831	chr1	51287258	51345116	TTC39A	0	-	57858
ENSG00000085832	chr1	51354263	51519266	EPS15	0	-	165003
ENSG00000085840	chr1	52372829	52404423	ORC1	0	-	31594
ENSG00000085871	chr4	139665768	139740745	MGST2	0	+	74977
ENSG00000085978	chr2	233210051	233295674	ATG16L1	0	+	85623
ENSG00000085982	chr2	233475520	233566782	USP40	0	-	91262
ENSG00000085998	chr1	46188683	46220305	POMGNT1	0	-	31622
ENSG00000085999	chr1	46246461	46278480	RAD54L	0	+	32019
ENSG00000086015	chr1	45786987	46036122	MAST2	0	+	249135
ENSG00000086061	chr9	33025273	33039907	DNAJA1	0	+	14634
ENSG00000086062	chr9	33104082	33167356	B4GALT1	0	-	63274
ENSG00000086065	chr9	33264879	33282070	CHMP5	0	+	17191
ENSG00000086102	chr9	33290512	33371157	NFX1	0	+	80645
ENSG00000086189	chr5	62347284	62403943	DIMT1	0	-	56659
ENSG00000086205	chr11	49145092	49208638	FOLH1	0	-	63546
ENSG00000086232	chr7	6022247	6059175	EIF2AK1	0	-	36928
ENSG00000086289	chr7	37683843	37951936	EPDR1	0	+	268093
ENSG00000086300	chr7	26291862	26374383	SNX10	0	+	82521
ENSG00000086475	chr10	13317428	13348298	SEPHS1	0	-	30870
ENSG00000086544	chr19	40717112	40740860	ITPKC	0	+	23748
ENSG00000086570	chr5	151504092	151591331	FAT2	0	-	87239
ENSG00000086589	chr5	150690792	150701077	RBM22	0	-	10285
ENSG00000086598	chr12	123584533	123598582	TMED2	0	+	14049
ENSG00000086619	chr1	236214681	236282019	ERO1B	0	-	67338
ENSG00000086666	chr15	80059568	80138393	ZFAND6	0	+	78825
ENSG00000086696	chr16	82035004	82098534	HSD17B2	0	+	63530
ENSG00000086712	chrX	16786432	16844519	TXLNG	0	+	58087
ENSG00000086717	chrX	18675909	18827921	PPEF1	0	+	152012
ENSG00000086730	chr7	74199652	74229834	LAT2	0	+	30182
ENSG00000086758	chrX	53532096	53686728	HUWE1	0	-	154632
ENSG00000086827	chr11	113733187	113773735	ZW10	0	-	40548
ENSG00000086967	chr19	50432892	50466321	MYBPC2	0	+	33429
ENSG00000086991	chr11	89324353	89498187	NOX4	0	-	173834
ENSG00000087008	chr4	8366282	8440723	ACOX3	0	-	74441
ENSG00000087053	chr11	95821766	95925315	MTMR2	0	-	103549
ENSG00000087074	chr19	48872421	48876058	PPP1R15A	0	+	3637
ENSG00000087076	chr19	48813018	48836510	HSD17B14	0	-	23492
ENSG00000087077	chr7	100867387	100873454	TRIP6	0	+	6067
ENSG00000087085	chr7	100889994	100896974	ACHE	0	-	6980
ENSG00000087086	chr19	48965309	48966879	FTL	0	+	1570
ENSG00000087087	chr7	100875103	100888664	SRRT	0	+	13561
ENSG00000087088	chr19	48954815	48961798	BAX	0	+	6983
ENSG00000087095	chr17	28041737	28196381	NLK	0	+	154644
ENSG00000087116	chr5	179110853	179345461	ADAMTS2	0	-	234608
ENSG00000087128	chr4	68447463	68497604	TMPRSS11E	0	+	50141
ENSG00000087152	chr17	44191805	44200113	ATXN7L3	0	-	8308
ENSG00000087157	chr17	78378649	78425114	PGS1	0	+	46465
ENSG00000087191	chr17	63827152	63832026	PSMC5	0	+	4874
ENSG00000087206	chr5	176905005	177022633	UIMC1	0	-	117628
ENSG00000087237	chr16	56961923	56983845	CETP	0	+	21922
ENSG00000087245	chr16	55389700	55506691	MMP2	0	+	116991
ENSG00000087253	chr16	55509072	55586666	LPCAT2	0	+	77594
ENSG00000087258	chr16	56191390	56357444	GNAO1	0	+	166054
ENSG00000087263	chr16	56451521	56479104	OGFOD1	0	+	27583
ENSG00000087266	chr4	2793071	2841098	SH3BP2	0	+	48027
ENSG00000087269	chr4	2937933	2963406	NOP14	0	-	25473
ENSG00000087274	chr4	2843844	2930076	ADD1	0	+	86232
ENSG00000087299	chr14	50237563	50312229	L2HGDH	0	-	74666
ENSG00000087301	chr14	52430596	52552522	TXNDC16	0	-	121926
ENSG00000087302	chr14	51989514	52010694	RTRAF	0	+	21180
ENSG00000087303	chr14	52004809	52069059	NID2	0	-	64250
ENSG00000087338	chr2	69829660	69881384	GMCL1	0	+	51724
ENSG00000087365	chr11	66050729	66069308	SF3B2	0	+	18579
ENSG00000087448	chr12	27780048	27803040	KLHL42	0	+	22992
ENSG00000087460	chr20	58839718	58911192	GNAS	0	+	71474
ENSG00000087470	chr12	32679200	32745650	DNM1L	0	+	66450
ENSG00000087494	chr12	27958084	27972733	PTHLH	0	-	14649
ENSG00000087502	chr12	29337352	29381189	ERGIC2	0	-	43837
ENSG00000087510	chr20	56629306	56639283	TFAP2C	0	+	9977
ENSG00000087586	chr20	56369389	56392337	AURKA	0	-	22948
ENSG00000087589	chr20	56412112	56460387	CASS4	0	+	48275
ENSG00000087842	chrX	15384799	15493564	PIR	0	-	108765
ENSG00000087884	chr11	77821109	77918432	AAMDC	0	+	97323
ENSG00000087903	chr19	5993164	6199572	RFX2	0	-	206408
ENSG00000087995	chr17	62423875	62453385	METTL2A	0	+	29510
ENSG00000088002	chr19	48552172	48599425	SULT2B1	0	+	47253
ENSG00000088035	chr1	63367575	63438553	ALG6	0	+	70978
ENSG00000088038	chr19	54137749	54155681	CNOT3	0	+	17932
ENSG00000088179	chr2	119759922	119984899	PTPN4	0	+	224977
ENSG00000088205	chr2	117814691	117832377	DDX18	0	+	17686
ENSG00000088247	chr19	6413102	6424811	KHSRP	0	-	11709
ENSG00000088256	chr19	3094362	3123999	GNA11	0	+	29637
ENSG00000088280	chr1	23428563	23484568	ASAP3	0	-	56005
ENSG00000088298	chr20	35115364	35147336	EDEM2	0	-	31972
ENSG00000088305	chr20	32762385	32809356	DNMT3B	0	+	46971
ENSG00000088320	chr20	31475288	31484895	REM1	0	+	9607
ENSG00000088325	chr20	31739271	31801805	TPX2	0	+	62534
ENSG00000088356	chr20	31944337	31952046	PDRG1	0	-	7709
ENSG00000088367	chr20	36091504	36232799	EPB41L1	0	+	141295
ENSG00000088386	chr13	98683801	98752672	SLC15A1	0	-	68871
ENSG00000088387	chr13	98793429	99086625	DOCK9	0	-	293196
ENSG00000088448	chr13	110878540	110915069	ANKRD10	0	-	36529
ENSG00000088451	chr13	94574054	94596242	TGDS	0	-	22188
ENSG00000088538	chr3	50674927	51384198	DOCK3	0	+	709271
ENSG00000088543	chr3	50558025	50571027	C3orf18	0	-	13002
ENSG00000088682	chr16	57447425	57461270	COQ9	0	+	13845
ENSG00000088726	chr3	12733528	12769457	TMEM40	0	-	35929
ENSG00000088727	chr3	47227998	47283451	KIF9	0	-	55453
ENSG00000088756	chr18	6729716	6915716	ARHGAP28	0	+	186000
ENSG00000088808	chr14	103733195	103847575	PPP1R13B	0	-	114380
ENSG00000088812	chr20	3471018	3651118	ATRN	0	+	180100
ENSG00000088826	chr20	4120980	4187747	SMOX	0	+	66767
ENSG00000088827	chr20	3686970	3712600	SIGLEC1	0	-	25630
ENSG00000088833	chr20	1442162	1473842	NSFL1C	0	-	31680
ENSG00000088836	chr20	3227417	3239559	SLC4A11	0	-	12142
ENSG00000088854	chr20	3249306	3407669	DNAAF9	0	-	158363
ENSG00000088876	chr20	2481817	2524702	ZNF343	0	-	42885
ENSG00000088881	chr20	2692874	2760108	EBF4	0	+	67234
ENSG00000088882	chr20	2794074	2800627	CPXM1	0	-	6553
ENSG00000088888	chr20	3846799	3876123	MAVS	0	+	29324
ENSG00000088899	chr20	3162617	3173549	LZTS3	0	-	10932
ENSG00000088930	chr20	21303331	21389825	XRN2	0	+	86494
ENSG00000088970	chr20	21125983	21246622	KIZ	0	+	120639
ENSG00000088986	chr12	120469850	120498493	DYNLL1	0	+	28643
ENSG00000088992	chr12	117038923	117099479	TESC	0	-	60556
ENSG00000089009	chr12	112405189	112418838	RPL6	0	-	13649
ENSG00000089012	chr20	1629152	1657779	SIRPG	0	-	28627
ENSG00000089022	chr12	111842228	111902222	MAPKAPK5	0	+	59994
ENSG00000089041	chr12	121132819	121188032	P2RX7	0	+	55213
ENSG00000089048	chr20	13714322	13784919	ESF1	0	-	70597
ENSG00000089050	chr20	18486540	18497225	RBBP9	0	-	10685
ENSG00000089053	chr12	121308245	121399896	ANAPC5	0	-	91651
ENSG00000089057	chr20	4852356	5010293	SLC23A2	0	-	157937
ENSG00000089060	chr12	113298759	113359493	SLC8B1	0	-	60734
ENSG00000089063	chr20	5068232	5113103	TMEM230	0	-	44871
ENSG00000089091	chr20	18383367	18467281	DZANK1	0	-	83914
ENSG00000089094	chr12	121429096	121581023	KDM2B	0	-	151927
ENSG00000089101	chr20	20052514	20360703	CFAP61	0	+	308189
ENSG00000089123	chr20	13389392	13638932	TASP1	0	-	249540
ENSG00000089127	chr12	112905856	112933219	OAS1	0	+	27363
ENSG00000089154	chr12	120127202	120194715	GCN1	0	-	67513
ENSG00000089157	chr12	120196699	120201235	RPLP0	0	-	4536
ENSG00000089159	chr12	120210439	120265771	PXN	0	-	55332
ENSG00000089163	chr12	120302316	120313249	SIRT4	0	+	10933
ENSG00000089177	chr20	16272104	16573448	KIF16B	0	-	301344
ENSG00000089195	chr20	5937228	5950558	TRMT6	0	-	13330
ENSG00000089199	chr20	5911510	5925353	CHGB	0	+	13843
ENSG00000089220	chr12	118136124	118145584	PEBP1	0	+	9460
ENSG00000089225	chr12	114353911	114408442	TBX5	0	-	54531
ENSG00000089234	chr12	111642146	111685956	BRAP	0	-	43810
ENSG00000089248	chr12	112013348	112023449	ERP29	0	+	10101
ENSG00000089280	chr16	31180138	31191605	FUS	0	+	11467
ENSG00000089289	chrX	70133447	70166324	IGBP1	0	+	32877
ENSG00000089327	chr19	35154730	35169881	FXYD5	0	+	15151
ENSG00000089335	chr19	34677639	34686397	ZNF302	0	+	8758
ENSG00000089351	chr19	34994784	35026471	GRAMD1A	0	+	31687
ENSG00000089472	chrX	66162671	66268867	HEPH	0	+	106196
ENSG00000089486	chr16	4510669	4538828	CDIP1	0	-	28159
ENSG00000089597	chr11	62624826	62646726	GANAB	0	-	21900
ENSG00000089639	chr19	19629476	19643657	GMIP	0	-	14181
ENSG00000089682	chrX	107061885	107118823	RBM41	0	-	56938
ENSG00000089685	chr17	78214186	78225636	BIRC5	0	+	11450
ENSG00000089692	chr12	6772512	6778455	LAG3	0	+	5943
ENSG00000089693	chr12	6747996	6767475	MLF2	0	-	19479
ENSG00000089723	chr14	94026340	94048930	OTUB2	0	+	22590
ENSG00000089737	chr14	94048287	94081202	DDX24	0	-	32915
ENSG00000089775	chr14	64449106	64505213	ZBTB25	0	-	56107
ENSG00000089818	chr12	8076939	8097881	NECAP1	0	+	20942
ENSG00000089847	chr19	4182689	4224814	ANKRD24	0	+	42125
ENSG00000089876	chr10	125836337	125896436	DHX32	0	-	60099
ENSG00000089902	chr14	102592649	102730561	RCOR1	0	+	137912
ENSG00000089916	chr14	76151916	76254342	GPATCH2L	0	+	102426
ENSG00000090006	chr19	40592883	40629818	LTBP4	0	+	36935
ENSG00000090013	chr19	40447765	40465764	BLVRB	0	-	17999
ENSG00000090020	chr1	27098809	27166981	SLC9A1	0	-	68172
ENSG00000090054	chr9	92000087	92115413	SPTLC1	0	-	115326
ENSG00000090060	chr14	96501433	96567116	PAPOLA	0	+	65683
ENSG00000090061	chr14	99481169	99535044	CCNK	0	+	53875
ENSG00000090097	chr3	51957454	51974016	PCBP4	0	-	16562
ENSG00000090104	chr1	192575763	192580024	RGS1	0	+	4261
ENSG00000090238	chr16	30092314	30096915	YPEL3	0	-	4601
ENSG00000090263	chr7	141002610	141015228	MRPS33	0	-	12618
ENSG00000090266	chr7	140690777	140722790	NDUFB2	0	+	32013
ENSG00000090273	chr1	26900238	26946871	NUDC	0	+	46633
ENSG00000090316	chr4	1289887	1340147	MAEA	0	+	50260
ENSG00000090339	chr19	10271093	10286615	ICAM1	0	+	15522
ENSG00000090372	chr19	46719511	46746994	STRN4	0	-	27483
ENSG00000090376	chr12	66189195	66254622	IRAK3	0	+	65427
ENSG00000090382	chr12	69348381	69354234	LYZ	0	+	5853
ENSG00000090432	chr1	20499448	20508151	MUL1	0	-	8703
ENSG00000090447	chr16	4257186	4273075	TFAP4	0	-	15889
ENSG00000090470	chr15	65117379	65133808	PDCD7	0	-	16429
ENSG00000090487	chr15	64963022	64990310	SPG21	0	-	27288
ENSG00000090520	chr3	186567403	186585800	DNAJB11	0	+	18397
ENSG00000090530	chr3	189956728	190122437	P3H2	0	-	165709
ENSG00000090534	chr3	184371935	184381968	THPO	0	-	10033
ENSG00000090539	chr3	184380073	184390736	CHRD	0	+	10663
ENSG00000090565	chr16	425649	523011	RAB11FIP3	0	+	97362
ENSG00000090581	chr16	1351931	1365737	GNPTG	0	+	13806
ENSG00000090621	chr1	39560709	39576790	PABPC4	0	-	16081
ENSG00000090661	chr19	8206736	8262421	CERS4	0	+	55685
ENSG00000090686	chr1	21678298	21783606	USP48	0	-	105308
ENSG00000090776	chrX	68829021	68842160	EFNB1	0	+	13139
ENSG00000090857	chr16	70114332	70162537	PDPR	0	+	48205
ENSG00000090861	chr16	70251983	70289707	AARS1	0	-	37724
ENSG00000090863	chr16	74447427	74607144	GLG1	0	-	159717
ENSG00000090889	chrX	70290104	70420886	KIF4A	0	+	130782
ENSG00000090905	chr16	24610209	24827632	TNRC6A	0	+	217423
ENSG00000090924	chr19	39412669	39428415	PLEKHG2	0	+	15746
ENSG00000090971	chr19	55485188	55487568	NAT14	0	+	2380
ENSG00000090975	chr12	122983480	123151090	PITPNM2	0	-	167610
ENSG00000090989	chr4	55853648	55905086	EXOC1	0	+	51438
ENSG00000091039	chr12	76351797	76559809	OSBPL8	0	-	208012
ENSG00000091073	chr7	76461676	76505995	DTX2	0	+	44319
ENSG00000091106	chr2	32224453	32265732	NLRC4	0	-	41279
ENSG00000091127	chr7	105439661	105522271	PUS7	0	-	82610
ENSG00000091129	chr7	108147623	108456717	NRCAM	0	-	309094
ENSG00000091136	chr7	107923799	108003213	LAMB1	0	-	79414
ENSG00000091137	chr7	107660828	107717809	SLC26A4	0	+	56981
ENSG00000091138	chr7	107765467	107803225	SLC26A3	0	-	37758
ENSG00000091140	chr7	107891162	107931730	DLD	0	+	40568
ENSG00000091157	chr18	56651343	57029811	WDR7	0	+	378468
ENSG00000091164	chr18	56597209	56651600	TXNL1	0	-	54391
ENSG00000091262	chr16	16149565	16223522	ABCC6	0	-	73957
ENSG00000091317	chr3	32481312	32502852	CMTM6	0	-	21540
ENSG00000091409	chr2	172427354	172506459	ITGA6	0	+	79105
ENSG00000091428	chr2	172735274	173052893	RAPGEF4	0	+	317619
ENSG00000091436	chr2	173075435	173268015	MAP3K20	0	+	192580
ENSG00000091483	chr1	241497511	241519799	FH	0	-	22288
ENSG00000091490	chr4	25747433	25863760	SEL1L3	0	-	116327
ENSG00000091513	chr3	133746040	133796641	TF	0	+	50601
ENSG00000091527	chr3	133573686	133590261	CDV3	0	+	16575
ENSG00000091536	chr17	18108756	18179802	MYO15A	0	+	71046
ENSG00000091542	chr17	18183078	18209954	ALKBH5	0	+	26876
ENSG00000091592	chr17	5499427	5619424	NLRP1	0	-	119997
ENSG00000091622	chr17	6451263	6556555	PITPNM3	0	-	105292
ENSG00000091640	chr17	4959226	4967817	SPAG7	0	-	8591
ENSG00000091651	chr16	46689643	46698394	ORC6	0	+	8751
ENSG00000091656	chr8	76681239	76867281	ZFHX4	0	+	186042
ENSG00000091732	chr7	130018287	130051451	ZC3HC1	0	-	33164
ENSG00000091831	chr6	151656691	152129619	ESR1	0	+	472928
ENSG00000091844	chr6	153004459	153131282	RGS17	0	-	126823
ENSG00000091879	chr8	6499632	6563409	ANGPT2	0	-	63777
ENSG00000091947	chr17	44011188	44023946	TMEM101	0	-	12758
ENSG00000091972	chr3	112332347	112362812	CD200	0	+	30465
ENSG00000091986	chr3	112596797	112649530	CCDC80	0	-	52733
ENSG00000092010	chr14	24136163	24138967	PSME1	0	+	2804
ENSG00000092020	chr14	35085467	35122517	PPP2R3C	0	-	37050
ENSG00000092054	chr14	23412740	23435660	MYH7	0	-	22920
ENSG00000092068	chr14	23125295	23183674	SLC7A8	0	-	58379
ENSG00000092094	chr14	20446401	20455089	OSGEP	0	-	8688
ENSG00000092096	chr14	23346314	23352912	SLC22A17	0	-	6598
ENSG00000092108	chr14	30622291	30737694	SCFD1	0	+	115403
ENSG00000092140	chr14	30559158	30620064	G2E3	0	+	60906
ENSG00000092148	chr14	31100117	31207804	HECTD1	0	-	107687
ENSG00000092199	chr14	21209136	21269494	HNRNPC	0	-	60358
ENSG00000092201	chr14	21351476	21384019	SUPT16H	0	-	32543
ENSG00000092203	chr14	21476597	21499175	TOX4	0	+	22578
ENSG00000092208	chr14	39114285	39136973	GEMIN2	0	+	22688
ENSG00000092295	chr14	24249114	24264432	TGM1	0	-	15318
ENSG00000092330	chr14	24239643	24242674	TINF2	0	-	3031
ENSG00000092421	chr5	116443555	116574823	SEMA6A	0	-	131268
ENSG00000092439	chr15	50552473	50686797	TRPM7	0	-	134324
ENSG00000092445	chr15	41557675	41583589	TYRO3	0	+	25914
ENSG00000092470	chr15	43826980	43868412	WDR76	0	+	41432
ENSG00000092529	chr15	42359498	42412949	CAPN3	0	+	53451
ENSG00000092531	chr15	42491233	42545356	SNAP23	0	+	54123
ENSG00000092607	chr1	118883046	118989556	TBX15	0	-	106510
ENSG00000092621	chr1	119648411	119744218	PHGDH	0	+	95807
ENSG00000092758	chr20	62816244	62841159	COL9A3	0	+	24915
ENSG00000092820	chr6	158765741	158819368	EZR	0	-	53627
ENSG00000092847	chr1	35869808	35930532	AGO1	0	+	60724
ENSG00000092850	chr1	36084094	36088275	TEKT2	0	+	4181
ENSG00000092853	chr1	35720218	35769978	CLSPN	0	-	49760
ENSG00000092929	chr17	75827225	75844552	UNC13D	0	-	17327
ENSG00000092931	chr17	76735865	76781449	MFSD11	0	+	45584
ENSG00000092964	chr8	26514031	26658178	DPYSL2	0	+	144147
ENSG00000092969	chr1	218345336	218444619	TGFB2	0	+	99283
ENSG00000092978	chr1	217426992	217631090	GPATCH2	0	-	204098
ENSG00000093000	chr22	45163925	45188017	NUP50	0	+	24092
ENSG00000093009	chr22	19479457	19520612	CDC45	0	+	41155
ENSG00000093010	chr22	19941371	19969975	COMT	0	+	28604
ENSG00000093072	chr22	17178790	17258235	ADA2	0	-	79445
ENSG00000093144	chr6	127288712	127343609	ECHDC1	0	-	54897
ENSG00000093167	chr3	37052626	37183689	LRRFIP2	0	-	131063
ENSG00000093183	chr3	42547969	42601080	SEC22C	0	-	53111
ENSG00000093217	chr3	38346760	38421348	XYLB	0	+	74588
ENSG00000094631	chrX	48801377	48824982	HDAC6	0	+	23605
ENSG00000094755	chr5	170763350	170814047	GABRP	0	+	50697
ENSG00000094804	chr17	40287879	40304657	CDC6	0	+	16778
ENSG00000094841	chrX	75156388	75304885	UPRT	0	+	148497
ENSG00000094880	chr5	138187650	138213343	CDC23	0	-	25693
ENSG00000094914	chr12	53307456	53324864	AAAS	0	-	17408
ENSG00000094916	chr12	54230942	54280133	CBX5	0	-	49191
ENSG00000094963	chr1	171185249	171212686	FMO2	0	+	27437
ENSG00000094975	chr1	172532349	172611833	SUCO	0	+	79484
ENSG00000095002	chr2	47403067	47663146	MSH2	0	+	260079
ENSG00000095015	chr5	56815549	56896152	MAP3K1	0	+	80603
ENSG00000095066	chr19	12763003	12872740	HOOK2	0	-	109737
ENSG00000095139	chr11	118572390	118603033	ARCN1	0	+	30643
ENSG00000095203	chr9	109171974	109321059	EPB41L4B	0	-	149085
ENSG00000095209	chr9	105694541	105776629	TMEM38B	0	+	82088
ENSG00000095261	chr9	120815496	120842951	PSMD5	0	-	27455
ENSG00000095303	chr9	122370530	122395703	PTGS1	0	+	25173
ENSG00000095319	chr9	128947699	129007096	NUP188	0	+	59397
ENSG00000095321	chr9	129094142	129111189	CRAT	0	-	17047
ENSG00000095370	chr9	127738317	127778710	SH2D3C	0	-	40393
ENSG00000095380	chr9	98056732	98083077	NANS	0	+	26345
ENSG00000095383	chr9	98199011	98255649	TBC1D2	0	-	56638
ENSG00000095397	chr9	114402080	114505473	WHRN	0	-	103393
ENSG00000095485	chr10	100232298	100267680	CWF19L1	0	-	35382
ENSG00000095539	chr10	100969518	100985871	SEMA4G	0	+	16353
ENSG00000095564	chr10	91923770	92031437	BTAF1	0	+	107667
ENSG00000095574	chr10	122990807	123008812	IKZF5	0	-	18005
ENSG00000095585	chr10	96189171	96271587	BLNK	0	-	82416
ENSG00000095596	chr10	93073475	93077885	CYP26A1	0	+	4410
ENSG00000095627	chr10	114179270	114232304	TDRD1	0	+	53034
ENSG00000095637	chr10	95311771	95561414	SORBS1	0	-	249643
ENSG00000095713	chr10	97865000	98030828	CRTAC1	0	-	165828
ENSG00000095739	chr10	28677510	28682932	BAMBI	0	+	5422
ENSG00000095787	chr10	28532493	28623112	WAC	0	+	90619
ENSG00000095794	chr10	35126791	35212958	CREM	0	+	86167
ENSG00000095906	chr16	1782932	1789186	NUBP2	0	+	6254
ENSG00000095917	chr16	1256059	1259008	TPSD1	0	+	2949
ENSG00000095951	chr6	12008762	12164999	HIVEP1	0	+	156237
ENSG00000095970	chr6	41158506	41163186	TREM2	0	-	4680
ENSG00000096006	chr6	49727376	49744437	CRISP3	0	-	17061
ENSG00000096060	chr6	35573585	35728583	FKBP5	0	-	154998
ENSG00000096063	chr6	35832966	35921342	SRPK1	0	-	88376
ENSG00000096070	chr6	36196744	36232790	BRPF3	0	+	36046
ENSG00000096080	chr6	43671202	43687791	MRPS18A	0	-	16589
ENSG00000096088	chr6	41736711	41754109	PGC	0	-	17398
ENSG00000096092	chr6	52671113	52686588	TMEM14A	0	+	15475
ENSG00000096093	chr6	52362123	52529886	EFHC1	0	+	167763
ENSG00000096384	chr6	44246166	44253888	HSP90AB1	0	+	7722
ENSG00000096401	chr6	44387706	44450425	CDC5L	0	+	62719
ENSG00000096433	chr6	33620365	33696574	ITPR3	0	+	76209
ENSG00000096654	chr6	27450743	27473118	ZNF184	0	-	22375
ENSG00000096696	chr6	7541617	7586714	DSP	0	+	45097
ENSG00000096717	chr10	67884656	67918390	SIRT1	0	+	33734
ENSG00000096746	chr10	68331174	68343193	HNRNPH3	0	+	12019
ENSG00000096872	chr9	26947039	27066134	IFT74	0	+	119095
ENSG00000096968	chr9	4984390	5129948	JAK2	0	+	145558
ENSG00000096996	chr19	18058995	18098944	IL12RB1	0	-	39949
ENSG00000097007	chr9	130713016	130887675	ABL1	0	+	174659
ENSG00000097021	chr1	6264269	6393767	ACOT7	0	-	129498
ENSG00000097033	chr1	86704570	86748184	SH3GLB1	0	+	43614
ENSG00000097046	chr1	91500851	91525764	CDC7	0	+	24913
ENSG00000097096	chr1	85156889	85201016	SYDE2	0	-	44127
ENSG00000099139	chr9	75890644	76362975	PCSK5	0	+	472331
ENSG00000099194	chr10	100347233	100364826	SCD	0	+	17593
ENSG00000099203	chr19	10832067	10836318	TMED1	0	-	4251
ENSG00000099204	chr10	114431112	114768061	ABLIM1	0	-	336949
ENSG00000099219	chr9	5749832	5879537	ERMP1	0	-	129705
ENSG00000099246	chr10	27504174	27543207	RAB18	0	+	39033
ENSG00000099250	chr10	33177492	33336262	NRP1	0	-	158770
ENSG00000099256	chr10	24848614	24952606	PRTFDC1	0	-	103992
ENSG00000099260	chr1	99646113	99694541	PALMD	0	+	48428
ENSG00000099282	chr10	69451465	69507666	TSPAN15	0	+	56201
ENSG00000099284	chr10	70052544	70112282	MACROH2A2	0	+	59738
ENSG00000099290	chr10	50067888	50133509	WASHC2A	0	+	65621
ENSG00000099308	chr19	18097778	18151692	MAST3	0	+	53914
ENSG00000099326	chr19	58561931	58573575	MZF1	0	-	11644
ENSG00000099330	chr19	17226213	17229219	OCEL1	0	+	3006
ENSG00000099331	chr19	17075777	17214537	MYO9B	0	+	138760
ENSG00000099337	chr19	38319845	38332076	KCNK6	0	+	12231
ENSG00000099338	chr19	38335775	38370943	CATSPERG	0	+	35168
ENSG00000099341	chr19	38374550	38383824	PSMD8	0	+	9274
ENSG00000099364	chr16	30923055	30948783	FBXL19	0	+	25728
ENSG00000099365	chr16	30989256	31010638	STX1B	0	-	21382
ENSG00000099377	chr16	30985207	30989147	HSD3B7	0	+	3940
ENSG00000099381	chr16	30957754	30984664	SETD1A	0	+	26910
ENSG00000099385	chr16	30833626	30894302	BCL7C	0	-	60676
ENSG00000099622	chr19	1259384	1274880	CIRBP	0	+	15496
ENSG00000099624	chr19	1241746	1244825	ATP5F1D	0	+	3079
ENSG00000099625	chr19	1228287	1238027	CBARP	0	-	9740
ENSG00000099783	chr19	8444767	8489114	HNRNPM	0	+	44347
ENSG00000099785	chr19	8413270	8439017	MARCHF2	0	+	25747
ENSG00000099795	chr19	14566078	14572066	NDUFB7	0	-	5988
ENSG00000099797	chr19	14517085	14565980	TECR	0	+	48895
ENSG00000099800	chr19	2425625	2427586	TIMM13	0	-	1961
ENSG00000099804	chr19	531760	542092	CDC34	0	+	10332
ENSG00000099812	chr19	751112	764318	MISP	0	+	13206
ENSG00000099814	chr14	104865268	104896747	CEP170B	0	+	31479
ENSG00000099817	chr19	1086574	1095380	POLR2E	0	-	8806
ENSG00000099821	chr19	617221	633537	POLRMT	0	-	16316
ENSG00000099822	chr19	589881	617159	HCN2	0	+	27278
ENSG00000099840	chr19	2096429	2099593	IZUMO4	0	+	3164
ENSG00000099849	chr11	560404	564025	RASSF7	0	+	3621
ENSG00000099860	chr19	2476122	2478259	GADD45B	0	+	2137
ENSG00000099864	chr19	708935	748329	PALM	0	+	39394
ENSG00000099875	chr19	2037465	2051244	MKNK2	0	-	13779
ENSG00000099889	chr22	19969896	20016823	ARVCF	0	-	46927
ENSG00000099899	chr22	20111875	20117392	TRMT2A	0	-	5517
ENSG00000099901	chr22	20115938	20127355	RANBP1	0	+	11417
ENSG00000099904	chr22	20129456	20148007	ZDHHC8	0	+	18551
ENSG00000099910	chr22	20441519	20495844	KLHL22	0	-	54325
ENSG00000099917	chr22	20495913	20587632	MED15	0	+	91719
ENSG00000099940	chr22	20859007	20891214	SNAP29	0	+	32207
ENSG00000099942	chr22	20917407	20953747	CRKL	0	+	36340
ENSG00000099949	chr22	20982269	20999032	LZTR1	0	+	16763
ENSG00000099953	chr22	23768226	23784316	MMP11	0	+	16090
ENSG00000099954	chr22	17359949	17558151	CECR2	0	+	198202
ENSG00000099956	chr22	23786931	23838009	SMARCB1	0	+	51078
ENSG00000099958	chr22	23834503	23839128	DERL3	0	-	4625
ENSG00000099960	chr22	21028718	21032840	SLC7A4	0	-	4122
ENSG00000099968	chr22	17628855	17730855	BCL2L13	0	+	102000
ENSG00000099974	chr22	23966888	23972556	DDTL	0	+	5668
ENSG00000099985	chr22	30262829	30266851	OSM	0	-	4022
ENSG00000099991	chr22	24011192	24178628	CABIN1	0	+	167436
ENSG00000099992	chr22	30291990	30326947	TBC1D10A	0	-	34957
ENSG00000099994	chr22	24181487	24189106	SUSD2	0	+	7619
ENSG00000099995	chr22	30331988	30356919	SF3A1	0	-	24931
ENSG00000099998	chr22	24219654	24245108	GGT5	0	-	25454
ENSG00000099999	chr22	30368811	30421771	RNF215	0	-	52960
ENSG00000100003	chr22	30396941	30425303	SEC14L2	0	+	28362
ENSG00000100023	chr22	21666000	21700015	PPIL2	0	+	34015
ENSG00000100027	chr22	21697536	21735794	YPEL1	0	-	38258
ENSG00000100029	chr22	30576625	30607083	PES1	0	-	30458
ENSG00000100030	chr22	21759657	21867680	MAPK1	0	-	108023
ENSG00000100033	chr22	18912777	18936553	PRODH	0	-	23776
ENSG00000100034	chr22	21919425	21952848	PPM1F	0	-	33423
ENSG00000100036	chr22	30635781	30669016	SLC35E4	0	+	33235
ENSG00000100038	chr22	21957025	21982813	TOP3B	0	-	25788
ENSG00000100055	chr22	37282027	37315341	CYTH4	0	+	33314
ENSG00000100056	chr22	19130279	19144684	ESS2	0	-	14405
ENSG00000100060	chr22	37469063	37486393	MFNG	0	-	17330
ENSG00000100065	chr22	37490362	37519542	CARD10	0	-	29180
ENSG00000100075	chr22	19175581	19178739	SLC25A1	0	-	3158
ENSG00000100077	chr22	25564675	25729294	GRK3	0	+	164619
ENSG00000100078	chr22	31134807	31140508	PLA2G3	0	-	5701
ENSG00000100079	chr22	37570248	37582616	LGALS2	0	-	12368
ENSG00000100083	chr22	37608725	37633564	GGA1	0	+	24839
ENSG00000100084	chr22	19330698	19447450	HIRA	0	-	116752
ENSG00000100095	chr22	26169462	26383597	SEZ6L	0	+	214135
ENSG00000100097	chr22	37675636	37679802	LGALS1	0	+	4166
ENSG00000100099	chr22	26443423	26483837	HPS4	0	-	40414
ENSG00000100100	chr22	31281594	31292534	PIK3IP1	0	-	10940
ENSG00000100104	chr22	26483877	26494658	SRRD	0	+	10781
ENSG00000100105	chr22	31325804	31346346	PATZ1	0	-	20542
ENSG00000100106	chr22	37697048	37776556	TRIOBP	0	+	79508
ENSG00000100109	chr22	26491225	26512505	TFIP11	0	-	21280
ENSG00000100116	chr22	37807905	37817176	GCAT	0	+	9271
ENSG00000100121	chr22	22644614	22647898	GGTLC2	0	+	3284
ENSG00000100124	chr22	37830855	37849327	ANKRD54	0	-	18472
ENSG00000100129	chr22	37848868	37889407	EIF3L	0	+	40539
ENSG00000100138	chr22	41673933	41690504	SNU13	0	-	16571
ENSG00000100139	chr22	37905657	37942822	MICALL1	0	+	37165
ENSG00000100142	chr22	37952607	38041915	POLR2F	0	+	89308
ENSG00000100146	chr22	37970686	37987422	SOX10	0	-	16736
ENSG00000100147	chr22	41800679	41832164	CCDC134	0	+	31485
ENSG00000100151	chr22	38056311	38075701	PICK1	0	+	19390
ENSG00000100154	chr22	27978014	28679840	TTC28	0	-	701826
ENSG00000100162	chr22	41938737	41947152	CENPM	0	-	8415
ENSG00000100167	chr22	41969443	41998221	SEPTIN3	0	+	28778
ENSG00000100170	chr22	32043261	32113029	SLC5A1	0	+	69768
ENSG00000100196	chr22	38468078	38483447	KDELR3	0	+	15369
ENSG00000100197	chr22	42126499	42130865	CYP2D6	0	-	4366
ENSG00000100201	chr22	38483438	38507660	DDX17	0	-	24222
ENSG00000100207	chr22	42160013	42343616	TCF20	0	-	183603
ENSG00000100209	chr22	28742039	28757515	HSCB	0	+	15476
ENSG00000100211	chr22	38656636	38673850	CBY1	0	+	17214
ENSG00000100216	chr22	38681957	38685421	TOMM22	0	+	3464
ENSG00000100218	chr22	23059415	23145021	RSPH14	0	-	85606
ENSG00000100219	chr22	28794555	28800597	XBP1	0	-	6042
ENSG00000100220	chr22	32387582	32412248	RTCB	0	-	24666
ENSG00000100221	chr22	38685543	38701556	JOSD1	0	-	16013
ENSG00000100225	chr22	32474676	32498829	FBXO7	0	+	24153
ENSG00000100226	chr22	38705742	38738299	GTPBP1	0	+	32557
ENSG00000100228	chr22	23145366	23165663	RAB36	0	+	20297
ENSG00000100234	chr22	32801705	32863041	TIMP3	0	+	61336
ENSG00000100239	chr22	50343304	50445090	PPP6R2	0	+	101786
ENSG00000100241	chr22	50443219	50483923	SBF1	0	-	40704
ENSG00000100242	chr22	38733290	38794143	SUN2	0	-	60853
ENSG00000100243	chr22	42615730	42720870	CYB5R3	0	-	105140
ENSG00000100258	chr22	50502949	50507702	LMF2	0	-	4753
ENSG00000100263	chr22	29259872	29268209	RHBDD3	0	-	8337
ENSG00000100266	chr22	42835412	43015149	PACSIN2	0	-	179737
ENSG00000100271	chr22	43039516	43089419	TTLL1	0	-	49903
ENSG00000100280	chr22	29327680	29388583	AP1B1	0	-	60903
ENSG00000100281	chr22	35257452	35295807	HMGXB4	0	+	38355
ENSG00000100284	chr22	35299275	35347992	TOM1	0	+	48717
ENSG00000100285	chr22	29480218	29491390	NEFH	0	+	11172
ENSG00000100288	chr22	50578959	50601455	CHKB	0	-	22496
ENSG00000100290	chr22	43110750	43129712	BIK	0	+	18962
ENSG00000100292	chr22	35380361	35394214	HMOX1	0	+	13853
ENSG00000100294	chr22	43132209	43143398	MCAT	0	-	11189
ENSG00000100296	chr22	29505879	29555216	THOC5	0	-	49337
ENSG00000100297	chr22	35400134	35425431	MCM5	0	+	25297
ENSG00000100299	chr22	50622754	50628173	ARSA	0	-	5419
ENSG00000100300	chr22	43151547	43163242	TSPO	0	+	11695
ENSG00000100302	chr22	35540831	35553999	RASD2	0	+	13168
ENSG00000100304	chr22	43166622	43187134	TTLL12	0	-	20512
ENSG00000100307	chr22	39120167	39152680	CBX7	0	-	32513
ENSG00000100311	chr22	39223359	39244982	PDGFB	0	-	21623
ENSG00000100314	chr22	29720003	29731833	CABP7	0	+	11830
ENSG00000100316	chr22	39312882	39320389	RPL3	0	-	7507
ENSG00000100319	chr22	29730956	29767011	ZMAT5	0	-	36055
ENSG00000100320	chr22	35738736	36028824	RBFOX2	0	-	290088
ENSG00000100321	chr22	39349925	39385575	SYNGR1	0	+	35650
ENSG00000100324	chr22	39399778	39437060	TAB1	0	+	37282
ENSG00000100325	chr22	29788609	29838304	ASCC2	0	-	49695
ENSG00000100330	chr22	29883169	30030868	MTMR3	0	+	147699
ENSG00000100335	chr22	39499432	39518132	MIEF1	0	+	18700
ENSG00000100336	chr22	36189124	36204840	APOL4	0	-	15716
ENSG00000100342	chr22	36253071	36267530	APOL1	0	+	14459
ENSG00000100345	chr22	36281280	36388010	MYH9	0	-	106730
ENSG00000100346	chr22	39570753	39689735	CACNA1I	0	+	118982
ENSG00000100348	chr22	36467046	36481640	TXN2	0	-	14594
ENSG00000100350	chr22	36487190	36507221	FOXRED2	0	-	20031
ENSG00000100351	chr22	39901084	39973721	GRAP2	0	+	72637
ENSG00000100353	chr22	36510855	36529184	EIF3D	0	-	18329
ENSG00000100354	chr22	40044817	40335808	TNRC6B	0	+	290991
ENSG00000100360	chr22	36758202	36776256	IFT27	0	-	18054
ENSG00000100362	chr22	36800684	36819479	PVALB	0	-	18795
ENSG00000100364	chr22	45192244	45240894	KIAA0930	0	-	48650
ENSG00000100365	chr22	36860988	36878017	NCF4	0	+	17029
ENSG00000100368	chr22	36913628	36940439	CSF2RB	0	+	26811
ENSG00000100372	chr22	40769630	40819399	SLC25A17	0	-	49769
ENSG00000100373	chr22	45284949	45295874	UPK3A	0	+	10925
ENSG00000100376	chr22	45308968	45341955	FAM118A	0	+	32987
ENSG00000100379	chr22	37051739	37063390	KCTD17	0	+	11651
ENSG00000100380	chr22	40824535	40856639	ST13	0	-	32104
ENSG00000100385	chr22	37125843	37175054	IL2RB	0	-	49211
ENSG00000100387	chr22	40951347	40973309	RBX1	0	+	21962
ENSG00000100393	chr22	41092592	41180077	EP300	0	+	87485
ENSG00000100395	chr22	41205282	41231271	L3MBTL2	0	+	25989
ENSG00000100399	chr22	41229510	41240931	CHADL	0	-	11421
ENSG00000100401	chr22	41244779	41286187	RANGAP1	0	-	41408
ENSG00000100403	chr22	41301525	41360147	ZC3H7B	0	+	58622
ENSG00000100410	chr22	41459717	41468692	PHF5A	0	-	8975
ENSG00000100412	chr22	41447830	41529273	ACO2	0	+	81443
ENSG00000100413	chr22	41525799	41544606	POLR3H	0	-	18807
ENSG00000100416	chr22	46330875	46357340	TRMU	0	+	26465
ENSG00000100417	chr22	41576900	41589871	PMM1	0	-	12971
ENSG00000100418	chr22	41598028	41621043	DESI1	0	-	23015
ENSG00000100422	chr22	46684410	46738252	CERK	0	-	53842
ENSG00000100425	chr22	49773283	49827873	BRD1	0	-	54590
ENSG00000100426	chr22	49853844	49890080	ZBED4	0	+	36236
ENSG00000100427	chr22	50059391	50085426	MLC1	0	-	26035
ENSG00000100439	chr14	22598290	22612963	ABHD4	0	+	14673
ENSG00000100441	chr14	24429286	24441843	KHNYN	0	+	12557
ENSG00000100442	chr14	45115599	45135319	FKBP3	0	-	19720
ENSG00000100445	chr14	24439766	24442905	SDR39U1	0	-	3139
ENSG00000100448	chr14	24573518	24576250	CTSG	0	-	2732
ENSG00000100450	chr14	24606480	24609699	GZMH	0	-	3219
ENSG00000100453	chr14	24630954	24634267	GZMB	0	-	3313
ENSG00000100461	chr14	22893204	22919182	RBM23	0	-	25978
ENSG00000100462	chr14	22920525	22929408	PRMT5	0	-	8883
ENSG00000100473	chr14	30874514	30895065	COCH	0	+	20551
ENSG00000100478	chr14	31025106	31130996	AP4S1	0	+	105890
ENSG00000100479	chr14	49643555	49688422	POLE2	0	-	44867
ENSG00000100483	chr14	50108632	50116600	VCPKMT	0	-	7968
ENSG00000100485	chr14	50117130	50231578	SOS2	0	-	114448
ENSG00000100490	chr14	50326265	50416461	CDKL1	0	-	90196
ENSG00000100503	chr14	50719763	50831162	NIN	0	-	111399
ENSG00000100504	chr14	50857891	50944483	PYGL	0	-	86592
ENSG00000100505	chr14	50975262	51096061	TRIM9	0	-	120799
ENSG00000100519	chr14	52707178	52728590	PSMC6	0	+	21412
ENSG00000100522	chr14	52775193	52791668	GNPNAT1	0	-	16475
ENSG00000100523	chr14	53036745	53153323	DDHD1	0	-	116578
ENSG00000100526	chr14	54396849	54420218	CDKN3	0	+	23369
ENSG00000100528	chr14	54423561	54441391	CNIH1	0	-	17830
ENSG00000100532	chr14	54509812	54539292	CGRRF1	0	+	29480
ENSG00000100554	chr14	67294371	67360265	ATP6V1D	0	-	65894
ENSG00000100558	chr14	67386984	67412167	PLEK2	0	-	25183
ENSG00000100564	chr14	67581955	67600286	PIGH	0	-	18331
ENSG00000100567	chr14	58244843	58272012	PSMA3	0	+	27169
ENSG00000100575	chr14	58408495	58427531	TIMM9	0	-	19036
ENSG00000100577	chr14	77320996	77331597	GSTZ1	0	+	10601
ENSG00000100578	chr14	58427385	58551297	KIAA0586	0	+	123912
ENSG00000100580	chr14	77335029	77377094	TMED8	0	-	42065
ENSG00000100583	chr14	77376689	77392163	SAMD15	0	+	15474
ENSG00000100591	chr14	77457870	77469472	AHSA1	0	+	11602
ENSG00000100592	chr14	59188646	59371405	DAAM1	0	+	182759
ENSG00000100596	chr14	77505997	77616637	SPTLC2	0	-	110640
ENSG00000100599	chr14	92513781	92688994	RIN3	0	+	175213
ENSG00000100600	chr14	92703807	92748679	LGMN	0	-	44872
ENSG00000100601	chr14	77672404	77708023	ALKBH1	0	-	35619
ENSG00000100603	chr14	77717599	77761207	SNW1	0	-	43608
ENSG00000100604	chr14	92923150	92935285	CHGA	0	+	12135
ENSG00000100605	chr14	92936914	93116320	ITPK1	0	-	179406
ENSG00000100612	chr14	60144119	60169856	DHRS7	0	-	25737
ENSG00000100614	chr14	60245752	60299087	PPM1A	0	+	53335
ENSG00000100625	chr14	60709539	60724351	SIX4	0	-	14812
ENSG00000100626	chr14	69259277	69357033	GALNT16	0	+	97756
ENSG00000100628	chr14	93934166	93976739	ASB2	0	-	42573
ENSG00000100629	chr14	80476983	80959517	CEP128	0	-	482534
ENSG00000100632	chr14	69380128	69398299	ERH	0	-	18171
ENSG00000100644	chr14	61695513	61748259	HIF1A	0	+	52746
ENSG00000100647	chr14	69611596	69715144	SUSD6	0	+	103548
ENSG00000100650	chr14	69726900	69772005	SRSF5	0	+	45105
ENSG00000100664	chr14	103333544	103345025	EIF5	0	+	11481
ENSG00000100697	chr14	95086228	95158010	DICER1	0	-	71782
ENSG00000100711	chr14	103715730	103733668	ZFYVE21	0	+	17938
ENSG00000100714	chr14	64388031	64463457	MTHFD1	0	+	75426
ENSG00000100721	chr14	95709947	95714196	TCL1A	0	-	4249
ENSG00000100722	chr14	88562970	88627596	ZC3H14	0	+	64626
ENSG00000100726	chr16	1493344	1510457	TELO2	0	+	17113
ENSG00000100731	chr14	70907405	71115382	PCNX1	0	+	207977
ENSG00000100744	chr14	96363452	96387288	GSKIP	0	+	23836
ENSG00000100749	chr14	96797304	96954846	VRK1	0	+	157542
ENSG00000100764	chr14	90256527	90275429	PSMC1	0	+	18902
ENSG00000100767	chr14	73237497	73274640	PAPLN	0	+	37143
ENSG00000100784	chr14	90847861	91060641	RPS6KA5	0	-	212780
ENSG00000100796	chr14	91457508	91510554	PPP4R3A	0	-	53046
ENSG00000100802	chr14	22985894	23010166	C14orf93	0	-	24272
ENSG00000100804	chr14	23016543	23035230	PSMB5	0	-	18687
ENSG00000100811	chr14	100238298	100282788	YY1	0	+	44490
ENSG00000100813	chr14	23058564	23095614	ACIN1	0	-	37050
ENSG00000100814	chr14	20311368	20333312	CCNB1IP1	0	-	21944
ENSG00000100815	chr14	91965991	92040896	TRIP11	0	-	74905
ENSG00000100823	chr14	20455191	20457772	APEX1	0	+	2581
ENSG00000100842	chr14	23356403	23365752	EFS	0	-	9349
ENSG00000100852	chr14	32076114	32159728	ARHGAP5	0	+	83614
ENSG00000100865	chr14	102341102	102362916	CINP	0	-	21814
ENSG00000100867	chr14	23630115	23645639	DHRS2	0	+	15524
ENSG00000100883	chr14	34981957	35029686	SRP54	0	+	47729
ENSG00000100888	chr14	21385194	21456126	CHD8	0	-	70932
ENSG00000100889	chr14	24094053	24110598	PCK2	0	+	16545
ENSG00000100897	chr14	24114195	24125242	DCAF11	0	+	11047
ENSG00000100906	chr14	35401513	35404749	NFKBIA	0	-	3236
ENSG00000100908	chr14	24138959	24141591	EMC9	0	-	2632
ENSG00000100911	chr14	24143362	24147570	PSME2	0	-	4208
ENSG00000100916	chr14	35826338	35932325	BRMS1L	0	+	105987
ENSG00000100918	chr14	24171853	24180257	REC8	0	+	8404
ENSG00000100934	chr14	39031919	39109646	SEC23A	0	-	77727
ENSG00000100938	chr14	24232422	24239242	GMPR2	0	+	6820
ENSG00000100941	chr14	39175183	39183220	PNN	0	+	8037
ENSG00000100949	chr14	24265538	24271611	RABGGTA	0	-	6073
ENSG00000100968	chr14	24365673	24379604	NFATC4	0	+	13931
ENSG00000100979	chr20	45898621	45912155	PLTP	0	-	13534
ENSG00000100982	chr20	45934683	45948023	PCIF1	0	+	13340
ENSG00000100983	chr20	34928432	34956027	GSS	0	-	27595
ENSG00000100985	chr20	46008908	46016561	MMP9	0	+	7653
ENSG00000100991	chr20	35002404	35092807	TRPC4AP	0	-	90403
ENSG00000100994	chr20	25248085	25298012	PYGB	0	+	49927
ENSG00000100997	chr20	25294742	25390835	ABHD12	0	-	96093
ENSG00000101000	chr20	35172072	35216240	PROCR	0	+	44168
ENSG00000101003	chr20	25407673	25452628	GINS1	0	+	44955
ENSG00000101004	chr20	25452697	25585531	NINL	0	-	132834
ENSG00000101017	chr20	46118278	46129863	CD40	0	+	11585
ENSG00000101019	chr20	35302566	35412031	UQCC1	0	-	109465
ENSG00000101040	chr20	47209214	47356889	ZMYND8	0	-	147675
ENSG00000101049	chr20	43558968	43588237	SGK2	0	+	29269
ENSG00000101052	chr20	43590937	43647299	IFT52	0	+	56362
ENSG00000101057	chr20	43667019	43716495	MYBL2	0	+	49476
ENSG00000101079	chr20	36651766	36746090	NDRG3	0	-	94324
ENSG00000101082	chr20	36612318	36646196	SLA2	0	-	33878
ENSG00000101096	chr20	51386957	51562831	NFATC2	0	-	175874
ENSG00000101098	chr20	44751808	44810546	RIMS4	0	-	58738
ENSG00000101104	chr20	44910060	44959035	PABPC1L	0	+	48975
ENSG00000101109	chr20	44966479	45080021	STK4	0	+	113542
ENSG00000101115	chr20	51782331	51802521	SALL4	0	-	20190
ENSG00000101126	chr20	50888916	50931437	ADNP	0	-	42521
ENSG00000101132	chr20	54208087	54228052	PFDN4	0	+	19965
ENSG00000101134	chr20	54475593	54651169	DOK5	0	+	175576
ENSG00000101138	chr20	56392371	56406362	CSTF1	0	+	13991
ENSG00000101144	chr20	57168753	57266641	BMP7	0	-	97888
ENSG00000101146	chr20	57351223	57379211	RAE1	0	+	27988
ENSG00000101150	chr20	63865228	63891545	TPD52L2	0	+	26317
ENSG00000101152	chr20	63895126	63936031	DNAJC5	0	+	40905
ENSG00000101158	chr20	58981208	58995133	NELFCD	0	+	13925
ENSG00000101160	chr20	58985686	59008238	CTSZ	0	-	22552
ENSG00000101161	chr20	63981132	64033100	PRPF6	0	+	51968
ENSG00000101162	chr20	59019429	59026654	TUBB1	0	+	7225
ENSG00000101166	chr20	59033145	59042809	PRELID3B	0	-	9664
ENSG00000101181	chr20	62183028	62203568	MTG2	0	+	20540
ENSG00000101182	chr20	62136733	62143440	PSMA7	0	-	6707
ENSG00000101187	chr20	62642503	62685785	SLCO4A1	0	+	43282
ENSG00000101189	chr20	62796473	62801729	MRGBP	0	+	5256
ENSG00000101190	chr20	62841005	62861822	TCFL5	0	-	20817
ENSG00000101191	chr20	62877738	62937952	DIDO1	0	-	60214
ENSG00000101193	chr20	62938147	62948475	GID8	0	+	10328
ENSG00000101194	chr20	62952707	62969585	SLC17A9	0	+	16878
ENSG00000101199	chr20	63272785	63289790	ARFGAP1	0	+	17005
ENSG00000101210	chr20	63488013	63499239	EEF1A2	0	-	11226
ENSG00000101213	chr20	63528001	63537376	PTK6	0	-	9375
ENSG00000101216	chr20	63587602	63627101	GMEB2	0	-	39499
ENSG00000101220	chr20	3753508	3767781	C20orf27	0	-	14273
ENSG00000101222	chr20	3777504	3781448	SPEF1	0	-	3944
ENSG00000101224	chr20	3786772	3806121	CDC25B	0	+	19349
ENSG00000101230	chr20	13221274	13300651	ISM1	0	+	79377
ENSG00000101236	chr20	3927309	4015558	RNF24	0	-	88249
ENSG00000101246	chr20	63698642	63708025	ARFRP1	0	-	9383
ENSG00000101247	chr20	13785007	13821580	NDUFAF5	0	+	36573
ENSG00000101255	chr20	362835	397559	TRIB3	0	+	34724
ENSG00000101265	chr20	4780023	4823608	RASSF2	0	-	43585
ENSG00000101266	chr20	472498	543835	CSNK2A1	0	-	71337
ENSG00000101276	chr20	760080	776015	SLC52A3	0	-	15935
ENSG00000101282	chr20	958452	1002311	RSPO4	0	-	43859
ENSG00000101290	chr20	5126879	5197887	CDS2	0	+	71008
ENSG00000101294	chr20	31514410	31577923	HM13	0	+	63513
ENSG00000101310	chr20	18507520	18561415	SEC23B	0	+	53895
ENSG00000101311	chr20	6074845	6123030	FERMT1	0	-	48185
ENSG00000101331	chr20	32010438	32032180	CCM2L	0	+	21742
ENSG00000101333	chr20	9067825	9504593	PLCB4	0	+	436768
ENSG00000101335	chr20	36541497	36551447	MYL9	0	+	9950
ENSG00000101336	chr20	32052197	32101856	HCK	0	+	49659
ENSG00000101337	chr20	32109714	32167258	TM9SF4	0	+	57544
ENSG00000101342	chr20	36876121	36894235	TLDC2	0	+	18114
ENSG00000101343	chr20	20034368	20056046	CRNKL1	0	-	21678
ENSG00000101346	chr20	32207880	32238658	POFUT1	0	+	30778
ENSG00000101347	chr20	36890229	36951893	SAMHD1	0	-	61664
ENSG00000101350	chr20	32277651	32335011	KIF3B	0	+	57360
ENSG00000101353	chr20	37101226	37179588	MROH8	0	-	78362
ENSG00000101361	chr20	2652593	2658393	NOP56	0	+	5800
ENSG00000101363	chr20	37289649	37317260	MANBAL	0	+	27611
ENSG00000101365	chr20	2658395	2664219	IDH3B	0	-	5824
ENSG00000101367	chr20	32819954	32850405	MAPRE1	0	+	30451
ENSG00000101384	chr20	10637684	10673999	JAG1	0	-	36315
ENSG00000101391	chr20	33358839	33401561	CDK5RAP1	0	-	42722
ENSG00000101400	chr20	33407957	33443763	SNTA1	0	-	35806
ENSG00000101407	chr20	37983007	38033461	TTI1	0	-	50454
ENSG00000101412	chr20	33675477	33686385	E2F1	0	-	10908
ENSG00000101413	chr20	38033725	38127780	RPRD1B	0	+	94055
ENSG00000101417	chr20	33702758	33720319	PXMP4	0	-	17561
ENSG00000101421	chr20	33811348	33854366	CHMP4B	0	+	43018
ENSG00000101425	chr20	38304150	38337505	BPI	0	+	33355
ENSG00000101439	chr20	23626706	23638473	CST3	0	-	11767
ENSG00000101441	chr20	23685640	23689038	CST4	0	-	3398
ENSG00000101442	chr20	38748460	38772520	ACTR5	0	+	24060
ENSG00000101443	chr20	45469753	45481532	WFDC2	0	+	11779
ENSG00000101444	chr20	34280268	34311802	AHCY	0	-	31534
ENSG00000101445	chr20	38805697	38923024	PPP1R16B	0	+	117327
ENSG00000101447	chr20	38926312	38953106	FAM83D	0	+	26794
ENSG00000101452	chr20	38962299	39039723	DHX35	0	+	77424
ENSG00000101457	chr20	45791954	45811427	DNTTIP1	0	+	19473
ENSG00000101460	chr20	34546854	34560345	MAP1LC3A	0	+	13491
ENSG00000101463	chr20	24469629	24666616	SYNDIG1	0	+	196987
ENSG00000101464	chr20	34560542	34698790	PIGU	0	-	138248
ENSG00000101470	chr20	45823214	45833745	TNNC2	0	-	10531
ENSG00000101473	chr20	45841721	45857405	ACOT8	0	-	15684
ENSG00000101474	chr20	24962925	24992751	APMAP	0	-	29826
ENSG00000101489	chr18	37243040	37565827	CELF4	0	-	322787
ENSG00000101493	chr18	76357682	76495242	ZNF516	0	-	137560
ENSG00000101544	chr18	80109262	80147523	ADNP2	0	+	38261
ENSG00000101557	chr18	158383	214629	USP14	0	+	56246
ENSG00000101558	chr18	9914016	9960021	VAPA	0	+	46005
ENSG00000101574	chr18	2537525	2571509	METTL4	0	-	33984
ENSG00000101577	chr18	2916994	3013144	LPIN2	0	-	96150
ENSG00000101596	chr18	2655726	2805017	SMCHD1	0	+	149291
ENSG00000101605	chr18	3066807	3219968	MYOM1	0	-	153161
ENSG00000101608	chr18	3247481	3256236	MYL12A	0	+	8755
ENSG00000101624	chr18	12661833	12702777	CEP76	0	-	40944
ENSG00000101639	chr18	12991362	13125052	CEP192	0	+	133690
ENSG00000101654	chr18	13726660	13764556	RNMT	0	+	37896
ENSG00000101665	chr18	48919853	48950965	SMAD7	0	-	31112
ENSG00000101670	chr18	49560699	49599185	LIPG	0	+	38486
ENSG00000101680	chr18	6941742	7117797	LAMA1	0	-	176055
ENSG00000101695	chr18	32018825	32073219	RNF125	0	+	54394
ENSG00000101745	chr18	9136228	9285985	ANKRD12	0	+	149757
ENSG00000101751	chr18	54269517	54321266	POLI	0	+	51749
ENSG00000101752	chr18	21704957	21870953	MIB1	0	+	165996
ENSG00000101773	chr18	22798261	23026488	RBBP8	0	+	228227
ENSG00000101782	chr18	23453287	23486603	RIOK3	0	+	33316
ENSG00000101811	chrX	100820359	100841520	CSTF2	0	+	21161
ENSG00000101825	chrX	3308565	3346652	MXRA5	0	-	38087
ENSG00000101843	chrX	108084207	108091549	PSMD10	0	-	7342
ENSG00000101844	chrX	108091668	108154671	ATG4A	0	+	63003
ENSG00000101846	chrX	7147237	7804358	STS	0	+	657121
ENSG00000101849	chrX	9463320	9741037	TBL1X	0	+	277717
ENSG00000101850	chrX	9725346	9786297	GPR143	0	-	60951
ENSG00000101856	chrX	119236245	119244466	PGRMC1	0	+	8221
ENSG00000101868	chrX	24693873	24996986	POLA1	0	+	303113
ENSG00000101871	chrX	10445310	10833654	MID1	0	-	388344
ENSG00000101882	chrX	119920672	119943751	NKAP	0	-	23079
ENSG00000101888	chrX	109535781	109544698	NXT2	0	+	8917
ENSG00000101901	chrX	111665811	111760649	ALG13	0	+	94838
ENSG00000101911	chrX	12791355	12824222	PRPS2	0	+	32867
ENSG00000101916	chrX	12906620	12923169	TLR8	0	+	16549
ENSG00000101928	chrX	134887632	134915257	MOSPD1	0	-	27625
ENSG00000101935	chrX	110194186	110440318	AMMECR1	0	-	246132
ENSG00000101938	chrX	110673856	110795819	CHRDL1	0	-	121963
ENSG00000101940	chrX	48590042	48608869	WDR13	0	+	18827
ENSG00000101945	chrX	48695554	48709016	SUV39H1	0	+	13462
ENSG00000101955	chrX	38149336	38220924	SRPX	0	-	71588
ENSG00000101966	chrX	123859724	123913976	XIAP	0	+	54252
ENSG00000101972	chrX	123960212	124422664	STAG2	0	+	462452
ENSG00000101974	chrX	139726346	139945276	ATP11C	0	-	218930
ENSG00000101986	chrX	153724856	153744755	ABCD1	0	+	19899
ENSG00000101997	chrX	49235470	49250520	CCDC22	0	+	15050
ENSG00000102001	chrX	49205063	49233371	CACNA1F	0	-	28308
ENSG00000102003	chrX	49187815	49200218	SYP	0	-	12403
ENSG00000102007	chrX	49171898	49175235	PLP2	0	+	3337
ENSG00000102010	chrX	15464246	15556529	BMX	0	+	92283
ENSG00000102024	chrX	115561174	115650861	PLS3	0	+	89687
ENSG00000102030	chrX	153929225	153935080	NAA10	0	-	5855
ENSG00000102032	chrX	153935269	153944687	RENBP	0	-	9418
ENSG00000102034	chrX	130063955	130110716	ELF4	0	-	46761
ENSG00000102038	chrX	129446501	129523500	SMARCA1	0	-	76999
ENSG00000102048	chrX	15235288	15270467	ASB9	0	-	35179
ENSG00000102053	chrX	65366638	65507887	ZC3H12B	0	+	141249
ENSG00000102054	chrX	16839283	16870362	RBBP7	0	-	31079
ENSG00000102057	chrX	48961378	48971844	KCND1	0	-	10466
ENSG00000102078	chrX	130339888	130373361	SLC25A14	0	+	33473
ENSG00000102081	chrX	147911919	147951125	FMR1	0	+	39206
ENSG00000102096	chrX	48913182	48919024	PIM2	0	-	5842
ENSG00000102098	chrX	18239313	18354688	SCML2	0	-	115375
ENSG00000102100	chrX	48903180	48911958	SLC35A2	0	-	8778
ENSG00000102103	chrX	48890197	48903402	PQBP1	0	+	13205
ENSG00000102109	chrX	48831096	48835610	PCSK1N	0	-	4514
ENSG00000102119	chrX	154379273	154381574	EMD	0	+	2301
ENSG00000102125	chrX	154411524	154421726	TAFAZZIN	0	+	10202
ENSG00000102144	chrX	77910739	78129295	PGK1	0	+	218556
ENSG00000102158	chrX	77825747	77899271	MAGT1	0	-	73524
ENSG00000102172	chrX	21940709	21994837	SMS	0	+	54128
ENSG00000102174	chrX	22032325	22494713	PHEX	0	+	462388
ENSG00000102178	chrX	154483717	154486615	UBL4A	0	-	2898
ENSG00000102181	chrX	150766336	150898816	CD99L2	0	-	132480
ENSG00000102189	chr12	92770637	92929331	EEA1	0	-	158694
ENSG00000102218	chrX	46837043	46882358	RP2	0	+	45315
ENSG00000102221	chrX	46912276	47061242	JADE3	0	+	148966
ENSG00000102225	chrX	47217860	47229997	CDK16	0	+	12137
ENSG00000102226	chrX	47232866	47248328	USP11	0	+	15462
ENSG00000102230	chrX	24558087	24672677	PCYT1B	0	-	114590
ENSG00000102241	chrX	136497079	136512346	HTATSF1	0	+	15267
ENSG00000102243	chrX	136532215	136556807	VGLL1	0	+	24592
ENSG00000102245	chrX	136648158	136660390	CD40LG	0	+	12232
ENSG00000102265	chrX	47582408	47586789	TIMP1	0	+	4381
ENSG00000102271	chrX	87517409	87670050	KLHL4	0	+	152641
ENSG00000102287	chrX	151953124	151974680	GABRE	0	-	21556
ENSG00000102302	chrX	54445454	54496234	FGD1	0	-	50780
ENSG00000102309	chrX	72181353	72302926	PIN4	0	+	121573
ENSG00000102312	chrX	48508959	48520814	PORCN	0	+	11855
ENSG00000102313	chrX	54748918	54798255	ITIH6	0	-	49337
ENSG00000102316	chrX	54807599	54816015	MAGED2	0	+	8416
ENSG00000102317	chrX	48574449	48581162	RBM3	0	+	6713
ENSG00000102349	chrX	56232356	56291531	KLF8	0	+	59175
ENSG00000102359	chrX	100644195	100675788	SRPX2	0	+	31593
ENSG00000102362	chrX	100671783	100732123	SYTL4	0	-	60340
ENSG00000102383	chrX	75368427	75523502	ZDHHC15	0	-	155075
ENSG00000102384	chrX	101098188	101166126	CENPI	0	+	67938
ENSG00000102390	chrX	76173040	76178314	PBDC1	0	+	5274
ENSG00000102393	chrX	101393273	101408012	GLA	0	-	14739
ENSG00000102401	chrX	101622797	101627843	ARMCX3	0	+	5046
ENSG00000102409	chrX	103215108	103217246	BEX4	0	+	2138
ENSG00000102445	chr13	46334681	46438190	RUBCNL	0	-	103509
ENSG00000102452	chr13	101053776	101416508	NALCN	0	-	362732
ENSG00000102466	chr13	101710804	102402457	FGF14	0	-	691653
ENSG00000102471	chr13	79481124	79556077	NDFIP2	0	+	74953
ENSG00000102524	chr13	108251240	108308484	TNFSF13B	0	+	57244
ENSG00000102531	chr13	48975912	49209779	FNDC3A	0	+	233867
ENSG00000102543	chr13	49247925	49293485	CDADC1	0	+	45560
ENSG00000102547	chr13	49308650	49444064	CAB39L	0	-	135414
ENSG00000102554	chr13	73054976	73077541	KLF5	0	+	22565
ENSG00000102572	chr13	98445185	98577940	STK24	0	-	132755
ENSG00000102575	chr19	11574660	11579008	ACP5	0	-	4348
ENSG00000102580	chr13	95677139	95794988	DNAJC3	0	+	117849
ENSG00000102595	chr13	95801580	96053482	UGGT2	0	-	251902
ENSG00000102606	chr13	111114559	111305737	ARHGEF7	0	+	191178
ENSG00000102683	chr13	23180979	23325162	SGCG	0	+	144183
ENSG00000102699	chr13	24420931	24512778	PARP4	0	-	91847
ENSG00000102710	chr13	37009312	37059713	SUPT20H	0	-	50401
ENSG00000102738	chr13	40729128	40771190	MRPS31	0	-	42062
ENSG00000102743	chr13	40789412	40812460	SLC25A15	0	+	23048
ENSG00000102753	chr13	49699320	49792682	KPNA3	0	-	93362
ENSG00000102755	chr13	28300346	28495145	FLT1	0	-	194799
ENSG00000102760	chr13	41457550	41470871	RGCC	0	+	13321
ENSG00000102763	chr13	41566835	41961120	VWA8	0	-	394285
ENSG00000102780	chr13	42040036	42256578	DGKH	0	+	216542
ENSG00000102781	chr13	30202630	30307551	KATNAL1	0	-	104921
ENSG00000102786	chr13	51354077	51454264	INTS6	0	-	100187
ENSG00000102802	chr13	30906271	30925572	MEDAG	0	+	19301
ENSG00000102804	chr13	44432143	44577147	TSC22D1	0	-	145004
ENSG00000102837	chr13	53028813	53052057	OLFM4	0	+	23244
ENSG00000102854	chr16	760734	768865	MSLN	0	+	8131
ENSG00000102858	chr16	4616493	4690974	MGRN1	0	+	74481
ENSG00000102870	chr16	30778456	30787205	ZNF629	0	-	8749
ENSG00000102871	chr16	67154185	67159909	TRADD	0	-	5724
ENSG00000102878	chr16	67164681	67169945	HSF4	0	+	5264
ENSG00000102879	chr16	30182827	30189076	CORO1A	0	+	6249
ENSG00000102882	chr16	30114105	30123506	MAPK3	0	-	9401
ENSG00000102886	chr16	30104810	30113537	GDPD3	0	-	8727
ENSG00000102890	chr16	67199111	67204029	ELMO3	0	+	4918
ENSG00000102893	chr16	47461123	47701523	PHKB	0	+	240400
ENSG00000102897	chr16	20899868	20925006	LYRM1	0	+	25138
ENSG00000102898	chr16	67846923	67872567	NUTF2	0	+	25644
ENSG00000102900	chr16	56730118	56850286	NUP93	0	+	120168
ENSG00000102901	chr16	67828157	67847811	CENPT	0	-	19654
ENSG00000102904	chr16	67806765	67832148	TSNAXIP1	0	+	25383
ENSG00000102908	chr16	69565094	69704666	NFAT5	0	+	139572
ENSG00000102910	chr16	48244300	48363122	LONP2	0	+	118822
ENSG00000102921	chr16	48538726	48620148	N4BP1	0	-	81422
ENSG00000102931	chr16	57245259	57253635	ARL2BP	0	+	8376
ENSG00000102934	chr16	57248547	57284672	PLLP	0	-	36125
ENSG00000102935	chr16	49487524	49857919	ZNF423	0	-	370395
ENSG00000102962	chr16	57358783	57366189	CCL22	0	+	7406
ENSG00000102967	chr16	72008588	72027664	DHODH	0	+	19076
ENSG00000102974	chr16	67562467	67639177	CTCF	0	+	76710
ENSG00000102977	chr16	67657512	67660815	ACD	0	-	3303
ENSG00000102978	chr16	57462660	57472009	POLR2C	0	+	9349
ENSG00000102981	chr16	67660946	67662774	PARD6A	0	+	1828
ENSG00000102984	chr16	71859680	71895336	ZNF821	0	-	35656
ENSG00000102996	chr16	58025754	58046901	MMP15	0	+	21147
ENSG00000103005	chr16	57999546	58021618	USB1	0	+	22072
ENSG00000103018	chr16	69398402	69466264	CYB5B	0	+	67862
ENSG00000103021	chr16	58231157	58283836	CCDC113	0	+	52679
ENSG00000103023	chr16	58279997	58295047	PRSS54	0	-	15050
ENSG00000103024	chr16	1770320	1771561	NME3	0	-	1241
ENSG00000103034	chr16	58462846	58513628	NDRG4	0	+	50782
ENSG00000103035	chr16	74296814	74306288	PSMD7	0	+	9474
ENSG00000103037	chr16	58515479	58523842	SETD6	0	+	8363
ENSG00000103042	chr16	58665109	58684770	SLC38A7	0	-	19661
ENSG00000103043	chr16	70687439	70801160	VAC14	0	-	113721
ENSG00000103044	chr16	69105653	69118719	HAS3	0	+	13066
ENSG00000103047	chr16	68843531	69085182	TANGO6	0	+	241651
ENSG00000103051	chr16	70480568	70523560	COG4	0	-	42992
ENSG00000103056	chr16	68358327	68448508	SMPD3	0	-	90181
ENSG00000103061	chr16	68284503	68310946	SLC7A6OS	0	-	26443
ENSG00000103064	chr16	68264516	68301823	SLC7A6	0	+	37307
ENSG00000103066	chr16	68245304	68261058	PLA2G15	0	+	15754
ENSG00000103067	chr16	68229033	68238102	ESRP2	0	-	9069
ENSG00000103089	chr16	74712955	74774831	FA2H	0	-	61876
ENSG00000103091	chr16	74871362	75000173	WDR59	0	-	128811
ENSG00000103126	chr16	287440	352723	AXIN1	0	-	65283
ENSG00000103145	chr16	3022625	3024286	HCFC1R1	0	-	1661
ENSG00000103148	chr16	84271	138677	NPRL3	0	-	54406
ENSG00000103150	chr16	83899115	83951445	MLYCD	0	+	52330
ENSG00000103152	chr16	77007	85851	MPG	0	+	8844
ENSG00000103160	chr16	84122141	84145192	HSDL1	0	-	23051
ENSG00000103168	chr16	84177847	84187070	TAF1C	0	-	9223
ENSG00000103174	chr16	5024844	5034141	NAGPA	0	-	9297
ENSG00000103175	chr16	84294846	84329844	WFDC1	0	+	34998
ENSG00000103187	chr16	84565596	84618078	COTL1	0	-	52482
ENSG00000103194	chr16	84699986	84779922	USP10	0	+	79936
ENSG00000103196	chr16	84819985	84920768	CRISPLD2	0	+	100783
ENSG00000103197	chr16	2047967	2089491	TSC2	0	+	41524
ENSG00000103199	chr16	4748239	4767624	ZNF500	0	-	19385
ENSG00000103202	chr16	396725	410367	NME4	0	+	13642
ENSG00000103222	chr16	15949138	16143257	ABCC1	0	+	194119
ENSG00000103226	chr16	16232506	16300806	NOMO3	0	+	68300
ENSG00000103227	chr16	853634	981318	LMF1	0	-	127684
ENSG00000103245	chr16	729760	741329	CIAO3	0	-	11569
ENSG00000103248	chr16	86530178	86555235	MTHFSD	0	-	25057
ENSG00000103249	chr16	1444934	1475084	CLCN7	0	-	30150
ENSG00000103253	chr16	726936	735525	HAGHL	0	+	8589
ENSG00000103254	chr16	720581	722590	ANTKMT	0	+	2009
ENSG00000103257	chr16	87830023	87869507	SLC7A5	0	-	39484
ENSG00000103260	chr16	715118	719655	METRN	0	+	4537
ENSG00000103264	chr16	87326987	87392142	FBXO31	0	-	65155
ENSG00000103266	chr16	680224	682870	STUB1	0	+	2646
ENSG00000103269	chr16	675671	678268	RHBDL1	0	+	2597
ENSG00000103274	chr16	10743786	10769351	NUBP1	0	+	25565
ENSG00000103275	chr16	1308880	1327018	UBE2I	0	+	18138
ENSG00000103316	chr16	21238874	21303083	CRYM	0	-	64209
ENSG00000103319	chr16	22206278	22288738	EEF2K	0	+	82460
ENSG00000103326	chr16	527712	554636	CAPN15	0	+	26924
ENSG00000103335	chr16	88715338	88785220	PIEZO1	0	-	69882
ENSG00000103342	chr16	11868128	11916082	GSPT1	0	-	47954
ENSG00000103351	chr16	3500976	3539048	CLUAP1	0	+	38072
ENSG00000103353	chr16	23557721	23574389	UBFD1	0	+	16668
ENSG00000103355	chr16	2783953	2787948	PRSS33	0	-	3995
ENSG00000103363	chr16	2771414	2777289	ELOB	0	-	5875
ENSG00000103365	chr16	23463542	23521995	GGA2	0	-	58453
ENSG00000103381	chr16	12659799	12803887	CPPED1	0	-	144088
ENSG00000103404	chr16	23061406	23149452	USP31	0	-	88046
ENSG00000103415	chr16	4474690	4510347	HMOX2	0	+	35657
ENSG00000103423	chr16	4425805	4456775	DNAJA3	0	+	30970
ENSG00000103426	chr16	4340251	4420494	CORO7-PAM16	0	-	80243
ENSG00000103429	chr16	14632931	14669236	BFAR	0	+	36305
ENSG00000103449	chr16	51135982	51152334	SALL1	0	-	16352
ENSG00000103460	chr16	52436417	52547802	TOX3	0	-	111385
ENSG00000103479	chr16	53433977	53491648	RBL2	0	+	57671
ENSG00000103485	chr16	29663279	29698699	QPRT	0	+	35420
ENSG00000103489	chr16	17101769	17470960	XYLT1	0	-	369191
ENSG00000103490	chr16	31201486	31203450	PYCARD	0	-	1964
ENSG00000103494	chr16	53598153	53703938	RPGRIP1L	0	-	105785
ENSG00000103495	chr16	29806106	29811164	MAZ	0	+	5058
ENSG00000103496	chr16	31032889	31042975	STX4	0	+	10086
ENSG00000103502	chr16	29858357	29863414	CDIPT	0	-	5057
ENSG00000103507	chr16	31106107	31112791	BCKDK	0	+	6684
ENSG00000103510	chr16	31114489	31131393	KAT8	0	+	16904
ENSG00000103512	chr16	14833721	14896157	NOMO1	0	+	62436
ENSG00000103522	chr16	27402174	27452042	IL21R	0	+	49868
ENSG00000103528	chr16	19167971	19268332	SYT17	0	+	100361
ENSG00000103534	chr16	19410496	19499113	TMC5	0	+	88617
ENSG00000103540	chr16	19523811	19553408	CCP110	0	+	29597
ENSG00000103544	chr16	19555240	19706793	VPS35L	0	+	151553
ENSG00000103549	chr16	30761745	30776307	RNF40	0	+	14562
ENSG00000103550	chr16	19701937	19718235	KNOP1	0	-	16298
ENSG00000103569	chr15	58138169	58185911	AQP9	0	+	47742
ENSG00000103591	chr15	67200667	67255195	AAGAB	0	-	54528
ENSG00000103599	chr15	67254786	67502260	IQCH	0	+	247474
ENSG00000103642	chr15	63121833	63142061	LACTB	0	+	20228
ENSG00000103647	chr15	68578993	68727806	CORO2B	0	+	148813
ENSG00000103653	chr15	74782080	74803197	CSK	0	+	21117
ENSG00000103657	chr15	63608618	63833948	HERC1	0	-	225330
ENSG00000103671	chr15	64387748	64455303	TRIP4	0	+	67555
ENSG00000103707	chr15	65001512	65029639	MTFMT	0	-	28127
ENSG00000103710	chr15	65053337	65076690	RASL12	0	-	23353
ENSG00000103723	chr15	82659281	82710112	AP3B2	0	-	50831
ENSG00000103740	chr15	78167468	78245688	ACSBG1	0	-	78220
ENSG00000103742	chr15	65381484	65422947	IGDCC4	0	-	41463
ENSG00000103769	chr15	65726054	65891989	RAB11A	0	+	165935
ENSG00000103811	chr15	78921058	78949574	CTSH	0	-	28516
ENSG00000103852	chr15	99136323	99251223	TTC23	0	-	114900
ENSG00000103855	chr15	73683966	73714514	CD276	0	+	30548
ENSG00000103876	chr15	80152490	80186946	FAH	0	+	34456
ENSG00000103888	chr15	80779343	80951776	CEMIP	0	+	172433
ENSG00000103932	chr15	41517176	41544269	RPAP1	0	-	27093
ENSG00000103942	chr15	82836946	82986153	HOMER2	0	-	149207
ENSG00000103966	chr15	41895933	41972557	EHD4	0	-	76624
ENSG00000103978	chr15	42210447	42273584	TMEM87A	0	-	63137
ENSG00000103994	chr15	42412823	42491141	ZNF106	0	-	78318
ENSG00000103995	chr15	48712928	48811146	CEP152	0	-	98218
ENSG00000104043	chr15	49858238	50182817	ATP8B4	0	-	324579
ENSG00000104047	chr15	49621037	49656232	DTWD1	0	+	35195
ENSG00000104055	chr15	43232590	43266928	TGM5	0	-	34338
ENSG00000104059	chr15	29120252	29570979	FAM189A1	0	-	450727
ENSG00000104064	chr15	50275389	50355408	GABPB1	0	-	80019
ENSG00000104067	chr15	29699367	29968915	TJP1	0	-	269548
ENSG00000104081	chr15	40087890	40108892	BMF	0	-	21002
ENSG00000104093	chr15	51447711	51622833	DMXL2	0	-	175122
ENSG00000104112	chr15	51681492	51721026	SCG3	0	+	39534
ENSG00000104129	chr15	40765161	40807478	DNAJC17	0	-	42317
ENSG00000104131	chr15	44537125	44563029	EIF3J	0	+	25904
ENSG00000104133	chr15	44554818	44663688	SPG11	0	-	108870
ENSG00000104140	chr15	40872214	40874234	RHOV	0	-	2020
ENSG00000104142	chr15	40894450	40903975	VPS18	0	+	9525
ENSG00000104147	chr15	41309273	41332591	OIP5	0	-	23318
ENSG00000104154	chr15	45479606	45522755	SLC30A4	0	-	43149
ENSG00000104177	chr15	48134632	48178353	MYEF2	0	-	43721
ENSG00000104213	chr8	17576433	17644071	PDGFRL	0	+	67638
ENSG00000104218	chr8	67062417	67196778	CSPP1	0	+	134361
ENSG00000104219	chr8	17156482	17224799	ZDHHC2	0	+	68317
ENSG00000104221	chr8	37843268	37849861	BRF2	0	-	6593
ENSG00000104228	chr8	27284886	27311272	TRIM35	0	-	26386
ENSG00000104231	chr8	81701334	81732903	ZFAND1	0	-	31569
ENSG00000104237	chr8	54509422	54871720	RP1	0	+	362298
ENSG00000104267	chr8	85463968	85481493	CA2	0	+	17525
ENSG00000104290	chr8	28494205	28574267	FZD3	0	+	80062
ENSG00000104299	chr8	28767661	28890242	INTS9	0	-	122581
ENSG00000104312	chr8	89757806	89791064	RIPK2	0	+	33258
ENSG00000104313	chr8	71197433	71592025	EYA1	0	-	394592
ENSG00000104320	chr8	89933331	90003228	NBN	0	-	69897
ENSG00000104321	chr8	72019917	72075584	TRPA1	0	-	55667
ENSG00000104324	chr8	96645242	97149654	CPQ	0	+	504412
ENSG00000104325	chr8	90001405	90053633	DECR1	0	+	52228
ENSG00000104331	chr8	56957931	56993867	BPNT2	0	-	35936
ENSG00000104332	chr8	41261962	41309473	SFRP1	0	-	47511
ENSG00000104341	chr8	97775057	97853013	LAPTM4B	0	+	77956
ENSG00000104343	chr8	73780097	73878910	UBE2W	0	-	98813
ENSG00000104356	chr8	98117293	98159835	POP1	0	+	42542
ENSG00000104361	chr8	98189826	98294393	NIPAL2	0	-	104567
ENSG00000104365	chr8	42271302	42332460	IKBKB	0	+	61158
ENSG00000104368	chr8	42174718	42207709	PLAT	0	-	32991
ENSG00000104369	chr8	74234700	74321540	JPH1	0	-	86840
ENSG00000104375	chr8	98371228	98942827	STK3	0	-	571599
ENSG00000104381	chr8	74320613	74518007	GDAP1	0	+	197394
ENSG00000104388	chr8	60516936	60623644	RAB2A	0	+	106708
ENSG00000104408	chr8	108162787	108443496	EIF3E	0	-	280709
ENSG00000104412	chr8	108443601	108489196	EMC2	0	+	45595
ENSG00000104413	chr8	94641074	94707466	ESRP1	0	+	66392
ENSG00000104415	chr8	133191039	133231690	CCN4	0	+	40651
ENSG00000104419	chr8	133237175	133302022	NDRG1	0	-	64847
ENSG00000104427	chr8	78666089	78719765	ZC2HC1A	0	+	53676
ENSG00000104432	chr8	78675743	78805523	IL7	0	-	129780
ENSG00000104435	chr8	79611117	79666158	STMN2	0	+	55041
ENSG00000104442	chr8	65602458	65634217	ARMC1	0	-	31759
ENSG00000104447	chr8	115408496	115809673	TRPS1	0	-	401177
ENSG00000104450	chr8	100157906	100259278	SPAG1	0	+	101372
ENSG00000104472	chr8	140511311	140517154	CHRAC1	0	+	5843
ENSG00000104490	chr8	101686542	102124907	NCALD	0	-	438365
ENSG00000104497	chr8	81799581	81842866	SNX16	0	-	43285
ENSG00000104517	chr8	102252273	102412759	UBR5	0	-	160486
ENSG00000104518	chr8	143553207	143563062	GSDMD	0	+	9855
ENSG00000104522	chr8	143612618	143618048	GFUS	0	-	5430
ENSG00000104524	chr8	143603210	143609773	PYCR3	0	-	6563
ENSG00000104529	chr8	143579697	143599541	EEF1D	0	-	19844
ENSG00000104549	chr8	124998497	125022283	SQLE	0	+	23786
ENSG00000104611	chr8	19313693	19396218	SH2D4A	0	+	82525
ENSG00000104613	chr8	19817391	19852083	INTS10	0	+	34692
ENSG00000104626	chr8	9002147	9116746	ERI1	0	+	114599
ENSG00000104635	chr8	22367278	22434129	SLC39A14	0	+	66851
ENSG00000104643	chr8	11284816	11328146	MTMR9	0	+	43330
ENSG00000104660	chr8	30095408	30177208	LEPROTL1	0	+	81800
ENSG00000104679	chr8	23270120	23296279	R3HCC1	0	+	26159
ENSG00000104687	chr8	30678066	30727846	GSR	0	-	49780
ENSG00000104689	chr8	23190452	23225102	TNFRSF10A	0	-	34650
ENSG00000104691	chr8	30729131	30767006	UBXN8	0	+	37875
ENSG00000104695	chr8	30774457	30814314	PPP2CB	0	-	39857
ENSG00000104714	chr8	614746	738106	ERICH1	0	-	123360
ENSG00000104723	chr8	15417215	15766649	TUSC3	0	+	349434
ENSG00000104731	chr16	87696485	87765992	KLHDC4	0	-	69507
ENSG00000104738	chr8	47960185	47978160	MCM4	0	+	17975
ENSG00000104756	chr8	25427847	25458476	KCTD9	0	-	30629
ENSG00000104760	chr8	17864380	17910365	FGL1	0	-	45985
ENSG00000104763	chr8	18055992	18084998	ASAH1	0	-	29006
ENSG00000104765	chr8	26383054	26505636	BNIP3L	0	+	122582
ENSG00000104774	chr19	12646511	12666742	MAN2B1	0	-	20231
ENSG00000104783	chr19	43766533	43780976	KCNN4	0	-	14443
ENSG00000104805	chr19	48900312	48923372	NUCB1	0	+	23060
ENSG00000104812	chr19	48968130	48993310	GYS1	0	-	25180
ENSG00000104814	chr19	38587641	38618882	MAP4K1	0	-	31241
ENSG00000104825	chr19	38899700	38908893	NFKBIB	0	+	9193
ENSG00000104833	chr19	6494319	6502848	TUBB4A	0	-	8529
ENSG00000104852	chr19	49085419	49108605	SNRNP70	0	+	23186
ENSG00000104853	chr19	44954585	44993341	CLPTM1	0	+	38756
ENSG00000104856	chr19	45001449	45038198	RELB	0	+	36749
ENSG00000104859	chr19	45039045	45070956	CLASRP	0	+	31911
ENSG00000104863	chr19	49114324	49118460	LIN7B	0	+	4136
ENSG00000104870	chr19	49506816	49526428	FCGRT	0	+	19612
ENSG00000104872	chr19	49446298	49453497	PIH1D1	0	-	7199
ENSG00000104879	chr19	45306413	45322875	CKM	0	-	16462
ENSG00000104880	chr19	7348937	7472485	ARHGEF18	0	+	123548
ENSG00000104881	chr19	45379638	45406349	PPP1R13L	0	-	26711
ENSG00000104883	chr19	7476875	7497449	PEX11G	0	-	20574
ENSG00000104884	chr19	45349837	45370918	ERCC2	0	-	21081
ENSG00000104885	chr19	2163933	2232578	DOT1L	0	+	68645
ENSG00000104886	chr19	2230084	2237704	PLEKHJ1	0	-	7620
ENSG00000104888	chr19	49429401	49442360	SLC17A7	0	-	12959
ENSG00000104892	chr19	45333434	45351520	KLC3	0	+	18086
ENSG00000104894	chr19	49335171	49343335	CD37	0	+	8164
ENSG00000104897	chr19	2236824	2248655	SF3A2	0	+	11831
ENSG00000104899	chr19	2249309	2252073	AMH	0	+	2764
ENSG00000104903	chr19	13099033	13103161	LYL1	0	-	4128
ENSG00000104907	chr19	13104902	13117567	TRMT1	0	-	12665
ENSG00000104915	chr19	13144058	13150383	STX10	0	-	6325
ENSG00000104921	chr19	7688758	7702146	FCER2	0	-	13388
ENSG00000104936	chr19	45769709	45782552	DMPK	0	-	12843
ENSG00000104946	chr19	49877666	49888750	TBC1D17	0	+	11084
ENSG00000104953	chr19	2977538	2995179	TLE6	0	+	17641
ENSG00000104957	chr19	13731760	13763296	YJU2B	0	+	31536
ENSG00000104960	chr19	49850735	49860744	PTOV1	0	+	10009
ENSG00000104964	chr19	3052910	3063107	TLE5	0	-	10197
ENSG00000104967	chr19	45933734	45974044	NOVA2	0	-	40310
ENSG00000104969	chr19	2754715	2783362	SGTA	0	-	28647
ENSG00000104972	chr19	54617158	54638022	LILRB1	0	+	20864
ENSG00000104973	chr19	49818282	49840383	MED25	0	+	22101
ENSG00000104974	chr19	54593582	54602381	LILRA1	0	+	8799
ENSG00000104976	chr19	7920338	7923250	SNAPC2	0	+	2912
ENSG00000104979	chr19	13774456	13778773	C19orf53	0	+	4317
ENSG00000104980	chr19	7926718	7943667	TIMM44	0	-	16949
ENSG00000104983	chr19	45995461	46021318	CCDC61	0	+	25857
ENSG00000104998	chr19	14031762	14053218	IL27RA	0	+	21456
ENSG00000105011	chr19	14119512	14136613	ASF1B	0	-	17101
ENSG00000105048	chr19	55132698	55149206	TNNT1	0	-	16508
ENSG00000105053	chr19	49976468	50025946	VRK3	0	-	49478
ENSG00000105058	chr19	16185380	16192046	FAM32A	0	+	6666
ENSG00000105063	chr19	55229779	55259017	PPP6R1	0	-	29238
ENSG00000105072	chr19	16496394	16521352	C19orf44	0	+	24958
ENSG00000105088	chr19	9853718	9936515	OLFM2	0	-	82797
ENSG00000105122	chr19	15451624	15464544	RASAL3	0	-	12920
ENSG00000105127	chr19	15353385	15379815	AKAP8	0	-	26430
ENSG00000105131	chr19	15226919	15233435	EPHX3	0	-	6516
ENSG00000105135	chr19	15114984	15125786	ILVBL	0	-	10802
ENSG00000105137	chr19	15107401	15114985	SYDE1	0	+	7584
ENSG00000105141	chr19	15049480	15058293	CASP14	0	+	8813
ENSG00000105143	chr19	14950033	15022990	SLC1A6	0	-	72957
ENSG00000105171	chr19	29606283	29617237	POP4	0	+	10954
ENSG00000105173	chr19	29811991	29824312	CCNE1	0	+	12321
ENSG00000105176	chr19	29923644	30016612	URI1	0	+	92968
ENSG00000105185	chr19	32581190	32587453	PDCD5	0	+	6263
ENSG00000105186	chr19	32597006	32676597	ANKRD27	0	-	79591
ENSG00000105193	chr19	39433137	39435949	RPS16	0	-	2812
ENSG00000105197	chr19	39480412	39493785	TIMM50	0	+	13373
ENSG00000105202	chr19	39834458	39846379	FBL	0	-	11921
ENSG00000105204	chr19	39825350	39834201	DYRK1B	0	-	8851
ENSG00000105219	chr19	40222208	40226697	CCNP	0	-	4489
ENSG00000105220	chr19	34359480	34402413	GPI	0	+	42933
ENSG00000105221	chr19	40230317	40285536	AKT2	0	-	55219
ENSG00000105223	chr19	40348456	40380439	PLD3	0	+	31983
ENSG00000105227	chr19	40393766	40414793	PRX	0	-	21027
ENSG00000105229	chr19	4007736	4039386	PIAS4	0	+	31650
ENSG00000105245	chr19	40665905	40690972	NUMBL	0	-	25067
ENSG00000105246	chr19	4229523	4237528	EBI3	0	+	8005
ENSG00000105248	chr19	4247080	4269088	YJU2	0	+	22008
ENSG00000105254	chr19	36114289	36125947	TBCB	0	+	11658
ENSG00000105258	chr19	36113709	36115213	POLR2I	0	-	1504
ENSG00000105270	chr19	36014660	36033343	CLIP3	0	-	18683
ENSG00000105281	chr19	46774883	46788594	SLC1A5	0	-	13711
ENSG00000105287	chr19	46674275	46717127	PRKD2	0	-	42852
ENSG00000105289	chr19	3708362	3750813	TJP3	0	+	42451
ENSG00000105290	chr19	35867899	35879792	APLP1	0	+	11893
ENSG00000105298	chr19	3610645	3626815	CACTIN	0	-	16170
ENSG00000105321	chr19	47255980	47273701	CCDC9	0	+	17721
ENSG00000105323	chr19	41262496	41307787	HNRNPUL1	0	+	45291
ENSG00000105325	chr19	3506311	3538334	FZR1	0	+	32023
ENSG00000105327	chr19	47220822	47232766	BBC3	0	-	11944
ENSG00000105329	chr19	41301587	41353922	TGFB1	0	-	52335
ENSG00000105339	chr8	141117278	141195808	DENND3	0	+	78530
ENSG00000105341	chr19	41431318	41440717	DMAC2	0	-	9399
ENSG00000105355	chr19	4838341	4867694	PLIN3	0	-	29353
ENSG00000105357	chr19	50188186	50310542	MYH14	0	+	122356
ENSG00000105364	chr19	10251901	10260055	MRPL4	0	+	8154
ENSG00000105366	chr19	51450847	51458456	SIGLEC8	0	-	7609
ENSG00000105369	chr19	41877279	41881372	CD79A	0	+	4093
ENSG00000105372	chr19	41860255	41872925	RPS19	0	+	12670
ENSG00000105373	chr19	47745546	47757058	NOP53	0	+	11512
ENSG00000105374	chr19	51371606	51372701	NKG7	0	-	1095
ENSG00000105379	chr19	51345169	51366388	ETFB	0	-	21219
ENSG00000105383	chr19	51225064	51243860	CD33	0	+	18796
ENSG00000105397	chr19	10350529	10380572	TYK2	0	-	30043
ENSG00000105401	chr19	10391133	10420121	CDC37	0	-	28988
ENSG00000105402	chr19	47487637	47515091	NAPA	0	-	27454
ENSG00000105419	chr19	47403124	47419527	MEIS3	0	-	16403
ENSG00000105426	chr19	5158495	5340812	PTPRS	0	-	182317
ENSG00000105427	chr19	42387019	42390297	CNFN	0	-	3278
ENSG00000105429	chr19	42325609	42378769	MEGF8	0	+	53160
ENSG00000105438	chr19	48382575	48391551	KDELR1	0	-	8976
ENSG00000105443	chr19	48469208	48482314	CYTH2	0	+	13106
ENSG00000105464	chr19	48393668	48444931	GRIN2D	0	+	51263
ENSG00000105472	chr19	50723364	50725708	CLEC11A	0	+	2344
ENSG00000105479	chr19	48296457	48321971	ODAD1	0	-	25514
ENSG00000105483	chr19	48180770	48255946	CARD8	0	-	75176
ENSG00000105486	chr19	48115445	48170603	LIG1	0	-	55158
ENSG00000105497	chr19	51571283	51592510	ZNF175	0	+	21227
ENSG00000105499	chr19	48047843	48110817	PLA2G4C	0	-	62974
ENSG00000105509	chr19	51713112	51723991	HAS1	0	-	10879
ENSG00000105514	chr19	11322068	11346270	RAB3D	0	-	24202
ENSG00000105516	chr19	48630030	48637379	DBP	0	-	7349
ENSG00000105520	chr19	11355386	11365698	PLPPR2	0	+	10312
ENSG00000105523	chr19	48599961	48615076	FAM83E	0	-	15115
ENSG00000105538	chr19	48720585	48740610	RASIP1	0	-	20025
ENSG00000105552	chr19	48795062	48811029	BCAT2	0	-	15967
ENSG00000105556	chr19	305573	344815	MIER2	0	-	39242
ENSG00000105559	chr19	48837097	48868617	PLEKHA4	0	-	31520
ENSG00000105568	chr19	52190048	52229518	PPP2R1A	0	+	39470
ENSG00000105576	chr19	12699201	12724011	TNPO2	0	-	24810
ENSG00000105607	chr19	12891160	12914207	GCDH	0	+	23047
ENSG00000105609	chr19	54249421	54257301	LILRB5	0	-	7880
ENSG00000105612	chr19	12875209	12881466	DNASE2	0	-	6257
ENSG00000105613	chr19	12833951	12874952	MAST1	0	+	41001
ENSG00000105617	chr19	54155161	54159721	LENG1	0	-	4560
ENSG00000105618	chr19	54115410	54131719	PRPF31	0	+	16309
ENSG00000105619	chr19	54107020	54115657	TFPT	0	-	8637
ENSG00000105639	chr19	17824780	17848071	JAK3	0	-	23291
ENSG00000105640	chr19	17859910	17864153	RPL18A	0	+	4243
ENSG00000105643	chr19	18001132	18014102	ARRDC2	0	+	12970
ENSG00000105649	chr19	18196784	18204042	RAB3A	0	-	7258
ENSG00000105655	chr19	18434388	18438167	ISYNA1	0	-	3779
ENSG00000105656	chr19	18442663	18522116	ELL	0	-	79453
ENSG00000105662	chr19	18683678	18782333	CRTC1	0	+	98655
ENSG00000105664	chr19	18782773	18791305	COMP	0	-	8532
ENSG00000105668	chr19	35666516	35678483	UPK1A	0	+	11967
ENSG00000105671	chr19	18919705	18929189	DDX49	0	+	9484
ENSG00000105676	chr19	19033575	19060311	ARMC6	0	+	26736
ENSG00000105677	chr19	35545600	35547526	TMEM147	0	+	1926
ENSG00000105679	chr19	35533455	35545319	GAPDHS	0	+	11864
ENSG00000105695	chr19	35292125	35313807	MAG	0	+	21682
ENSG00000105696	chr19	18607430	18621039	TMEM59L	0	+	13609
ENSG00000105697	chr19	35280716	35285143	HAMP	0	+	4427
ENSG00000105698	chr19	35268962	35279821	USF2	0	+	10859
ENSG00000105699	chr19	35248330	35267964	LSR	0	+	19634
ENSG00000105700	chr19	18557762	18569387	KXD1	0	+	11625
ENSG00000105701	chr19	18531751	18544077	FKBP8	0	-	12326
ENSG00000105705	chr19	19276018	19320509	SUGP1	0	-	44491
ENSG00000105707	chr19	35040506	35066573	HPN	0	+	26067
ENSG00000105708	chr19	19710472	19733112	ZNF14	0	-	22640
ENSG00000105711	chr19	35030470	35040449	SCN1B	0	+	9979
ENSG00000105726	chr19	19645198	19663676	ATP13A1	0	-	18478
ENSG00000105732	chr19	42068477	42081552	ZNF574	0	+	13075
ENSG00000105737	chr19	41998321	42070206	GRIK5	0	-	71885
ENSG00000105738	chr19	37907208	38208369	SIPA1L3	0	+	301161
ENSG00000105750	chr19	20923222	20950697	ZNF85	0	+	27475
ENSG00000105755	chr19	43506719	43527230	ETHE1	0	-	20511
ENSG00000105767	chr19	43622368	43639850	CADM4	0	-	17482
ENSG00000105771	chr19	43727983	43754962	SMG9	0	-	26979
ENSG00000105778	chr7	32495426	32588726	AVL9	0	+	93300
ENSG00000105784	chr7	87627548	87832296	RUNDC3B	0	+	204748
ENSG00000105792	chr7	90245174	90311063	CFAP69	0	+	65889
ENSG00000105810	chr7	92604921	92836573	CDK6	0	-	231652
ENSG00000105821	chr7	103312289	103344830	DNAJC2	0	-	32541
ENSG00000105825	chr7	93885396	93890753	TFPI2	0	-	5357
ENSG00000105829	chr7	93962762	94004382	BET1	0	-	41620
ENSG00000105835	chr7	106248298	106285966	NAMPT	0	-	37668
ENSG00000105849	chr7	19695461	19709037	POLR1F	0	-	13576
ENSG00000105851	chr7	106865278	106908980	PIK3CG	0	+	43702
ENSG00000105852	chr7	95359872	95396375	PON3	0	-	36503
ENSG00000105854	chr7	95404862	95435329	PON2	0	-	30467
ENSG00000105855	chr7	20330702	20415754	ITGB8	0	+	85052
ENSG00000105856	chr7	107168961	107202522	HBP1	0	+	33561
ENSG00000105866	chr7	21428043	21514822	SP4	0	+	86779
ENSG00000105875	chr7	135183839	135211555	WDR91	0	-	27716
ENSG00000105877	chr7	21543039	21901839	DNAH11	0	+	358800
ENSG00000105879	chr7	107743949	107761667	CBLL1	0	+	17718
ENSG00000105880	chr7	97020396	97024950	DLX5	0	-	4554
ENSG00000105887	chr7	135926760	135977359	MTPN	0	-	50599
ENSG00000105889	chr7	22419444	22727613	STEAP1B	0	-	308169
ENSG00000105894	chr7	137227341	137343774	PTN	0	-	116433
ENSG00000105926	chr7	24573268	24694193	PALS2	0	+	120925
ENSG00000105928	chr7	24698355	24757940	GSDME	0	-	59585
ENSG00000105929	chr7	138706294	138799560	ATP6V0A4	0	-	93266
ENSG00000105939	chr7	139043515	139132122	ZC3HAV1	0	-	88607
ENSG00000105948	chr7	139133744	139191986	TTC26	0	+	58242
ENSG00000105953	chr7	44606572	44709066	OGDH	0	+	102494
ENSG00000105967	chr7	115935148	116159896	TFEC	0	-	224748
ENSG00000105968	chr7	44826791	44848087	H2AZ2	0	-	21296
ENSG00000105971	chr7	116287380	116508541	CAV2	0	+	221161
ENSG00000105974	chr7	116524994	116561179	CAV1	0	+	36185
ENSG00000105976	chr7	116672196	116798377	MET	0	+	126181
ENSG00000105982	chr7	156640281	156677130	RNF32	0	+	36849
ENSG00000105983	chr7	156668946	156893216	LMBR1	0	-	224270
ENSG00000105989	chr7	117275451	117323152	WNT2	0	-	47701
ENSG00000105993	chr7	157335381	157417439	DNAJB6	0	+	82058
ENSG00000105997	chr7	27106184	27152583	HOXA3	0	-	46399
ENSG00000106003	chr7	2512529	2529177	LFNG	0	+	16648
ENSG00000106009	chr7	2537810	2555694	BRAT1	0	-	17884
ENSG00000106012	chr7	2558972	2614733	IQCE	0	+	55761
ENSG00000106018	chr7	159028175	159144867	VIPR2	0	-	116692
ENSG00000106025	chr7	120787320	120858402	TSPAN12	0	-	71082
ENSG00000106028	chr7	141738334	141787922	SSBP1	0	+	49588
ENSG00000106034	chr7	120988697	121297442	CPED1	0	+	308745
ENSG00000106049	chr7	27525442	27662883	HIBADH	0	-	137441
ENSG00000106052	chr7	27739331	27844564	TAX1BP1	0	+	105233
ENSG00000106066	chr7	28995235	29195451	CPVL	0	-	200216
ENSG00000106070	chr7	50590063	50793462	GRB10	0	-	203399
ENSG00000106077	chr7	73736094	73738852	ABHD11	0	-	2758
ENSG00000106078	chr7	51016212	51316818	COBL	0	-	300606
ENSG00000106080	chr7	30010587	30026702	FKBP14	0	-	16115
ENSG00000106086	chr7	30027404	30130483	PLEKHA8	0	+	103079
ENSG00000106089	chr7	73699206	73719672	STX1A	0	-	20466
ENSG00000106100	chr7	30424527	30478784	NOD1	0	-	54257
ENSG00000106105	chr7	30580533	30634033	GARS1	0	+	53500
ENSG00000106123	chr7	142855061	142871094	EPHB6	0	+	16033
ENSG00000106144	chr7	143288215	143307696	CASP2	0	+	19481
ENSG00000106153	chr7	56101573	56106476	CHCHD2	0	-	4903
ENSG00000106211	chr7	76302673	76304295	HSPB1	0	+	1622
ENSG00000106236	chr7	98617285	98629869	NPTX2	0	+	12584
ENSG00000106244	chr7	99392048	99408597	PDAP1	0	-	16549
ENSG00000106245	chr7	99408641	99419616	BUD31	0	+	10975
ENSG00000106246	chr7	99416739	99466163	PTCD1	0	-	49424
ENSG00000106258	chr7	99648194	99679998	CYP3A5	0	-	31804
ENSG00000106261	chr7	100015572	100041689	ZKSCAN1	0	+	26117
ENSG00000106263	chr7	2354086	2380745	EIF3B	0	+	26659
ENSG00000106266	chr7	2251770	2354318	SNX8	0	-	102548
ENSG00000106268	chr7	2242226	2251146	NUDT1	0	+	8920
ENSG00000106278	chr7	121873089	122062036	PTPRZ1	0	+	188947
ENSG00000106290	chr7	100106876	100119841	TAF6	0	-	12965
ENSG00000106299	chr7	123681943	123749003	WASL	0	-	67060
ENSG00000106305	chr7	6009255	6023834	AIMP2	0	+	14579
ENSG00000106327	chr7	100620416	100642779	TFR2	0	-	22363
ENSG00000106328	chr7	127591409	127602144	FSCN3	0	+	10735
ENSG00000106330	chr7	100612102	100615384	MOSPD3	0	+	3282
ENSG00000106333	chr7	100602363	100608175	PCOLCE	0	+	5812
ENSG00000106344	chr7	128297685	128343908	RBM28	0	-	46223
ENSG00000106346	chr7	6104949	6161564	USP42	0	+	56615
ENSG00000106348	chr7	128392277	128410252	IMPDH1	0	-	17975
ENSG00000106351	chr7	100539203	100568220	AGFG2	0	+	29017
ENSG00000106355	chr7	32485338	32495283	LSM5	0	-	9945
ENSG00000106366	chr7	101127104	101139247	SERPINE1	0	+	12143
ENSG00000106367	chr7	101154456	101161596	AP1S1	0	+	7140
ENSG00000106392	chr7	7156934	7248616	C1GALT1	0	+	91682
ENSG00000106397	chr7	101205977	101218420	PLOD3	0	-	12443
ENSG00000106399	chr7	7636518	7718607	RPA3	0	-	82089
ENSG00000106400	chr7	101218165	101224190	ZNHIT1	0	+	6025
ENSG00000106404	chr7	101232092	101238820	CLDN15	0	-	6728
ENSG00000106415	chr7	7968796	8094272	GLCCI1	0	+	125476
ENSG00000106443	chr7	10973336	11169623	PHF14	0	+	196287
ENSG00000106459	chr7	129611720	129757082	NRF1	0	+	145362
ENSG00000106460	chr7	12211270	12243367	TMEM106B	0	+	32097
ENSG00000106462	chr7	148807257	148884321	EZH2	0	-	77064
ENSG00000106477	chr7	130393771	130442433	CEP41	0	-	48662
ENSG00000106479	chr7	149838375	149867479	ZNF862	0	+	29104
ENSG00000106483	chr7	37905932	38025695	SFRP4	0	-	119763
ENSG00000106484	chr7	130486171	130506465	MEST	0	+	20294
ENSG00000106511	chr7	15611212	15686683	MEOX2	0	-	75471
ENSG00000106524	chr7	16599779	16645817	ANKMY2	0	-	46038
ENSG00000106526	chr7	150243916	150323725	ACTR3C	0	-	79809
ENSG00000106537	chr7	16753755	16784536	TSPAN13	0	+	30781
ENSG00000106538	chr7	150338317	150341662	RARRES2	0	-	3345
ENSG00000106541	chr7	16791811	16833433	AGR2	0	-	41622
ENSG00000106546	chr7	16916359	17346152	AHR	0	+	429793
ENSG00000106554	chr7	132784870	133082090	CHCHD3	0	-	297220
ENSG00000106560	chr7	150685697	150693641	GIMAP2	0	+	7944
ENSG00000106565	chr7	150791285	150801360	TMEM176B	0	-	10075
ENSG00000106571	chr7	41960949	42264100	GLI3	0	-	303151
ENSG00000106591	chr7	42932376	42948958	MRPL32	0	+	16582
ENSG00000106603	chr7	43608456	43729717	COA1	0	-	121261
ENSG00000106605	chr7	43758680	43807342	BLVRA	0	+	48662
ENSG00000106608	chr7	43875894	43926411	URGCP	0	-	50517
ENSG00000106609	chr7	66921225	66958551	TMEM248	0	+	37326
ENSG00000106615	chr7	151466012	151520120	RHEB	0	-	54108
ENSG00000106617	chr7	151556124	151877125	PRKAG2	0	-	321001
ENSG00000106624	chr7	44104345	44114562	AEBP1	0	+	10217
ENSG00000106628	chr7	44114680	44124358	POLD2	0	-	9678
ENSG00000106635	chr7	73536356	73557690	BCL7B	0	-	21334
ENSG00000106636	chr7	44200959	44214294	YKT6	0	+	13335
ENSG00000106638	chr7	73567537	73578791	TBL2	0	-	11254
ENSG00000106665	chr7	74289407	74405935	CLIP2	0	+	116528
ENSG00000106682	chr7	74174231	74197122	EIF4H	0	+	22891
ENSG00000106683	chr7	74082933	74122525	LIMK1	0	+	39592
ENSG00000106686	chr9	4553386	4666674	SPATA6L	0	-	113288
ENSG00000106688	chr9	4490468	4587469	SLC1A1	0	+	97001
ENSG00000106692	chr9	105558122	105653820	FKTN	0	+	95698
ENSG00000106701	chr9	105447796	105552433	FSD1L	0	+	104637
ENSG00000106714	chr9	39064710	39288315	CNTNAP3	0	-	223605
ENSG00000106723	chr9	88388430	88478694	SPIN1	0	+	90264
ENSG00000106733	chr9	75060573	75088217	NMRK1	0	-	27644
ENSG00000106771	chr9	109015135	109119947	TMEM245	0	-	104812
ENSG00000106772	chr9	76611376	76906114	PRUNE2	0	-	294738
ENSG00000106780	chr9	120600811	120714470	MEGF9	0	-	113659
ENSG00000106785	chr9	98069275	98119222	TRIM14	0	-	49947
ENSG00000106789	chr9	98120975	98192637	CORO2A	0	-	71662
ENSG00000106799	chr9	99104038	99154192	TGFBR1	0	+	50154
ENSG00000106803	chr9	99222064	99230615	SEC61B	0	+	8551
ENSG00000106804	chr9	120952335	121050275	C5	0	-	97940
ENSG00000106809	chr9	92383268	92404696	OGN	0	-	21428
ENSG00000106819	chr9	92456205	92482506	ASPN	0	-	26301
ENSG00000106823	chr9	92493554	92536655	ECM2	0	-	43101
ENSG00000106829	chr9	79571773	79726882	TLE4	0	+	155109
ENSG00000106852	chr9	122202577	122229626	LHX6	0	-	27049
ENSG00000106853	chr9	111549722	111599893	PTGR1	0	-	50171
ENSG00000106868	chr9	112040783	112175297	SUSD1	0	-	134514
ENSG00000106927	chr9	114060127	114078328	AMBP	0	-	18201
ENSG00000106948	chr9	114334156	114394405	AKNA	0	-	60249
ENSG00000106952	chr9	114893343	114930595	TNFSF8	0	-	37252
ENSG00000106976	chr9	128191655	128255248	DNM1	0	+	63593
ENSG00000106991	chr9	127815013	127854658	ENG	0	-	39645
ENSG00000106993	chr9	4679559	4708399	CDC37L1	0	+	28840
ENSG00000107014	chr9	5299864	5304716	RLN2	0	-	4852
ENSG00000107020	chr9	5357971	5437925	PLGRKT	0	-	79954
ENSG00000107021	chr9	128787253	128810430	TBC1D13	0	+	23177
ENSG00000107036	chr9	5629025	5776557	RIC1	0	+	147532
ENSG00000107077	chr9	6720863	7175648	KDM4C	0	+	454785
ENSG00000107099	chr9	214854	465259	DOCK8	0	+	250405
ENSG00000107104	chr9	470291	746105	KANK1	0	+	275814
ENSG00000107105	chr9	23690104	23826337	ELAVL2	0	-	136233
ENSG00000107130	chr9	130172404	130237303	NCS1	0	+	64899
ENSG00000107140	chr9	35605262	35610041	TESK1	0	+	4779
ENSG00000107159	chr9	35673928	35681159	CA9	0	+	7231
ENSG00000107164	chr9	130578965	130638352	FUBP3	0	+	59387
ENSG00000107165	chr9	12685439	12710285	TYRP1	0	+	24846
ENSG00000107175	chr9	35732598	35736999	CREB3	0	+	4401
ENSG00000107185	chr9	35749287	35758585	RGP1	0	+	9298
ENSG00000107186	chr9	13105706	13279692	MPDZ	0	-	173986
ENSG00000107223	chr9	136862119	136866308	EDF1	0	-	4189
ENSG00000107242	chr9	68705240	69009176	PIP5K1B	0	+	303936
ENSG00000107249	chr9	3824127	4348392	GLIS3	0	-	524265
ENSG00000107262	chr9	33247820	33264720	BAG1	0	-	16900
ENSG00000107263	chr9	131576770	131740076	RAPGEF1	0	-	163306
ENSG00000107282	chr9	69427532	69672371	APBA1	0	-	244839
ENSG00000107290	chr9	132261356	132354986	SETX	0	-	93630
ENSG00000107331	chr9	137007234	137028915	ABCA2	0	-	21681
ENSG00000107341	chr9	33817160	33920399	UBE2R2	0	+	103239
ENSG00000107362	chr9	71862452	71911193	ABHD17B	0	-	48741
ENSG00000107372	chr9	72351413	72365235	ZFAND5	0	-	13822
ENSG00000107404	chr1	1335276	1349418	DVL1	0	-	14142
ENSG00000107438	chr10	95237572	95291012	PDLIM1	0	-	53440
ENSG00000107443	chr10	96043394	96060870	CCNJ	0	+	17476
ENSG00000107485	chr10	8045378	8075198	GATA3	0	+	29820
ENSG00000107518	chr10	115093365	115948999	ATRNL1	0	+	855634
ENSG00000107521	chr10	98416198	98446935	HPS1	0	-	30737
ENSG00000107537	chr10	13277796	13302412	PHYH	0	-	24616
ENSG00000107551	chr10	44959407	44995891	RASSF4	0	+	36484
ENSG00000107554	chr10	99875577	100009947	DNMBP	0	-	134370
ENSG00000107560	chr10	118004916	118046941	RAB11FIP2	0	-	42025
ENSG00000107562	chr10	44370165	44386493	CXCL12	0	-	16328
ENSG00000107566	chr10	100150094	100186033	ERLIN1	0	-	35939
ENSG00000107581	chr10	119033670	119080823	EIF3A	0	-	47153
ENSG00000107611	chr10	16823966	17129811	CUBN	0	-	305845
ENSG00000107614	chr10	17137336	17202054	TRDMT1	0	-	64718
ENSG00000107625	chr10	68901286	68946847	DDX50	0	+	45561
ENSG00000107643	chr10	48306639	48439360	MAPK8	0	+	132721
ENSG00000107651	chr10	119892730	119944657	SEC23IP	0	+	51927
ENSG00000107669	chr10	121709393	121928801	ATE1	0	-	219408
ENSG00000107672	chr10	121957091	121975217	NSMCE4A	0	-	18126
ENSG00000107679	chr10	122374696	122432354	PLEKHA1	0	+	57658
ENSG00000107719	chr10	70478767	70568450	PALD1	0	+	89683
ENSG00000107731	chr10	71212570	71302864	UNC5B	0	+	90294
ENSG00000107736	chr10	71396920	71815947	CDH23	0	+	419027
ENSG00000107738	chr10	71747556	71773520	VSIR	0	-	25964
ENSG00000107742	chr10	72059034	72089032	SPOCK2	0	-	29998
ENSG00000107745	chr10	72367340	72626131	MICU1	0	-	258791
ENSG00000107758	chr10	73436433	73496024	PPP3CB	0	-	59591
ENSG00000107771	chr10	84328586	84518521	CCSER2	0	+	189935
ENSG00000107779	chr10	86756601	86932825	BMPR1A	0	+	176224
ENSG00000107789	chr10	87504875	87553461	MINPP1	0	+	48586
ENSG00000107796	chr10	88935074	88991339	ACTA2	0	-	56265
ENSG00000107798	chr10	89213569	89414557	LIPA	0	-	200988
ENSG00000107807	chr10	101131300	101137789	TLX1	0	+	6489
ENSG00000107815	chr10	100987367	100994403	TWNK	0	+	7036
ENSG00000107816	chr10	100996618	101007836	LZTS2	0	+	11218
ENSG00000107819	chr10	101031234	101041244	SFXN3	0	+	10010
ENSG00000107821	chr10	101061989	101068131	KAZALD1	0	+	6142
ENSG00000107829	chr10	101610664	101695295	FBXW4	0	-	84631
ENSG00000107833	chr10	101781325	101783413	NPM3	0	-	2088
ENSG00000107854	chr10	91798426	91865475	TNKS2	0	+	67049
ENSG00000107862	chr10	102245371	102382899	GBF1	0	+	137528
ENSG00000107863	chr10	24583609	24723887	ARHGAP21	0	-	140278
ENSG00000107864	chr10	92046692	92291078	CPEB3	0	-	244386
ENSG00000107872	chr10	102419189	102423136	FBXL15	0	+	3947
ENSG00000107874	chr10	102423245	102432584	CUEDC2	0	-	9339
ENSG00000107882	chr10	102503972	102633535	SUFU	0	+	129563
ENSG00000107890	chr10	26973793	27100494	ANKRD26	0	-	126701
ENSG00000107897	chr10	27168135	27243046	ACBD5	0	-	74911
ENSG00000107902	chr10	124461823	124617888	LHPP	0	+	156065
ENSG00000107929	chr10	806933	931821	LARP4B	0	-	124888
ENSG00000107937	chr10	988434	1019932	GTPBP4	0	+	31498
ENSG00000107938	chr10	125719515	125764143	EDRF1	0	+	44628
ENSG00000107949	chr10	125823546	125853695	BCCIP	0	+	30149
ENSG00000107951	chr10	30309801	30374448	MTPAP	0	-	64647
ENSG00000107954	chr10	103493705	103592546	NEURL1	0	+	98841
ENSG00000107957	chr10	103594027	103855584	SH3PXD2A	0	-	261557
ENSG00000107959	chr10	3137728	3172841	PITRM1	0	-	35113
ENSG00000107960	chr10	103877569	103918184	STN1	0	-	40615
ENSG00000107968	chr10	30434021	30461833	MAP3K8	0	+	27812
ENSG00000107984	chr10	52314281	52318042	DKK1	0	+	3761
ENSG00000108001	chr10	129835233	129973053	EBF3	0	-	137820
ENSG00000108010	chr10	130136391	130184521	GLRX3	0	+	48130
ENSG00000108018	chr10	106573663	107164706	SORCS1	0	-	591043
ENSG00000108021	chr10	5684838	5763740	TASOR2	0	+	78902
ENSG00000108039	chr10	109864766	109923553	XPNPEP1	0	-	58787
ENSG00000108055	chr10	110567684	110606048	SMC3	0	+	38364
ENSG00000108061	chr10	110919367	111017307	SHOC2	0	+	97940
ENSG00000108064	chr10	58385345	58399220	TFAM	0	+	13875
ENSG00000108091	chr10	59788747	59906556	CCDC6	0	-	117809
ENSG00000108094	chr10	35008504	35127006	CUL2	0	-	118502
ENSG00000108100	chr10	35247025	35572669	CCNY	0	+	325644
ENSG00000108106	chr19	55399745	55407788	UBE2S	0	-	8043
ENSG00000108107	chr19	55385932	55403250	RPL28	0	+	17318
ENSG00000108175	chr10	79068966	79316519	ZMIZ1	0	+	247553
ENSG00000108176	chr10	67796669	67838188	DNAJC12	0	-	41519
ENSG00000108179	chr10	79347469	79355334	PPIF	0	+	7865
ENSG00000108187	chr10	68282660	68333049	PBLD	0	-	50389
ENSG00000108219	chr10	80454166	80533124	TSPAN14	0	+	78958
ENSG00000108239	chr10	94402541	94536332	TBC1D12	0	+	133791
ENSG00000108244	chr17	40922700	40937646	KRT23	0	-	14946
ENSG00000108256	chr17	29255839	29294148	NUFIP2	0	-	38309
ENSG00000108262	chr17	29573475	29594054	GIT1	0	-	20579
ENSG00000108298	chr17	39200283	39204840	RPL19	0	+	4557
ENSG00000108306	chr17	39252663	39402523	FBXL20	0	-	149860
ENSG00000108309	chr17	44308413	44318670	RUNDC3A	0	+	10257
ENSG00000108312	chr17	44205033	44221626	UBTF	0	-	16593
ENSG00000108344	chr17	39980807	39997959	PSMD3	0	+	17152
ENSG00000108349	chr17	40140318	40172171	CASC3	0	+	31853
ENSG00000108352	chr17	40177010	40195656	RAPGEFL1	0	+	18646
ENSG00000108370	chr17	65100812	65227703	RGS9	0	+	126891
ENSG00000108379	chr17	46762506	46833154	WNT3	0	-	70648
ENSG00000108381	chr17	3472374	3503405	ASPA	0	+	31031
ENSG00000108384	chr17	58692573	58735611	RAD51C	0	+	43038
ENSG00000108387	chr17	58520250	58544368	SEPTIN4	0	-	24118
ENSG00000108389	chr17	58489529	58517905	MTMR4	0	-	28376
ENSG00000108395	chr17	58982638	59106921	TRIM37	0	-	124283
ENSG00000108405	chr17	3896592	3916476	P2RX1	0	-	19884
ENSG00000108406	chr17	59565558	59608345	DHX40	0	+	42787
ENSG00000108423	chr17	59859479	59892945	TUBD1	0	-	33466
ENSG00000108424	chr17	47649476	47685505	KPNB1	0	+	36029
ENSG00000108439	chr17	47941506	47949308	PNPO	0	+	7802
ENSG00000108443	chr17	59893046	59950574	RPS6KB1	0	+	57528
ENSG00000108465	chr17	47967810	47981781	CDK5RAP3	0	+	13971
ENSG00000108468	chr17	48070052	48101478	CBX1	0	-	31426
ENSG00000108469	chr17	75626845	75667189	RECQL5	0	-	40344
ENSG00000108474	chr17	16217191	16351797	PIGL	0	+	134606
ENSG00000108479	chr17	75751594	75765236	GALK1	0	-	13642
ENSG00000108506	chr17	61865367	61928016	INTS2	0	-	62649
ENSG00000108509	chr17	4967992	4987675	CAMTA2	0	-	19683
ENSG00000108510	chr17	61942605	62065278	MED13	0	-	122673
ENSG00000108515	chr17	4948092	4957131	ENO3	0	+	9039
ENSG00000108518	chr17	4945652	4949061	PFN1	0	-	3409
ENSG00000108523	chr17	4940008	4945222	RNF167	0	+	5214
ENSG00000108528	chr17	4937130	4940053	SLC25A11	0	-	2923
ENSG00000108551	chr17	17494437	17496395	RASD1	0	-	1958
ENSG00000108556	chr17	4897771	4934438	CHRNE	0	-	36667
ENSG00000108557	chr17	17681458	17811453	RAI1	0	+	129995
ENSG00000108559	chr17	5360963	5419676	NUP88	0	-	58713
ENSG00000108576	chr17	30194319	30236002	SLC6A4	0	-	41683
ENSG00000108578	chr17	30248203	30292056	BLMH	0	-	43853
ENSG00000108582	chr17	30378927	30469989	CPD	0	+	91062
ENSG00000108587	chr17	30477362	30527592	GOSR1	0	+	50230
ENSG00000108588	chr17	63745255	63776351	CCDC47	0	-	31096
ENSG00000108590	chr17	6643311	6651634	MED31	0	-	8323
ENSG00000108591	chr17	18087892	18107970	DRG2	0	+	20078
ENSG00000108592	chr17	63819433	63830012	FTSJ3	0	-	10579
ENSG00000108599	chr17	19904302	19978343	AKAP10	0	-	74041
ENSG00000108602	chr17	19737984	19748943	ALDH3A1	0	-	10959
ENSG00000108604	chr17	63832081	63843065	SMARCD2	0	-	10984
ENSG00000108622	chr17	64002594	64020634	ICAM2	0	-	18040
ENSG00000108639	chr17	78168581	78173527	SYNGR2	0	+	4946
ENSG00000108641	chr17	19334308	19378193	B9D1	0	-	43885
ENSG00000108651	chr17	31860904	31901708	UTP6	0	-	40804
ENSG00000108654	chr17	64498254	64508199	DDX5	0	-	9945
ENSG00000108666	chr17	32324565	32350023	C17orf75	0	-	25458
ENSG00000108669	chr17	78674048	78782297	CYTH1	0	-	108249
ENSG00000108671	chr17	32444379	32483319	PSMD11	0	+	38940
ENSG00000108679	chr17	78971238	78979947	LGALS3BP	0	-	8709
ENSG00000108691	chr17	34255218	34257203	CCL2	0	+	1985
ENSG00000108700	chr17	34319435	34321402	CCL8	0	+	1967
ENSG00000108733	chr17	35574795	35578863	PEX12	0	-	4068
ENSG00000108771	chr17	42101404	42112714	DHX58	0	-	11310
ENSG00000108784	chr17	42536241	42544449	NAGLU	0	+	8208
ENSG00000108786	chr17	42552922	42555214	HSD17B1	0	+	2292
ENSG00000108788	chr17	42567072	42573239	MLX	0	+	6167
ENSG00000108797	chr17	42682531	42699993	CNTNAP1	0	+	17462
ENSG00000108798	chr17	49210411	49223225	ABI3	0	+	12814
ENSG00000108799	chr17	42700275	42745049	EZH1	0	-	44774
ENSG00000108813	chr17	49968970	49974959	DLX4	0	+	5989
ENSG00000108819	chr17	50133737	50150677	PPP1R9B	0	-	16940
ENSG00000108821	chr17	50184101	50201632	COL1A1	0	-	17531
ENSG00000108825	chr17	42950526	42980528	PTGES3L-AARSD1	0	-	30002
ENSG00000108826	chr17	50367857	50373207	MRPL27	0	-	5350
ENSG00000108828	chr17	43014607	43025123	VAT1	0	-	10516
ENSG00000108829	chr17	50375059	50397523	LRRC59	0	-	22464
ENSG00000108830	chr17	43025231	43032041	RND2	0	+	6810
ENSG00000108839	chr17	6996049	7010754	ALOX12	0	+	14705
ENSG00000108840	chr17	44076746	44123702	HDAC5	0	-	46956
ENSG00000108846	chr17	50634777	50692253	ABCC3	0	+	57476
ENSG00000108848	chr17	50719565	50756219	LUC7L3	0	+	36654
ENSG00000108852	chr17	43875357	43909711	MPP2	0	-	34354
ENSG00000108854	chr17	64542282	64662307	SMURF2	0	-	120025
ENSG00000108861	chr17	43766125	43778977	DUSP3	0	-	12852
ENSG00000108878	chr17	67044554	67056797	CACNG1	0	+	12243
ENSG00000108883	chr17	44849948	44899445	EFTUD2	0	-	49497
ENSG00000108924	chr17	55264960	55325187	HLF	0	+	60227
ENSG00000108932	chr17	68267026	68291267	SLC16A6	0	-	24241
ENSG00000108946	chr17	68511780	68551319	PRKAR1A	0	+	39539
ENSG00000108947	chr17	7705202	7711372	EFNB3	0	+	6170
ENSG00000108950	chr17	68535113	68601367	FAM20A	0	-	66254
ENSG00000108953	chr17	1344275	1400222	YWHAE	0	-	55947
ENSG00000108960	chr17	55392622	55421924	MMD	0	-	29302
ENSG00000108961	chr17	8288654	8290092	RANGRF	0	+	1438
ENSG00000108963	chr17	2030137	2043898	DPH1	0	+	13761
ENSG00000108984	chr17	69414697	69553865	MAP2K6	0	+	139168
ENSG00000109016	chr17	21123364	21193265	DHRS7B	0	+	69901
ENSG00000109046	chr17	27294076	27315926	WSB1	0	+	21850
ENSG00000109061	chr17	10492307	10518542	MYH1	0	-	26235
ENSG00000109062	chr17	74748628	74769353	SLC9A3R1	0	+	20725
ENSG00000109063	chr17	10628526	10657309	MYH3	0	-	28783
ENSG00000109065	chr17	74770529	74776367	NAT9	0	-	5838
ENSG00000109066	chr17	74776499	74839753	TMEM104	0	+	63254
ENSG00000109072	chr17	28367284	28373091	VTN	0	-	5807
ENSG00000109079	chr17	28335602	28347009	TNFAIP1	0	+	11407
ENSG00000109083	chr17	28328325	28335489	IFT20	0	-	7164
ENSG00000109084	chr17	28319200	28328685	TMEM97	0	+	9485
ENSG00000109089	chr17	74987632	75005800	CDR2L	0	+	18168
ENSG00000109099	chr17	15229773	15272292	PMP22	0	-	42519
ENSG00000109111	chr17	28662198	28702679	SUPT6H	0	+	40481
ENSG00000109113	chr17	28714281	28718429	RAB34	0	-	4148
ENSG00000109118	chr17	28905250	28951771	PHF12	0	-	46521
ENSG00000109133	chr4	41935129	41960803	TMEM33	0	+	25674
ENSG00000109171	chr4	48341529	48426201	SLAIN2	0	+	84672
ENSG00000109180	chr4	48805212	48861817	OCIAD1	0	+	56605
ENSG00000109182	chr4	48986275	49062081	CWH43	0	+	75806
ENSG00000109184	chr4	51843000	51916837	DCUN1D4	0	+	73837
ENSG00000109189	chr4	52590960	52659301	USP46	0	-	68341
ENSG00000109205	chr4	70195725	70204576	ODAM	0	+	8851
ENSG00000109208	chr4	70360760	70367158	SMR3A	0	+	6398
ENSG00000109220	chr4	54009789	54064605	CHIC2	0	-	54816
ENSG00000109255	chr4	55595229	55636698	NMU	0	-	41469
ENSG00000109265	chr4	56049098	56330609	CRACD	0	+	281511
ENSG00000109270	chr4	99878336	99894428	LAMTOR3	0	-	16092
ENSG00000109320	chr4	102501331	102617302	NFKB1	0	+	115971
ENSG00000109321	chr4	74445136	74455005	AREG	0	+	9869
ENSG00000109323	chr4	102630770	102760994	MANBA	0	-	130224
ENSG00000109332	chr4	102794383	102868896	UBE2D3	0	-	74513
ENSG00000109339	chr4	85990007	86594625	MAPK10	0	-	604618
ENSG00000109381	chr4	139028112	139177218	ELF2	0	-	149106
ENSG00000109390	chr4	139266880	139302551	NDUFC1	0	-	35671
ENSG00000109424	chr4	140559431	140568961	UCP1	0	-	9530
ENSG00000109436	chr4	140620782	140756385	TBC1D9	0	-	135603
ENSG00000109445	chr4	141220887	141234697	ZNF330	0	+	13810
ENSG00000109452	chr4	142023160	142847432	INPP4B	0	-	824272
ENSG00000109458	chr4	143336762	143474568	GAB1	0	+	137806
ENSG00000109466	chr4	165207561	165323156	KLHL2	0	+	115595
ENSG00000109472	chr4	165361194	165498547	CPE	0	+	137353
ENSG00000109475	chr4	108620569	108630412	RPL34	0	+	9843
ENSG00000109501	chr4	6269849	6303265	WFS1	0	+	33416
ENSG00000109519	chr4	7058895	7068064	GRPEL1	0	-	9169
ENSG00000109534	chr4	109815510	109824740	GAR1	0	+	9230
ENSG00000109536	chr4	189940870	189963202	FRG1	0	+	22332
ENSG00000109572	chr4	169612633	169723673	CLCN3	0	+	111040
ENSG00000109576	chr4	170060222	170091699	AADAT	0	-	31477
ENSG00000109586	chr4	173168811	173323967	GALNT7	0	+	155156
ENSG00000109606	chr4	24517441	24584554	DHX15	0	-	67113
ENSG00000109610	chr4	24789912	24800842	SOD3	0	+	10930
ENSG00000109618	chr4	25120014	25160550	SEPSECS	0	-	40536
ENSG00000109667	chr4	9771153	10054936	SLC2A9	0	-	283783
ENSG00000109670	chr4	152320544	152536092	FBXW7	0	-	215548
ENSG00000109674	chr4	177309874	177362936	NEIL3	0	+	53062
ENSG00000109680	chr4	26576437	26756223	TBC1D19	0	+	179786
ENSG00000109685	chr4	1871393	1982207	NSD2	0	+	110814
ENSG00000109686	chr4	151102751	151325605	SH3D19	0	-	222854
ENSG00000109689	chr4	26857601	27025381	STIM2	0	+	167780
ENSG00000109736	chr4	2930561	2934834	MFSD10	0	-	4273
ENSG00000109738	chr4	157076125	157172090	GLRB	0	+	95965
ENSG00000109743	chr4	15703065	15738313	BST1	0	+	35248
ENSG00000109756	chr4	159103013	159360174	RAPGEF2	0	+	257161
ENSG00000109762	chr4	185204237	185370185	SNX25	0	+	165948
ENSG00000109771	chr4	185363872	185395924	LRP2BP	0	-	32052
ENSG00000109775	chr4	185399537	185425979	UFSP2	0	-	26442
ENSG00000109787	chr4	38664197	38701517	KLF3	0	+	37320
ENSG00000109790	chr4	39045039	39126857	KLHL5	0	+	81818
ENSG00000109794	chr4	186104419	186175337	FAM149A	0	+	70918
ENSG00000109805	chr4	17810979	17844865	NCAPG	0	+	33886
ENSG00000109814	chr4	39498755	39528311	UGDH	0	-	29556
ENSG00000109819	chr4	23755041	23904089	PPARGC1A	0	-	149048
ENSG00000109846	chr11	111908564	111923722	CRYAB	0	-	15158
ENSG00000109854	chr11	20363685	20383782	HTATIP2	0	+	20097
ENSG00000109861	chr11	88265069	88359684	CTSC	0	-	94615
ENSG00000109881	chr11	27330827	27363234	CCDC34	0	-	32407
ENSG00000109906	chr11	114059041	114256765	ZBTB16	0	+	197724
ENSG00000109911	chr11	31509755	31790324	ELP4	0	+	280569
ENSG00000109917	chr11	116773799	116788039	ZPR1	0	-	14240
ENSG00000109919	chr11	47617315	47642607	MTCH2	0	-	25292
ENSG00000109920	chr11	47716494	47767443	FNBP4	0	-	50949
ENSG00000109927	chr11	121101243	121191490	TECTA	0	+	90247
ENSG00000109929	chr11	121292681	121313410	SC5D	0	+	20729
ENSG00000109943	chr11	122838500	122872643	CRTAM	0	+	34143
ENSG00000109944	chr11	122882683	122963862	JHY	0	+	81179
ENSG00000109956	chr11	134378504	134412242	B3GAT1	0	-	33738
ENSG00000109971	chr11	123057489	123063230	HSPA8	0	-	5741
ENSG00000110002	chr11	124115404	124147721	VWA5A	0	+	32317
ENSG00000110013	chr11	124633113	124695707	SIAE	0	-	62594
ENSG00000110031	chr11	58526871	58578220	LPXN	0	-	51349
ENSG00000110042	chr11	59171430	59208588	DTX4	0	+	37158
ENSG00000110046	chr11	64894546	64917211	ATG2A	0	-	22665
ENSG00000110047	chr11	64851642	64888296	EHD1	0	-	36654
ENSG00000110048	chr11	59574398	59615774	OSBP	0	-	41376
ENSG00000110057	chr11	67991100	68004982	UNC93B1	0	-	13882
ENSG00000110060	chr11	125893485	125903221	PUS3	0	-	9736
ENSG00000110063	chr11	126304060	126350005	DCPS	0	+	45945
ENSG00000110066	chr11	68154863	68213828	KMT5B	0	-	58965
ENSG00000110074	chr11	126269024	126278131	FOXRED1	0	+	9107
ENSG00000110075	chr11	68460731	68615334	PPP6R3	0	+	154603
ENSG00000110076	chr11	64606174	64723197	NRXN2	0	-	117023
ENSG00000110077	chr11	60172015	60184666	MS4A6A	0	-	12651
ENSG00000110079	chr11	60185657	60318080	MS4A4A	0	+	132423
ENSG00000110080	chr11	126355640	126440344	ST3GAL4	0	+	84704
ENSG00000110090	chr11	68754620	68844410	CPT1A	0	-	89790
ENSG00000110092	chr11	69641156	69654474	CCND1	0	+	13318
ENSG00000110104	chr11	60842113	60851081	CCDC86	0	+	8968
ENSG00000110107	chr11	60890547	60906585	PRPF19	0	-	16038
ENSG00000110108	chr11	60914158	60923443	TMEM109	0	+	9285
ENSG00000110169	chr11	6431049	6442617	HPX	0	-	11568
ENSG00000110171	chr11	6448613	6474459	TRIM3	0	-	25846
ENSG00000110172	chr11	90200429	90223077	CHORDC1	0	-	22648
ENSG00000110195	chr11	72189558	72196323	FOLR1	0	+	6765
ENSG00000110200	chr11	72106378	72112780	ANAPC15	0	-	6402
ENSG00000110218	chr11	94128841	94181968	PANX1	0	+	53127
ENSG00000110237	chr11	73308276	73369388	ARHGEF17	0	+	61112
ENSG00000110274	chr11	117314557	117413266	CEP164	0	+	98709
ENSG00000110315	chr11	10511673	10541230	RNF141	0	-	29557
ENSG00000110318	chr11	101915010	102001062	CEP126	0	+	86052
ENSG00000110321	chr11	10797050	10808940	EIF4G2	0	-	11890
ENSG00000110324	chr11	117986370	118003037	IL10RA	0	+	16667
ENSG00000110328	chr11	11270877	11622005	GALNT18	0	-	351128
ENSG00000110330	chr11	102347211	102378670	BIRC2	0	+	31459
ENSG00000110344	chr11	118359600	118399211	UBE4A	0	+	39611
ENSG00000110367	chr11	118747763	118791164	DDX6	0	-	43401
ENSG00000110395	chr11	119206298	119313926	CBL	0	+	107628
ENSG00000110400	chr11	119623408	119729200	NECTIN1	0	-	105792
ENSG00000110422	chr11	33256672	33357023	HIPK3	0	+	100351
ENSG00000110427	chr11	33376108	33674102	KIAA1549L	0	+	297994
ENSG00000110429	chr11	33740939	33774543	FBXO3	0	-	33604
ENSG00000110435	chr11	34915829	35020591	PDHX	0	+	104762
ENSG00000110436	chr11	35251205	35420063	SLC1A2	0	-	168858
ENSG00000110442	chr11	36269284	36289449	COMMD9	0	-	20165
ENSG00000110446	chr11	60937060	60952653	SLC15A3	0	-	15593
ENSG00000110448	chr11	61102489	61127852	CD5	0	+	25363
ENSG00000110455	chr11	44065925	44084237	ACCS	0	+	18312
ENSG00000110484	chr11	62270158	62273160	SCGB2A2	0	+	3002
ENSG00000110492	chr11	46380756	46383837	MDK	0	+	3081
ENSG00000110497	chr11	46396414	46594125	AMBRA1	0	-	197711
ENSG00000110514	chr11	47269161	47330031	MADD	0	+	60870
ENSG00000110583	chr11	63938959	63957319	NAA40	0	+	18360
ENSG00000110619	chr11	3000922	3057613	CARS1	0	-	56691
ENSG00000110628	chr11	2899721	2925246	SLC22A18	0	+	25525
ENSG00000110651	chr11	2376177	2397397	CD81	0	+	21220
ENSG00000110660	chr11	107790991	107928293	SLC35F2	0	-	137302
ENSG00000110693	chr11	15966449	16739591	SOX6	0	-	773142
ENSG00000110696	chr11	16613132	16758340	C11orf58	0	+	145208
ENSG00000110697	chr11	67491768	67506263	PITPNM1	0	-	14495
ENSG00000110700	chr11	17074388	17077715	RPS13	0	-	3327
ENSG00000110711	chr11	67468174	67491154	AIP	0	+	22980
ENSG00000110713	chr11	3671083	3797792	NUP98	0	-	126709
ENSG00000110717	chr11	68030617	68036644	NDUFS8	0	+	6027
ENSG00000110719	chr11	68039025	68050895	TCIRG1	0	+	11870
ENSG00000110721	chr11	68052859	68121444	CHKA	0	-	68585
ENSG00000110723	chr11	108505435	108593768	EXPH5	0	-	88333
ENSG00000110756	chr11	18278668	18322198	HPS5	0	-	43530
ENSG00000110768	chr11	18322295	18367045	GTF2H1	0	+	44750
ENSG00000110777	chr11	111352255	111455630	POU2AF1	0	-	103375
ENSG00000110799	chr12	5948877	6124770	VWF	0	-	175893
ENSG00000110811	chr12	6828407	6839847	P3H3	0	+	11440
ENSG00000110841	chr12	27523431	27695564	PPFIBP1	0	+	172133
ENSG00000110844	chr12	49568218	49644666	PRPF40B	0	+	76448
ENSG00000110848	chr12	9752486	9760901	CD69	0	-	8415
ENSG00000110851	chr12	107732871	107761272	PRDM4	0	-	28401
ENSG00000110852	chr12	9852369	9869386	CLEC2B	0	-	17017
ENSG00000110871	chr12	120503279	120534434	COQ5	0	-	31155
ENSG00000110876	chr12	108621895	108633894	SELPLG	0	-	11999
ENSG00000110880	chr12	108645109	108731526	CORO1C	0	-	86417
ENSG00000110881	chr12	50057548	50083611	ASIC1	0	+	26063
ENSG00000110888	chr12	30709552	30823302	CAPRIN2	0	-	113750
ENSG00000110900	chr12	30926428	30996602	TSPAN11	0	+	70174
ENSG00000110906	chr12	109448655	109477359	KCTD10	0	-	28704
ENSG00000110911	chr12	50979401	51028566	SLC11A2	0	-	49165
ENSG00000110917	chr12	120687149	120701859	MLEC	0	+	14710
ENSG00000110921	chr12	109573255	109598125	MVK	0	+	24870
ENSG00000110925	chr12	51061205	51083664	CSRNP2	0	-	22459
ENSG00000110931	chr12	121237675	121298308	CAMKK2	0	-	60633
ENSG00000110934	chr12	51281038	51324668	BIN2	0	-	43630
ENSG00000110955	chr12	56638175	56645984	ATP5F1B	0	-	7809
ENSG00000110958	chr12	56663341	56688408	PTGES3	0	-	25067
ENSG00000110987	chr12	122019422	122062044	BCL7A	0	+	42622
ENSG00000111011	chr12	122503454	122527000	RSRC2	0	-	23546
ENSG00000111012	chr12	57762334	57768986	CYP27B1	0	-	6652
ENSG00000111052	chr12	80792520	80937934	LIN7A	0	-	145414
ENSG00000111057	chr12	52948871	52952906	KRT18	0	+	4035
ENSG00000111058	chr12	80936414	81261210	ACSS3	0	+	324796
ENSG00000111077	chr12	53046969	53064379	TNS2	0	+	17410
ENSG00000111087	chr12	57459785	57472268	GLI1	0	+	12483
ENSG00000111110	chr12	62643994	62935150	PPM1H	0	-	291156
ENSG00000111142	chr12	95473520	95515839	METAP2	0	+	42319
ENSG00000111144	chr12	96000753	96043520	LTA4H	0	-	42767
ENSG00000111145	chr12	96194375	96269824	ELK3	0	+	75449
ENSG00000111181	chr12	190077	214570	SLC6A12	0	-	24493
ENSG00000111186	chr12	1529891	1647212	WNT5B	0	+	117321
ENSG00000111196	chr12	10604193	10613609	MAGOHB	0	-	9416
ENSG00000111199	chr12	109783087	109833406	TRPV4	0	-	50319
ENSG00000111203	chr12	2812622	2859791	ITFG2	0	+	47169
ENSG00000111206	chr12	2857680	2877174	FOXM1	0	-	19494
ENSG00000111224	chr12	3791047	3873448	PARP11	0	-	82401
ENSG00000111229	chr12	110434823	110450422	ARPC3	0	-	15599
ENSG00000111231	chr12	110452486	110469268	GPN3	0	-	16782
ENSG00000111237	chr12	110491083	110502111	VPS29	0	-	11028
ENSG00000111245	chr12	110910819	110921443	MYL2	0	-	10624
ENSG00000111247	chr12	4538798	4560047	RAD51AP1	0	+	21249
ENSG00000111249	chr12	111034165	111350554	CUX2	0	+	316389
ENSG00000111252	chr12	111405923	111451623	SH2B3	0	+	45700
ENSG00000111254	chr12	4615508	4649051	AKAP3	0	-	33543
ENSG00000111261	chr12	12326056	12350242	MANSC1	0	-	24186
ENSG00000111266	chr12	12473282	12562863	DUSP16	0	-	89581
ENSG00000111269	chr12	12611827	12645108	CREBL2	0	+	33281
ENSG00000111271	chr12	111686053	111757107	ACAD10	0	+	71054
ENSG00000111275	chr12	111766887	111817532	ALDH2	0	+	50645
ENSG00000111276	chr12	12685498	12722369	CDKN1B	0	+	36871
ENSG00000111300	chr12	112026689	112108796	NAA25	0	-	82107
ENSG00000111319	chr12	6346843	6377730	SCNN1A	0	-	30887
ENSG00000111321	chr12	6375045	6391571	LTBR	0	+	16526
ENSG00000111325	chr12	122974580	122980043	OGFOD2	0	+	5463
ENSG00000111328	chr12	123250112	123272334	CDK2AP1	0	-	22222
ENSG00000111331	chr12	112938051	112976460	OAS3	0	+	38409
ENSG00000111335	chr12	112978395	113011723	OAS2	0	+	33328
ENSG00000111339	chr12	14825569	14843526	ART4	0	-	17957
ENSG00000111341	chr12	14880864	14885857	MGP	0	-	4993
ENSG00000111344	chr12	113098819	113136239	RASAL1	0	-	37420
ENSG00000111348	chr12	14942031	14961728	ARHGDIB	0	-	19697
ENSG00000111358	chr12	123633739	123662604	GTF2H3	0	+	28865
ENSG00000111361	chr12	123620406	123633766	EIF2B1	0	-	13360
ENSG00000111364	chr12	123602077	123620943	DDX55	0	+	18866
ENSG00000111371	chr12	46183063	46270017	SLC38A1	0	-	86954
ENSG00000111404	chr12	18080869	18320107	RERGL	0	-	239238
ENSG00000111412	chr12	116710171	116738070	SPRING1	0	-	27899
ENSG00000111424	chr12	47841537	47943048	VDR	0	-	101511
ENSG00000111432	chr12	130162459	130165740	FZD10	0	+	3281
ENSG00000111445	chr12	118013588	118033130	RFC5	0	+	19542
ENSG00000111450	chr12	130789600	130839266	STX2	0	-	49666
ENSG00000111452	chr12	130953907	131141469	ADGRD1	0	+	187562
ENSG00000111481	chr12	54301202	54351846	COPZ1	0	+	50644
ENSG00000111530	chr12	67269358	67319953	CAND1	0	+	50595
ENSG00000111540	chr12	55973913	55996683	RAB5B	0	+	22770
ENSG00000111554	chr12	68272443	68332381	MDM1	0	-	59938
ENSG00000111581	chr12	68686951	68745809	NUP107	0	+	58858
ENSG00000111596	chr12	70243002	70354993	CNOT2	0	+	111991
ENSG00000111602	chr12	56416363	56449426	TIMELESS	0	-	33063
ENSG00000111605	chr12	69239569	69274358	CPSF6	0	+	34789
ENSG00000111615	chr12	75490863	75511636	KRR1	0	-	20773
ENSG00000111639	chr12	6491886	6493841	MRPL51	0	-	1955
ENSG00000111640	chr12	6534512	6538374	GAPDH	0	+	3862
ENSG00000111644	chr12	6638075	6647433	ACRBP	0	-	9358
ENSG00000111647	chr12	100028455	100142874	UHRF1BP1L	0	-	114419
ENSG00000111652	chr12	6724014	6731875	COPS7A	0	+	7861
ENSG00000111653	chr12	6650301	6663142	ING4	0	-	12841
ENSG00000111664	chr12	6839954	6847393	GNB3	0	+	7439
ENSG00000111665	chr12	6844793	6851292	CDCA3	0	-	6499
ENSG00000111666	chr12	101696947	101744140	CHPT1	0	+	47193
ENSG00000111667	chr12	6852148	6866632	USP5	0	+	14484
ENSG00000111669	chr12	6867119	6870948	TPI1	0	+	3829
ENSG00000111670	chr12	101745499	101830959	GNPTAB	0	-	85460
ENSG00000111671	chr12	6870935	6889358	SPSB2	0	-	18423
ENSG00000111676	chr12	6924463	6942321	ATN1	0	+	17858
ENSG00000111678	chr12	6942978	6946003	C12orf57	0	+	3025
ENSG00000111679	chr12	6946468	6961316	PTPN6	0	+	14848
ENSG00000111684	chr12	6976185	7018477	LPCAT3	0	-	42292
ENSG00000111696	chr12	103770453	103841234	NT5DC3	0	-	70781
ENSG00000111707	chr12	118376555	118418033	SUDS3	0	+	41478
ENSG00000111711	chr12	21501781	21518408	GOLT1B	0	+	16627
ENSG00000111716	chr12	21635342	21757857	LDHB	0	-	122515
ENSG00000111725	chr12	119667864	119681624	PRKAB1	0	+	13760
ENSG00000111726	chr12	22046218	22065674	CMAS	0	+	19456
ENSG00000111727	chr12	104064531	104106524	HCFC2	0	+	41993
ENSG00000111728	chr12	22063773	22437041	ST8SIA1	0	-	373268
ENSG00000111731	chr12	22448583	22544546	C2CD5	0	-	95963
ENSG00000111737	chr12	120095099	120117502	RAB35	0	-	22403
ENSG00000111752	chr12	8913896	8941467	PHC1	0	+	27571
ENSG00000111780	chr12	120438198	120460006	ENSG00000111780	0	+	21808
ENSG00000111785	chr12	106774621	106889316	RIC8B	0	+	114695
ENSG00000111786	chr12	120461672	120469748	SRSF9	0	-	8076
ENSG00000111790	chr12	26938470	26966650	FGFR1OP2	0	+	28180
ENSG00000111796	chr12	9594551	9607916	KLRB1	0	-	13365
ENSG00000111799	chr6	75084326	75206267	COL12A1	0	-	121941
ENSG00000111801	chr6	26440472	26453415	BTN3A3	0	+	12943
ENSG00000111802	chr6	24649979	24666930	TDP2	0	-	16951
ENSG00000111816	chr6	115931149	116060891	FRK	0	-	129742
ENSG00000111817	chr6	116254173	116444861	DSE	0	+	190688
ENSG00000111832	chr6	116571409	116597675	RWDD1	0	+	26266
ENSG00000111834	chr6	116616479	116632985	RSPH4A	0	+	16506
ENSG00000111837	chr6	10762723	10838553	MAK	0	-	75830
ENSG00000111843	chr6	10722915	10731129	TMEM14C	0	+	8214
ENSG00000111845	chr6	10694972	10709782	PAK1IP1	0	+	14810
ENSG00000111846	chr6	10492223	10629368	GCNT2	0	+	137145
ENSG00000111850	chr6	87322583	87399749	SMIM8	0	+	77166
ENSG00000111859	chr6	11183298	11382348	NEDD9	0	-	199050
ENSG00000111860	chr6	118460772	118710075	CEP85L	0	-	249303
ENSG00000111863	chr6	11712054	11807046	ADTRP	0	-	94992
ENSG00000111875	chr6	118894152	118909171	ASF1A	0	+	15019
ENSG00000111877	chr6	118813442	118935162	MCM9	0	-	121720
ENSG00000111879	chr6	118959763	119149387	FAM184A	0	-	189624
ENSG00000111880	chr6	88609897	88963618	RNGTT	0	-	353721
ENSG00000111885	chr6	119177205	119349761	MAN1A1	0	-	172556
ENSG00000111897	chr6	122443351	122471807	SERINC1	0	-	28456
ENSG00000111906	chr6	125219962	125302078	HDDC2	0	-	82116
ENSG00000111907	chr6	125119049	125264407	TPD52L1	0	+	145358
ENSG00000111911	chr6	125956770	125980244	HINT3	0	+	23474
ENSG00000111912	chr6	125781161	125932034	NCOA7	0	+	150873
ENSG00000111913	chr6	24804282	25042170	RIPOR2	0	-	237888
ENSG00000111961	chr6	148272304	148552044	SASH1	0	+	279740
ENSG00000111962	chr6	148747030	149076990	UST	0	+	329960
ENSG00000111981	chr6	149963943	149973715	ULBP1	0	+	9772
ENSG00000112029	chr6	152970519	152983579	FBXO5	0	-	13060
ENSG00000112031	chr6	152987362	153002709	MTRF1L	0	-	15347
ENSG00000112033	chr6	35342558	35428191	PPARD	0	+	85633
ENSG00000112039	chr6	35452338	35467102	FANCE	0	+	14764
ENSG00000112062	chr6	36027677	36111236	MAPK14	0	+	83559
ENSG00000112078	chr6	36442767	36491143	KCTD20	0	+	48376
ENSG00000112079	chr6	36493892	36547479	STK38	0	-	53587
ENSG00000112081	chr6	36594353	36605600	SRSF3	0	+	11247
ENSG00000112096	chr6	159669069	159762529	SOD2	0	-	93460
ENSG00000112110	chr6	159789812	159798436	MRPL18	0	+	8624
ENSG00000112118	chr6	52264014	52284881	MCM3	0	-	20867
ENSG00000112130	chr6	37353979	37394734	RNF8	0	+	40755
ENSG00000112137	chr6	12716312	13290446	PHACTR1	0	+	574134
ENSG00000112139	chr6	37630679	37699306	MDGA1	0	-	68627
ENSG00000112144	chr6	53001279	53061824	CILK1	0	-	60545
ENSG00000112146	chr6	53051991	53100873	FBXO9	0	+	48882
ENSG00000112149	chr6	14117256	14136918	CD83	0	+	19662
ENSG00000112159	chr6	89642498	89819794	MDN1	0	-	177296
ENSG00000112167	chr6	39104063	39115186	SAYSD1	0	-	11123
ENSG00000112175	chr6	55753653	55875590	BMP5	0	-	121937
ENSG00000112182	chr6	89926528	90296908	BACH2	0	-	370380
ENSG00000112183	chr6	17281361	17293871	RBM24	0	+	12510
ENSG00000112186	chr6	17393595	17557780	CAP2	0	+	164185
ENSG00000112200	chr6	57086844	57170305	ZNF451	0	+	83461
ENSG00000112208	chr6	57172326	57189833	BAG2	0	+	17507
ENSG00000112210	chr6	57186992	57222307	RAB23	0	-	35315
ENSG00000112214	chr6	96562548	96618626	FHL5	0	+	56078
ENSG00000112218	chr6	96794125	96837477	GPR63	0	-	43352
ENSG00000112234	chr6	98868535	98948006	FBXL4	0	-	79471
ENSG00000112237	chr6	99542387	99568825	CCNC	0	-	26438
ENSG00000112242	chr6	20401879	20493714	E2F3	0	+	91835
ENSG00000112245	chr6	63521746	63583588	PTP4A1	0	+	61842
ENSG00000112246	chr6	100385009	100464921	SIM1	0	-	79912
ENSG00000112249	chr6	100508194	100881372	ASCC3	0	-	373178
ENSG00000112276	chr6	105096822	105137157	BVES	0	-	40335
ENSG00000112280	chr6	70216040	70303084	COL9A1	0	-	87044
ENSG00000112282	chr6	131573966	131628242	MED23	0	-	54276
ENSG00000112290	chr6	110099819	110180004	WASF1	0	-	80185
ENSG00000112293	chr6	24424565	24495205	GPLD1	0	-	70640
ENSG00000112294	chr6	24494867	24537207	ALDH5A1	0	+	42340
ENSG00000112297	chr6	106360717	106572017	CRYBG1	0	+	211300
ENSG00000112299	chr6	132680849	132714055	VNN1	0	-	33206
ENSG00000112303	chr6	132743870	132763459	VNN2	0	-	19589
ENSG00000112304	chr6	24667035	24705065	ACOT13	0	+	38030
ENSG00000112305	chr6	70667776	70862011	SMAP1	0	+	194235
ENSG00000112306	chr6	132814569	132817564	RPS12	0	+	2995
ENSG00000112308	chr6	24704861	24719998	C6orf62	0	-	15137
ENSG00000112309	chr6	70856679	70957060	B3GAT2	0	-	100381
ENSG00000112312	chr6	24774931	24786099	GMNN	0	+	11168
ENSG00000112319	chr6	133240514	133532128	EYA4	0	+	291614
ENSG00000112320	chr6	107490106	107661306	SOBP	0	+	171200
ENSG00000112335	chr6	108211222	108261246	SNX3	0	-	50024
ENSG00000112339	chr6	134960378	135103056	HBS1L	0	-	142678
ENSG00000112343	chr6	25962802	25991231	TRIM38	0	+	28429
ENSG00000112357	chr6	136822564	136913934	PEX7	0	+	91370
ENSG00000112367	chr6	109690609	109878098	FIG4	0	+	187489
ENSG00000112378	chr6	138088505	138107419	PERP	0	-	18914
ENSG00000112379	chr6	138161939	138344663	ARFGEF3	0	+	182724
ENSG00000112394	chr6	111087503	111231194	SLC16A10	0	+	143691
ENSG00000112406	chr6	139135080	139180802	HECA	0	+	45722
ENSG00000112414	chr6	142301854	142446266	ADGRG6	0	+	144412
ENSG00000112419	chr6	143536845	143831185	PHACTR2	0	+	294340
ENSG00000112425	chr6	145382535	145736023	EPM2A	0	-	353488
ENSG00000112473	chr6	33200445	33204439	SLC39A7	0	+	3994
ENSG00000112486	chr6	167111807	167139141	CCR6	0	+	27334
ENSG00000112511	chr6	33410399	33416453	PHF1	0	+	6054
ENSG00000112514	chr6	33416442	33418317	CUTA	0	-	1875
ENSG00000112531	chr6	163414000	163578592	QKI	0	+	164592
ENSG00000112541	chr6	165327287	165988117	PDE10A	0	-	660830
ENSG00000112559	chr6	41636882	41654244	MDFI	0	+	17362
ENSG00000112561	chr6	41683978	41736259	TFEB	0	-	52281
ENSG00000112562	chr6	168441151	168673445	SMOC2	0	+	232294
ENSG00000112576	chr6	41934934	42050357	CCND3	0	-	115423
ENSG00000112578	chr6	41921499	41933046	BYSL	0	+	11547
ENSG00000112584	chr6	170290703	170407067	FAM120B	0	+	116364
ENSG00000112592	chr6	170554302	170572870	TBP	0	+	18568
ENSG00000112619	chr6	42696598	42722597	PRPH2	0	-	25999
ENSG00000112624	chr6	42746958	42868558	BICRAL	0	+	121600
ENSG00000112640	chr6	42984553	43012342	PPP2R5D	0	+	27789
ENSG00000112651	chr6	43054029	43059438	MRPL2	0	-	5409
ENSG00000112655	chr6	43076307	43161719	PTK7	0	+	85412
ENSG00000112658	chr6	43171269	43181506	SRF	0	+	10237
ENSG00000112659	chr6	43182184	43224587	CUL9	0	+	42403
ENSG00000112667	chr6	43225629	43229481	DNPH1	0	-	3852
ENSG00000112679	chr6	291630	351355	DUSP22	0	+	59725
ENSG00000112685	chr6	485154	693139	EXOC2	0	-	207985
ENSG00000112695	chr6	75237675	75250323	COX7A2	0	-	12648
ENSG00000112697	chr6	75252924	75284948	TMEM30A	0	-	32024
ENSG00000112699	chr6	1623806	2245605	GMDS	0	-	621799
ENSG00000112701	chr6	75601509	75718281	SENP6	0	+	116772
ENSG00000112715	chr6	43770184	43786487	VEGFA	0	+	16303
ENSG00000112739	chr6	4021267	4064983	PRPF4B	0	+	43716
ENSG00000112742	chr6	80003887	80042527	TTK	0	+	38640
ENSG00000112759	chr6	44219553	44234142	SLC29A1	0	+	14589
ENSG00000112761	chr6	112054075	112069686	CCN6	0	+	15611
ENSG00000112763	chr6	26457904	26476621	BTN2A1	0	+	18717
ENSG00000112769	chr6	112107931	112254939	LAMA4	0	-	147008
ENSG00000112773	chr6	81491439	81752774	TENT5A	0	-	261335
ENSG00000112782	chr6	45880827	46080348	CLIC5	0	-	199521
ENSG00000112787	chr12	132489551	132585188	FBRSL1	0	+	95637
ENSG00000112796	chr6	46159185	46170980	ENPP5	0	-	11795
ENSG00000112799	chr6	6588108	6654983	LY86	0	+	66875
ENSG00000112812	chr6	27247701	27256624	PRSS16	0	+	8923
ENSG00000112837	chr6	84687351	84764598	TBX18	0	-	77247
ENSG00000112851	chr5	65926556	66082546	ERBIN	0	+	155990
ENSG00000112852	chr5	141094606	141098703	PCDHB2	0	+	4097
ENSG00000112874	chr5	103548855	103562790	NUDT12	0	-	13935
ENSG00000112877	chr5	612340	667168	CEP72	0	+	54828
ENSG00000112893	chr5	109689927	109869625	MAN2A1	0	+	179698
ENSG00000112902	chr5	9035033	9546075	SEMA5A	0	-	511042
ENSG00000112936	chr5	40909497	40984643	C7	0	+	75146
ENSG00000112941	chr5	6713432	6757044	TENT4A	0	+	43612
ENSG00000112964	chr5	42423439	42721878	GHR	0	+	298439
ENSG00000112972	chr5	43287470	43313512	HMGCS1	0	-	26042
ENSG00000112977	chr5	10679230	10761234	DAP	0	-	82004
ENSG00000112981	chr5	138115175	138139443	NME5	0	-	24268
ENSG00000112983	chr5	138139770	138178953	BRD8	0	-	39183
ENSG00000112984	chr5	138178719	138187723	KIF20A	0	+	9004
ENSG00000112992	chr5	43602692	43707405	NNT	0	+	104713
ENSG00000112996	chr5	44808947	44820428	MRPS30	0	+	11481
ENSG00000113013	chr5	138553756	138575675	HSPA9	0	-	21919
ENSG00000113048	chr5	72219403	72320646	MRPS27	0	-	101243
ENSG00000113068	chr5	140245035	140303113	PFDN1	0	-	58078
ENSG00000113070	chr5	140332843	140346603	HBEGF	0	-	13760
ENSG00000113083	chr5	122063195	122078413	LOX	0	-	15218
ENSG00000113088	chr5	55024256	55034570	GZMK	0	+	10314
ENSG00000113108	chr5	140558268	140564781	APBB3	0	-	6513
ENSG00000113119	chr5	140639435	140645408	TMCO6	0	+	5973
ENSG00000113140	chr5	151661096	151686975	SPARC	0	-	25879
ENSG00000113141	chr5	140647058	140662480	IK	0	+	15422
ENSG00000113161	chr5	75336329	75364001	HMGCR	0	+	27672
ENSG00000113163	chr5	75356345	75512138	CERT1	0	-	155793
ENSG00000113194	chr5	176447628	176510074	FAF2	0	+	62446
ENSG00000113205	chr5	141100473	141103827	PCDHB3	0	+	3354
ENSG00000113209	chr5	141135206	141138615	PCDHB5	0	+	3409
ENSG00000113211	chr5	141150057	141153287	PCDHB6	0	+	3230
ENSG00000113212	chr5	141172644	141176383	PCDHB7	0	+	3739
ENSG00000113240	chr5	178602664	178630615	CLK4	0	-	27951
ENSG00000113263	chr5	157142933	157255185	ITK	0	+	112252
ENSG00000113269	chr5	179911651	180072113	RNF130	0	-	160462
ENSG00000113272	chr5	157731420	157741449	THG1L	0	+	10029
ENSG00000113273	chr5	78777209	78986087	ARSB	0	-	208878
ENSG00000113282	chr5	157785743	157859145	CLINT1	0	-	73402
ENSG00000113296	chr5	79991311	80083287	THBS4	0	+	91976
ENSG00000113300	chr5	180494379	180578358	CNOT6	0	+	83979
ENSG00000113312	chr5	160009113	160065543	TTC1	0	+	56430
ENSG00000113318	chr5	80654652	80876815	MSH3	0	+	222163
ENSG00000113319	chr5	80960363	81230162	RASGRF2	0	+	269799
ENSG00000113328	chr5	163437569	163446151	CCNG1	0	+	8582
ENSG00000113356	chr5	90471748	90514557	POLR3G	0	+	42809
ENSG00000113360	chr5	31400494	31532196	DROSHA	0	-	131702
ENSG00000113361	chr5	31193686	31329146	CDH6	0	+	135460
ENSG00000113368	chr5	126776623	126837020	LMNB1	0	+	60397
ENSG00000113369	chr5	91368631	91383317	ARRDC3	0	-	14686
ENSG00000113384	chr5	32124716	32174319	GOLPH3	0	-	49603
ENSG00000113387	chr5	32531633	32604079	SUB1	0	+	72446
ENSG00000113389	chr5	32689070	32791724	NPR3	0	+	102654
ENSG00000113391	chr5	93617725	94111699	FAM172A	0	-	493974
ENSG00000113396	chr5	128538013	129033642	SLC27A6	0	+	495629
ENSG00000113407	chr5	33440696	33468091	TARS1	0	+	27395
ENSG00000113430	chr5	1877413	1887236	IRX4	0	-	9823
ENSG00000113441	chr5	96935394	97037513	LNPEP	0	+	102119
ENSG00000113448	chr5	58969038	60522120	PDE4D	0	-	1553082
ENSG00000113456	chr5	34905260	34918989	RAD1	0	-	13729
ENSG00000113460	chr5	34915677	34925996	BRIX1	0	+	10319
ENSG00000113494	chr5	35048756	35230487	PRLR	0	-	181731
ENSG00000113504	chr5	1050384	1112063	SLC12A7	0	-	61679
ENSG00000113532	chr5	100806933	100903282	ST8SIA4	0	-	96349
ENSG00000113552	chr5	141991749	142013041	GNPDA1	0	-	21292
ENSG00000113555	chr5	141943581	141969741	PCDH12	0	-	26160
ENSG00000113569	chr5	37288137	37371106	NUP155	0	-	82969
ENSG00000113578	chr5	142592178	142698070	FGF1	0	-	105892
ENSG00000113580	chr5	143277931	143435512	NR3C1	0	-	157581
ENSG00000113583	chr5	133955510	133968674	C5orf15	0	-	13164
ENSG00000113593	chr5	65563236	65587549	PPWD1	0	+	24313
ENSG00000113594	chr5	38474668	38608354	LIFR	0	-	133686
ENSG00000113595	chr5	65589690	65625975	TRIM23	0	-	36285
ENSG00000113597	chr5	65625004	65666233	TRAPPC13	0	+	41229
ENSG00000113600	chr5	39284140	39424868	C9	0	-	140728
ENSG00000113615	chr5	134648785	134727909	SEC24A	0	+	79124
ENSG00000113621	chr5	134874371	134901635	TXNDC15	0	+	27264
ENSG00000113638	chr5	40512333	40755963	TTC33	0	-	243630
ENSG00000113643	chr5	168486451	168519301	RARS1	0	+	32850
ENSG00000113645	chr5	168291645	168472303	WWC1	0	+	180658
ENSG00000113648	chr5	135334381	135399914	MACROH2A1	0	-	65533
ENSG00000113649	chr5	146447311	146511961	TCERG1	0	+	64650
ENSG00000113657	chr5	147390808	147510068	DPYSL3	0	-	119260
ENSG00000113658	chr5	136132845	136188747	SMAD5	0	+	55902
ENSG00000113712	chr5	149492982	149551471	CSNK1A1	0	-	58489
ENSG00000113716	chr5	150000046	150053142	HMGXB3	0	+	53096
ENSG00000113719	chr5	172834251	172952792	ERGIC1	0	+	118541
ENSG00000113721	chr5	150113839	150155872	PDGFRB	0	-	42033
ENSG00000113732	chr5	172983771	173035445	ATP6V0E1	0	+	51674
ENSG00000113734	chr5	173144442	173164387	BNIP1	0	+	19945
ENSG00000113739	chr5	173314723	173328447	STC2	0	-	13724
ENSG00000113742	chr5	173888349	173961980	CPEB4	0	+	73631
ENSG00000113749	chr5	175658030	175710756	HRH2	0	+	52726
ENSG00000113758	chr5	177456608	177474401	DBN1	0	-	17793
ENSG00000113761	chr5	177022696	177081189	ZNF346	0	+	58493
ENSG00000113763	chr5	176810519	176880898	UNC5A	0	+	70379
ENSG00000113790	chr3	185190624	185281990	EHHADH	0	-	91366
ENSG00000113805	chr3	74262568	74614659	CNTN3	0	-	352091
ENSG00000113810	chr3	160399274	160434954	SMC4	0	+	35680
ENSG00000113811	chr3	53884417	53891885	SELENOK	0	-	7468
ENSG00000113812	chr3	53867066	53882152	ACTR8	0	-	15086
ENSG00000113838	chr3	186546067	186570543	TBCCD1	0	-	24476
ENSG00000113845	chr3	119498547	119525090	TIMMDC1	0	+	26543
ENSG00000113851	chr3	3144628	3179727	CRBN	0	-	35099
ENSG00000113916	chr3	187721377	187745725	BCL6	0	-	24348
ENSG00000113924	chr3	120628172	120682269	HGD	0	-	54097
ENSG00000113966	chr3	97764521	97801229	ARL6	0	+	36708
ENSG00000114013	chr3	122055362	122121139	CD86	0	+	65777
ENSG00000114019	chr3	134355347	134375479	AMOTL2	0	-	20132
ENSG00000114021	chr3	100334739	100361635	NIT2	0	+	26896
ENSG00000114023	chr3	122384161	122412334	FAM162A	0	+	28173
ENSG00000114026	chr3	9749944	9788219	OGG1	0	+	38275
ENSG00000114030	chr3	122421902	122514945	KPNA1	0	-	93043
ENSG00000114054	chr3	136250340	136337896	PCCB	0	+	87556
ENSG00000114062	chr15	25333728	25439051	UBE3A	0	-	105323
ENSG00000114098	chr3	138187248	138298384	ARMC8	0	+	111136
ENSG00000114107	chr3	138494344	138594538	CEP70	0	-	100194
ENSG00000114115	chr3	139517434	139539829	RBP1	0	-	22395
ENSG00000114120	chr3	140941830	140980995	SLC25A36	0	+	39165
ENSG00000114126	chr3	141944428	142149544	TFDP2	0	-	205116
ENSG00000114127	chr3	142306607	142448062	XRN1	0	-	141455
ENSG00000114166	chr3	20040446	20154404	KAT2B	0	+	113958
ENSG00000114200	chr3	165772904	165837462	BCHE	0	-	64558
ENSG00000114209	chr3	167683298	167734939	PDCD10	0	-	51641
ENSG00000114248	chr3	169839172	169869935	LRRC31	0	-	30763
ENSG00000114251	chr3	55465715	55490539	WNT5A	0	-	24824
ENSG00000114268	chr3	48517684	48562015	PFKFB4	0	-	44331
ENSG00000114270	chr3	48564073	48595329	COL7A1	0	-	31256
ENSG00000114279	chr3	192139390	192767764	FGF12	0	-	628374
ENSG00000114302	chr3	48744597	48847874	PRKAR2A	0	-	103277
ENSG00000114315	chr3	194136148	194138732	HES1	0	+	2584
ENSG00000114316	chr3	49277144	49340712	USP4	0	-	63568
ENSG00000114331	chr3	195274745	195443044	ACAP2	0	-	168299
ENSG00000114346	chr3	172750682	172821474	ECT2	0	+	70792
ENSG00000114353	chr3	50226292	50259362	GNAI2	0	+	33070
ENSG00000114354	chr3	100709295	100748964	TFG	0	+	39669
ENSG00000114378	chr3	50299890	50312381	HYAL1	0	-	12491
ENSG00000114383	chr3	50320027	50328251	TUSC2	0	-	8224
ENSG00000114388	chr3	50347330	50350826	NPRL2	0	-	3496
ENSG00000114391	chr3	101681091	101686718	RPL24	0	-	5627
ENSG00000114405	chr3	62319015	62336213	C3orf14	0	+	17198
ENSG00000114416	chr3	180868141	180982753	FXR1	0	+	114612
ENSG00000114423	chr3	105655461	105869552	CBLB	0	-	214091
ENSG00000114439	chr3	107522936	107811339	BBX	0	+	288403
ENSG00000114446	chr3	108160812	108222435	IFT57	0	-	61623
ENSG00000114450	chr3	179396088	179451476	GNB4	0	-	55388
ENSG00000114473	chr3	197889077	197960142	IQCG	0	-	71065
ENSG00000114480	chr3	81489703	81761645	GBE1	0	-	271942
ENSG00000114491	chr3	124730433	124749273	UMPS	0	+	18840
ENSG00000114503	chr3	196935402	196942594	NCBP2	0	-	7192
ENSG00000114520	chr3	125446650	125520202	SNX4	0	-	73552
ENSG00000114529	chr3	112086335	112131004	C3orf52	0	+	44669
ENSG00000114541	chr3	69168782	69542583	FRMD4B	0	-	373801
ENSG00000114544	chr3	126006357	126101561	SLC41A3	0	-	95204
ENSG00000114547	chr3	125969160	125983454	ROPN1B	0	+	14294
ENSG00000114554	chr3	126982693	127037389	PLXNA1	0	+	54696
ENSG00000114573	chr3	113747033	113812056	ATP6V1A	0	+	65023
ENSG00000114626	chr3	127672935	127680926	ABTB1	0	+	7991
ENSG00000114631	chr3	127629185	127672802	PODXL2	0	+	43617
ENSG00000114646	chr3	47562238	47580792	CSPG5	0	-	18554
ENSG00000114648	chr3	47282917	47346816	KLHL18	0	+	63899
ENSG00000114650	chr3	47413681	47477126	SCAP	0	-	63445
ENSG00000114654	chr3	129001304	129040742	EFCC1	0	+	39438
ENSG00000114656	chr3	128909866	129002690	CFAP92	0	-	92824
ENSG00000114670	chr3	131026850	131350465	NEK11	0	+	323615
ENSG00000114686	chr3	131462212	131502983	MRPL3	0	-	40771
ENSG00000114698	chr3	146192335	146251179	PLSCR4	0	-	58844
ENSG00000114735	chr3	50569152	50596168	HEMK1	0	+	27016
ENSG00000114737	chr3	50606489	50611774	CISH	0	-	5285
ENSG00000114738	chr3	50611520	50649291	MAPKAPK3	0	+	37771
ENSG00000114739	chr3	38453890	38493142	ACVR2B	0	+	39252
ENSG00000114742	chr3	39052013	39096671	WDR48	0	+	44658
ENSG00000114744	chr3	149738472	149752495	COMMD2	0	-	14023
ENSG00000114745	chr3	39096599	39107863	GORASP1	0	-	11264
ENSG00000114757	chr3	179794958	180037053	PEX5L	0	-	242095
ENSG00000114767	chr3	51933429	51941904	RRP9	0	-	8475
ENSG00000114770	chr3	183919934	184017939	ABCC5	0	-	98005
ENSG00000114784	chr3	40309707	40312424	EIF1B	0	+	2717
ENSG00000114786	chr3	51974706	51989183	ABHD14A-ACY1	0	+	14477
ENSG00000114790	chr3	154121003	154257827	ARHGEF26	0	+	136824
ENSG00000114796	chr3	183635610	183684519	KLHL24	0	+	48909
ENSG00000114805	chr3	155375580	155745071	PLCH1	0	-	369491
ENSG00000114812	chr3	42489299	42537573	VIPR1	0	+	48274
ENSG00000114841	chr3	52316319	52400492	DNAH1	0	+	84173
ENSG00000114850	chr3	156539553	156555149	SSR3	0	-	15596
ENSG00000114853	chr3	42653697	42667580	ZBTB47	0	+	13883
ENSG00000114854	chr3	52451100	52454041	TNNC1	0	-	2941
ENSG00000114857	chr3	42600655	42648735	NKTR	0	+	48080
ENSG00000114859	chr3	184346185	184361650	CLCN2	0	-	15465
ENSG00000114867	chr3	184314495	184335358	EIF4G1	0	+	20863
ENSG00000114902	chr3	52704955	52711148	SPCS1	0	+	6193
ENSG00000114904	chr3	52708444	52770946	NEK4	0	-	62502
ENSG00000114923	chr2	219627394	219641980	SLC4A3	0	+	14586
ENSG00000114933	chr2	205993721	206086303	INO80D	0	-	92582
ENSG00000114942	chr2	206159585	206162928	EEF1B2	0	+	3343
ENSG00000114948	chr2	206443532	206621127	ADAM23	0	+	177595
ENSG00000114956	chr2	73926826	73958961	DGUOK	0	+	32135
ENSG00000114978	chr2	74152528	74178898	MOB1A	0	-	26370
ENSG00000114982	chr2	96593170	96642787	KANSL3	0	-	49617
ENSG00000114988	chr2	96705929	96740064	LMAN2L	0	-	34135
ENSG00000114993	chr2	74425835	74442422	RTKN	0	-	16587
ENSG00000114999	chr2	112482156	112541739	TTL	0	+	59583
ENSG00000115009	chr2	227805739	227817564	CCL20	0	+	11825
ENSG00000115020	chr2	208266255	208358746	PIKFYVE	0	+	92491
ENSG00000115041	chr2	95297327	95386077	KCNIP3	0	+	88750
ENSG00000115042	chr2	95402708	95416616	FAHD2A	0	+	13908
ENSG00000115053	chr2	231453531	231483641	NCL	0	-	30110
ENSG00000115073	chr2	97655939	97664044	ACTR1B	0	-	8105
ENSG00000115084	chr2	113705011	113756693	SLC35F5	0	-	51682
ENSG00000115085	chr2	97713576	97739862	ZAP70	0	+	26286
ENSG00000115091	chr2	113890063	113962596	ACTR3	0	+	72533
ENSG00000115107	chr2	119223831	119265652	STEAP3	0	+	41821
ENSG00000115109	chr2	120013077	120179119	EPB41L5	0	+	166042
ENSG00000115112	chr2	121216587	121285202	TFCP2L1	0	-	68615
ENSG00000115128	chr2	24067586	24076373	SF3B6	0	-	8787
ENSG00000115129	chr2	24077433	24085861	TP53I3	0	-	8428
ENSG00000115137	chr2	24943636	24972094	DNAJC27	0	-	28458
ENSG00000115145	chr2	152116801	152175763	STAM2	0	-	58962
ENSG00000115159	chr2	156435290	156613735	GPD2	0	+	178445
ENSG00000115163	chr2	26764289	26801067	CENPA	0	+	36778
ENSG00000115165	chr2	157414619	157488961	CYTIP	0	-	74342
ENSG00000115170	chr2	157736251	157876330	ACVR1	0	-	140079
ENSG00000115183	chr2	158968640	159232659	TANC1	0	+	264019
ENSG00000115204	chr2	27309492	27325680	MPV17	0	-	16188
ENSG00000115207	chr2	27325849	27357034	GTF3C2	0	-	31185
ENSG00000115211	chr2	27364352	27370338	EIF2B4	0	-	5986
ENSG00000115216	chr2	27427790	27442259	NRBP1	0	+	14469
ENSG00000115221	chr2	160099667	160200313	ITGB6	0	-	100646
ENSG00000115226	chr2	27491883	27495200	FNDC4	0	-	3317
ENSG00000115232	chr2	181457202	181538940	ITGA4	0	+	81738
ENSG00000115233	chr2	161308425	161411717	PSMD14	0	+	103292
ENSG00000115234	chr2	27370496	27377535	SNX17	0	+	7039
ENSG00000115239	chr2	53532672	53860160	ASB3	0	-	327488
ENSG00000115241	chr2	27381195	27409591	PPM1G	0	-	28396
ENSG00000115252	chr2	182140036	182523192	PDE1A	0	-	383156
ENSG00000115255	chr19	1491166	1497927	REEP6	0	+	6761
ENSG00000115257	chr19	1481428	1490752	PCSK4	0	-	9324
ENSG00000115266	chr19	1446302	1473244	APC2	0	+	26942
ENSG00000115267	chr2	162267074	162318684	IFIH1	0	-	51610
ENSG00000115268	chr19	1438358	1440495	RPS15	0	+	2137
ENSG00000115271	chr2	162318840	162371595	GCA	0	+	52755
ENSG00000115275	chr2	74461057	74465410	MOGS	0	-	4353
ENSG00000115282	chr2	74483073	74494559	TTC31	0	+	11486
ENSG00000115286	chr19	1383527	1395589	NDUFS7	0	+	12062
ENSG00000115289	chr2	74505043	74507695	PCGF1	0	-	2652
ENSG00000115290	chr2	164492417	164621482	GRB14	0	-	129065
ENSG00000115295	chr2	29097705	29199777	CLIP4	0	+	102072
ENSG00000115306	chr2	54456317	54671446	SPTBN1	0	+	215129
ENSG00000115307	chr2	74526645	74529760	AUP1	0	-	3115
ENSG00000115310	chr2	54972187	55112621	RTN4	0	-	140434
ENSG00000115317	chr2	74529725	74533332	HTRA2	0	+	3607
ENSG00000115318	chr2	74532258	74555690	LOXL3	0	-	23432
ENSG00000115325	chr2	74549026	74557551	DOK1	0	+	8525
ENSG00000115339	chr2	165747588	165794659	GALNT3	0	-	47071
ENSG00000115350	chr2	74958643	74970128	POLE4	0	+	11485
ENSG00000115353	chr2	75046463	75199520	TACR1	0	-	153057
ENSG00000115355	chr2	55287842	55419895	CCDC88A	0	-	132053
ENSG00000115361	chr2	210187126	210225447	ACADL	0	-	38321
ENSG00000115363	chr2	75469302	75569722	EVA1A	0	-	100420
ENSG00000115364	chr2	75646783	75690851	MRPL19	0	+	44068
ENSG00000115365	chr2	210431249	210477652	LANCL1	0	-	46403
ENSG00000115368	chr2	189441446	189475552	WDR75	0	+	34106
ENSG00000115380	chr2	55865967	55924139	EFEMP1	0	-	58172
ENSG00000115392	chr2	58159243	58241372	FANCL	0	-	82129
ENSG00000115414	chr2	215360440	215436073	FN1	0	-	75633
ENSG00000115415	chr2	190908460	191020960	STAT1	0	-	112500
ENSG00000115419	chr2	190880821	190965552	GLS	0	+	84731
ENSG00000115421	chr2	60756253	60802086	PAPOLG	0	+	45833
ENSG00000115423	chr2	84516455	84819589	DNAH6	0	+	303134
ENSG00000115446	chr2	98608579	98618515	UNC50	0	+	9936
ENSG00000115457	chr2	216632828	216664436	IGFBP2	0	+	31608
ENSG00000115459	chr2	85354394	85391752	ELMOD3	0	+	37358
ENSG00000115461	chr2	216672105	216695549	IGFBP5	0	-	23444
ENSG00000115464	chr2	61187463	61471087	USP34	0	-	283624
ENSG00000115468	chr2	232606057	232682776	EFHD1	0	+	76719
ENSG00000115484	chr2	61868085	61888671	CCT4	0	-	20586
ENSG00000115486	chr2	85544720	85561532	GGCX	0	-	16812
ENSG00000115504	chr2	62673851	63046487	EHBP1	0	+	372636
ENSG00000115507	chr2	63050057	63057836	OTX1	0	+	7779
ENSG00000115514	chr2	99318982	99340702	TXNDC9	0	-	21720
ENSG00000115520	chr2	197453493	197475310	COQ10B	0	+	21817
ENSG00000115523	chr2	85685175	85698852	GNLY	0	+	13677
ENSG00000115524	chr2	197388515	197435079	SF3B1	0	-	46564
ENSG00000115525	chr2	85837120	85905199	ST3GAL5	0	-	68079
ENSG00000115526	chr2	100391860	100417668	CHST10	0	-	25808
ENSG00000115539	chr2	100562993	100576739	PDCL3	0	+	13746
ENSG00000115548	chr2	86440647	86492716	KDM3A	0	+	52069
ENSG00000115556	chr2	218607855	218637184	PLCD4	0	+	29329
ENSG00000115568	chr2	218633329	218659655	ZNF142	0	-	26326
ENSG00000115590	chr2	101991960	102028544	IL1R2	0	+	36584
ENSG00000115593	chr2	88067825	88113384	SMYD1	0	+	45559
ENSG00000115594	chr2	102064544	102179874	IL1R1	0	+	115330
ENSG00000115596	chr2	218859805	218874233	WNT6	0	+	14428
ENSG00000115598	chr2	102187006	102240002	IL1RL2	0	+	52996
ENSG00000115604	chr2	102311529	102398777	IL18R1	0	+	87248
ENSG00000115616	chr2	102619553	102711355	SLC9A2	0	+	91802
ENSG00000115641	chr2	105357712	105438513	FHL2	0	-	80801
ENSG00000115648	chr2	237485428	237555322	MLPH	0	+	69894
ENSG00000115649	chr2	219171897	219178106	CNPPD1	0	-	6209
ENSG00000115652	chr2	106093308	106194301	UXS1	0	-	100993
ENSG00000115661	chr2	219245455	219250337	STK16	0	+	4882
ENSG00000115677	chr2	241227264	241317061	HDLBP	0	-	89797
ENSG00000115685	chr2	241149576	241183652	PPP1R7	0	+	34076
ENSG00000115687	chr2	241106099	241150264	PASK	0	-	44165
ENSG00000115694	chr2	241492670	241509730	STK25	0	-	17060
ENSG00000115705	chr2	1374066	1543711	TPO	0	+	169645
ENSG00000115738	chr2	8678845	8684461	ID2	0	+	5616
ENSG00000115750	chr2	9843443	9934416	TAF1B	0	+	90973
ENSG00000115756	chr2	10302889	10427617	HPCAL1	0	+	124728
ENSG00000115758	chr2	10439968	10448327	ODC1	0	-	8359
ENSG00000115760	chr2	32357023	32618878	BIRC6	0	+	261855
ENSG00000115761	chr2	10570754	10689987	NOL10	0	-	119233
ENSG00000115762	chr2	131104847	131353709	PLEKHB2	0	+	248862
ENSG00000115806	chr2	170928464	170967130	GORASP2	0	+	38666
ENSG00000115808	chr2	36837698	36966536	STRN	0	-	128838
ENSG00000115816	chr2	37201612	37231596	CEBPZ	0	-	29984
ENSG00000115825	chr2	37250502	37324833	PRKD3	0	-	74331
ENSG00000115827	chr2	171434217	171485052	DCAF17	0	+	50835
ENSG00000115828	chr2	37342827	37373322	QPCT	0	+	30495
ENSG00000115839	chr2	135052289	135176667	RAB3GAP1	0	+	124378
ENSG00000115840	chr2	171783405	171999859	SLC25A12	0	-	216454
ENSG00000115841	chr2	37923187	38067142	RMDN2	0	+	143955
ENSG00000115844	chr2	172099438	172102900	DLX2	0	-	3462
ENSG00000115866	chr2	135905881	135986100	DARS1	0	-	80219
ENSG00000115875	chr2	38743599	38751494	SRSF7	0	-	7895
ENSG00000115884	chr2	20200797	20225433	SDC1	0	-	24636
ENSG00000115896	chr2	197804593	198572581	PLCL1	0	+	767988
ENSG00000115902	chr2	64988477	65023865	SLC1A4	0	+	35388
ENSG00000115904	chr2	38962206	39124345	SOS1	0	-	162139
ENSG00000115919	chr2	142877657	143055833	KYNU	0	+	178176
ENSG00000115935	chr2	174559572	174682916	WIPF1	0	-	123344
ENSG00000115942	chr2	200908977	200963680	ORC2	0	-	54703
ENSG00000115944	chr2	42333546	42425088	COX7A2L	0	-	91542
ENSG00000115946	chr2	68157888	68176238	PNO1	0	+	18350
ENSG00000115947	chr2	147930396	148021604	ORC4	0	-	91208
ENSG00000115956	chr2	68365282	68397453	PLEK	0	+	32171
ENSG00000115963	chr2	150468195	150539011	RND3	0	-	70816
ENSG00000115966	chr2	175072250	175168382	ATF2	0	-	96132
ENSG00000115970	chr2	43230851	43596038	THADA	0	-	365187
ENSG00000115977	chr2	69457997	69674349	AAK1	0	-	216352
ENSG00000115993	chr2	201377207	201451500	TRAK2	0	-	74293
ENSG00000115998	chr2	70149885	70248615	C2orf42	0	-	98730
ENSG00000116005	chr2	70257386	70281185	PCYOX1	0	+	23799
ENSG00000116014	chr19	917287	921005	KISS1R	0	+	3718
ENSG00000116016	chr2	46293667	46386697	EPAS1	0	+	93030
ENSG00000116017	chr19	925781	975939	ARID3A	0	+	50158
ENSG00000116030	chr2	202206182	202238599	SUMO1	0	-	32417
ENSG00000116031	chr2	70830211	70835816	CD207	0	-	5605
ENSG00000116035	chr2	70900576	70965373	VAX2	0	+	64797
ENSG00000116044	chr2	177227595	177392697	NFE2L2	0	-	165102
ENSG00000116062	chr2	47695530	47810063	MSH6	0	+	114533
ENSG00000116095	chr2	178480457	178516463	PLEKHA3	0	+	36006
ENSG00000116096	chr2	72887382	72892158	SPR	0	+	4776
ENSG00000116106	chr2	221418027	221574202	EPHA4	0	-	156175
ENSG00000116117	chr2	204545475	205620162	PARD3B	0	+	1074687
ENSG00000116120	chr2	222566899	222656092	FARSB	0	-	89193
ENSG00000116127	chr2	73385758	73625166	ALMS1	0	+	239408
ENSG00000116128	chr1	147541501	147626216	BCL9	0	+	84715
ENSG00000116132	chr1	170662728	170739421	PRRX1	0	+	76693
ENSG00000116133	chr1	54849627	54887195	DHCR24	0	-	37568
ENSG00000116138	chr1	15526813	15592379	DNAJC16	0	+	65566
ENSG00000116141	chr1	220528136	220664461	MARK1	0	+	136325
ENSG00000116147	chr1	175315194	175743616	TNR	0	-	428422
ENSG00000116151	chr1	2321253	2391707	MORN1	0	-	70454
ENSG00000116157	chr1	52602371	52609051	GPX7	0	+	6680
ENSG00000116161	chr1	174999163	175012027	CACYBP	0	+	12864
ENSG00000116171	chr1	52927276	53051698	SCP2	0	+	124422
ENSG00000116176	chr16	1221651	1225268	TPSG1	0	-	3617
ENSG00000116183	chr1	176463171	176845601	PAPPA2	0	+	382430
ENSG00000116191	chr1	178725165	178921842	RALGPS2	0	+	196677
ENSG00000116194	chr1	178849535	178871077	ANGPTL1	0	-	21542
ENSG00000116198	chr1	3812086	3857396	CEP104	0	-	45310
ENSG00000116199	chr1	179025804	179076567	FAM20B	0	+	50763
ENSG00000116205	chr1	54053584	54112519	TCEANC2	0	+	58935
ENSG00000116209	chr1	54026681	54053504	TMEM59	0	-	26823
ENSG00000116212	chr1	53946085	53968168	LRRC42	0	+	22083
ENSG00000116213	chr1	3630767	3652761	WRAP73	0	-	21994
ENSG00000116221	chr1	54184041	54225464	MRPL37	0	+	41423
ENSG00000116237	chr1	6221193	6235972	ICMT	0	-	14779
ENSG00000116251	chr1	6185020	6209389	RPL22	0	-	24369
ENSG00000116260	chr1	180154869	180204030	QSOX1	0	+	49161
ENSG00000116266	chr1	108746674	108809523	STXBP3	0	+	62849
ENSG00000116273	chr1	6613731	6624030	PHF13	0	+	10299
ENSG00000116285	chr1	8004404	8026309	ERRFI1	0	-	21905
ENSG00000116288	chr1	7954291	7985505	PARK7	0	+	31214
ENSG00000116299	chr1	109113679	109206781	ELAPOR1	0	+	93102
ENSG00000116329	chr1	28812170	28871267	OPRD1	0	+	59097
ENSG00000116337	chr1	109616104	109632051	AMPD2	0	+	15947
ENSG00000116350	chr1	29147743	29181900	SRSF4	0	-	34157
ENSG00000116353	chr1	29192657	29230942	MECR	0	-	38285
ENSG00000116396	chr1	110210314	110283100	KCNC4	0	+	72786
ENSG00000116406	chr1	184690237	184754907	EDEM3	0	-	64670
ENSG00000116455	chr1	111439890	111449256	WDR77	0	-	9366
ENSG00000116459	chr1	111448864	111462773	ATP5PB	0	+	13909
ENSG00000116473	chr1	111542218	111716691	RAP1A	0	+	174473
ENSG00000116478	chr1	32292083	32333635	HDAC1	0	+	41552
ENSG00000116489	chr1	112619805	112671616	CAPZA1	0	+	51811
ENSG00000116497	chr1	32816767	32858875	S100PBP	0	+	42108
ENSG00000116514	chr1	32936445	32964809	RNF19B	0	-	28364
ENSG00000116521	chr1	155255979	155262430	SCAMP3	0	-	6451
ENSG00000116525	chr1	33145399	33182059	TRIM62	0	-	36660
ENSG00000116539	chr1	155335268	155563162	ASH1L	0	-	227894
ENSG00000116560	chr1	35176378	35193145	SFPQ	0	-	16767
ENSG00000116574	chr1	228735479	228746664	RHOU	0	+	11185
ENSG00000116580	chr1	155749659	155859400	GON4L	0	-	109741
ENSG00000116584	chr1	155946851	156007070	ARHGEF2	0	-	60219
ENSG00000116586	chr1	156054782	156058506	LAMTOR2	0	+	3724
ENSG00000116604	chr1	156463727	156500779	MEF2D	0	-	37052
ENSG00000116641	chr1	62454298	62688386	DOCK7	0	-	234088
ENSG00000116649	chr1	11054584	11060020	SRM	0	-	5436
ENSG00000116661	chr1	11637018	11655785	FBXO2	0	-	18767
ENSG00000116663	chr1	11664200	11674354	FBXO6	0	+	10154
ENSG00000116667	chr1	184387029	184629019	C1orf21	0	+	241990
ENSG00000116668	chr1	185157080	185291781	SWT1	0	+	134701
ENSG00000116670	chr1	11674480	11691650	MAD2L2	0	-	17170
ENSG00000116675	chr1	65248219	65415871	DNAJC6	0	+	167652
ENSG00000116678	chr1	65420652	65641559	LEPR	0	+	220907
ENSG00000116679	chr1	185296388	185317273	IVNS1ABP	0	-	20885
ENSG00000116685	chr1	11919591	11926428	KIAA2013	0	-	6837
ENSG00000116688	chr1	11980181	12015211	MFN2	0	+	35030
ENSG00000116690	chr1	186296279	186314567	PRG4	0	+	18288
ENSG00000116691	chr1	12019466	12032045	MIIP	0	+	12579
ENSG00000116698	chr1	183472216	183598246	SMG7	0	+	126030
ENSG00000116701	chr1	183555562	183590876	NCF2	0	-	35314
ENSG00000116704	chr1	66999350	67054148	SLC35D1	0	-	54798
ENSG00000116711	chr1	186828949	186988981	PLA2G4A	0	+	160032
ENSG00000116717	chr1	67685201	67688334	GADD45A	0	+	3133
ENSG00000116729	chr1	68098473	68233120	WLS	0	-	134647
ENSG00000116731	chr1	13700188	13825079	PRDM2	0	+	124891
ENSG00000116741	chr1	192809039	192812275	RGS2	0	+	3236
ENSG00000116747	chr1	193059454	193091777	RO60	0	+	32323
ENSG00000116750	chr1	193012250	193060080	UCHL5	0	-	47830
ENSG00000116752	chr1	114567557	114581629	BCAS2	0	-	14072
ENSG00000116754	chr1	70205682	70253052	SRSF11	0	+	47370
ENSG00000116761	chr1	70411218	70439851	CTH	0	+	28633
ENSG00000116771	chr1	15571699	15585051	AGMAT	0	-	13352
ENSG00000116774	chr1	113979391	114035572	OLFML3	0	+	56181
ENSG00000116786	chr1	15684320	15734769	PLEKHM2	0	+	50449
ENSG00000116791	chr1	74705482	74733408	CRYZ	0	-	27926
ENSG00000116793	chr1	113696831	113759489	PHTF1	0	-	62658
ENSG00000116809	chr1	15941869	15976132	ZBTB17	0	-	34263
ENSG00000116815	chr1	116514534	116571039	CD58	0	-	56505
ENSG00000116824	chr1	116754430	116769229	CD2	0	+	14799
ENSG00000116830	chr1	117060326	117107453	TTF2	0	+	47127
ENSG00000116833	chr1	200027614	200177420	NR5A2	0	+	149806
ENSG00000116852	chr1	200969390	201023714	KIF21B	0	-	54324
ENSG00000116857	chr1	201134772	201171574	TMEM9	0	-	36802
ENSG00000116863	chr1	36088892	36093932	ADPRS	0	+	5040
ENSG00000116871	chr1	36155579	36180849	MAP7D1	0	+	25270
ENSG00000116874	chr1	119031216	119140654	WARS2	0	-	109438
ENSG00000116885	chr1	36415827	36450451	OSCP1	0	-	34624
ENSG00000116898	chr1	36455718	36464384	MRPS15	0	-	8666
ENSG00000116903	chr1	231332753	231337852	EXOC8	0	-	5099
ENSG00000116906	chr1	231241207	231277973	GNPAT	0	+	36766
ENSG00000116922	chr1	37681570	37692249	C1orf109	0	-	10679
ENSG00000116954	chr1	38838198	38859772	RRAGC	0	-	21574
ENSG00000116962	chr1	235975830	236065109	NID1	0	-	89279
ENSG00000116977	chr1	236518000	236552981	LGALS8	0	+	34981
ENSG00000116984	chr1	236795260	236921278	MTR	0	+	126018
ENSG00000116985	chr1	39757182	39788865	BMP8B	0	-	31683
ENSG00000116990	chr1	39895426	39902256	MYCL	0	-	6830
ENSG00000116991	chr1	232397965	232630571	SIPA1L2	0	-	232606
ENSG00000117000	chr1	40161387	40240921	RLF	0	+	79534
ENSG00000117009	chr1	241532134	241595642	KMO	0	+	63508
ENSG00000117010	chr1	40531573	40548167	ZNF684	0	+	16594
ENSG00000117013	chr1	40783787	40840452	KCNQ4	0	+	56665
ENSG00000117016	chr1	40620680	40665682	RIMS3	0	-	45002
ENSG00000117020	chr1	243488233	243851079	AKT3	0	-	362846
ENSG00000117036	chr1	157121191	157138474	ETV3	0	-	17283
ENSG00000117054	chr1	75724431	75787575	ACADM	0	+	63144
ENSG00000117069	chr1	76867480	77067546	ST6GALNAC5	0	+	200066
ENSG00000117090	chr1	160608106	160647044	SLAMF1	0	-	38938
ENSG00000117091	chr1	160678746	160711831	CD48	0	-	33085
ENSG00000117114	chr1	81306147	81993932	ADGRL2	0	+	687785
ENSG00000117115	chr1	17066761	17119451	PADI2	0	-	52690
ENSG00000117118	chr1	17018722	17054032	SDHB	0	-	35310
ENSG00000117122	chr1	16974502	16980632	MFAP2	0	-	6130
ENSG00000117133	chr1	84479259	84498352	RPF1	0	+	19093
ENSG00000117139	chr1	202724495	202808487	KDM5B	0	-	83992
ENSG00000117143	chr1	162561506	162599842	UAP1	0	+	38336
ENSG00000117148	chr1	17755333	17827063	ACTL8	0	+	71730
ENSG00000117151	chr1	84549611	84574480	CTBS	0	-	24869
ENSG00000117152	chr1	163068775	163076802	RGS4	0	+	8027
ENSG00000117153	chr1	202891116	202928636	KLHL12	0	-	37520
ENSG00000117154	chr1	18107798	18378483	IGSF21	0	+	270685
ENSG00000117155	chr1	84643706	84690803	SSX2IP	0	-	47097
ENSG00000117174	chr1	85649417	85708433	ZNHIT6	0	-	59016
ENSG00000117215	chr1	20111939	20119566	PLA2G2D	0	-	7627
ENSG00000117222	chr1	205086142	205122015	RBBP5	0	-	35873
ENSG00000117226	chr1	89006679	89022894	GBP3	0	-	16215
ENSG00000117228	chr1	89051882	89065360	GBP1	0	-	13478
ENSG00000117245	chr1	20664014	20718017	KIF17	0	-	54003
ENSG00000117262	chr1	145607988	145670650	GPR89A	0	+	62662
ENSG00000117266	chr1	205504596	205532793	CDK18	0	+	28197
ENSG00000117280	chr1	205767986	205775482	RAB29	0	-	7496
ENSG00000117298	chr1	21217247	21345572	ECE1	0	-	128325
ENSG00000117305	chr1	23801885	23838620	HMGCL	0	-	36735
ENSG00000117308	chr1	23795599	23800781	GALE	0	-	5182
ENSG00000117318	chr1	23557926	23559501	ID3	0	-	1575
ENSG00000117322	chr1	207454230	207489895	CR2	0	+	35665
ENSG00000117335	chr1	207752054	207795513	CD46	0	+	43459
ENSG00000117360	chr1	150321479	150353233	PRPF3	0	+	31754
ENSG00000117362	chr1	150265399	150269580	APH1A	0	-	4181
ENSG00000117385	chr1	42746335	42767084	P3H1	0	-	20749
ENSG00000117394	chr1	42925353	42958893	SLC2A1	0	-	33540
ENSG00000117395	chr1	43164175	43270936	EBNA1BP2	0	-	106761
ENSG00000117399	chr1	43358981	43363203	CDC20	0	+	4222
ENSG00000117407	chr1	43933320	43937240	ARTN	0	+	3920
ENSG00000117408	chr1	43946950	43968022	IPO13	0	+	21072
ENSG00000117410	chr1	43974487	43978295	ATP6V0B	0	+	3808
ENSG00000117411	chr1	43978943	43991170	B4GALT2	0	+	12227
ENSG00000117419	chr1	44221070	44355260	ERI3	0	-	134190
ENSG00000117425	chr1	44819844	44843253	PTCH2	0	-	23409
ENSG00000117448	chr1	45550543	45570049	AKR1A1	0	+	19506
ENSG00000117450	chr1	45510914	45542732	PRDX1	0	-	31818
ENSG00000117472	chr1	46175073	46185962	TSPAN1	0	+	10889
ENSG00000117475	chr1	169367970	169396540	BLZF1	0	+	28570
ENSG00000117479	chr1	169463909	169485944	SLC19A2	0	-	22035
ENSG00000117480	chr1	46394317	46413848	FAAH	0	+	19531
ENSG00000117481	chr1	46340789	46365152	NSUN4	0	+	24363
ENSG00000117500	chr1	93149742	93180516	TMED5	0	-	30774
ENSG00000117505	chr1	93345907	93369493	DR1	0	+	23586
ENSG00000117519	chr1	94896949	94927223	CNN3	0	-	30274
ENSG00000117523	chr1	171485530	171593511	PRRC2C	0	+	107981
ENSG00000117525	chr1	94529173	94541759	F3	0	-	12586
ENSG00000117528	chr1	94418389	94518666	ABCD3	0	+	100277
ENSG00000117533	chr1	171700160	171742074	VAMP4	0	-	41914
ENSG00000117543	chr1	100989623	101026088	DPH5	0	-	36465
ENSG00000117560	chr1	172659103	172666876	FASLG	0	+	7773
ENSG00000117569	chr1	96721665	96823738	PTBP2	0	+	102073
ENSG00000117586	chr1	173183731	173207331	TNFSF4	0	-	23600
ENSG00000117592	chr1	173477330	173488815	PRDX6	0	+	11485
ENSG00000117593	chr1	173824653	173858808	DARS2	0	+	34155
ENSG00000117594	chr1	209686178	209734949	HSD11B1	0	+	48771
ENSG00000117595	chr1	209785617	209806175	IRF6	0	-	20558
ENSG00000117597	chr1	209827972	209857565	UTP25	0	+	29593
ENSG00000117600	chr1	99264292	99309590	PLPPR4	0	+	45298
ENSG00000117602	chr1	24502351	24541040	RCAN3	0	+	38689
ENSG00000117614	chr1	25222276	25232502	SYF2	0	-	10226
ENSG00000117616	chr1	25242249	25338213	RSRP1	0	-	95964
ENSG00000117625	chr1	211258377	211316385	RCOR3	0	+	58008
ENSG00000117632	chr1	25884181	25906991	STMN1	0	-	22810
ENSG00000117640	chr1	25818640	25832942	MTFR1L	0	+	14302
ENSG00000117643	chr1	25616791	25786206	MAN1C1	0	+	169415
ENSG00000117650	chr1	211658657	211675630	NEK2	0	-	16973
ENSG00000117676	chr1	26529761	26575030	RPS6KA1	0	+	45269
ENSG00000117682	chr1	26432282	26471306	DHDDS	0	+	39024
ENSG00000117691	chr1	212432920	212446379	NENF	0	+	13459
ENSG00000117697	chr1	212726153	212791782	NSL1	0	-	65629
ENSG00000117707	chr1	213983181	214041510	PROX1	0	+	58329
ENSG00000117713	chr1	26693236	26782104	ARID1A	0	+	88868
ENSG00000117724	chr1	214603195	214664571	CENPF	0	+	61376
ENSG00000117748	chr1	27891524	27914746	RPA2	0	-	23222
ENSG00000117751	chr1	27830782	27851676	PPP1R8	0	+	20894
ENSG00000117758	chr1	27773219	27824443	STX12	0	+	51224
ENSG00000117791	chr1	220748225	220784815	MTARC2	0	+	36590
ENSG00000117859	chr1	51577179	51798427	OSBPL9	0	+	221248
ENSG00000117862	chr1	52020131	52055191	TXNDC12	0	-	35060
ENSG00000117868	chr7	158730995	158830253	ESYT2	0	-	99258
ENSG00000117877	chr19	45406644	45410737	POLR1G	0	+	4093
ENSG00000117899	chr15	80946289	80989828	MESD	0	-	43539
ENSG00000117906	chr15	76931738	76954393	RCN2	0	+	22655
ENSG00000117983	chr11	1223066	1262172	MUC5B	0	+	39106
ENSG00000118007	chr3	136336236	136752403	STAG1	0	-	416167
ENSG00000118046	chr19	1177558	1228431	STK11	0	+	50873
ENSG00000118058	chr11	118436456	118526832	KMT2A	0	+	90376
ENSG00000118094	chr11	118657316	118679690	TREH	0	-	22374
ENSG00000118096	chr11	118544528	118572970	IFT46	0	-	28442
ENSG00000118156	chr19	47520690	47573148	ZNF541	0	-	52458
ENSG00000118160	chr19	47428017	47471893	SLC8A2	0	-	43876
ENSG00000118162	chr19	47475150	47484265	KPTN	0	-	9115
ENSG00000118181	chr11	119015712	119018691	RPS25	0	-	2979
ENSG00000118193	chr1	200551497	200620751	KIF14	0	-	69254
ENSG00000118194	chr1	201359008	201377764	TNNT2	0	-	18756
ENSG00000118197	chr1	200623896	200669907	DDX59	0	-	46011
ENSG00000118200	chr1	200738893	200860704	CAMSAP2	0	+	121811
ENSG00000118217	chr1	161766298	161977574	ATF6	0	+	211276
ENSG00000118242	chr2	215942584	216034096	MREG	0	-	91512
ENSG00000118246	chr2	206765357	206796189	FASTKD2	0	+	30832
ENSG00000118257	chr2	205681990	205798133	NRP2	0	+	116143
ENSG00000118260	chr2	207529737	207605988	CREB1	0	+	76251
ENSG00000118263	chr2	207074137	207167267	KLF7	0	-	93130
ENSG00000118276	chr18	31622246	31685836	B4GALT6	0	-	63590
ENSG00000118292	chr1	150268200	150280916	C1orf54	0	+	12716
ENSG00000118298	chr1	150257251	150265078	CA14	0	+	7827
ENSG00000118307	chr12	25108289	25195162	DNAI7	0	-	86873
ENSG00000118308	chr12	25004342	25108335	IRAG2	0	+	103993
ENSG00000118363	chr11	74949261	74979033	SPCS2	0	+	29772
ENSG00000118369	chr11	78188812	78215232	USP35	0	+	26420
ENSG00000118402	chr6	79914814	79947553	ELOVL4	0	-	32739
ENSG00000118407	chr6	75291859	75493800	FILIP1	0	-	201941
ENSG00000118412	chr6	89829894	89874436	CASP8AP2	0	+	44542
ENSG00000118418	chr6	79201245	79234738	HMGN3	0	-	33493
ENSG00000118420	chr6	82892390	83065841	UBE3D	0	-	173451
ENSG00000118432	chr6	88139864	88166347	CNR1	0	-	26483
ENSG00000118454	chr1	70258999	70354734	ANKRD13C	0	-	95735
ENSG00000118473	chr1	66533267	66751139	SGIP1	0	+	217872
ENSG00000118482	chr6	63635802	63779336	PHF3	0	+	143534
ENSG00000118495	chr6	143940300	144064599	PLAGL1	0	-	124299
ENSG00000118496	chr6	145793502	145814795	FBXO30	0	-	21293
ENSG00000118503	chr6	137867214	137883312	TNFAIP3	0	+	16098
ENSG00000118507	chr6	131135467	131283535	AKAP7	0	+	148068
ENSG00000118508	chr6	146543833	146554953	RAB32	0	+	11120
ENSG00000118513	chr6	135181308	135219173	MYB	0	+	37865
ENSG00000118515	chr6	134169248	134318112	SGK1	0	-	148864
ENSG00000118518	chr6	127266726	127288567	RNF146	0	+	21841
ENSG00000118523	chr6	131948176	131951372	CCN2	0	-	3196
ENSG00000118557	chr16	72112157	72176878	PMFBP1	0	-	64721
ENSG00000118564	chr4	15604381	15681679	FBXL5	0	-	77298
ENSG00000118579	chr4	17614641	17634105	MED28	0	+	19464
ENSG00000118596	chr12	59596029	59789855	SLC16A7	0	+	193826
ENSG00000118600	chr12	63779833	63809792	RXYLT1	0	+	29959
ENSG00000118620	chr19	21020634	21060050	ZNF430	0	+	39416
ENSG00000118640	chr2	85561562	85582031	VAMP8	0	+	20469
ENSG00000118655	chr1	113905213	113914086	DCLRE1B	0	+	8873
ENSG00000118680	chr18	3261479	3278461	MYL12B	0	+	16982
ENSG00000118689	chr6	108559835	108684774	FOXO3	0	+	124939
ENSG00000118690	chr6	108848416	108974476	ARMC2	0	+	126060
ENSG00000118705	chr20	37178410	37241619	RPN2	0	+	63209
ENSG00000118729	chr1	115700021	115768714	CASQ2	0	-	68693
ENSG00000118733	chr1	101802560	101996926	OLFM3	0	-	194366
ENSG00000118762	chr4	88007635	88077777	PKD2	0	+	70142
ENSG00000118777	chr4	88090150	88231628	ABCG2	0	-	141478
ENSG00000118785	chr4	87975667	87983532	SPP1	0	+	7865
ENSG00000118804	chr4	76306733	76311130	STBD1	0	+	4397
ENSG00000118816	chr4	77047155	77076309	CCNI	0	-	29154
ENSG00000118849	chr3	158696892	158732489	RARRES1	0	-	35597
ENSG00000118855	chr3	158732198	158829719	MFSD1	0	+	97521
ENSG00000118873	chr1	220148293	220272529	RAB3GAP2	0	-	124236
ENSG00000118894	chr16	5084284	5097795	EEF2KMT	0	-	13511
ENSG00000118898	chr16	4882507	4960741	PPL	0	-	78234
ENSG00000118900	chr16	4846665	4882401	UBN1	0	+	35736
ENSG00000118922	chr13	73686089	74133929	KLF12	0	-	447840
ENSG00000118939	chr13	75549480	75606020	UCHL3	0	+	56540
ENSG00000118946	chr13	57631744	57729311	PCDH17	0	+	97567
ENSG00000118960	chr2	20560448	20651130	HS1BP3	0	-	90682
ENSG00000118961	chr2	20684014	20823130	LDAH	0	-	139116
ENSG00000118965	chr2	19910263	19990105	WDR35	0	-	79842
ENSG00000118985	chr5	95885098	95961851	ELL2	0	-	76753
ENSG00000118997	chr2	195737703	196068837	DNAH7	0	-	331134
ENSG00000119004	chr2	203238977	203306026	CYP20A1	0	+	67049
ENSG00000119013	chr2	201071433	201085750	NDUFB3	0	+	14317
ENSG00000119041	chr2	196763035	196799725	GTF3C3	0	-	36690
ENSG00000119042	chr2	199269500	199471266	SATB2	0	-	201766
ENSG00000119048	chr5	134371469	134392108	UBE2B	0	+	20639
ENSG00000119121	chr9	74722495	74888094	TRPM6	0	-	165599
ENSG00000119138	chr9	70384604	70414657	KLF9	0	-	30053
ENSG00000119147	chr2	106063246	106078155	ECRG4	0	+	14909
ENSG00000119185	chr2	9403475	9423528	ITGB1BP1	0	-	20053
ENSG00000119203	chr2	9423651	9473101	CPSF3	0	+	49450
ENSG00000119227	chr3	196946356	196969060	PIGZ	0	-	22704
ENSG00000119231	chr3	196867856	196934714	SENP5	0	+	66858
ENSG00000119242	chr12	123918660	123972831	CCDC92	0	-	54171
ENSG00000119280	chr1	230837119	230869589	C1orf198	0	-	32470
ENSG00000119283	chr1	231162058	231221565	TRIM67	0	+	59507
ENSG00000119285	chr1	236549005	236604516	HEATR1	0	-	55511
ENSG00000119314	chr9	112217716	112333664	PTBP3	0	-	115948
ENSG00000119318	chr9	107283137	107332192	RAD23B	0	+	49055
ENSG00000119321	chr9	113161006	113221458	FKBP15	0	-	60452
ENSG00000119326	chr9	108942569	109013522	CTNNAL1	0	-	70953
ENSG00000119328	chr9	108934400	108950744	ABITRAM	0	+	16344
ENSG00000119333	chr9	128633653	128656847	DYNC2I2	0	-	23194
ENSG00000119335	chr9	128683424	128696400	SET	0	+	12976
ENSG00000119392	chr9	128504655	128543874	GLE1	0	+	39219
ENSG00000119396	chr9	121178133	121223014	RAB14	0	-	44881
ENSG00000119397	chr9	121074660	121177729	CNTRL	0	+	103069
ENSG00000119401	chr9	116687305	116701300	TRIM32	0	+	13995
ENSG00000119402	chr9	120751978	120793416	FBXW2	0	-	41438
ENSG00000119403	chr9	120855651	120894896	PHF19	0	-	39245
ENSG00000119408	chr9	124257606	124353307	NEK6	0	+	95701
ENSG00000119411	chr9	113349541	113371233	BSPRY	0	+	21692
ENSG00000119414	chr9	125146573	125189939	PPP6C	0	-	43366
ENSG00000119421	chr9	122144058	122159779	NDUFA8	0	-	15721
ENSG00000119431	chr9	113373419	113376986	HDHD3	0	-	3567
ENSG00000119446	chr9	122237622	122264840	RBM18	0	-	27218
ENSG00000119471	chr9	112380080	112472405	HSDL2	0	+	92325
ENSG00000119487	chr9	125437393	125707234	MAPKAP1	0	-	269841
ENSG00000119508	chr9	99821855	99866891	NR4A3	0	+	45036
ENSG00000119509	chr9	100099243	100302175	INVS	0	+	202932
ENSG00000119514	chr9	98807670	98850081	GALNT12	0	+	42411
ENSG00000119522	chr9	123379654	123930152	DENND1A	0	-	550498
ENSG00000119523	chr9	99216425	99221942	ALG2	0	-	5517
ENSG00000119535	chr1	36466043	36483278	CSF3R	0	-	17235
ENSG00000119537	chr18	63327726	63367228	KDSR	0	-	39502
ENSG00000119541	chr18	63389190	63422483	VPS4B	0	-	33293
ENSG00000119547	chr18	57435374	57491298	ONECUT2	0	+	55924
ENSG00000119559	chr19	1461143	1479219	C19orf25	0	-	18076
ENSG00000119574	chr19	58513530	58538911	ZBTB45	0	-	25381
ENSG00000119596	chr14	74763316	74859435	YLPM1	0	+	96119
ENSG00000119599	chr14	72926377	72959703	DCAF4	0	+	33326
ENSG00000119616	chr14	74713144	74738620	FCF1	0	+	25476
ENSG00000119630	chr14	74941834	74955626	PGF	0	-	13792
ENSG00000119632	chr14	94127779	94130253	IFI27L2	0	-	2474
ENSG00000119636	chr14	74019349	74082863	BBOF1	0	+	63514
ENSG00000119638	chr14	75079353	75127344	NEK9	0	-	47991
ENSG00000119640	chr14	75053237	75069483	ACYP1	0	-	16246
ENSG00000119655	chr14	74476192	74494177	NPC2	0	-	17985
ENSG00000119661	chr14	73644875	73703732	DNAL1	0	+	58857
ENSG00000119669	chr14	77024543	77028708	IRF2BPL	0	-	4165
ENSG00000119673	chr14	73567620	73575658	ACOT2	0	+	8038
ENSG00000119681	chr14	74498183	74612378	LTBP2	0	-	114195
ENSG00000119682	chr14	74653437	74713117	AREL1	0	-	59680
ENSG00000119684	chr14	75013769	75051532	MLH3	0	-	37763
ENSG00000119685	chr14	75633625	75955079	TTLL5	0	+	321454
ENSG00000119688	chr14	74285269	74303055	ABCD4	0	-	17786
ENSG00000119689	chr14	74881891	74903743	DLST	0	+	21852
ENSG00000119698	chr14	94146128	94279734	PPP4R4	0	+	133606
ENSG00000119699	chr14	75958097	75983011	TGFB3	0	-	24914
ENSG00000119703	chr14	75064109	75119502	ZC2HC1C	0	+	55393
ENSG00000119705	chr14	77708071	77761104	SLIRP	0	+	53033
ENSG00000119707	chr14	73058532	73123899	RBM25	0	+	65367
ENSG00000119711	chr14	74056847	74084492	ALDH6A1	0	-	27645
ENSG00000119714	chr14	91232532	91253925	GPR68	0	-	21393
ENSG00000119718	chr14	75002921	75012366	EIF2B2	0	+	9445
ENSG00000119720	chr14	90267860	90331969	NRDE2	0	-	64109
ENSG00000119723	chr14	73949926	73963670	COQ6	0	+	13744
ENSG00000119729	chr2	46541806	46584688	RHOQ	0	+	42882
ENSG00000119760	chr2	27650809	27663840	SUPT7L	0	-	13031
ENSG00000119771	chr2	23385179	23708611	KLHL29	0	+	323432
ENSG00000119772	chr2	25227855	25342590	DNMT3A	0	-	114735
ENSG00000119777	chr2	27032910	27041694	TMEM214	0	+	8784
ENSG00000119778	chr2	23748664	23927123	ATAD2B	0	-	178459
ENSG00000119787	chr2	38293954	38377285	ATL2	0	-	83331
ENSG00000119801	chr2	30146941	30160533	YPEL5	0	+	13592
ENSG00000119812	chr2	33532744	33599347	FAM98A	0	-	66603
ENSG00000119820	chr2	32277904	32316594	YIPF4	0	+	38690
ENSG00000119844	chr2	64524305	64593005	AFTPH	0	+	68700
ENSG00000119862	chr2	64453969	64461381	LGALSL	0	+	7412
ENSG00000119865	chr2	68284171	68320051	CNRIP1	0	-	35880
ENSG00000119866	chr2	60450520	60554467	BCL11A	0	-	103947
ENSG00000119878	chr2	46616416	46630176	CRIPT	0	+	13760
ENSG00000119888	chr2	47345158	47387601	EPCAM	0	+	42443
ENSG00000119899	chr6	73593379	73653992	SLC17A5	0	-	60613
ENSG00000119900	chr6	71288811	71309059	OGFRL1	0	+	20248
ENSG00000119906	chr10	100912963	100965134	SLF2	0	+	52171
ENSG00000119912	chr10	92451684	92574096	IDE	0	-	122412
ENSG00000119917	chr10	89327307	89377473	IFIT3	0	+	50166
ENSG00000119922	chr10	89283694	89309271	IFIT2	0	+	25577
ENSG00000119927	chr10	112149865	112215377	GPAM	0	-	65512
ENSG00000119929	chr10	99702558	99756134	CUTC	0	+	53576
ENSG00000119938	chr10	91628442	91633071	PPP1R3C	0	-	4629
ENSG00000119943	chr10	98383565	98415182	PYROXD2	0	-	31617
ENSG00000119946	chr10	99329356	99394330	CNNM1	0	+	64974
ENSG00000119950	chr10	110207605	110287365	MXI1	0	+	79760
ENSG00000119953	chr10	110290730	110304938	SMNDC1	0	-	14208
ENSG00000119965	chr10	122930901	122954311	C10orf88	0	-	23410
ENSG00000119977	chr10	95659823	95694143	TCTN3	0	-	34320
ENSG00000119979	chr10	119104086	119137984	DENND10	0	+	33898
ENSG00000119986	chr10	97677424	97687241	AVPI1	0	-	9817
ENSG00000120008	chr10	120851305	120909524	WDR11	0	+	58219
ENSG00000120029	chr10	101845599	102056193	ARMH3	0	-	210594
ENSG00000120049	chr10	101825974	101843920	KCNIP2	0	-	17946
ENSG00000120053	chr10	99396870	99430624	GOT1	0	-	33754
ENSG00000120055	chr10	102449837	102451543	C10orf95	0	-	1706
ENSG00000120063	chr17	65009289	65056740	GNA13	0	-	47451
ENSG00000120071	chr17	46029916	46225389	KANSL1	0	-	195473
ENSG00000120093	chr17	48548870	48604912	HOXB3	0	-	56042
ENSG00000120129	chr5	172768096	172771195	DUSP1	0	-	3099
ENSG00000120137	chr5	168548495	168579368	PANK3	0	-	30873
ENSG00000120149	chr5	174724582	174730896	MSX2	0	+	6314
ENSG00000120156	chr9	27109141	27230174	TEK	0	+	121033
ENSG00000120158	chr9	4792944	4885917	RCL1	0	+	92973
ENSG00000120159	chr9	26840685	26892803	CAAP1	0	-	52118
ENSG00000120162	chr9	27325209	27529814	MOB3B	0	-	204605
ENSG00000120217	chr9	5450503	5470566	CD274	0	+	20063
ENSG00000120251	chr4	157204182	157366075	GRIA2	0	+	161893
ENSG00000120253	chr6	149724315	149749665	NUP43	0	-	25350
ENSG00000120254	chr6	150865679	151101887	MTHFD1L	0	+	236208
ENSG00000120262	chr6	151494017	151621193	CCDC170	0	+	127176
ENSG00000120265	chr6	149749443	149811420	PCMT1	0	+	61977
ENSG00000120278	chr6	150599883	150843665	PLEKHG1	0	+	243782
ENSG00000120279	chr6	152697897	152724569	MYCT1	0	+	26672
ENSG00000120280	chrX	30558809	30577766	TASL	0	-	18957
ENSG00000120306	chr5	140175156	140282052	CYSTM1	0	+	106896
ENSG00000120314	chr5	140664868	140674124	WDR55	0	+	9256
ENSG00000120318	chr5	141653401	141682230	ARAP3	0	-	28829
ENSG00000120322	chr5	141177790	141180539	PCDHB8	0	+	2749
ENSG00000120324	chr5	141192353	141195647	PCDHB10	0	+	3294
ENSG00000120328	chr5	141208697	141212571	PCDHB12	0	+	3874
ENSG00000120332	chr1	175067833	175148075	TNN	0	+	80242
ENSG00000120333	chr1	175010789	175023425	MRPS14	0	-	12636
ENSG00000120334	chr1	173799550	173824883	CENPL	0	-	25333
ENSG00000120341	chr1	177923956	177984303	SEC16B	0	-	60347
ENSG00000120370	chr1	170531819	170553834	GORAB	0	+	22015
ENSG00000120437	chr6	159762045	159779112	ACAT2	0	+	17067
ENSG00000120438	chr6	159778498	159789703	TCP1	0	-	11205
ENSG00000120451	chr11	130866250	130916479	SNX19	0	-	50229
ENSG00000120457	chr11	128891356	128921163	KCNJ5	0	+	29807
ENSG00000120458	chr11	124766498	124800706	MSANTD2	0	-	34208
ENSG00000120509	chrX	70286595	70290514	PDZD11	0	-	3919
ENSG00000120519	chr4	146253975	146522372	SLC10A7	0	-	268397
ENSG00000120526	chr8	109240919	109334121	NUDCD1	0	-	93202
ENSG00000120533	chr8	109334324	109345954	ENY2	0	+	11630
ENSG00000120539	chr10	27154824	27187953	MASTL	0	+	33129
ENSG00000120549	chr10	23694746	24547848	KIAA1217	0	+	853102
ENSG00000120594	chr10	19816239	20289856	PLXDC2	0	+	473617
ENSG00000120616	chr10	32267751	32378798	EPC1	0	-	111047
ENSG00000120645	chr12	66767	178455	IQSEC3	0	+	111688
ENSG00000120647	chr12	389273	442642	CCDC77	0	+	53369
ENSG00000120656	chr1	28587829	28648291	TAF12	0	-	60462
ENSG00000120658	chr13	43213130	43786972	ENOX1	0	-	573842
ENSG00000120659	chr13	42562736	42608013	TNFSF11	0	+	45277
ENSG00000120662	chr13	41216369	41263577	MTRF1	0	-	47208
ENSG00000120675	chr13	43023203	43114213	DNAJC15	0	+	91010
ENSG00000120685	chr13	39009865	39038089	PROSER1	0	-	28224
ENSG00000120686	chr13	38349849	38363619	UFM1	0	+	13770
ENSG00000120688	chr13	41061509	41084006	WBP4	0	+	22497
ENSG00000120690	chr13	40931924	41061440	ELF1	0	-	129516
ENSG00000120693	chr13	36844831	36920765	SMAD9	0	-	75934
ENSG00000120694	chr13	31134973	31162388	HSPH1	0	-	27415
ENSG00000120696	chr13	41189834	41194569	KBTBD7	0	-	4735
ENSG00000120697	chr13	36949738	37000763	ALG5	0	-	51025
ENSG00000120699	chr13	36998816	37025881	EXOSC8	0	+	27065
ENSG00000120705	chr5	138506095	138543236	ETF1	0	-	37141
ENSG00000120708	chr5	136028988	136063818	TGFBI	0	+	34830
ENSG00000120709	chr5	138331935	138349729	FAM53C	0	+	17794
ENSG00000120725	chr5	138946724	139293557	SIL1	0	-	346833
ENSG00000120727	chr5	139341587	139369720	PAIP2	0	+	28133
ENSG00000120729	chr5	137867858	137887851	MYOT	0	+	19993
ENSG00000120733	chr5	138352685	138437028	KDM3B	0	+	84343
ENSG00000120738	chr5	138465479	138469303	EGR1	0	+	3824
ENSG00000120742	chr3	150541998	150603228	SERP1	0	-	61230
ENSG00000120756	chr3	142596393	142713664	PLS1	0	+	117271
ENSG00000120784	chr19	37613749	37692337	ZFP30	0	-	78588
ENSG00000120798	chr12	95020229	95073628	NR2C1	0	-	53399
ENSG00000120800	chr12	101280105	101386618	UTP20	0	+	106513
ENSG00000120802	chr12	98515579	98550351	TMPO	0	+	34772
ENSG00000120805	chr12	101393116	101407772	ARL1	0	-	14656
ENSG00000120820	chr12	103988987	104064183	GLT8D2	0	-	75196
ENSG00000120832	chr12	106977277	106987160	MTERF2	0	-	9883
ENSG00000120833	chr12	93569814	93583487	SOCS2	0	+	13673
ENSG00000120837	chr12	104117086	104138241	NFYB	0	-	21155
ENSG00000120860	chr12	102012840	102062149	WASHC3	0	-	49309
ENSG00000120868	chr12	98645290	98735433	APAF1	0	+	90143
ENSG00000120875	chr8	29333064	29350684	DUSP4	0	-	17620
ENSG00000120885	chr8	27596917	27614700	CLU	0	-	17783
ENSG00000120889	chr8	23020133	23069031	TNFRSF10B	0	-	48898
ENSG00000120896	chr8	22544986	22575788	SORBS3	0	+	30802
ENSG00000120899	chr8	27311482	27459391	PTK2B	0	+	147909
ENSG00000120910	chr8	22440819	22541142	PPP3CC	0	+	100323
ENSG00000120913	chr8	22578279	22598025	PDLIM2	0	+	19746
ENSG00000120915	chr8	27490781	27545564	EPHX2	0	+	54783
ENSG00000120925	chr8	42849637	42897290	RNF170	0	-	47653
ENSG00000120942	chr1	11273198	11296049	UBIAD1	0	+	22851
ENSG00000120948	chr1	11012344	11030528	TARDBP	0	+	18184
ENSG00000120949	chr1	12063303	12144207	TNFRSF8	0	+	80904
ENSG00000120963	chr8	101177878	101206193	ZNF706	0	-	28315
ENSG00000120992	chr8	54046367	54102017	LYPLA1	0	-	55650
ENSG00000121005	chr8	74984505	75034558	CRISPLD1	0	+	50053
ENSG00000121039	chr8	73294602	73325281	RDH10	0	+	30679
ENSG00000121057	chr17	57085092	57121346	AKAP1	0	+	36254
ENSG00000121058	chr17	56938199	56961050	COIL	0	-	22851
ENSG00000121060	chr17	56836387	56914080	TRIM25	0	-	77693
ENSG00000121064	chr17	56978129	57006768	SCPEP1	0	+	28639
ENSG00000121067	chr17	49598884	49678163	SPOP	0	-	79279
ENSG00000121068	chr17	61399843	61409466	TBX2	0	+	9623
ENSG00000121073	chr17	49700934	49709014	SLC35B1	0	-	8080
ENSG00000121101	chr17	58556678	58692055	TEX14	0	-	135377
ENSG00000121104	chr17	49710332	49789180	FAM117A	0	-	78848
ENSG00000121152	chr2	96335766	96377091	NCAPH	0	+	41325
ENSG00000121207	chr4	154626945	154753120	LRAT	0	+	126175
ENSG00000121210	chr4	153466346	153636711	TMEM131L	0	+	170365
ENSG00000121270	chr16	48165773	48247568	ABCC11	0	-	81795
ENSG00000121274	chr16	50152911	50235310	TENT4B	0	+	82399
ENSG00000121281	chr16	50246137	50318135	ADCY7	0	+	71998
ENSG00000121289	chr19	32875925	32971991	CEP89	0	-	96066
ENSG00000121297	chr19	31149979	31349436	TSHZ3	0	-	199457
ENSG00000121310	chr1	52895910	52927212	ECHDC2	0	-	31302
ENSG00000121316	chr12	14503661	14567883	PLBD1	0	-	64222
ENSG00000121350	chr12	21437615	21471250	PYROXD1	0	+	33635
ENSG00000121361	chr12	21764955	21775600	KCNJ8	0	-	10645
ENSG00000121380	chr12	12049844	12211084	BCL2L14	0	+	161240
ENSG00000121390	chr13	19674752	19783019	PSPC1	0	-	108267
ENSG00000121406	chr19	57527325	57557542	ZNF549	0	+	30217
ENSG00000121410	chr19	58345178	58353492	A1BG	0	-	8314
ENSG00000121413	chr19	58083838	58118427	ZSCAN18	0	-	34589
ENSG00000121417	chr19	57630395	57644041	ZNF211	0	+	13646
ENSG00000121440	chr3	73382431	73624941	PDZRN3	0	-	242510
ENSG00000121454	chr1	180230264	180278984	LHX4	0	+	48720
ENSG00000121481	chr1	185045526	185102603	RNF2	0	+	57077
ENSG00000121486	chr1	185118101	185157072	TRMT1L	0	-	38971
ENSG00000121552	chr3	122325248	122341969	CSTA	0	+	16721
ENSG00000121577	chr3	119636457	119665324	POPDC2	0	-	28867
ENSG00000121578	chr3	119211732	119240946	B4GALT4	0	-	29214
ENSG00000121579	chr3	113716458	113746300	NAA50	0	-	29842
ENSG00000121594	chr3	119524293	119559614	CD80	0	-	35321
ENSG00000121621	chr11	28020619	28108156	KIF18A	0	-	87537
ENSG00000121644	chr1	244653103	244709033	DESI2	0	+	55930
ENSG00000121653	chr11	45885651	45906465	MAPK8IP1	0	+	20814
ENSG00000121671	chr11	45847118	45883248	CRY2	0	+	36130
ENSG00000121680	chr11	45909663	45918812	PEX16	0	-	9149
ENSG00000121690	chr11	33015876	33033582	DEPDC7	0	+	17706
ENSG00000121691	chr11	34438934	34472060	CAT	0	+	33126
ENSG00000121741	chr13	19958677	20091829	ZMYM2	0	+	133152
ENSG00000121742	chr13	20221962	20232365	GJB6	0	-	10403
ENSG00000121749	chr12	71839707	71927248	TBC1D15	0	+	87541
ENSG00000121753	chr1	31727117	31764893	ADGRB2	0	-	37776
ENSG00000121766	chr1	31296982	31364953	ZCCHC17	0	+	67971
ENSG00000121769	chr1	31365253	31376850	FABP3	0	-	11597
ENSG00000121774	chr1	32013868	32060850	KHDRBS1	0	+	46982
ENSG00000121775	chr1	32072031	32102866	TMEM39B	0	+	30835
ENSG00000121797	chr3	46407166	46412997	CCRL2	0	+	5831
ENSG00000121807	chr3	46353864	46360940	CCR2	0	+	7076
ENSG00000121858	chr3	172505508	172523475	TNFSF10	0	-	17967
ENSG00000121864	chr3	179323031	179338583	ZNF639	0	+	15552
ENSG00000121879	chr3	179148114	179240093	PIK3CA	0	+	91979
ENSG00000121892	chr4	39822863	39977956	PDS5A	0	-	155093
ENSG00000121895	chr4	38966744	39032922	TMEM156	0	-	66178
ENSG00000121897	chr4	39459004	39485109	LIAS	0	+	26105
ENSG00000121898	chr10	123706207	123940267	CPXM2	0	-	234060
ENSG00000121900	chr1	32894594	32901438	TMEM54	0	-	6844
ENSG00000121903	chr1	33472645	33501643	ZSCAN20	0	+	28998
ENSG00000121904	chr1	33513998	34165842	CSMD2	0	-	651844
ENSG00000121905	chr1	32885994	32898441	HPCA	0	+	12447
ENSG00000121931	chr1	110947190	110963965	LRIF1	0	-	16775
ENSG00000121933	chr1	111483348	111563962	TMIGD3	0	-	80614
ENSG00000121957	chr1	108875350	108934545	GPSM2	0	+	59195
ENSG00000121964	chr2	143938068	144332568	GTDC1	0	-	394500
ENSG00000121966	chr2	136114349	136118149	CXCR4	0	-	3800
ENSG00000121988	chr2	135136916	135531218	ZRANB3	0	-	394302
ENSG00000121989	chr2	147844517	147930826	ACVR2A	0	+	86309
ENSG00000122008	chr5	75511756	75601144	POLK	0	+	89388
ENSG00000122025	chr13	28003274	28100592	FLT3	0	-	97318
ENSG00000122026	chr13	27251362	27256691	RPL21	0	+	5329
ENSG00000122033	chr13	27435643	27450591	MTIF3	0	-	14948
ENSG00000122034	chr13	27424619	27435823	GTF3A	0	+	11204
ENSG00000122035	chr13	27270830	27275192	RASL11A	0	+	4362
ENSG00000122042	chr13	29764371	29850617	UBL3	0	-	86246
ENSG00000122068	chr3	197737179	197787596	FYTTD1	0	+	50417
ENSG00000122085	chr2	241072169	241102332	MTERF4	0	-	30163
ENSG00000122121	chrX	129738949	129769536	XPNPEP2	0	+	30587
ENSG00000122122	chrX	129779949	129795201	SASH3	0	+	15252
ENSG00000122126	chrX	129539849	129592561	OCRL	0	+	52712
ENSG00000122136	chr9	135546126	135549969	OBP2A	0	+	3843
ENSG00000122140	chr9	135499984	135504673	MRPS2	0	+	4689
ENSG00000122176	chr1	203340628	203351758	FMOD	0	-	11130
ENSG00000122188	chr1	203765177	203776372	LAX1	0	+	11195
ENSG00000122203	chr5	176346062	176361807	KIAA1191	0	-	15745
ENSG00000122218	chr1	160288594	160343273	COPA	0	-	54679
ENSG00000122224	chr1	160796074	160828261	LY9	0	+	32187
ENSG00000122254	chr16	22814162	22916338	HS3ST2	0	+	102176
ENSG00000122257	chr16	24537693	24572863	RBBP6	0	+	35170
ENSG00000122299	chr16	11750586	11797258	ZC3H7A	0	-	46672
ENSG00000122335	chr6	158109519	158168280	SERAC1	0	-	58761
ENSG00000122359	chr10	80150889	80205572	ANXA11	0	-	54683
ENSG00000122367	chr10	86666785	86736072	LDB3	0	+	69287
ENSG00000122376	chr10	87094161	87191465	SHLD2	0	+	97304
ENSG00000122378	chr10	80407829	80437115	PRXL2A	0	+	29286
ENSG00000122386	chr16	3112560	3120517	ZNF205	0	+	7957
ENSG00000122406	chr1	92832013	92841924	RPL5	0	+	9911
ENSG00000122417	chr1	86346824	86396342	ODF2L	0	-	49518
ENSG00000122420	chr1	78303884	78540701	PTGFR	0	+	236817
ENSG00000122432	chr1	84506300	84566194	SPATA1	0	+	59894
ENSG00000122435	chr1	100133150	100150496	TRMT13	0	+	17346
ENSG00000122477	chr1	100148448	100178273	LRRC39	0	-	29825
ENSG00000122482	chr1	90915298	91022272	ZNF644	0	-	106974
ENSG00000122483	chr1	93179919	93278730	CCDC18	0	+	98811
ENSG00000122484	chr1	92299059	92402056	RPAP2	0	+	102997
ENSG00000122490	chr18	79902420	79951657	SLC66A2	0	-	49237
ENSG00000122507	chr7	33109557	33877180	BBS9	0	+	767623
ENSG00000122512	chr7	5970925	6009106	PMS2	0	-	38181
ENSG00000122515	chr7	44748581	44769881	ZMIZ2	0	+	21300
ENSG00000122545	chr7	35800932	35907110	SEPTIN7	0	+	106178
ENSG00000122547	chr7	36153254	36301538	EEPD1	0	+	148284
ENSG00000122550	chr7	23105758	23177914	KLHL7	0	+	72156
ENSG00000122557	chr7	35632659	35697459	HERPUD2	0	-	64800
ENSG00000122565	chr7	26201162	26213607	CBX3	0	+	12445
ENSG00000122566	chr7	26171151	26201529	HNRNPA2B1	0	-	30378
ENSG00000122574	chr7	29806486	29917061	WIPF3	0	+	110575
ENSG00000122584	chr7	8433609	8752961	NXPH1	0	+	319352
ENSG00000122591	chr7	22889371	23014130	FAM126A	0	-	124759
ENSG00000122592	chr7	27153716	27157936	HOXA7	0	-	4220
ENSG00000122641	chr7	41667168	41705834	INHBA	0	-	38666
ENSG00000122642	chr7	32957404	33006930	FKBP9	0	+	49526
ENSG00000122643	chr7	33014130	33062796	NT5C3A	0	-	48666
ENSG00000122644	chr7	12686856	12690958	ARL4A	0	+	4102
ENSG00000122674	chr7	5898725	5926550	CCZ1	0	+	27825
ENSG00000122678	chr7	44072062	44082530	POLM	0	-	10468
ENSG00000122679	chr7	45157791	45186302	RAMP3	0	+	28511
ENSG00000122691	chr7	19020991	19117636	TWIST1	0	-	96645
ENSG00000122692	chr9	33041765	33076674	SMU1	0	-	34909
ENSG00000122694	chr9	36136536	36163913	GLIPR2	0	+	27377
ENSG00000122705	chr9	36190856	36304781	CLTA	0	+	113925
ENSG00000122707	chr9	36036913	36124455	RECK	0	+	87542
ENSG00000122728	chr9	32629454	32635669	TAF1L	0	-	6215
ENSG00000122729	chr9	32384603	32454769	ACO1	0	+	70166
ENSG00000122735	chr9	34457414	34520988	DNAI1	0	+	63574
ENSG00000122741	chr9	37800554	37867666	DCAF10	0	+	67112
ENSG00000122756	chr9	34551432	34590140	CNTFR	0	-	38708
ENSG00000122778	chr7	138831381	138981389	KIAA1549	0	-	150008
ENSG00000122779	chr7	138460259	138589996	TRIM24	0	+	129737
ENSG00000122783	chr7	135092363	135170795	CYREN	0	-	78432
ENSG00000122786	chr7	134744252	134970729	CALD1	0	+	226477
ENSG00000122824	chrX	51332231	51337525	NUDT10	0	+	5294
ENSG00000122861	chr10	73909177	73917496	PLAU	0	+	8319
ENSG00000122862	chr10	69088103	69104805	SRGN	0	+	16702
ENSG00000122863	chr10	71964395	72013558	CHST3	0	+	49163
ENSG00000122870	chr10	58512872	58831435	BICC1	0	+	318563
ENSG00000122873	chr10	58269162	58289586	CISD1	0	+	20424
ENSG00000122877	chr10	62811996	62819167	EGR2	0	-	7171
ENSG00000122882	chr10	73130155	73169055	ECD	0	-	38900
ENSG00000122884	chr10	73007217	73096974	P4HA1	0	-	89757
ENSG00000122912	chr10	68477998	68527523	SLC25A16	0	-	49525
ENSG00000122952	chr10	56357227	56361273	ZWINT	0	-	4046
ENSG00000122958	chr10	69123512	69174412	VPS26A	0	+	50900
ENSG00000122965	chr12	113816738	113966325	RBM19	0	-	149587
ENSG00000122966	chr12	119685791	119877320	CIT	0	-	191529
ENSG00000122970	chr12	110124335	110218793	IFT81	0	+	94458
ENSG00000122971	chr12	120725774	120740008	ACADS	0	+	14234
ENSG00000122986	chr12	110627841	110704950	HVCN1	0	-	77109
ENSG00000123064	chr12	113157173	113185479	DDX54	0	-	28306
ENSG00000123066	chr12	115957905	116277693	MED13L	0	-	319788
ENSG00000123080	chr1	50960745	50974634	CDKN2C	0	+	13889
ENSG00000123091	chr1	51236273	51273447	RNF11	0	+	37174
ENSG00000123094	chr12	25958232	26079892	RASSF8	0	+	121660
ENSG00000123095	chr12	26120030	26125037	BHLHE41	0	-	5007
ENSG00000123096	chr12	26121991	26299290	SSPN	0	+	177299
ENSG00000123104	chr12	26335352	26833194	ITPR2	0	-	497842
ENSG00000123106	chr12	28133249	28581511	CCDC91	0	+	448262
ENSG00000123119	chr8	90791741	90959393	NECAB1	0	+	167652
ENSG00000123124	chr8	86342547	86478420	WWP1	0	+	135873
ENSG00000123130	chrX	23701055	23766475	ACOT9	0	-	65420
ENSG00000123131	chrX	23664262	23686397	PRDX4	0	+	22135
ENSG00000123136	chr19	14408798	14419383	DDX39A	0	-	10585
ENSG00000123143	chr19	14433053	14471867	PKN1	0	+	38814
ENSG00000123144	chr19	12730640	12734684	TRIR	0	-	4044
ENSG00000123146	chr19	14380501	14408725	ADGRE5	0	+	28224
ENSG00000123154	chr19	12666802	12675832	WDR83	0	+	9030
ENSG00000123159	chr19	14477760	14496149	GIPC1	0	-	18389
ENSG00000123178	chr13	49912702	49936490	SPRYD7	0	-	23788
ENSG00000123179	chr13	49660674	49691486	EBPL	0	-	30812
ENSG00000123191	chr13	51930436	52012125	ATP7B	0	-	81689
ENSG00000123200	chr13	45954465	46052759	ZC3H13	0	-	98294
ENSG00000123213	chr5	65722205	65871725	NLN	0	+	149520
ENSG00000123219	chr5	65517766	65563168	CENPK	0	-	45402
ENSG00000123240	chr10	13099449	13138308	OPTN	0	+	38859
ENSG00000123243	chr10	7559270	7666998	ITIH5	0	-	107728
ENSG00000123268	chr12	50763710	50821162	ATF1	0	+	57452
ENSG00000123297	chr12	57782761	57808071	TSFM	0	+	25310
ENSG00000123329	chr12	57472264	57488814	ARHGAP9	0	-	16550
ENSG00000123338	chr12	54497752	54548243	NCKAP1L	0	+	50491
ENSG00000123342	chr12	55835433	55842966	MMP19	0	-	7533
ENSG00000123349	chr12	53295291	53299452	PFDN5	0	+	4161
ENSG00000123352	chr12	49366584	49527425	SPATS2	0	+	160841
ENSG00000123353	chr12	55818041	55821879	ORMDL2	0	+	3838
ENSG00000123358	chr12	52022832	52059507	NR4A1	0	+	36675
ENSG00000123360	chr12	54549601	54579239	PDE1B	0	+	29638
ENSG00000123364	chr12	53938831	53946544	HOXC13	0	+	7713
ENSG00000123374	chr12	55966781	55972789	CDK2	0	+	6008
ENSG00000123384	chr12	57128483	57213361	LRP1	0	+	84878
ENSG00000123388	chr12	53973126	53977643	HOXC11	0	+	4517
ENSG00000123395	chr12	52069246	52077495	ATG101	0	+	8249
ENSG00000123405	chr12	54292111	54301015	NFE2	0	-	8904
ENSG00000123407	chr12	53954903	53958956	HOXC12	0	+	4053
ENSG00000123411	chr12	56007659	56038435	IKZF4	0	+	30776
ENSG00000123415	chr12	54121277	54189008	SMUG1	0	-	67731
ENSG00000123416	chr12	49127782	49131397	TUBA1B	0	-	3615
ENSG00000123444	chr11	47572197	47578976	KBTBD4	0	-	6779
ENSG00000123453	chr9	133663560	133739955	SARDH	0	-	76395
ENSG00000123472	chr1	46632737	46673867	ATPAF1	0	-	41130
ENSG00000123473	chr1	47250139	47314892	STIL	0	-	64753
ENSG00000123485	chr2	233833416	233854566	HJURP	0	-	21150
ENSG00000123500	chr6	116118909	116158747	COL10A1	0	-	39838
ENSG00000123505	chr6	110874770	110898879	AMD1	0	+	24109
ENSG00000123545	chr6	96889315	96897891	NDUFAF4	0	-	8576
ENSG00000123552	chr6	99432325	99521728	USP45	0	-	89403
ENSG00000123560	chrX	103773718	103792619	PLP1	0	+	18901
ENSG00000123562	chrX	103675496	103688158	MORF4L2	0	-	12662
ENSG00000123570	chrX	103822327	103832257	RAB9B	0	-	9930
ENSG00000123572	chrX	105822539	105958610	NRK	0	+	136071
ENSG00000123575	chrX	104166453	104195902	FAM199X	0	+	29449
ENSG00000123595	chrX	13689128	13710504	RAB9A	0	+	21376
ENSG00000123600	chr2	171315746	171434802	METTL8	0	-	119056
ENSG00000123607	chr2	165857475	165953851	TTC21B	0	-	96376
ENSG00000123609	chr2	151270470	151289894	NMI	0	-	19424
ENSG00000123610	chr2	151357592	151380046	TNFAIP6	0	+	22454
ENSG00000123612	chr2	157526767	157628864	ACVR1C	0	-	102097
ENSG00000123636	chr2	159318979	159616569	BAZ2B	0	-	297590
ENSG00000123643	chr5	151437046	151492379	SLC36A1	0	+	55333
ENSG00000123684	chr1	211743457	211830763	LPGAT1	0	-	87306
ENSG00000123685	chr1	212686417	212699840	BATF3	0	-	13423
ENSG00000123689	chr1	209675412	209676390	G0S2	0	+	978
ENSG00000123700	chr17	70168673	70180044	KCNJ2	0	+	11371
ENSG00000123728	chrX	132203024	132219480	RAP2C	0	-	16456
ENSG00000123737	chr4	121801318	121817021	EXOSC9	0	+	15703
ENSG00000123810	chr19	41354417	41364165	B9D2	0	-	9748
ENSG00000123815	chr19	40691514	40725784	COQ8B	0	-	34270
ENSG00000123836	chr1	207034366	207081024	PFKFB2	0	+	46658
ENSG00000123838	chr1	207104233	207144972	C4BPA	0	+	40739
ENSG00000123892	chr11	88113251	88175443	RAB38	0	-	62192
ENSG00000123908	chr8	140520156	140635633	AGO2	0	-	115477
ENSG00000123933	chr4	2247432	2262109	MXD4	0	-	14677
ENSG00000123975	chr9	89311195	89316703	CKS2	0	+	5508
ENSG00000123983	chr2	222860942	222944639	ACSL3	0	+	83697
ENSG00000123989	chr2	219538954	219543809	CHPF	0	-	4855
ENSG00000123992	chr2	219372043	219400022	DNPEP	0	-	27979
ENSG00000123999	chr2	219569162	219575711	INHA	0	+	6549
ENSG00000124006	chr2	219550728	219571859	OBSL1	0	-	21131
ENSG00000124019	chr2	224378698	224402107	FAM124B	0	-	23409
ENSG00000124067	chr16	67943474	67969601	SLC12A4	0	-	26127
ENSG00000124074	chr16	67662945	67667265	ENKD1	0	-	4320
ENSG00000124097	chr20	57487959	57495366	HMGB1P1	0	-	7407
ENSG00000124098	chr20	56358974	56368663	FAM210B	0	+	9689
ENSG00000124102	chr20	45174902	45176544	PI3	0	+	1642
ENSG00000124104	chr20	45833799	45843276	SNX21	0	+	9477
ENSG00000124107	chr20	45252239	45254564	SLPI	0	-	2325
ENSG00000124120	chr20	44475874	44494603	TTPAL	0	+	18729
ENSG00000124126	chr20	48624252	48827999	PREX1	0	-	203747
ENSG00000124134	chr20	45091214	45101127	KCNS1	0	-	9913
ENSG00000124140	chr20	46021690	46060150	SLC12A5	0	+	38460
ENSG00000124143	chr20	38601809	38651035	ARHGAP40	0	+	49226
ENSG00000124145	chr20	45325288	45348424	SDC4	0	-	23136
ENSG00000124151	chr20	47501887	47656877	NCOA3	0	+	154990
ENSG00000124155	chr20	45416084	45456934	PIGT	0	+	40850
ENSG00000124160	chr20	46060991	46089962	NCOA5	0	-	28971
ENSG00000124164	chr20	58389229	58451101	VAPB	0	+	61872
ENSG00000124171	chr20	50731580	50756795	PARD6B	0	+	25215
ENSG00000124172	chr20	59025475	59032345	ATP5F1E	0	-	6870
ENSG00000124177	chr20	41402083	41618384	CHD6	0	-	216301
ENSG00000124181	chr20	41136960	41196801	PLCG1	0	+	59841
ENSG00000124191	chr20	43914852	44069616	TOX2	0	+	154764
ENSG00000124198	chr20	48921711	49036693	ARFGEF2	0	+	114982
ENSG00000124201	chr20	49237946	49278426	ZNFX1	0	-	40480
ENSG00000124203	chr20	59123381	59259113	ZNF831	0	+	135732
ENSG00000124205	chr20	59300443	59325992	EDN3	0	+	25549
ENSG00000124207	chr20	49046246	49096960	CSE1L	0	+	50714
ENSG00000124208	chr20	50081124	50153637	PEDS1-UBE2V1	0	-	72513
ENSG00000124209	chr20	58309715	58367507	RAB22A	0	+	57792
ENSG00000124212	chr20	49503874	49568137	PTGIS	0	-	64263
ENSG00000124214	chr20	49113339	49188367	STAU1	0	-	75028
ENSG00000124216	chr20	49982980	49988886	SNAI1	0	+	5906
ENSG00000124217	chr20	50958818	50963929	MOCS3	0	+	5111
ENSG00000124225	chr20	57648392	57711536	PMEPA1	0	-	63144
ENSG00000124226	chr20	49936336	49953885	RNF114	0	+	17549
ENSG00000124228	chr20	49219347	49244077	DDX27	0	+	24730
ENSG00000124243	chr20	50794894	50877177	BCAS4	0	+	82283
ENSG00000124249	chr20	44745865	44752313	KCNK15	0	+	6448
ENSG00000124251	chr20	45372557	45407889	TP53TG5	0	-	35332
ENSG00000124253	chr20	57561080	57568121	PCK1	0	+	7041
ENSG00000124256	chr20	57603846	57620576	ZBP1	0	-	16730
ENSG00000124257	chr20	45888625	45891208	NEURL2	0	-	2583
ENSG00000124275	chr5	7851186	7906025	MTRR	0	+	54839
ENSG00000124279	chr5	7859159	7869037	FASTKD3	0	-	9878
ENSG00000124299	chr19	33386950	33521791	PEPD	0	-	134841
ENSG00000124302	chr19	33621953	33773509	CHST8	0	+	151556
ENSG00000124313	chrX	53225828	53321350	IQSEC2	0	-	95522
ENSG00000124333	chrX	155881345	155943769	VAMP7	0	+	62424
ENSG00000124333	chrY	57067865	57130289	VAMP7	0	+	62424
ENSG00000124343	chrX	2752040	2816500	XG	0	+	64460
ENSG00000124356	chr2	73828916	73873659	STAMBP	0	+	44743
ENSG00000124357	chr2	71064344	71079808	NAGK	0	+	15464
ENSG00000124370	chr2	71109684	71130239	MCEE	0	-	20555
ENSG00000124374	chr2	71182738	71227103	PAIP2B	0	-	44365
ENSG00000124383	chr2	71130632	71150101	MPHOSPH10	0	+	19469
ENSG00000124406	chr4	42408373	42657105	ATP8A1	0	-	248732
ENSG00000124422	chr17	20999596	21043760	USP22	0	-	44164
ENSG00000124429	chrX	85277396	85379717	POF1B	0	-	102321
ENSG00000124440	chr19	46297042	46343433	HIF3A	0	+	46391
ENSG00000124459	chr19	43912624	43935282	ZNF45	0	-	22658
ENSG00000124466	chr19	43460787	43465608	LYPD3	0	-	4821
ENSG00000124479	chrX	43948776	43973395	NDP	0	-	24619
ENSG00000124486	chrX	41085445	41236579	USP9X	0	+	151134
ENSG00000124491	chr6	6144084	6321013	F13A1	0	-	176929
ENSG00000124493	chr6	34018643	34155622	GRM4	0	-	136979
ENSG00000124496	chr6	42224931	42452051	TRERF1	0	-	227120
ENSG00000124507	chr6	34466061	34535229	PACSIN1	0	+	69168
ENSG00000124508	chr6	26383096	26394874	BTN2A2	0	+	11778
ENSG00000124523	chr6	13574227	13615158	SIRT5	0	+	40931
ENSG00000124532	chr6	24402908	24426194	MRS2	0	+	23286
ENSG00000124535	chr6	2765393	2786952	WRNIP1	0	+	21559
ENSG00000124541	chr6	43021623	43034156	RRP36	0	+	12533
ENSG00000124557	chr6	26500303	26510425	BTN1A1	0	+	10122
ENSG00000124562	chr6	34757505	34773857	SNRPC	0	+	16352
ENSG00000124570	chr6	2948159	2972165	SERPINB6	0	-	24006
ENSG00000124571	chr6	43522334	43576038	XPO5	0	-	53704
ENSG00000124574	chr6	43427366	43450427	ABCC10	0	+	23061
ENSG00000124575	chr6	26234212	26234987	H1-3	0	-	775
ENSG00000124587	chr6	42963865	42979181	PEX6	0	-	15316
ENSG00000124588	chr6	2987987	3019755	NQO2	0	+	31768
ENSG00000124593	chr6	41780349	41790141	ENSG00000124593	0	+	9792
ENSG00000124596	chr6	41033627	41097787	OARD1	0	-	64160
ENSG00000124608	chr6	44298731	44313347	AARS2	0	-	14616
ENSG00000124613	chr6	27374615	27403908	ZNF391	0	+	29293
ENSG00000124615	chr6	39899578	39934551	MOCS1	0	-	34973
ENSG00000124635	chr6	27125897	27132795	H2BC11	0	-	6898
ENSG00000124659	chr6	42744498	42746103	TBCC	0	-	1605
ENSG00000124664	chr6	34537802	34556333	SPDEF	0	-	18531
ENSG00000124688	chr6	43629540	43640941	MAD2L1BP	0	+	11401
ENSG00000124702	chr6	43014103	43021298	KLHDC3	0	+	7195
ENSG00000124713	chr6	42960754	42963880	GNMT	0	+	3126
ENSG00000124731	chr6	41267926	41286682	TREM1	0	-	18756
ENSG00000124733	chr6	43011143	43016868	MEA1	0	-	5725
ENSG00000124743	chr6	53647916	53665756	KLHL31	0	-	17840
ENSG00000124749	chr6	56056590	56394094	COL21A1	0	-	337504
ENSG00000124762	chr6	36676460	36687337	CDKN1A	0	+	10877
ENSG00000124766	chr6	21593751	21598619	SOX4	0	+	4868
ENSG00000124767	chr6	38675925	38703145	GLO1	0	-	27220
ENSG00000124772	chr6	36740775	36839444	CPNE5	0	-	98669
ENSG00000124780	chr6	39299001	39314461	KCNK17	0	-	15460
ENSG00000124782	chr6	7107597	7251980	RREB1	0	+	144383
ENSG00000124783	chr6	7268306	7347446	SSR1	0	-	79140
ENSG00000124784	chr6	7389793	7418037	RIOK1	0	+	28244
ENSG00000124785	chr6	5997999	6007605	NRN1	0	-	9606
ENSG00000124786	chr6	8411435	8435561	SLC35B3	0	-	24126
ENSG00000124787	chr6	4994717	5004063	RPP40	0	-	9346
ENSG00000124788	chr6	16299112	16761491	ATXN1	0	-	462379
ENSG00000124789	chr6	17615035	17706925	NUP153	0	-	91890
ENSG00000124795	chr6	18223860	18264548	DEK	0	-	40688
ENSG00000124802	chr6	8073360	8102559	EEF1E1	0	-	29199
ENSG00000124813	chr6	45328157	45664349	RUNX2	0	+	336192
ENSG00000124831	chr2	237627587	237813682	LRRFIP1	0	+	186095
ENSG00000124839	chr2	237574322	237601614	RAB17	0	-	27292
ENSG00000124882	chr4	74365145	74388749	EREG	0	+	23604
ENSG00000124920	chr11	61752636	61788518	MYRF	0	+	35882
ENSG00000124935	chr11	62242239	62244812	SCGB1D2	0	+	2573
ENSG00000124939	chr11	62208673	62213943	SCGB2A1	0	+	5270
ENSG00000124942	chr11	62433542	62556235	AHNAK	0	-	122693
ENSG00000125037	chr3	9962682	10011202	EMC3	0	-	48520
ENSG00000125089	chr4	8182072	8241803	SH3TC1	0	+	59731
ENSG00000125107	chr16	58519951	58629885	CNOT1	0	-	109934
ENSG00000125124	chr16	56465640	56582667	BBS2	0	-	117027
ENSG00000125144	chr16	56666730	56668065	MT1G	0	-	1335
ENSG00000125148	chr16	56608584	56609497	MT2A	0	+	913
ENSG00000125149	chr16	67109941	67148544	PHAF1	0	+	38603
ENSG00000125166	chr16	58707131	58734342	GOT2	0	-	27211
ENSG00000125170	chr16	57471922	57487327	DOK4	0	-	15405
ENSG00000125245	chr13	99254732	99261744	GPR18	0	-	7012
ENSG00000125246	chr13	99606669	99909459	CLYBL	0	+	302790
ENSG00000125247	chr13	100603625	100675093	TMTC4	0	-	71468
ENSG00000125249	chr13	97434169	97469128	RAP2A	0	+	34959
ENSG00000125257	chr13	95019835	95301475	ABCC4	0	-	281640
ENSG00000125266	chr13	106489745	106535662	EFNB2	0	-	45917
ENSG00000125304	chr13	99446311	99564048	TM9SF2	0	+	117737
ENSG00000125319	chr17	44141906	44162476	HROB	0	+	20570
ENSG00000125347	chr5	132440440	132508719	IRF1	0	-	68279
ENSG00000125351	chrX	119805311	119852998	UPF3B	0	-	47687
ENSG00000125352	chrX	119870475	119871733	RNF113A	0	-	1258
ENSG00000125354	chrX	119615724	119693370	SEPTIN6	0	-	77646
ENSG00000125355	chrX	120258650	120311556	TMEM255A	0	-	52906
ENSG00000125356	chrX	119871832	119876662	NDUFA1	0	+	4830
ENSG00000125375	chr14	50312324	50335558	DMAC2L	0	+	23234
ENSG00000125378	chr14	53949736	53958761	BMP4	0	-	9025
ENSG00000125384	chr14	52314305	52328598	PTGER2	0	+	14293
ENSG00000125386	chr4	2536647	2732573	FAM193A	0	+	195926
ENSG00000125388	chr4	2963571	3040760	GRK4	0	+	77189
ENSG00000125398	chr17	72121020	72126416	SOX9	0	+	5396
ENSG00000125414	chr17	10521148	10549700	MYH2	0	-	28552
ENSG00000125430	chr17	14301081	14349404	HS3ST3B1	0	+	48323
ENSG00000125434	chr17	8287763	8295400	SLC25A35	0	-	7637
ENSG00000125445	chr17	75261674	75266376	MRPS7	0	+	4702
ENSG00000125447	chr17	75236599	75262363	GGA3	0	-	25764
ENSG00000125449	chr17	75109952	75130272	ARMC7	0	+	20320
ENSG00000125450	chr17	75205659	75235758	NUP85	0	+	30099
ENSG00000125454	chr17	75272981	75289510	SLC25A19	0	-	16529
ENSG00000125457	chr17	75266228	75271231	MIF4GD	0	-	5003
ENSG00000125458	chr17	75130225	75131757	NT5C	0	-	1532
ENSG00000125459	chr1	155610205	155614951	MSTO1	0	+	4746
ENSG00000125482	chr9	132375548	132406851	TTF1	0	-	31303
ENSG00000125484	chr9	132670035	132694953	GTF3C4	0	+	24918
ENSG00000125485	chr9	132592997	132670401	DDX31	0	-	77404
ENSG00000125503	chr19	55090914	55117637	PPP1R12C	0	-	26723
ENSG00000125505	chr19	54173412	54189882	MBOAT7	0	-	16470
ENSG00000125508	chr20	63538489	63547749	SRMS	0	-	9260
ENSG00000125510	chr20	64080082	64100643	OPRL1	0	+	20561
ENSG00000125520	chr20	63739776	63744050	SLC2A4RG	0	+	4274
ENSG00000125534	chr20	63520765	63522206	PPDPF	0	+	1441
ENSG00000125538	chr2	112829751	112836816	IL1B	0	-	7065
ENSG00000125551	chr2	87748087	87759476	PLGLB2	0	+	11389
ENSG00000125611	chr2	112584240	112589275	CHCHD5	0	+	5035
ENSG00000125618	chr2	113215997	113278921	PAX8	0	-	62924
ENSG00000125629	chr2	118088452	118110997	INSIG2	0	+	22545
ENSG00000125630	chr2	112541915	112579818	POLR1B	0	+	37903
ENSG00000125633	chr2	117915478	118014133	CCDC93	0	-	98655
ENSG00000125637	chr2	113157325	113209396	PSD4	0	+	52071
ENSG00000125648	chr19	6436079	6465203	SLC25A23	0	-	29124
ENSG00000125650	chr19	6375148	6379058	PSPN	0	-	3910
ENSG00000125651	chr19	6379572	6393981	GTF2F1	0	-	14409
ENSG00000125652	chr19	6372794	6375250	ALKBH7	0	+	2456
ENSG00000125656	chr19	6361531	6370242	CLPP	0	+	8711
ENSG00000125657	chr19	6531026	6535924	TNFSF9	0	+	4898
ENSG00000125675	chrX	123184153	123490915	GRIA3	0	+	306762
ENSG00000125676	chrX	123600561	123733056	THOC2	0	-	132495
ENSG00000125686	chr17	39404285	39451272	MED1	0	-	46987
ENSG00000125691	chr17	38847860	38853764	RPL23	0	-	5904
ENSG00000125703	chr1	62784132	62865516	ATG4C	0	+	81384
ENSG00000125730	chr19	6677704	6730562	C3	0	-	52858
ENSG00000125731	chr19	6752160	6767463	SH2D3A	0	-	15303
ENSG00000125733	chr19	6737925	6751530	TRIP10	0	+	13605
ENSG00000125735	chr19	6661253	6670588	TNFSF14	0	-	9335
ENSG00000125740	chr19	45467995	45475179	FOSB	0	+	7184
ENSG00000125741	chr19	45527427	45602212	OPA3	0	-	74785
ENSG00000125743	chr19	45687460	45692569	SNRPD2	0	-	5109
ENSG00000125744	chr19	45485294	45497055	RTN2	0	-	11761
ENSG00000125746	chr19	45606994	45645602	EML2	0	-	38608
ENSG00000125753	chr19	45506579	45526983	VASP	0	+	20404
ENSG00000125755	chr19	45815410	45863194	SYMPK	0	-	47784
ENSG00000125772	chr20	5544439	5611006	GPCPD1	0	-	66567
ENSG00000125779	chr20	3888839	3929887	PANK2	0	+	41048
ENSG00000125810	chr20	23079360	23086324	CD93	0	-	6964
ENSG00000125812	chr20	23362182	23373062	GZF1	0	+	10880
ENSG00000125814	chr20	23374519	23421519	NAPB	0	-	47000
ENSG00000125817	chr20	3783851	3786740	CENPB	0	-	2889
ENSG00000125818	chr20	1113240	1189415	PSMF1	0	+	76175
ENSG00000125821	chr20	18587942	18766644	DTD1	0	+	178702
ENSG00000125826	chr20	407498	432139	RBCK1	0	+	24641
ENSG00000125827	chr20	7977346	8019805	TMX4	0	-	42459
ENSG00000125834	chr20	2101827	2177038	STK35	0	+	75211
ENSG00000125841	chr20	346782	359660	NRSN2	0	+	12878
ENSG00000125843	chr20	3820524	3828838	AP5S1	0	+	8314
ENSG00000125844	chr20	17613678	17682295	RRBP1	0	-	68617
ENSG00000125845	chr20	6767686	6780246	BMP2	0	+	12560
ENSG00000125846	chr20	18288283	18316996	ZNF133	0	+	28713
ENSG00000125848	chr20	14322985	14337614	FLRT3	0	-	14629
ENSG00000125850	chr20	17956979	18059188	OVOL2	0	-	102209
ENSG00000125851	chr20	17226107	17484578	PCSK2	0	+	258471
ENSG00000125863	chr20	10401009	10434222	MKKS	0	-	33213
ENSG00000125864	chr20	17493905	17569220	BFSP1	0	-	75315
ENSG00000125868	chr20	17570075	17609919	DSTN	0	+	39844
ENSG00000125869	chr20	9514358	9530524	LAMP5	0	+	16166
ENSG00000125870	chr20	16729961	16742564	SNRPB2	0	+	12603
ENSG00000125871	chr20	17969018	17991122	MGME1	0	+	22104
ENSG00000125875	chr20	423596	462566	TBC1D20	0	-	38970
ENSG00000125877	chr20	3208868	3223870	ITPA	0	+	15002
ENSG00000125895	chr20	1180561	1185415	TMEM74B	0	-	4854
ENSG00000125898	chr20	833715	857463	FAM110A	0	+	23748
ENSG00000125901	chr20	3046052	3048250	MRPS26	0	+	2198
ENSG00000125910	chr19	3172346	3180332	S1PR4	0	+	7986
ENSG00000125912	chr19	3185563	3209575	NCLN	0	+	24012
ENSG00000125944	chr1	23303771	23344336	HNRNPR	0	-	40565
ENSG00000125945	chr1	23359448	23369836	ZNF436	0	-	10388
ENSG00000125952	chr14	65006174	65102695	MAX	0	-	96521
ENSG00000125954	chr14	64914485	65061803	CHURC1-FNTB	0	+	147318
ENSG00000125962	chrX	102599168	102604159	ARMCX5	0	+	4991
ENSG00000125965	chr20	35433347	35454746	GDF5	0	-	21399
ENSG00000125966	chr20	35226690	35276998	MMP24	0	+	50308
ENSG00000125967	chr20	33657087	33674463	NECAB3	0	-	17376
ENSG00000125968	chr20	31605283	31606515	ID1	0	+	1232
ENSG00000125970	chr20	33993646	34108308	RALY	0	+	114662
ENSG00000125977	chr20	34088309	34112243	EIF2S2	0	-	23934
ENSG00000125991	chr20	35542038	35557634	ERGIC3	0	+	15596
ENSG00000125995	chr20	35699272	35700984	ROMO1	0	+	1712
ENSG00000125999	chr20	33273480	33309871	BPIFB1	0	+	36391
ENSG00000126001	chr20	35455164	35519280	CEP250	0	+	64116
ENSG00000126003	chr20	32192504	32207743	PLAGL2	0	-	15239
ENSG00000126005	chr20	35201745	35278131	MMP24OS	0	-	76386
ENSG00000126010	chrX	16123565	16153518	GRPR	0	+	29953
ENSG00000126012	chrX	53176283	53225422	KDM5C	0	-	49139
ENSG00000126016	chrX	112774503	112840831	AMOT	0	-	66328
ENSG00000126062	chr3	50354750	50359521	TMEM115	0	-	4771
ENSG00000126067	chr1	35599541	35641526	PSMB2	0	-	41985
ENSG00000126070	chr1	35930718	36072500	AGO3	0	+	141782
ENSG00000126088	chr1	45010950	45015575	UROD	0	+	4625
ENSG00000126106	chr1	44635238	44674481	TMEM53	0	-	39243
ENSG00000126107	chr1	45002540	45011324	HECTD3	0	-	8784
ENSG00000126214	chr14	103561896	103714249	KLC1	0	+	152353
ENSG00000126215	chr14	103697609	103715504	XRCC3	0	-	17895
ENSG00000126216	chr13	112485011	112588205	TUBGCP3	0	-	103194
ENSG00000126217	chr13	112894378	113099742	MCF2L	0	+	205364
ENSG00000126218	chr13	113122799	113149529	F10	0	+	26730
ENSG00000126226	chr13	113177536	113208715	PCID2	0	-	31179
ENSG00000126243	chr19	35935358	35946624	LRFN3	0	+	11266
ENSG00000126247	chr19	36139953	36150353	CAPNS1	0	+	10400
ENSG00000126249	chr19	34404399	34426168	PDCD2L	0	+	21769
ENSG00000126254	chr19	35629030	35637686	RBM42	0	+	8656
ENSG00000126261	chr19	34428352	34471251	UBA2	0	+	42899
ENSG00000126262	chr19	35443907	35451767	FFAR2	0	+	7860
ENSG00000126264	chr19	35902529	35904377	HCST	0	+	1848
ENSG00000126267	chr19	35648323	35658782	COX6B1	0	+	10459
ENSG00000126351	chr17	40058290	40093867	THRA	0	+	35577
ENSG00000126353	chr17	40553769	40565472	CCR7	0	-	11703
ENSG00000126368	chr17	40092793	40100589	NR1D1	0	-	7796
ENSG00000126391	chr11	65386621	65413525	FRMD8	0	+	26904
ENSG00000126432	chr11	64318121	64321811	PRDX5	0	+	3690
ENSG00000126453	chr19	49665142	49673916	BCL2L12	0	+	8774
ENSG00000126456	chr19	49659569	49665875	IRF3	0	-	6306
ENSG00000126457	chr19	49675786	49689029	PRMT1	0	+	13243
ENSG00000126458	chr19	49635292	49640143	RRAS	0	-	4851
ENSG00000126460	chr19	49580646	49591004	PRRG2	0	+	10358
ENSG00000126461	chr19	49642209	49658642	SCAF1	0	+	16433
ENSG00000126464	chr19	49591182	49626439	PRR12	0	+	35257
ENSG00000126524	chr7	66987680	66995586	SBDS	0	-	7906
ENSG00000126545	chr4	69931068	69946574	CSN1S1	0	+	15506
ENSG00000126561	chr17	42287547	42311943	STAT5A	0	+	24396
ENSG00000126562	chr17	42780610	42797066	WNK4	0	+	16456
ENSG00000126581	chr17	42810134	42833350	BECN1	0	-	23216
ENSG00000126602	chr16	3651639	3717553	TRAP1	0	-	65914
ENSG00000126603	chr16	4314761	4339597	GLIS2	0	+	24836
ENSG00000126653	chr17	30115521	30186475	NSRP1	0	+	70954
ENSG00000126698	chr1	28199456	28233029	DNAJC8	0	-	33573
ENSG00000126705	chr1	27534035	27604431	AHDC1	0	-	70396
ENSG00000126709	chr1	27666064	27672212	IFI6	0	-	6148
ENSG00000126746	chr12	6666477	6689572	ZNF384	0	-	23095
ENSG00000126756	chrX	47651796	47659180	UXT	0	-	7384
ENSG00000126759	chrX	47623172	47630305	CFP	0	-	7133
ENSG00000126767	chrX	47635521	47650604	ELK1	0	-	15083
ENSG00000126768	chrX	48893447	48898143	TIMM17B	0	-	4696
ENSG00000126773	chr14	60091911	60169133	PCNX4	0	+	77222
ENSG00000126775	chr14	55366391	55411830	ATG14	0	-	45439
ENSG00000126777	chr14	55559072	55701526	KTN1	0	+	142454
ENSG00000126778	chr14	60643421	60658259	SIX1	0	-	14838
ENSG00000126785	chr14	63204114	63293508	RHOJ	0	+	89394
ENSG00000126787	chr14	55148112	55191608	DLGAP5	0	-	43496
ENSG00000126803	chr14	64535905	64546173	HSPA2	0	+	10268
ENSG00000126804	chr14	64503712	64533690	ZBTB1	0	+	29978
ENSG00000126814	chr14	60971441	60981170	TRMT5	0	-	9729
ENSG00000126821	chr14	63684216	63728065	SGPP1	0	-	43849
ENSG00000126822	chr14	64704102	64750249	PLEKHG3	0	+	46147
ENSG00000126838	chr12	9148840	9208395	PZP	0	-	59555
ENSG00000126858	chr17	32142454	32253374	RHOT1	0	+	110920
ENSG00000126870	chr7	158856558	158956747	DYNC2I1	0	+	100189
ENSG00000126878	chr9	131096476	131123152	AIF1L	0	+	26676
ENSG00000126882	chr9	131258076	131276510	FAM78A	0	-	18434
ENSG00000126883	chr9	131125586	131234663	NUP214	0	+	109077
ENSG00000126895	chrX	153902531	153907166	AVPR2	0	+	4635
ENSG00000126903	chrX	154487306	154490690	SLC10A3	0	-	3384
ENSG00000126934	chr19	4090321	4124122	MAP2K2	0	-	33801
ENSG00000126947	chrX	101550547	101554700	ARMCX1	0	+	4153
ENSG00000126953	chrX	101345661	101348742	TIMM8A	0	-	3081
ENSG00000126970	chrX	64915802	65034713	ZC4H2	0	-	118911
ENSG00000127022	chr5	179678628	179731641	CANX	0	+	53013
ENSG00000127054	chr1	1311585	1324687	INTS11	0	-	13102
ENSG00000127080	chr9	92613183	92670131	IPPK	0	-	56948
ENSG00000127081	chr9	92844182	92878038	ZNF484	0	-	33856
ENSG00000127083	chr9	92412380	92424471	OMD	0	-	12091
ENSG00000127084	chr9	92947523	93036236	FGD3	0	+	88713
ENSG00000127124	chr1	41506365	42035925	HIVEP3	0	-	529560
ENSG00000127129	chr1	41478775	41484683	EDN2	0	-	5908
ENSG00000127152	chr14	99169287	99272197	BCL11B	0	-	102910
ENSG00000127184	chr5	86617928	86620962	COX7C	0	+	3034
ENSG00000127191	chr9	136881912	136926607	TRAF2	0	+	44695
ENSG00000127220	chr19	17292131	17310236	ABHD8	0	-	18105
ENSG00000127241	chr3	187217282	187291980	MASP1	0	-	74698
ENSG00000127249	chr3	193398967	193593111	ATP13A4	0	-	194144
ENSG00000127252	chr3	193241128	193277738	PLAAT1	0	+	36610
ENSG00000127311	chr12	66302493	66343643	HELB	0	+	41150
ENSG00000127314	chr12	68610855	68671901	RAP1B	0	+	61046
ENSG00000127324	chr12	71125085	71441898	TSPAN8	0	-	316813
ENSG00000127328	chr12	69738860	69823204	RAB3IP	0	+	84344
ENSG00000127329	chr12	70515870	70637440	PTPRB	0	-	121570
ENSG00000127334	chr12	67648338	67665406	DYRK2	0	+	17068
ENSG00000127337	chr12	69359710	69390870	YEATS4	0	+	31160
ENSG00000127399	chr7	150323263	150338156	LRRC61	0	+	14893
ENSG00000127415	chr4	986997	1004564	IDUA	0	+	17567
ENSG00000127418	chr4	1009936	1026898	FGFRL1	0	+	16962
ENSG00000127419	chr4	932387	958656	TMEM175	0	+	26269
ENSG00000127423	chr1	25831913	25859458	AUNIP	0	-	27545
ENSG00000127445	chr19	9835257	9849689	PIN1	0	+	14432
ENSG00000127452	chr19	9810267	9827816	FBXL12	0	-	17549
ENSG00000127463	chr1	19215660	19251552	EMC1	0	-	35892
ENSG00000127481	chr1	19074510	19210266	UBR4	0	-	135756
ENSG00000127483	chr1	20740266	20787323	HP1BP3	0	-	47057
ENSG00000127507	chr19	14732392	14778560	ADGRE2	0	-	46168
ENSG00000127511	chr19	16829398	16880353	SIN3B	0	+	50955
ENSG00000127527	chr19	16355239	16472085	EPS15L1	0	-	116846
ENSG00000127528	chr19	16324826	16328685	KLF2	0	+	3859
ENSG00000127533	chr19	16888999	16892606	F2RL3	0	+	3607
ENSG00000127554	chr16	1984193	1987749	GFER	0	+	3556
ENSG00000127561	chr16	1989660	1994275	SYNGR3	0	+	4615
ENSG00000127564	chr16	2968024	2980479	PKMYT1	0	-	12455
ENSG00000127580	chr16	684622	690444	WDR24	0	-	5822
ENSG00000127585	chr16	692498	705808	FBXL16	0	-	13310
ENSG00000127586	chr16	788046	800737	CHTF18	0	+	12691
ENSG00000127603	chr1	39081316	39487177	MACF1	0	+	405861
ENSG00000127616	chr19	10960932	11079426	SMARCA4	0	+	118494
ENSG00000127663	chr19	4969113	5153598	KDM4B	0	+	184485
ENSG00000127666	chr19	4815932	4831712	TICAM1	0	-	15780
ENSG00000127720	chr12	82358528	82479239	METTL25	0	+	120711
ENSG00000127743	chr5	149371324	149404202	IL17B	0	-	32878
ENSG00000127774	chr17	3668812	3669668	EMC6	0	+	856
ENSG00000127804	chr17	2405562	2511891	METTL16	0	-	106329
ENSG00000127824	chr2	219249710	219277902	TUBA4A	0	-	28192
ENSG00000127831	chr2	218419121	218453295	VIL1	0	+	34174
ENSG00000127837	chr2	218264129	218270178	AAMP	0	-	6049
ENSG00000127838	chr2	218269651	218346793	PNKD	0	+	77142
ENSG00000127863	chr13	23570370	23676104	TNFRSF19	0	+	105734
ENSG00000127870	chr13	26132115	26222314	RNF6	0	-	90199
ENSG00000127884	chr10	133362485	133373354	ECHS1	0	-	10869
ENSG00000127903	chr19	56661980	56671783	ZNF835	0	-	9803
ENSG00000127914	chr7	91940840	92110673	AKAP9	0	+	169833
ENSG00000127920	chr7	93921735	93928610	GNG11	0	+	6875
ENSG00000127922	chr7	96481626	96709880	SEM1	0	-	228254
ENSG00000127946	chr7	75533298	75738962	HIP1	0	-	205664
ENSG00000127947	chr7	77537295	77640069	PTPN12	0	+	102774
ENSG00000127948	chr7	75899200	75986855	POR	0	+	87655
ENSG00000127951	chr7	77193369	77199848	FGL2	0	-	6479
ENSG00000127952	chr7	75996338	76048004	STYXL1	0	-	51666
ENSG00000127954	chr7	88270892	88306894	STEAP4	0	-	36002
ENSG00000127955	chr7	79768028	80226181	GNAI1	0	+	458153
ENSG00000127980	chr7	92487020	92528520	PEX1	0	-	41500
ENSG00000127989	chr7	91692008	91880702	MTERF1	0	-	188694
ENSG00000127990	chr7	94524204	94656572	SGCE	0	-	132368
ENSG00000127993	chr7	92528773	92540481	RBM48	0	+	11708
ENSG00000127995	chr7	94509219	94557019	CASD1	0	+	47800
ENSG00000128000	chr19	40028260	40056231	ZNF780B	0	-	27971
ENSG00000128011	chr19	39306566	39320863	LRFN1	0	-	14297
ENSG00000128016	chr19	39406847	39409412	ZFP36	0	+	2565
ENSG00000128045	chr4	52862317	52866835	RASL11B	0	+	4518
ENSG00000128050	chr4	56435741	56464578	PAICS	0	+	28837
ENSG00000128052	chr4	55078481	55125595	KDR	0	-	47114
ENSG00000128059	chr4	56393362	56435615	PPAT	0	-	42253
ENSG00000128159	chr22	50217689	50245023	TUBGCP6	0	-	27334
ENSG00000128165	chr22	50481543	50486440	ADM2	0	+	4897
ENSG00000128185	chr22	20314238	20320080	DGCR6L	0	-	5842
ENSG00000128191	chr22	20080232	20111877	DGCR8	0	+	31645
ENSG00000128203	chr22	26429260	26445015	ASPHD2	0	+	15755
ENSG00000128228	chr22	21642302	21644299	SDF2L1	0	+	1997
ENSG00000128266	chr22	23070519	23125032	GNAZ	0	+	54513
ENSG00000128268	chr22	39457012	39492194	MGAT3	0	+	35182
ENSG00000128272	chr22	39519695	39522683	ATF4	0	+	2988
ENSG00000128283	chr22	37560480	37569405	CDC42EP1	0	+	8925
ENSG00000128284	chr22	36140330	36166177	APOL3	0	-	25847
ENSG00000128285	chr22	40679273	40682812	MCHR1	0	+	3539
ENSG00000128294	chr22	26521996	26596717	TPST2	0	-	74721
ENSG00000128298	chr22	38084652	38111015	BAIAP2L2	0	-	26363
ENSG00000128309	chr22	37019635	37029821	MPST	0	+	10186
ENSG00000128311	chr22	37010859	37020183	TST	0	-	9324
ENSG00000128335	chr22	36226209	36239954	APOL2	0	-	13745
ENSG00000128340	chr22	37225270	37244448	RAC2	0	-	19178
ENSG00000128342	chr22	30240453	30246759	LIF	0	-	6306
ENSG00000128346	chr22	37943050	37953669	C22orf23	0	-	10619
ENSG00000128383	chr22	38952741	38992778	APOBEC3A	0	+	40037
ENSG00000128394	chr22	39040604	39055972	APOBEC3F	0	+	15368
ENSG00000128408	chr22	45413693	45432509	RIBC2	0	+	18816
ENSG00000128422	chr17	41619442	41624842	KRT17	0	-	5400
ENSG00000128463	chr15	34225013	34230156	EMC4	0	+	5143
ENSG00000128487	chr17	20008865	20319026	SPECC1	0	+	310161
ENSG00000128510	chr7	130293134	130324180	CPA4	0	+	31046
ENSG00000128512	chr7	111726110	112206407	DOCK4	0	-	480297
ENSG00000128513	chr7	124822386	124929983	POT1	0	-	107597
ENSG00000128524	chr7	128862856	128865847	ATP6V1F	0	+	2991
ENSG00000128534	chr7	118184144	118204035	LSM8	0	+	19891
ENSG00000128536	chr7	105876796	106036432	CDHR3	0	+	159636
ENSG00000128563	chr7	102363872	102426676	PRKRIP1	0	+	62804
ENSG00000128564	chr7	101162509	101165569	VGF	0	-	3060
ENSG00000128567	chr7	131500262	131558217	PODXL	0	-	57955
ENSG00000128573	chr7	114086327	114693772	FOXP2	0	+	607445
ENSG00000128578	chr7	129434432	129488399	STRIP2	0	+	53967
ENSG00000128581	chr7	101310914	101321823	IFT22	0	-	10909
ENSG00000128585	chr7	131110096	131496632	MKLN1	0	+	386536
ENSG00000128590	chr7	108569867	108574850	DNAJB9	0	+	4983
ENSG00000128591	chr7	128830406	128859274	FLNC	0	+	28868
ENSG00000128594	chr7	128027071	128032107	LRRC4	0	-	5036
ENSG00000128595	chr7	128739292	128773400	CALU	0	+	34108
ENSG00000128596	chr7	128790757	128822132	CCDC136	0	+	31375
ENSG00000128602	chr7	129188633	129213545	SMO	0	+	24912
ENSG00000128604	chr7	128937457	128950038	IRF5	0	+	12581
ENSG00000128606	chr7	102913000	102945111	LRRC17	0	+	32111
ENSG00000128607	chr7	130070534	130135705	KLHDC10	0	+	65171
ENSG00000128609	chr7	123536997	123557904	NDUFA5	0	-	20907
ENSG00000128626	chr19	38930944	38933168	MRPS12	0	+	2224
ENSG00000128641	chr2	191245185	191425389	MYO1B	0	+	180204
ENSG00000128652	chr2	176136612	176173102	HOXD3	0	+	36490
ENSG00000128654	chr2	176269395	176338025	MTX2	0	+	68630
ENSG00000128655	chr2	177623244	178108339	PDE11A	0	-	485095
ENSG00000128656	chr2	174798809	175005381	CHN1	0	-	206572
ENSG00000128683	chr2	170813213	170861151	GAD1	0	+	47938
ENSG00000128694	chr2	189746660	189763227	OSGEPL1	0	-	16567
ENSG00000128699	chr2	189770267	189784364	ORMDL1	0	-	14097
ENSG00000128708	chr2	171922448	171983686	HAT1	0	+	61238
ENSG00000128709	chr2	176122719	176124937	HOXD9	0	+	2218
ENSG00000128710	chr2	176108790	176119937	HOXD10	0	+	11147
ENSG00000128731	chr15	28111040	28322179	HERC2	0	-	211139
ENSG00000128739	chr15	24823637	24978723	SNRPN	0	+	155086
ENSG00000128789	chr18	12658043	12725740	PSMG2	0	+	67697
ENSG00000128791	chr18	9334767	9402420	TWSG1	0	+	67653
ENSG00000128805	chr10	48446036	48656265	ARHGAP22	0	-	210229
ENSG00000128815	chr10	48684873	48982956	WDFY4	0	+	298083
ENSG00000128829	chr15	39934115	40035591	EIF2AK4	0	+	101476
ENSG00000128833	chr15	52192322	52295804	MYO5C	0	-	103482
ENSG00000128849	chr15	57375967	57550717	CGNL1	0	+	174750
ENSG00000128872	chr15	51751597	51816363	TMOD2	0	+	64766
ENSG00000128881	chr15	42738730	42920809	TTBK2	0	-	182079
ENSG00000128891	chr15	40528683	40565057	CCDC32	0	-	36374
ENSG00000128908	chr15	40978880	41116280	INO80	0	-	137400
ENSG00000128915	chr15	60419609	60479160	ICE2	0	-	59551
ENSG00000128917	chr15	40929340	40939073	DLL4	0	+	9733
ENSG00000128918	chr15	57953424	58497866	ALDH1A2	0	-	544442
ENSG00000128923	chr15	58771192	58861900	MINDY2	0	+	90708
ENSG00000128928	chr15	40405485	40435947	IVD	0	+	30462
ENSG00000128944	chr15	40382721	40394288	KNSTRN	0	+	11567
ENSG00000128951	chr15	48331011	48343373	DUT	0	+	12362
ENSG00000128965	chr15	40952962	40956512	CHAC1	0	+	3550
ENSG00000128973	chr15	68206992	68257211	CLN6	0	-	50219
ENSG00000128989	chr15	52547045	52569883	ARPP19	0	-	22838
ENSG00000129003	chr15	61852389	62060473	VPS13C	0	-	208084
ENSG00000129009	chr15	74173710	74176872	ISLR	0	+	3162
ENSG00000129028	chr15	70881342	70892433	THAP10	0	-	11091
ENSG00000129038	chr15	73925989	73952137	LOXL1	0	+	26148
ENSG00000129048	chr3	132597270	132618967	ACKR4	0	+	21697
ENSG00000129055	chr3	134477706	134486716	ANAPC13	0	-	9010
ENSG00000129071	chr3	129430947	129440179	MBD4	0	-	9232
ENSG00000129083	chr11	14443440	14500027	COPB1	0	-	56587
ENSG00000129084	chr11	14504874	14643635	PSMA1	0	-	138761
ENSG00000129103	chr7	56064002	56080670	SUMF2	0	+	16668
ENSG00000129116	chr4	168497052	168928457	PALLD	0	+	431405
ENSG00000129128	chr4	176319966	176332245	SPCS3	0	+	12279
ENSG00000129151	chr11	27040725	27127809	BBOX1	0	+	87084
ENSG00000129158	chr11	17788048	18013047	SERGEF	0	-	224999
ENSG00000129159	chr11	17734774	17856804	KCNC1	0	+	122030
ENSG00000129167	chr11	18017555	18046269	TPH1	0	-	28714
ENSG00000129170	chr11	19182030	19210571	CSRP3	0	-	28541
ENSG00000129173	chr11	19224063	19241620	E2F8	0	-	17557
ENSG00000129187	chr4	182890060	182917936	DCTD	0	-	27876
ENSG00000129194	chr17	7588178	7590094	SOX15	0	-	1916
ENSG00000129195	chr17	6444441	6451469	PIMREG	0	+	7028
ENSG00000129197	chr17	5419641	5432877	RPAIN	0	+	13236
ENSG00000129204	chr17	5116032	5175034	USP6	0	+	59002
ENSG00000129219	chr17	4807152	4823434	PLD2	0	+	16282
ENSG00000129226	chr17	7579491	7582111	CD68	0	+	2620
ENSG00000129235	chr17	6640985	6644541	TXNDC17	0	+	3556
ENSG00000129244	chr17	7646627	7657770	ATP1B2	0	+	11143
ENSG00000129245	chr17	7591230	7614897	FXR2	0	-	23667
ENSG00000129250	chr17	4997950	5028401	KIF1C	0	+	30451
ENSG00000129255	chr17	7583529	7592789	MPDU1	0	+	9260
ENSG00000129292	chr8	132775358	132848807	PHF20L1	0	+	73449
ENSG00000129295	chr8	132570416	132675592	DNAAF11	0	-	105176
ENSG00000129315	chr12	48688458	48716998	CCNT1	0	-	28540
ENSG00000129317	chr12	43718992	43758793	PUS7L	0	-	39801
ENSG00000129347	chr19	10553085	10566031	KRI1	0	-	12946
ENSG00000129351	chr19	10654261	10692417	ILF3	0	+	38156
ENSG00000129353	chr19	10602457	10644557	SLC44A2	0	+	42100
ENSG00000129354	chr19	10572671	10587315	AP1M2	0	-	14644
ENSG00000129355	chr19	10566460	10569059	CDKN2D	0	-	2599
ENSG00000129422	chr8	17643795	17801094	MTUS1	0	-	157299
ENSG00000129437	chr19	51077495	51084245	KLK14	0	-	6750
ENSG00000129450	chr19	51124906	51136651	SIGLEC9	0	+	11745
ENSG00000129451	chr19	51012739	51020175	KLK10	0	-	7436
ENSG00000129460	chr14	23469689	23509862	NGDN	0	+	40173
ENSG00000129465	chr14	24336025	24340022	RIPK3	0	-	3997
ENSG00000129467	chr14	24318349	24335093	ADCY4	0	-	16744
ENSG00000129472	chr14	21459020	21476960	RAB2B	0	-	17940
ENSG00000129480	chr14	31446036	31457506	DTD2	0	-	11470
ENSG00000129484	chr14	20343615	20357904	PARP2	0	+	14289
ENSG00000129493	chr14	31291788	31420550	HEATR5A	0	-	128762
ENSG00000129514	chr14	37589552	37596059	FOXA1	0	-	6507
ENSG00000129515	chr14	34561093	34630160	SNX6	0	-	69067
ENSG00000129518	chr14	34515938	34539704	EAPP	0	-	23766
ENSG00000129521	chr14	33924227	34462774	EGLN3	0	-	538547
ENSG00000129534	chr14	45203190	45253540	MIS18BP1	0	-	50350
ENSG00000129535	chr14	24078662	24115010	NRL	0	-	36348
ENSG00000129538	chr14	20801228	20802855	RNASE1	0	-	1627
ENSG00000129562	chr14	22564907	22589224	DAD1	0	-	24317
ENSG00000129566	chr14	20365667	20413501	TEP1	0	-	47834
ENSG00000129595	chr5	112142441	112419313	EPB41L4A	0	-	276872
ENSG00000129596	chr5	115804733	115816659	CDO1	0	-	11926
ENSG00000129625	chr5	112876385	112922289	REEP5	0	-	45904
ENSG00000129636	chr16	47154387	47464149	ITFG1	0	-	309762
ENSG00000129646	chr17	76274049	76308276	QRICH2	0	-	34227
ENSG00000129654	chr17	76136333	76141245	FOXJ1	0	-	4912
ENSG00000129657	chr17	77088749	77217101	SEC14L1	0	+	128352
ENSG00000129667	chr17	76470891	76501790	RHBDF2	0	-	30899
ENSG00000129675	chrX	136665547	136780932	ARHGEF6	0	-	115385
ENSG00000129680	chrX	136213220	136256482	MAP7D3	0	-	43262
ENSG00000129682	chrX	138614727	139222777	FGF13	0	-	608050
ENSG00000129691	chr8	38105493	38144076	ASH2L	0	+	38583
ENSG00000129696	chr8	33473386	33513185	TTI2	0	-	39799
ENSG00000129757	chr11	2883213	2885775	CDKN1C	0	-	2562
ENSG00000129810	chr3	20160593	20186206	SGO1	0	-	25613
ENSG00000129824	chrY	2841602	2932000	RPS4Y1	0	+	90398
ENSG00000129911	chr19	1852399	1863579	KLF16	0	-	11180
ENSG00000129925	chr16	370788	387113	PGAP6	0	-	16325
ENSG00000129932	chr19	3490821	3500674	DOHH	0	-	9853
ENSG00000129933	chr19	19320829	19358754	MAU2	0	+	37925
ENSG00000129946	chr19	416589	461033	SHC2	0	-	44444
ENSG00000129951	chr19	812488	821955	PLPPR3	0	-	9467
ENSG00000129968	chr19	1876810	1885496	ABHD17A	0	-	8686
ENSG00000129988	chr20	38346482	38377013	LBP	0	+	30531
ENSG00000129990	chr19	55171196	55180289	SYT5	0	-	9093
ENSG00000129991	chr19	55151767	55157773	TNNI3	0	-	6006
ENSG00000129993	chr16	88874858	88977207	CBFA2T3	0	-	102349
ENSG00000130005	chr19	1397026	1401570	GAMT	0	-	4544
ENSG00000130021	chrX	6667865	7148158	PUDP	0	-	480293
ENSG00000130023	chr6	169751622	169781600	ERMARD	0	+	29978
ENSG00000130024	chr6	169703902	169725566	PHF10	0	-	21664
ENSG00000130032	chrX	151694607	151705924	PRRG3	0	+	11317
ENSG00000130035	chr12	4720400	4851927	GALNT8	0	+	131527
ENSG00000130038	chr12	3606633	3764819	CRACR2A	0	-	158186
ENSG00000130045	chr9	88534033	88584274	NXNL2	0	+	50241
ENSG00000130052	chrX	68647666	68725842	STARD8	0	+	78176
ENSG00000130054	chrX	69504326	69532508	NALF2	0	+	28182
ENSG00000130066	chrX	23783173	23786210	SAT1	0	+	3037
ENSG00000130119	chrX	54530183	54621521	GNL3L	0	+	91338
ENSG00000130147	chr2	234952017	235055714	SH3BP4	0	+	103697
ENSG00000130150	chrX	14873421	14922327	MOSPD2	0	+	48906
ENSG00000130158	chr19	11199295	11262524	DOCK6	0	-	63229
ENSG00000130159	chr19	11505929	11529172	ECSIT	0	-	23243
ENSG00000130164	chr19	11089462	11133820	LDLR	0	+	44358
ENSG00000130165	chr19	11551147	11559236	ELOF1	0	-	8089
ENSG00000130173	chr19	11237450	11241943	ANGPTL8	0	+	4493
ENSG00000130175	chr19	11435284	11450968	PRKCSH	0	+	15684
ENSG00000130176	chr19	11538767	11550323	CNN1	0	+	11556
ENSG00000130177	chr13	114234887	114272723	CDC16	0	+	37836
ENSG00000130193	chr8	142727223	142736927	THEM6	0	+	9704
ENSG00000130202	chr19	44846175	44889223	NECTIN2	0	+	43048
ENSG00000130203	chr19	44905791	44909393	APOE	0	+	3602
ENSG00000130204	chr19	44890569	44903689	TOMM40	0	+	13120
ENSG00000130208	chr19	44914247	44919349	APOC1	0	+	5102
ENSG00000130222	chr9	89605012	89606555	GADD45G	0	+	1543
ENSG00000130224	chrX	115110616	115234096	LRCH2	0	-	123480
ENSG00000130227	chr8	21919662	22006585	XPO7	0	+	86923
ENSG00000130244	chr19	38403093	38409088	FAM98C	0	+	5995
ENSG00000130254	chr19	5586999	5624046	SAFB2	0	-	37047
ENSG00000130255	chr19	5674947	5691875	RPL36	0	+	16928
ENSG00000130270	chr19	1782075	1812276	ATP8B3	0	-	30201
ENSG00000130287	chr19	19211958	19252233	NCAN	0	+	40275
ENSG00000130294	chr2	240713761	240824293	KIF1A	0	-	110532
ENSG00000130299	chr19	17334920	17342731	GTPBP3	0	+	7811
ENSG00000130300	chr19	17351450	17377342	PLVAP	0	-	25892
ENSG00000130303	chr19	17402939	17405630	BST2	0	-	2691
ENSG00000130304	chr19	17468769	17506168	SLC27A1	0	+	37399
ENSG00000130305	chr7	73302516	73308826	NSUN5	0	-	6310
ENSG00000130307	chr19	17249171	17282786	USHBP1	0	-	33615
ENSG00000130309	chr19	17555649	17583162	COLGALT1	0	+	27513
ENSG00000130311	chr19	17309518	17323298	DDA1	0	+	13780
ENSG00000130312	chr19	17292609	17306843	MRPL34	0	+	14234
ENSG00000130313	chr19	17511636	17521288	PGLS	0	+	9652
ENSG00000130332	chr19	2321520	2328611	LSM7	0	-	7091
ENSG00000130338	chr6	158232236	158511828	TULP4	0	+	279592
ENSG00000130340	chr6	157700387	157945077	SNX9	0	+	244690
ENSG00000130347	chr6	106570771	106629498	RTN4IP1	0	-	58727
ENSG00000130348	chr6	106629578	106668417	QRSL1	0	+	38839
ENSG00000130349	chr6	107028199	107051586	MTRES1	0	+	23387
ENSG00000130363	chr6	158972871	159000202	RSPH3	0	-	27331
ENSG00000130382	chr19	6210381	6279975	MLLT1	0	-	69594
ENSG00000130396	chr6	167826911	167972023	AFDN	0	+	145112
ENSG00000130402	chr19	38647649	38731589	ACTN4	0	+	83940
ENSG00000130414	chr2	239892450	240025743	NDUFA10	0	-	133293
ENSG00000130433	chr19	53991637	54012666	CACNG6	0	+	21029
ENSG00000130449	chr5	61332258	61546172	ZSWIM6	0	+	213914
ENSG00000130475	chr19	17747718	17788568	FCHO1	0	+	40850
ENSG00000130477	chr19	17601336	17688365	UNC13A	0	-	87029
ENSG00000130479	chr19	17719242	17734513	MAP1S	0	+	15271
ENSG00000130487	chr22	50545899	50551023	KLHDC7B	0	+	5124
ENSG00000130508	chr2	1631887	1744852	PXDN	0	-	112965
ENSG00000130511	chr19	18418864	18434562	SSBP4	0	+	15698
ENSG00000130513	chr19	18374731	18389176	GDF15	0	+	14445
ENSG00000130517	chr19	18340598	18369950	PGPEP1	0	+	29352
ENSG00000130518	chr19	18257098	18274500	IQCN	0	-	17402
ENSG00000130520	chr19	18306236	18323112	LSM4	0	-	16876
ENSG00000130522	chr19	18279694	18281622	JUND	0	-	1928
ENSG00000130528	chr19	49151198	49155396	HRC	0	-	4198
ENSG00000130529	chr19	49157741	49211836	TRPM4	0	+	54095
ENSG00000130540	chr22	43824509	43862513	SULT4A1	0	-	38004
ENSG00000130544	chr19	7069703	7087968	ZNF557	0	+	18265
ENSG00000130545	chr19	6463777	6467221	CRB3	0	+	3444
ENSG00000130558	chr9	135075422	135121180	OLFM1	0	+	45758
ENSG00000130559	chr9	135808487	135907546	CAMSAP1	0	-	99059
ENSG00000130560	chr9	135932969	135961373	UBAC1	0	-	28404
ENSG00000130584	chr20	63743668	63832038	ZBTB46	0	-	88370
ENSG00000130589	chr20	63558086	63574239	HELZ2	0	-	16153
ENSG00000130590	chr20	63974116	63980008	SAMD10	0	-	5892
ENSG00000130592	chr11	1850904	1892267	LSP1	0	+	41363
ENSG00000130595	chr11	1919703	1938706	TNNT3	0	+	19003
ENSG00000130598	chr11	1838981	1841680	TNNI2	0	+	2699
ENSG00000130635	chr9	134641803	134844843	COL5A1	0	+	203040
ENSG00000130638	chr22	45671798	45845307	ATXN10	0	+	173509
ENSG00000130640	chr10	133278635	133318823	TUBGCP2	0	-	40188
ENSG00000130653	chr9	137459952	137550402	PNPLA7	0	-	90450
ENSG00000130669	chr19	39125770	39182816	PAK4	0	+	57046
ENSG00000130675	chr7	156994051	157010663	MNX1	0	-	16612
ENSG00000130684	chr20	25673195	25696853	ZNF337	0	-	23658
ENSG00000130695	chr1	26234200	26278808	CEP85	0	+	44608
ENSG00000130699	chr20	61953469	62065881	TAF4	0	-	112412
ENSG00000130701	chr20	62410237	62427539	RBBP8NL	0	-	17302
ENSG00000130702	chr20	62307955	62367312	LAMA5	0	-	59357
ENSG00000130703	chr20	62231922	62296213	OSBPL2	0	+	64291
ENSG00000130706	chr20	62302093	62308862	ADRM1	0	+	6769
ENSG00000130707	chr9	130444961	130501274	ASS1	0	+	56313
ENSG00000130713	chr9	130693721	130707288	EXOSC2	0	+	13567
ENSG00000130714	chr9	131502789	131523806	POMT1	0	+	21017
ENSG00000130717	chr9	131523801	131531264	UCK1	0	-	7463
ENSG00000130720	chr9	130902438	130939286	FIBCD1	0	-	36848
ENSG00000130724	chr19	58551452	58555105	CHMP2A	0	-	3653
ENSG00000130725	chr19	58555712	58558954	UBE2M	0	-	3242
ENSG00000130726	chr19	58544064	58550722	TRIM28	0	+	6658
ENSG00000130731	chr16	634427	636366	METTL26	0	-	1939
ENSG00000130733	chr19	10922185	10928681	YIPF2	0	-	6496
ENSG00000130734	chr19	10543895	10553418	ATG4D	0	+	9523
ENSG00000130741	chrX	24054946	24078810	EIF2S3	0	+	23864
ENSG00000130748	chr19	47045909	47048624	TMEM160	0	-	2715
ENSG00000130749	chr19	47064187	47113776	ZC3H4	0	-	49589
ENSG00000130751	chr19	47019837	47045775	NPAS1	0	+	25938
ENSG00000130755	chr19	39328353	39342372	GMFG	0	-	14019
ENSG00000130758	chr19	40191426	40215575	MAP3K10	0	+	24149
ENSG00000130762	chr1	3454665	3481113	ARHGEF16	0	+	26448
ENSG00000130764	chr1	3778559	3796498	LRRC47	0	-	17939
ENSG00000130766	chr1	28259518	28282491	SESN2	0	+	22973
ENSG00000130768	chr1	27935000	27959157	SMPDL3B	0	+	24157
ENSG00000130770	chr1	28236109	28246906	ATP5IF1	0	+	10797
ENSG00000130772	chr1	28329002	28335965	MED18	0	+	6963
ENSG00000130775	chr1	27872543	27886685	THEMIS2	0	+	14142
ENSG00000130779	chr12	122271432	122422669	CLIP1	0	-	151237
ENSG00000130787	chr12	122834453	122862961	HIP1R	0	+	28508
ENSG00000130803	chr19	9140397	9163424	ZNF317	0	+	23027
ENSG00000130811	chr19	10115014	10119918	EIF3G	0	-	4904
ENSG00000130812	chr19	10092338	10102678	ANGPTL6	0	-	10340
ENSG00000130813	chr19	10086122	10093252	SHFL	0	+	7130
ENSG00000130816	chr19	10133342	10231286	DNMT1	0	-	97944
ENSG00000130818	chr19	9523223	9538645	ZNF426	0	-	15422
ENSG00000130821	chrX	153687926	153696588	SLC6A8	0	+	8662
ENSG00000130822	chrX	153669733	153689010	PNCK	0	-	19277
ENSG00000130826	chrX	154762742	154777689	DKC1	0	+	14947
ENSG00000130827	chrX	154458281	154477779	PLXNA3	0	+	19498
ENSG00000130829	chrX	153642492	153651326	DUSP9	0	+	8834
ENSG00000130830	chrX	154778684	154821007	MPP1	0	-	42323
ENSG00000130844	chr19	53519527	53580269	ZNF331	0	+	60742
ENSG00000130856	chr18	76822557	76972901	ZNF236	0	+	150344
ENSG00000130876	chr19	33208664	33225850	SLC7A10	0	-	17186
ENSG00000130881	chr19	33177603	33208864	LRP3	0	+	31261
ENSG00000130921	chr12	123233385	123258079	MTRFR	0	+	24694
ENSG00000130935	chr17	67717931	67744531	NOL11	0	+	26600
ENSG00000130939	chr1	10032832	10181239	UBE4B	0	+	148407
ENSG00000130940	chr1	10636604	10796650	CASZ1	0	-	160046
ENSG00000130956	chr9	96450169	96491336	HABP4	0	+	41167
ENSG00000130985	chrX	47190861	47215128	UBA1	0	+	24267
ENSG00000130988	chrX	47078355	47093314	RGN	0	+	14959
ENSG00000130997	chr4	2071918	2242121	POLN	0	-	170203
ENSG00000131013	chr6	149504495	149546043	PPIL4	0	-	41548
ENSG00000131015	chr6	149942014	149949235	ULBP2	0	+	7221
ENSG00000131016	chr6	151239967	151358559	AKAP12	0	+	118592
ENSG00000131018	chr6	152121687	152637801	SYNE1	0	-	516114
ENSG00000131023	chr6	149658153	149718105	LATS1	0	-	59952
ENSG00000131037	chr19	55072020	55087923	EPS8L1	0	+	15903
ENSG00000131042	chr19	54273812	54281184	LILRB2	0	-	7372
ENSG00000131043	chr20	36236131	36270918	AAR2	0	+	34787
ENSG00000131044	chr20	31870634	31945000	TTLL9	0	+	74366
ENSG00000131051	chr20	35701347	35742312	RBM39	0	-	40965
ENSG00000131055	chr20	31637912	31645006	COX4I2	0	+	7094
ENSG00000131061	chr20	33731657	33792269	ZNF341	0	+	60612
ENSG00000131067	chr20	34844720	34872856	GGT7	0	-	28136
ENSG00000131069	chr20	34872146	34927962	ACSS2	0	+	55816
ENSG00000131080	chrX	66595637	66639298	EDA2R	0	-	43661
ENSG00000131089	chrX	63634967	63809274	ARHGEF9	0	-	174307
ENSG00000131094	chr17	44959693	44968303	C1QL1	0	-	8610
ENSG00000131095	chr17	44903159	44916937	GFAP	0	-	13778
ENSG00000131097	chr17	44846353	44850476	HIGD1B	0	+	4123
ENSG00000131100	chr22	17592136	17628749	ATP6V1E1	0	-	36613
ENSG00000131115	chr19	44207547	44237268	ZNF227	0	+	29721
ENSG00000131116	chr19	43607224	43619629	ZNF428	0	-	12405
ENSG00000131127	chr4	337814	384868	ZNF141	0	+	47054
ENSG00000131143	chr16	85798633	85807068	COX4I1	0	+	8435
ENSG00000131148	chr16	85771758	85799608	EMC8	0	-	27850
ENSG00000131149	chr16	85169525	85676204	GSE1	0	+	506679
ENSG00000131153	chr16	85676198	85690073	GINS2	0	-	13875
ENSG00000131165	chr16	89640816	89657738	CHMP1A	0	-	16922
ENSG00000131171	chrX	81202102	81298547	SH3BGRL	0	+	96445
ENSG00000131174	chrX	77899440	77907376	COX7B	0	+	7936
ENSG00000131187	chr5	177402141	177409564	F12	0	-	7423
ENSG00000131188	chr5	177446445	177456286	PRR7	0	+	9841
ENSG00000131196	chr18	79395856	79529325	NFATC1	0	+	133469
ENSG00000131203	chr8	39902275	39928790	IDO1	0	+	26515
ENSG00000131236	chr1	40040233	40072649	CAP1	0	+	32416
ENSG00000131238	chr1	40072710	40097260	PPT1	0	-	24550
ENSG00000131242	chr17	31391675	31538211	RAB11FIP4	0	+	146536
ENSG00000131263	chrX	74582976	74614624	RLIM	0	-	31648
ENSG00000131269	chrX	75051048	75156732	ABCB7	0	-	105684
ENSG00000131323	chr14	102777449	102911500	TRAF3	0	+	134051
ENSG00000131351	chr19	17049729	17075625	HAUS8	0	-	25896
ENSG00000131368	chr3	15042460	15065317	MRPS25	0	-	22857
ENSG00000131370	chr3	15254353	15341368	SH3BP5	0	-	87015
ENSG00000131373	chr3	15560699	15601852	HACL1	0	-	41153
ENSG00000131374	chr3	17157162	18444817	TBC1D5	0	-	1287655
ENSG00000131375	chr3	15206152	15252916	CAPN7	0	+	46764
ENSG00000131378	chr3	16313574	16514026	RFTN1	0	-	200452
ENSG00000131381	chr3	15070073	15099163	RBSN	0	-	29090
ENSG00000131386	chr3	16174680	16231992	GALNT15	0	+	57312
ENSG00000131389	chr3	14402576	14489349	SLC6A6	0	+	86773
ENSG00000131398	chr19	50311937	50333515	KCNC3	0	-	21578
ENSG00000131400	chr19	50358477	50365830	NAPSA	0	-	7353
ENSG00000131408	chr19	50329653	50383388	NR1H2	0	+	53735
ENSG00000131435	chr5	132257696	132273454	PDLIM4	0	+	15758
ENSG00000131437	chr5	132692628	132737638	KIF3A	0	-	45010
ENSG00000131446	chr5	180784780	180815652	MGAT1	0	-	30872
ENSG00000131459	chr5	180300698	180353336	GFPT2	0	-	52638
ENSG00000131462	chr17	42609641	42615238	TUBG1	0	+	5597
ENSG00000131467	chr17	42824385	42843760	PSME3	0	+	19375
ENSG00000131469	chr17	42998273	43002959	RPL27	0	+	4686
ENSG00000131470	chr17	42572310	42577831	PSMC3IP	0	-	5521
ENSG00000131471	chr17	42851184	42858130	AOC3	0	+	6946
ENSG00000131473	chr17	41866917	41930542	ACLY	0	-	63625
ENSG00000131475	chr17	42773449	42779599	VPS25	0	+	6150
ENSG00000131477	chr17	42758447	42763041	RAMP2	0	+	4594
ENSG00000131480	chr17	42844580	42850707	AOC2	0	+	6127
ENSG00000131495	chr5	140638740	140647771	NDUFA2	0	-	9031
ENSG00000131504	chr5	141515016	141619055	DIAPH1	0	-	104039
ENSG00000131507	chr5	142108779	142154440	NDFIP1	0	+	45661
ENSG00000131508	chr5	139526431	139628434	UBE2D2	0	+	102003
ENSG00000131558	chr7	133253073	134066589	EXOC4	0	+	813516
ENSG00000131584	chr1	1292390	1309609	ACAP3	0	-	17219
ENSG00000131591	chr1	1081818	1116361	C1orf159	0	-	34543
ENSG00000131620	chr11	69985907	70189530	ANO1	0	+	203623
ENSG00000131626	chr11	70270690	70385312	PPFIA1	0	+	114622
ENSG00000131634	chr16	1528688	1555580	TMEM204	0	+	26892
ENSG00000131650	chr16	2964216	2968383	KREMEN2	0	+	4167
ENSG00000131652	chr16	3024027	3027755	THOC6	0	+	3728
ENSG00000131653	chr16	2155698	2178129	TRAF7	0	+	22431
ENSG00000131668	chr9	93951627	93955355	BARX1	0	-	3728
ENSG00000131669	chr9	93121496	93134251	NINJ1	0	-	12755
ENSG00000131686	chr1	8945867	8975092	CA6	0	+	29225
ENSG00000131697	chr1	5862811	5992473	NPHP4	0	-	129662
ENSG00000131711	chr5	72107234	72209565	MAP1B	0	+	102331
ENSG00000131724	chrX	118727133	118794535	IL13RA1	0	+	67402
ENSG00000131725	chrX	118346073	118449961	WDR44	0	+	103888
ENSG00000131730	chr5	81233320	81266398	CKMT2	0	+	33078
ENSG00000131732	chr5	81301587	81313297	ZCCHC9	0	+	11710
ENSG00000131746	chr17	40475828	40501623	TNS4	0	-	25795
ENSG00000131747	chr17	40388525	40417896	TOP2A	0	-	29371
ENSG00000131748	chr17	39637090	39664201	STARD3	0	+	27111
ENSG00000131759	chr17	40309180	40357643	RARA	0	+	48463
ENSG00000131771	chr17	39626740	39636626	PPP1R1B	0	+	9886
ENSG00000131773	chr8	135457456	135656722	KHDRBS3	0	+	199266
ENSG00000131778	chr1	147242654	147295765	CHD1L	0	+	53111
ENSG00000131781	chr1	147175351	147243050	FMO5	0	-	67699
ENSG00000131788	chr1	145848522	145859836	PIAS3	0	-	11314
ENSG00000131791	chr1	147155106	147172550	PRKAB2	0	-	17444
ENSG00000131828	chrX	19343893	19361718	PDHA1	0	+	17825
ENSG00000131831	chrX	17800049	17861337	RAI2	0	-	61288
ENSG00000131844	chr5	71579531	71658706	MCCC2	0	+	79175
ENSG00000131845	chr19	57351271	57359898	ZNF304	0	+	8627
ENSG00000131848	chr19	56219670	56368383	ZSCAN5A	0	-	148713
ENSG00000131849	chr19	58432814	58440153	ZNF132	0	-	7339
ENSG00000131871	chr15	101270817	101277500	SELENOS	0	-	6683
ENSG00000131873	chr15	101175727	101252048	CHSY1	0	-	76321
ENSG00000131899	chr17	18225635	18244875	LLGL1	0	+	19240
ENSG00000131914	chr1	26410817	26429728	LIN28A	0	+	18911
ENSG00000131931	chr8	42836674	42843325	THAP1	0	-	6651
ENSG00000131941	chr19	32978592	33064888	RHPN2	0	-	86296
ENSG00000131943	chr19	29698937	29715789	C19orf12	0	-	16852
ENSG00000131944	chr19	32972209	32978229	FAAP24	0	+	6020
ENSG00000131966	chr14	58200080	58235636	ACTR10	0	+	35556
ENSG00000131969	chr14	50872053	50904970	ABHD12B	0	+	32917
ENSG00000131979	chr14	54842008	54902826	GCH1	0	-	60818
ENSG00000131981	chr14	55124110	55145423	LGALS3	0	+	21313
ENSG00000132000	chr19	13931187	13953392	PODNL1	0	-	22205
ENSG00000132002	chr19	14514769	14560391	DNAJB1	0	-	45622
ENSG00000132003	chr19	13795443	13832254	ZSWIM4	0	+	36811
ENSG00000132004	chr19	12688053	12696631	FBXW9	0	-	8578
ENSG00000132005	chr19	13961530	14007039	RFX1	0	-	45509
ENSG00000132010	chr19	12092843	12140355	ZNF20	0	-	47512
ENSG00000132016	chr19	13882348	13906452	BRME1	0	-	24104
ENSG00000132017	chr19	13952509	13961449	DCAF15	0	+	8940
ENSG00000132024	chr19	13906201	13930879	CC2D1A	0	+	24678
ENSG00000132031	chr2	19992052	20012668	MATN3	0	-	20616
ENSG00000132109	chr11	4384897	4393702	TRIM21	0	-	8805
ENSG00000132122	chr1	48295373	48472208	SPATA6	0	-	176835
ENSG00000132128	chr1	46261196	46303616	LRRC41	0	-	42420
ENSG00000132141	chr17	34927859	34981078	CCT6B	0	-	53219
ENSG00000132153	chr3	47802909	47850195	DHX30	0	+	47286
ENSG00000132155	chr3	12582101	12664201	RAF1	0	-	82100
ENSG00000132164	chr3	10816201	10940714	SLC6A11	0	+	124513
ENSG00000132170	chr3	12287368	12434356	PPARG	0	+	146988
ENSG00000132182	chr3	13316235	13420322	NUP210	0	-	104087
ENSG00000132185	chr1	161706972	161714352	FCRLA	0	+	7380
ENSG00000132196	chr1	162790702	162812823	HSD17B7	0	+	22121
ENSG00000132199	chr18	670318	712662	ENOSF1	0	-	42344
ENSG00000132205	chr18	2847006	2916003	EMILIN2	0	+	68997
ENSG00000132207	chr16	30193875	30197561	SLX1A	0	+	3686
ENSG00000132254	chr11	6474683	6481479	ARFIP2	0	-	6796
ENSG00000132274	chr11	5689697	5737089	TRIM22	0	+	47392
ENSG00000132275	chr11	6595072	6603616	RRP8	0	-	8544
ENSG00000132294	chr8	131904093	132013642	EFR3A	0	+	109549
ENSG00000132300	chr2	86106223	86142157	PTCD3	0	+	35934
ENSG00000132305	chr2	86143932	86195472	IMMT	0	-	51540
ENSG00000132313	chr2	86199355	86213790	MRPL35	0	+	14435
ENSG00000132321	chr2	236324147	236507535	IQCA1	0	-	183388
ENSG00000132323	chr2	238170402	238203708	ILKAP	0	-	33306
ENSG00000132326	chr2	238244044	238290102	PER2	0	-	46058
ENSG00000132329	chr2	237858893	237912106	RAMP1	0	+	53213
ENSG00000132334	chr10	127907103	128085855	PTPRE	0	+	178752
ENSG00000132341	chr12	130872037	130877678	RAN	0	+	5641
ENSG00000132356	chr5	40759389	40798374	PRKAA1	0	-	38985
ENSG00000132357	chr5	40841308	40860175	CARD6	0	+	18867
ENSG00000132359	chr17	2755705	3037741	RAP1GAP2	0	+	282036
ENSG00000132361	chr17	2689386	2712663	CLUH	0	-	23277
ENSG00000132376	chr17	1494577	1516742	INPP5K	0	-	22165
ENSG00000132382	chr17	4538897	4555386	MYBBP1A	0	-	16489
ENSG00000132383	chr17	1829702	1900082	RPA1	0	+	70380
ENSG00000132386	chr17	1762029	1777565	SERPINF1	0	+	15536
ENSG00000132388	chr17	4269259	4366675	UBE2G1	0	-	97416
ENSG00000132394	chr3	128153481	128408646	EEFSEC	0	+	255165
ENSG00000132405	chr4	6909242	7033118	TBC1D14	0	+	123876
ENSG00000132406	chr4	4235542	4248223	TMEM128	0	-	12681
ENSG00000132423	chr6	99369401	99394195	COQ3	0	-	24794
ENSG00000132424	chr6	99397629	99425331	PNISR	0	-	27702
ENSG00000132432	chr7	54752250	54759974	SEC61G	0	-	7724
ENSG00000132434	chr7	55365337	55433737	LANCL2	0	+	68400
ENSG00000132437	chr7	50458436	50565405	DDC	0	-	106969
ENSG00000132463	chr4	70815783	70839897	GRSF1	0	-	24114
ENSG00000132464	chr4	70628744	70646824	ENAM	0	+	18080
ENSG00000132465	chr4	70655541	70681817	JCHAIN	0	-	26276
ENSG00000132466	chr4	73073376	73258798	ANKRD17	0	-	185422
ENSG00000132467	chr4	70688532	70690551	UTP3	0	+	2019
ENSG00000132470	chr17	75721328	75757818	ITGB4	0	+	36490
ENSG00000132471	chr17	75845699	75856507	WBP2	0	-	10808
ENSG00000132475	chr17	75776434	75785893	H3-3B	0	-	9459
ENSG00000132478	chr17	75784806	75825799	UNK	0	+	40993
ENSG00000132481	chr17	75874164	75878581	TRIM47	0	-	4417
ENSG00000132485	chr1	71063291	71081289	ZRANB2	0	-	17998
ENSG00000132507	chr17	7306999	7312463	EIF5A	0	+	5464
ENSG00000132510	chr17	7834217	7854796	KDM6B	0	+	20579
ENSG00000132514	chr17	7074537	7080307	CLEC10A	0	-	5770
ENSG00000132517	chr17	5032600	5052009	SLC52A1	0	-	19409
ENSG00000132530	chr17	6755447	6775647	XAF1	0	+	20200
ENSG00000132535	chr17	7187187	7219841	DLG4	0	-	32654
ENSG00000132541	chr8	98102344	98117171	RIDA	0	-	14827
ENSG00000132549	chr8	99013266	99877580	VPS13B	0	+	864314
ENSG00000132554	chr8	99960936	100131268	RGS22	0	-	170332
ENSG00000132561	chr8	97868840	98036724	MATN2	0	+	167884
ENSG00000132563	chr5	138439057	138446969	REEP2	0	+	7912
ENSG00000132570	chr5	134905120	135007959	PCBD2	0	+	102839
ENSG00000132581	chr17	28648346	28662189	SDF2	0	-	13843
ENSG00000132589	chr17	28879335	28897733	FLOT2	0	-	18398
ENSG00000132591	chr17	28855010	28861061	ERAL1	0	+	6051
ENSG00000132600	chr16	68310951	68360852	PRMT7	0	+	49901
ENSG00000132603	chr16	69337996	69343106	NIP7	0	+	5110
ENSG00000132604	chr16	69355567	69408571	TERF2	0	-	53004
ENSG00000132612	chr16	69311350	69326939	VPS4A	0	+	15589
ENSG00000132613	chr16	70661204	70686053	MTSS2	0	-	24849
ENSG00000132622	chr20	3732685	3753111	HSPA12B	0	+	20426
ENSG00000132623	chr20	9986126	10058303	ANKEF1	0	+	72177
ENSG00000132635	chr20	2835314	2841190	PCED1A	0	-	5876
ENSG00000132639	chr20	10172395	10308258	SNAP25	0	+	135863
ENSG00000132640	chr20	11890723	11926609	BTBD3	0	+	35886
ENSG00000132646	chr20	5114953	5126626	PCNA	0	-	11673
ENSG00000132661	chr20	23350791	23354771	NXT1	0	+	3980
ENSG00000132664	chr20	18467389	18484646	POLR3F	0	+	17257
ENSG00000132669	chr20	19757606	20002457	RIN2	0	+	244851
ENSG00000132670	chr20	2873420	3039076	PTPRA	0	+	165656
ENSG00000132676	chr1	155687960	155739010	DAP3	0	+	51050
ENSG00000132680	chr1	155913045	155934413	KHDC4	0	-	21368
ENSG00000132681	chr1	160151586	160186980	ATP1A4	0	+	35394
ENSG00000132688	chr1	156668763	156677407	NES	0	-	8644
ENSG00000132692	chr1	156641390	156659532	BCAN	0	+	18142
ENSG00000132693	chr1	159712289	159714589	CRP	0	-	2300
ENSG00000132694	chr1	156934840	157045742	ARHGEF11	0	-	110902
ENSG00000132698	chr1	156061160	156070504	RAB25	0	+	9344
ENSG00000132718	chr1	155859567	155885199	SYT11	0	+	25632
ENSG00000132740	chr11	68903863	68940602	IGHMBP2	0	+	36739
ENSG00000132744	chr11	67642555	67650730	ACY3	0	-	8175
ENSG00000132746	chr11	67662160	67681224	ALDH3B2	0	-	19064
ENSG00000132749	chr11	68707440	68751520	TESMIN	0	-	44080
ENSG00000132763	chr1	45500300	45513382	MMACHC	0	+	13082
ENSG00000132768	chr1	43970000	43973369	DPH2	0	+	3369
ENSG00000132773	chr1	45340052	45343973	TOE1	0	+	3921
ENSG00000132780	chr1	45583846	45618904	NASP	0	+	35058
ENSG00000132792	chr20	37693955	37872129	CTNNBL1	0	+	178174
ENSG00000132793	chr20	41340821	41360582	LPIN3	0	+	19761
ENSG00000132801	chr20	45857614	45879122	ZSWIM3	0	+	21508
ENSG00000132819	chr20	57391396	57409333	RBM38	0	+	17937
ENSG00000132821	chr20	37903111	37945350	VSTM2L	0	+	42239
ENSG00000132823	chr20	44195939	44210771	OSER1	0	-	14832
ENSG00000132824	chr20	44496221	44522085	SERINC3	0	-	25864
ENSG00000132825	chr20	59936663	59940305	PPP1R3D	0	-	3642
ENSG00000132837	chr5	78997564	79236038	DMGDH	0	-	238474
ENSG00000132840	chr5	79069767	79090069	BHMT2	0	+	20302
ENSG00000132842	chr5	78002326	78294698	AP3B1	0	-	292372
ENSG00000132846	chr5	77072072	77087285	ZBED3	0	-	15213
ENSG00000132849	chr1	61742477	62178675	PATJ	0	+	436198
ENSG00000132854	chr1	62236165	62319434	KANK4	0	-	83269
ENSG00000132872	chr18	43267892	43277535	SYT4	0	-	9643
ENSG00000132874	chr18	45212995	45683688	SLC14A2	0	+	470693
ENSG00000132879	chr1	11654375	11663327	FBXO44	0	+	8952
ENSG00000132881	chr1	16231692	16237183	CPLANE2	0	-	5491
ENSG00000132906	chr1	15490832	15526534	CASP9	0	-	35702
ENSG00000132912	chr5	150708440	150759095	DCTN4	0	-	50655
ENSG00000132932	chr13	25371974	26025851	ATP8A2	0	+	653877
ENSG00000132950	chr13	19823482	19863649	ZMYM5	0	-	40167
ENSG00000132952	chr13	30617693	30660770	USPL1	0	+	43077
ENSG00000132953	chr13	20777329	20903048	XPO4	0	-	125719
ENSG00000132963	chr13	28659104	28678959	POMP	0	+	19855
ENSG00000132964	chr13	26254104	26405238	CDK8	0	+	151134
ENSG00000132965	chr13	30713478	30764426	ALOX5AP	0	+	50948
ENSG00000132970	chr13	26557683	26688948	WASF3	0	+	131265
ENSG00000132975	chr13	26755200	26760786	GPR12	0	-	5586
ENSG00000133019	chr1	239386565	239915452	CHRM3	0	+	528887
ENSG00000133026	chr17	8474207	8631376	MYH10	0	-	157169
ENSG00000133027	chr17	17505563	17591708	PEMT	0	-	86145
ENSG00000133028	chr17	10672474	10698375	SCO1	0	-	25901
ENSG00000133030	chr17	17042457	17217679	MPRIP	0	+	175222
ENSG00000133048	chr1	203178931	203186704	CHI3L1	0	-	7773
ENSG00000133056	chr1	204422628	204494805	PIK3C2B	0	-	72177
ENSG00000133059	chr1	205142505	205211702	DSTYK	0	-	69197
ENSG00000133063	chr1	203212827	203273641	CHIT1	0	-	60814
ENSG00000133065	chr1	205789094	205813748	SLC41A1	0	-	24654
ENSG00000133067	chr1	202193799	202319781	LGR6	0	+	125982
ENSG00000133069	chr1	205227946	205285632	TMCC2	0	+	57686
ENSG00000133083	chr13	35768652	36131382	DCLK1	0	-	362730
ENSG00000133101	chr13	36431520	36442870	CCNA1	0	+	11350
ENSG00000133103	chr13	39655627	39791665	COG6	0	+	136038
ENSG00000133104	chr13	36301638	36370180	SPART	0	-	68542
ENSG00000133106	chr13	42886388	42992271	EPSTI1	0	-	105883
ENSG00000133110	chr13	37562583	37598844	POSTN	0	-	36261
ENSG00000133111	chr13	36819222	36829104	RFXAP	0	+	9882
ENSG00000133112	chr13	45333471	45341284	TPT1	0	-	7813
ENSG00000133114	chr13	44989529	45037669	GPALPP1	0	+	48140
ENSG00000133116	chr13	33016423	33066143	KL	0	+	49720
ENSG00000133119	chr13	33818069	33966558	RFC3	0	+	148489
ENSG00000133121	chr13	33103137	33350630	STARD13	0	-	247493
ENSG00000133124	chrX	108719946	108736563	IRS4	0	-	16617
ENSG00000133131	chrX	106813871	107000212	MORC4	0	-	186341
ENSG00000133134	chrX	103309346	103311007	BEX2	0	-	1661
ENSG00000133135	chrX	106693794	106797016	RNF128	0	+	103222
ENSG00000133138	chrX	106802673	106876150	TBC1D8B	0	+	73477
ENSG00000133142	chrX	103576231	103587729	TCEAL4	0	+	11498
ENSG00000133169	chrX	103062651	103064171	BEX1	0	-	1520
ENSG00000133193	chr17	73207353	73236753	FAM104A	0	-	29400
ENSG00000133195	chr17	72645949	73092712	SLC39A11	0	-	446763
ENSG00000133216	chr1	22710839	22921500	EPHB2	0	+	210661
ENSG00000133226	chr1	24631716	24673281	SRRM1	0	+	41565
ENSG00000133243	chr19	1985438	2034881	BTBD2	0	-	49443
ENSG00000133246	chr19	8490056	8502640	PRAM1	0	-	12584
ENSG00000133247	chr19	55339853	55348121	KMT5C	0	+	8268
ENSG00000133250	chr19	8509678	8514167	ZNF414	0	-	4489
ENSG00000133256	chr4	625573	670782	PDE6B	0	+	45209
ENSG00000133265	chr19	55262223	55280381	HSPBP1	0	-	18158
ENSG00000133275	chr19	1941172	1981338	CSNK1G2	0	+	40166
ENSG00000133302	chr5	94618669	94739436	SLF1	0	+	120767
ENSG00000133313	chr18	74495816	74523454	CNDP2	0	+	27638
ENSG00000133315	chr11	63998558	64166113	MACROD1	0	-	167555
ENSG00000133316	chr11	62832342	62841809	WDR74	0	-	9467
ENSG00000133317	chr11	63506052	63516774	LGALS12	0	+	10722
ENSG00000133318	chr11	63681446	63759891	RTN3	0	+	78445
ENSG00000133321	chr11	63536808	63546462	PLAAT4	0	+	9654
ENSG00000133328	chr11	63552770	63563379	PLAAT2	0	-	10609
ENSG00000133392	chr16	15703135	15857028	MYH11	0	-	153893
ENSG00000133393	chr16	15865719	15888625	CEP20	0	-	22906
ENSG00000133398	chr5	6371874	6378571	MED10	0	-	6697
ENSG00000133401	chr5	31639131	32110932	PDZD2	0	+	471801
ENSG00000133422	chr22	30925130	30968774	MORC2	0	-	43644
ENSG00000133424	chr22	33162226	33922841	LARGE1	0	-	760615
ENSG00000133433	chr22	23957414	23961195	GSTT2B	0	-	3781
ENSG00000133454	chr22	25742144	26031045	MYO18B	0	+	288901
ENSG00000133466	chr22	37180166	37199385	C1QTNF6	0	-	19219
ENSG00000133475	chr22	21207973	21227637	GGT2	0	-	19664
ENSG00000133477	chr22	39994954	40043534	FAM83F	0	+	48580
ENSG00000133561	chr7	150625375	150632648	GIMAP6	0	-	7273
ENSG00000133574	chr7	150567369	150573953	GIMAP4	0	+	6584
ENSG00000133606	chr7	140453033	140479536	MKRN1	0	-	26503
ENSG00000133612	chr7	151085831	151144436	AGAP3	0	+	58605
ENSG00000133619	chr7	149714781	149734575	KRBA1	0	+	19794
ENSG00000133627	chr7	152759749	152855378	ACTR3B	0	+	95629
ENSG00000133636	chr12	85874295	85882992	NTS	0	+	8697
ENSG00000133639	chr12	92140278	92145846	BTG1	0	-	5568
ENSG00000133640	chr12	85036314	85264457	LRRIQ1	0	+	228143
ENSG00000133641	chr12	88033846	88050160	C12orf29	0	+	16314
ENSG00000133657	chr3	194402672	194498364	ATP13A3	0	-	95692
ENSG00000133661	chr10	79937467	79982614	SFTPD	0	-	45147
ENSG00000133678	chr10	80078646	80092557	TMEM254	0	+	13911
ENSG00000133687	chr12	29500840	29784759	TMTC1	0	-	283919
ENSG00000133703	chr12	25205246	25250936	KRAS	0	-	45690
ENSG00000133704	chr12	30628988	30695869	IPO8	0	-	66881
ENSG00000133706	chr5	146110566	146182696	LARS1	0	-	72130
ENSG00000133710	chr5	148025683	148137382	SPINK5	0	+	111699
ENSG00000133731	chr8	81656914	81686331	IMPA1	0	-	29417
ENSG00000133739	chr8	85107215	85146080	LRRCC1	0	+	38865
ENSG00000133740	chr8	85177154	85217158	E2F5	0	+	40004
ENSG00000133773	chr12	82223681	82358805	CCDC59	0	-	135124
ENSG00000133789	chr11	9664077	9752993	SWAP70	0	+	88916
ENSG00000133794	chr11	13276652	13387266	ARNTL	0	+	110614
ENSG00000133805	chr11	10308313	10507579	AMPD3	0	+	199266
ENSG00000133812	chr11	9776776	10304877	SBF2	0	-	528101
ENSG00000133816	chr11	12094008	12359144	MICAL2	0	+	265136
ENSG00000133818	chr11	14277922	14364506	RRAS2	0	-	86584
ENSG00000133835	chr5	119452465	119637199	HSD17B4	0	+	184734
ENSG00000133858	chr12	71609599	71667725	ZFC3H1	0	-	58126
ENSG00000133872	chr8	30063003	30083208	SARAF	0	-	20205
ENSG00000133874	chr8	33547754	33567128	RNF122	0	-	19374
ENSG00000133884	chr11	65333852	65354262	DPF2	0	+	20410
ENSG00000133895	chr11	64803510	64811294	MEN1	0	-	7784
ENSG00000133935	chr14	75649791	75660876	ERG28	0	-	11085
ENSG00000133937	chr14	94768223	94770113	GSC	0	-	1890
ENSG00000133943	chr14	91060333	91225632	DGLUCY	0	+	165299
ENSG00000133961	chr14	73275107	73458617	NUMB	0	-	183510
ENSG00000133962	chr14	91580696	91780707	CATSPERB	0	-	200011
ENSG00000133983	chr14	70325081	70416984	COX16	0	-	91903
ENSG00000133985	chr14	70641916	70675366	TTC9	0	+	33450
ENSG00000133997	chr14	70581257	70600690	MED6	0	-	19433
ENSG00000134001	chr14	67360328	67386516	EIF2S1	0	+	26188
ENSG00000134013	chr8	23296897	23425328	LOXL2	0	-	128431
ENSG00000134014	chr8	28089673	28191156	ELP3	0	+	101483
ENSG00000134020	chr8	22713251	23000000	PEBP4	0	-	286749
ENSG00000134028	chr8	24384285	24406013	ADAMDEC1	0	+	21728
ENSG00000134030	chr18	48539031	48863217	CTIF	0	+	324186
ENSG00000134042	chr18	50795120	50825402	MRO	0	-	30282
ENSG00000134046	chr18	54151606	54224669	MBD2	0	-	73063
ENSG00000134056	chr5	69217760	69230158	MRPS36	0	+	12398
ENSG00000134057	chr5	69167135	69178245	CCNB1	0	+	11110
ENSG00000134058	chr5	69234795	69277430	CDK7	0	+	42635
ENSG00000134061	chr5	67179613	67196799	CD180	0	-	17186
ENSG00000134070	chr3	10164919	10243745	IRAK2	0	+	78826
ENSG00000134072	chr3	9757347	9769992	CAMK1	0	-	12645
ENSG00000134077	chr3	9362971	9386791	THUMPD3	0	+	23820
ENSG00000134086	chr3	10141778	10153667	VHL	0	+	11889
ENSG00000134107	chr3	4979437	4985323	BHLHE40	0	+	5886
ENSG00000134108	chr3	5122249	5180911	ARL8B	0	+	58662
ENSG00000134109	chr3	5187646	5219958	EDEM1	0	+	32312
ENSG00000134121	chr3	196763	409417	CHL1	0	+	212654
ENSG00000134138	chr15	36889204	37101299	MEIS2	0	-	212095
ENSG00000134146	chr15	35217345	35546193	DPH6	0	-	328848
ENSG00000134152	chr15	34140674	34210096	KATNBL1	0	-	69422
ENSG00000134153	chr15	34084017	34101862	EMC7	0	-	17845
ENSG00000134186	chr1	108692310	108702928	PRPF38B	0	+	10618
ENSG00000134198	chr1	115048011	115089503	TSPAN2	0	-	41492
ENSG00000134201	chr1	109711780	109775428	GSTM5	0	+	63648
ENSG00000134202	chr1	109733932	109741038	GSTM3	0	-	7106
ENSG00000134215	chr1	107571161	107965180	VAV3	0	-	394019
ENSG00000134222	chr1	109279556	109283186	PSRC1	0	-	3630
ENSG00000134240	chr1	119748002	119768905	HMGCS2	0	-	20903
ENSG00000134242	chr1	113813811	113871753	PTPN22	0	-	57942
ENSG00000134243	chr1	109309568	109397918	SORT1	0	-	88350
ENSG00000134245	chr1	112466541	112530165	WNT2B	0	+	63624
ENSG00000134247	chr1	116909916	116990353	PTGFRN	0	+	80437
ENSG00000134248	chr1	110401249	110407942	LAMTOR5	0	-	6693
ENSG00000134250	chr1	119911553	120100779	NOTCH2	0	-	189226
ENSG00000134253	chr1	117111060	117122587	TRIM45	0	-	11527
ENSG00000134255	chr1	111139627	111185104	CEPT1	0	+	45477
ENSG00000134256	chr1	117001750	117036552	CD101	0	+	34802
ENSG00000134258	chr1	117143587	117210960	VTCN1	0	-	67373
ENSG00000134262	chr1	113894194	113905201	AP4B1	0	-	11007
ENSG00000134265	chr18	10525905	10552764	NAPG	0	+	26859
ENSG00000134278	chr18	12446512	12658107	SPIRE1	0	-	211595
ENSG00000134283	chr12	42238447	42459715	PPHLN1	0	+	221268
ENSG00000134291	chr12	47963569	47968878	TMEM106C	0	+	5309
ENSG00000134294	chr12	46358188	46372773	SLC38A2	0	-	14585
ENSG00000134308	chr2	9583967	9630997	YWHAQ	0	-	47030
ENSG00000134313	chr2	8721081	8837630	KIDINS220	0	-	116549
ENSG00000134317	chr2	9951693	10002277	GRHL1	0	+	50584
ENSG00000134318	chr2	11179759	11348330	ROCK2	0	-	168571
ENSG00000134321	chr2	6865557	6898239	RSAD2	0	+	32682
ENSG00000134323	chr2	15940550	15947007	MYCN	0	+	6457
ENSG00000134324	chr2	11677595	11827409	LPIN1	0	+	149814
ENSG00000134326	chr2	6840570	6866635	CMPK2	0	-	26065
ENSG00000134330	chr2	9473658	9496543	IAH1	0	+	22885
ENSG00000134333	chr11	18394560	18408425	LDHA	0	+	13865
ENSG00000134343	chr11	26188842	26663289	ANO3	0	+	474447
ENSG00000134352	chr5	55935095	55995022	IL6ST	0	-	59927
ENSG00000134363	chr5	53480626	53487134	FST	0	+	6508
ENSG00000134369	chr1	201539127	201826969	NAV1	0	+	287842
ENSG00000134371	chr1	193121983	193254815	CDC73	0	+	132832
ENSG00000134375	chr1	201955503	201970664	TIMM17A	0	+	15161
ENSG00000134440	chr18	57600656	57622213	NARS1	0	-	21557
ENSG00000134443	chr18	59220158	59230774	GRP	0	+	10616
ENSG00000134444	chr18	62187255	62310249	RELCH	0	+	122994
ENSG00000134452	chr10	5890203	5937594	FBH1	0	+	47391
ENSG00000134453	chr10	6089034	6117457	RBM17	0	+	28423
ENSG00000134460	chr10	6010689	6062370	IL2RA	0	-	51681
ENSG00000134461	chr10	5861616	5889906	ANKRD16	0	-	28290
ENSG00000134463	chr10	11742366	11764070	ECHDC3	0	+	21704
ENSG00000134470	chr10	5943639	5978187	IL15RA	0	-	34548
ENSG00000134480	chr5	87318416	87412930	CCNH	0	-	94514
ENSG00000134490	chr18	23197144	23437961	TMEM241	0	-	240817
ENSG00000134504	chr18	26454910	26657401	KCTD1	0	-	202491
ENSG00000134508	chr18	23134564	23260470	CABLES1	0	+	125906
ENSG00000134516	chr5	169637268	170083382	DOCK2	0	+	446114
ENSG00000134531	chr12	13196723	13219941	EMP1	0	+	23218
ENSG00000134532	chr12	23529504	24562544	SOX5	0	-	1033040
ENSG00000134533	chr12	15107783	15348675	RERG	0	-	240892
ENSG00000134539	chr12	10226058	10329608	KLRD1	0	+	103550
ENSG00000134548	chr12	21526296	21541249	SPX	0	+	14953
ENSG00000134569	chr11	46856717	46918642	LRP4	0	-	61925
ENSG00000134574	chr11	47214465	47239217	DDB2	0	+	24752
ENSG00000134575	chr11	47239302	47248906	ACP2	0	-	9604
ENSG00000134590	chrX	135032355	135033546	RTL8C	0	+	1191
ENSG00000134597	chrX	130401987	130413656	RBMX2	0	+	11669
ENSG00000134602	chrX	132023302	132075943	STK26	0	+	52641
ENSG00000134627	chr11	94543840	94621421	PIWIL4	0	+	77581
ENSG00000134644	chr1	30931506	31065991	PUM1	0	-	134485
ENSG00000134668	chr1	31790422	31816022	SPOCD1	0	-	25600
ENSG00000134684	chr1	32775237	32817380	YARS1	0	-	42143
ENSG00000134686	chr1	33323623	33431095	PHC2	0	-	107472
ENSG00000134690	chr1	37692481	37709719	CDCA8	0	+	17238
ENSG00000134697	chr1	37566816	37595937	GNL2	0	-	29121
ENSG00000134698	chr1	35808016	35857890	AGO4	0	+	49874
ENSG00000134709	chr1	59814786	59876322	HOOK1	0	+	61536
ENSG00000134716	chr1	59893308	59926773	CYP2J2	0	-	33465
ENSG00000134717	chr1	52056199	52090716	BTF3L4	0	+	34517
ENSG00000134744	chr1	52408282	52553487	TUT4	0	-	145205
ENSG00000134748	chr1	52404602	52420836	PRPF38A	0	+	16234
ENSG00000134755	chr18	31058840	31102522	DSC2	0	-	43682
ENSG00000134757	chr18	31447741	31478702	DSG3	0	+	30961
ENSG00000134758	chr18	32091874	32131561	RNF138	0	+	39687
ENSG00000134759	chr18	36129444	36180557	ELP2	0	+	51113
ENSG00000134760	chr18	31318160	31359246	DSG1	0	+	41086
ENSG00000134762	chr18	30989365	31042815	DSC3	0	-	53450
ENSG00000134769	chr18	34493291	34891844	DTNA	0	+	398553
ENSG00000134775	chr18	36297713	36780220	FHOD3	0	+	482507
ENSG00000134779	chr18	36777647	36829216	TPGS2	0	-	51569
ENSG00000134780	chr11	61680391	61747001	DAGLA	0	+	66610
ENSG00000134809	chr11	57528464	57530803	TIMM10	0	-	2339
ENSG00000134815	chr19	47349315	47382704	DHX34	0	+	33389
ENSG00000134817	chr11	57233577	57237250	APLNR	0	-	3673
ENSG00000134824	chr11	61792980	61867354	FADS2	0	+	74374
ENSG00000134825	chr11	61768501	61792802	TMEM258	0	-	24301
ENSG00000134827	chr11	59852800	59866489	TCN1	0	-	13689
ENSG00000134830	chr19	47332175	47347329	C5AR2	0	+	15154
ENSG00000134851	chr4	55395957	55453397	TMEM165	0	+	57440
ENSG00000134852	chr4	55427903	55546909	CLOCK	0	-	119006
ENSG00000134864	chr13	100530164	100589528	GGACT	0	-	59364
ENSG00000134871	chr13	110305812	110513209	COL4A2	0	+	207397
ENSG00000134873	chr13	95433604	95579759	CLDN10	0	+	146155
ENSG00000134874	chr13	95578202	95644706	DZIP1	0	-	66504
ENSG00000134882	chr13	99200774	99386504	UBAC2	0	+	185730
ENSG00000134884	chr13	106541673	106568137	ARGLU1	0	-	26464
ENSG00000134900	chr13	102596986	102679958	TPP2	0	+	82972
ENSG00000134901	chr13	102784281	102798976	POGLUT2	0	-	14695
ENSG00000134905	chr13	110641412	110713603	CARS2	0	-	72191
ENSG00000134909	chr11	128965060	129279324	ARHGAP32	0	-	314264
ENSG00000134917	chr11	130404923	130428609	ADAMTS8	0	-	23686
ENSG00000134954	chr11	128458761	128587558	ETS1	0	-	128797
ENSG00000134955	chr11	125063302	125090516	SLC37A2	0	+	27214
ENSG00000134962	chr4	39406930	39451533	KLB	0	+	44603
ENSG00000134982	chr5	112707498	112846239	APC	0	+	138741
ENSG00000134986	chr5	111662621	111997464	NREP	0	-	334843
ENSG00000134987	chr5	111092321	111130502	WDR36	0	+	38181
ENSG00000134996	chr9	75088514	75147265	OSTF1	0	+	58751
ENSG00000135002	chr9	76385526	76394517	RFK	0	-	8991
ENSG00000135018	chr9	83659968	83707958	UBQLN1	0	-	47990
ENSG00000135040	chr9	85941146	86025462	NAA35	0	+	84316
ENSG00000135045	chr9	74946583	74952912	C9orf40	0	-	6329
ENSG00000135046	chr9	73151865	73170393	ANXA1	0	+	18528
ENSG00000135047	chr9	87724051	87731469	CTSL	0	+	7418
ENSG00000135048	chr9	71683366	71816690	CEMIP2	0	-	133324
ENSG00000135049	chr9	85546539	85742029	AGTPBP1	0	-	195490
ENSG00000135052	chr9	86026146	86100173	GOLM1	0	-	74027
ENSG00000135063	chr9	69324567	69392558	FAM189A2	0	+	67991
ENSG00000135069	chr9	78297125	78330093	PSAT1	0	+	32968
ENSG00000135070	chr9	86264546	86283102	ISCA1	0	-	18556
ENSG00000135074	chr5	157395534	157575775	ADAM19	0	-	180241
ENSG00000135077	chr5	157085832	157142869	HAVCR2	0	-	57037
ENSG00000135083	chr5	160249083	160345396	CCNJL	0	-	96313
ENSG00000135090	chr12	118149801	118372907	TAOK3	0	-	223106
ENSG00000135093	chr12	109023089	109088023	USP30	0	+	64934
ENSG00000135094	chr12	113392445	113426301	SDS	0	-	33856
ENSG00000135097	chr12	120341330	120369164	MSI1	0	-	27834
ENSG00000135100	chr12	120978543	121002512	HNF1A	0	+	23969
ENSG00000135108	chr12	117141991	117190470	FBXO21	0	-	48479
ENSG00000135111	chr12	114670255	114684175	TBX3	0	-	13920
ENSG00000135114	chr12	121017763	121039242	OASL	0	-	21479
ENSG00000135116	chr12	116856144	116881441	HRK	0	-	25297
ENSG00000135119	chr12	116738178	116853631	RNFT2	0	+	115453
ENSG00000135124	chr12	121210065	121234106	P2RX4	0	+	24041
ENSG00000135127	chr12	119989236	120094494	BICDL1	0	+	105258
ENSG00000135144	chr12	113056730	113098028	DTX1	0	+	41298
ENSG00000135148	chr12	112125538	112153604	TRAFD1	0	+	28066
ENSG00000135164	chr7	87152409	87196337	DMTF1	0	+	43928
ENSG00000135185	chr7	87196160	87220587	TMEM243	0	-	24427
ENSG00000135205	chr7	77122434	77329533	CCDC146	0	+	207099
ENSG00000135211	chr7	77793728	77798434	TMEM60	0	-	4706
ENSG00000135218	chr7	80369575	80679277	CD36	0	+	309702
ENSG00000135222	chr4	69955256	69965728	CSN2	0	-	10472
ENSG00000135226	chr4	69280475	69295050	UGT2B28	0	+	14575
ENSG00000135241	chr7	108470417	108569666	PNPLA8	0	-	99249
ENSG00000135245	chr7	128455849	128458418	HILPDA	0	+	2569
ENSG00000135249	chr7	105532169	105567677	RINT1	0	+	35508
ENSG00000135250	chr7	105110704	105399308	SRPK2	0	-	288604
ENSG00000135253	chr7	128862042	128910719	KCP	0	-	48677
ENSG00000135269	chr7	116210506	116258783	TES	0	+	48277
ENSG00000135272	chr7	114922094	115019917	MDFIC	0	+	97823
ENSG00000135297	chr6	73461578	73509236	MTO1	0	+	47658
ENSG00000135299	chr6	89433152	89633834	ANKRD6	0	+	200682
ENSG00000135314	chr6	73241314	73310365	KHDC1	0	-	69051
ENSG00000135315	chr6	84124241	84227643	CEP162	0	-	103402
ENSG00000135318	chr6	85449584	85495791	NT5E	0	+	46207
ENSG00000135324	chr6	84033772	84090881	MRAP2	0	+	57109
ENSG00000135333	chr6	93240020	93419687	EPHA7	0	-	179667
ENSG00000135334	chr6	87674860	87702233	AKIRIN2	0	-	27373
ENSG00000135336	chr6	87590067	87667453	ORC3	0	+	77386
ENSG00000135338	chr6	79484991	79537458	LCA5	0	-	52467
ENSG00000135341	chr6	90513573	90587072	MAP3K7	0	-	73499
ENSG00000135346	chr6	87085498	87095106	CGA	0	-	9608
ENSG00000135362	chr11	36296288	36465204	PRR5L	0	+	168916
ENSG00000135363	chr11	33858576	33892076	LMO2	0	-	33500
ENSG00000135365	chr11	45929319	46121454	PHF21A	0	-	192135
ENSG00000135372	chr11	34105617	34147670	NAT10	0	+	42053
ENSG00000135373	chr11	34621093	34663288	EHF	0	+	42195
ENSG00000135374	chr11	34478791	34525193	ELF5	0	-	46402
ENSG00000135378	chr11	32829927	32858120	PRRG4	0	+	28193
ENSG00000135387	chr11	34051731	34102610	CAPRIN1	0	+	50879
ENSG00000135390	chr12	53632726	53677408	ATP5MC2	0	-	44682
ENSG00000135404	chr12	55725323	55729707	CD63	0	-	4384
ENSG00000135406	chr12	49293252	49298686	PRPH	0	+	5434
ENSG00000135407	chr12	57797376	57818734	AVIL	0	-	21358
ENSG00000135413	chr12	54630811	54634895	LACRT	0	-	4084
ENSG00000135414	chr12	55743122	55757264	GDF11	0	+	14142
ENSG00000135424	chr12	55684568	55716404	ITGA7	0	-	31836
ENSG00000135426	chr12	54948015	54984762	TESPA1	0	-	36747
ENSG00000135439	chr12	57723761	57742157	AGAP2	0	-	18396
ENSG00000135446	chr12	57747727	57756013	CDK4	0	-	8286
ENSG00000135447	chr12	54575387	54588659	PPP1R1A	0	-	13272
ENSG00000135451	chr12	49323236	49331731	TROAP	0	+	8495
ENSG00000135452	chr12	57738013	57750219	TSPAN31	0	+	12206
ENSG00000135454	chr12	57623409	57633239	B4GALNT1	0	-	9830
ENSG00000135457	chr12	51093656	51173135	TFCP2	0	-	79479
ENSG00000135469	chr12	56266890	56270966	COQ10A	0	+	4076
ENSG00000135472	chr12	49866896	49904217	FAIM2	0	-	37321
ENSG00000135473	chr12	56316223	56334053	PAN2	0	-	17830
ENSG00000135476	chr12	53268299	53293638	ESPL1	0	+	25339
ENSG00000135486	chr12	54280193	54287088	HNRNPA1	0	+	6895
ENSG00000135503	chr12	51951699	51997078	ACVR1B	0	+	45379
ENSG00000135506	chr12	57693955	57721557	OS9	0	+	27602
ENSG00000135519	chr12	49539030	49558337	KCNH3	0	+	19307
ENSG00000135525	chr6	136342281	136550819	MAP7	0	-	208538
ENSG00000135535	chr6	109366514	109382467	CD164	0	-	15953
ENSG00000135537	chr6	108294991	108526796	AFG1L	0	+	231805
ENSG00000135540	chr6	138422043	138692571	NHSL1	0	-	270528
ENSG00000135541	chr6	135283407	135498434	AHI1	0	-	215027
ENSG00000135547	chr6	125747664	125761269	HEY2	0	+	13605
ENSG00000135549	chr6	122471917	122726373	PKIB	0	+	254456
ENSG00000135587	chr6	109440724	109443919	SMPD2	0	+	3195
ENSG00000135596	chr6	109444062	109465968	MICAL1	0	-	21906
ENSG00000135597	chr6	138903493	138988261	REPS1	0	-	84768
ENSG00000135604	chr6	144150517	144191939	STX11	0	+	41422
ENSG00000135605	chr4	48135783	48269838	TEC	0	-	134055
ENSG00000135617	chr2	73228010	73233239	PRADC1	0	-	5229
ENSG00000135622	chr2	74654228	74683853	SEMA4F	0	+	29625
ENSG00000135624	chr2	73233420	73253021	CCT7	0	+	19601
ENSG00000135632	chr2	73214222	73227221	SMYD5	0	+	12999
ENSG00000135636	chr2	71453561	71686763	DYSF	0	+	233202
ENSG00000135637	chr2	74471986	74483408	CCDC142	0	-	11422
ENSG00000135638	chr2	72916260	72936071	EMX1	0	+	19811
ENSG00000135643	chr12	70366290	70434292	KCNMB4	0	+	68002
ENSG00000135655	chr12	62260338	62417431	USP15	0	+	157093
ENSG00000135677	chr12	64713445	64759431	GNS	0	-	45986
ENSG00000135678	chr12	68842197	68971570	CPM	0	-	129373
ENSG00000135679	chr12	68808177	68845544	MDM2	0	+	37367
ENSG00000135686	chr16	84648511	84667686	KLHL36	0	+	19175
ENSG00000135698	chr16	82147798	82170224	MPHOSPH6	0	-	22426
ENSG00000135709	chr16	85027782	85094230	KIAA0513	0	+	66448
ENSG00000135720	chr16	66720893	66751609	DYNC1LI2	0	-	30716
ENSG00000135722	chr16	67159932	67164570	FBXL8	0	+	4638
ENSG00000135723	chr16	67229387	67247481	FHOD1	0	-	18094
ENSG00000135736	chr16	57512181	57536571	CCDC102A	0	-	24390
ENSG00000135740	chr16	67237683	67272191	SLC9A5	0	+	34508
ENSG00000135744	chr1	230690776	230745576	AGT	0	-	54800
ENSG00000135747	chr1	246945547	247078811	ZNF670-ZNF695	0	-	133264
ENSG00000135749	chr1	232983435	233295725	PCNX2	0	-	312290
ENSG00000135750	chr1	233614106	233672514	KCNK1	0	+	58408
ENSG00000135763	chr1	229626247	229660200	URB2	0	+	33953
ENSG00000135773	chr1	230747384	230802003	CAPN9	0	+	54619
ENSG00000135775	chr1	230642481	230693982	COG2	0	+	51501
ENSG00000135776	chr1	229516582	229558707	ABCB10	0	-	42125
ENSG00000135778	chr1	232950605	232983882	NTPCR	0	+	33277
ENSG00000135801	chr1	229593121	229626047	TAF5L	0	-	32926
ENSG00000135821	chr1	182378098	182392206	GLUL	0	-	14108
ENSG00000135823	chr1	180972712	181023121	STX6	0	-	50409
ENSG00000135828	chr1	182573634	182589256	RNASEL	0	-	15622
ENSG00000135829	chr1	182839347	182887982	DHX9	0	+	48635
ENSG00000135835	chr1	180912897	180951614	KIAA1614	0	+	38717
ENSG00000135837	chr1	179954773	180114875	CEP350	0	+	160102
ENSG00000135838	chr1	182789293	182830384	NPL	0	+	41091
ENSG00000135842	chr1	184790724	184974508	NIBAN1	0	-	183784
ENSG00000135845	chr1	172370189	172444086	PIGC	0	-	73897
ENSG00000135862	chr1	183023420	183145592	LAMC1	0	+	122172
ENSG00000135870	chr1	173931084	174022357	RC3H1	0	-	91273
ENSG00000135899	chr2	230165186	230225729	SP110	0	-	60543
ENSG00000135900	chr2	223957463	223967714	MRPL44	0	+	10251
ENSG00000135905	chr2	224765090	225042468	DOCK10	0	-	277378
ENSG00000135912	chr2	218710835	218755416	TTLL4	0	+	44581
ENSG00000135913	chr2	218450251	218568351	USP37	0	-	118100
ENSG00000135914	chr2	231108230	231125042	HTR2B	0	-	16812
ENSG00000135916	chr2	230864639	230879248	ITM2C	0	+	14609
ENSG00000135917	chr2	227683763	227718028	SLC19A3	0	-	34265
ENSG00000135919	chr2	223975045	224039318	SERPINE2	0	-	64273
ENSG00000135924	chr2	219279342	219286898	DNAJB2	0	+	7556
ENSG00000135925	chr2	218880852	218899581	WNT10A	0	+	18729
ENSG00000135926	chr2	218274197	218292586	TMBIM1	0	-	18389
ENSG00000135929	chr2	218781749	218815293	CYP27A1	0	+	33544
ENSG00000135930	chr2	232550659	232583644	EIF4E2	0	+	32985
ENSG00000135931	chr2	231198546	231376848	ARMC9	0	+	178302
ENSG00000135932	chr2	230712842	230821075	CAB39	0	+	108233
ENSG00000135940	chr2	97646062	97648383	COX5B	0	+	2321
ENSG00000135945	chr2	99400475	99490035	REV1	0	-	89560
ENSG00000135951	chr2	98997261	99154964	TSGA10	0	-	157703
ENSG00000135953	chr2	102714630	102736888	MFSD9	0	-	22258
ENSG00000135956	chr2	96248514	96265997	TMEM127	0	-	17483
ENSG00000135966	chr2	105264391	105329735	TGFBRAP1	0	-	65344
ENSG00000135968	chr2	108449107	108509415	GCC2	0	+	60308
ENSG00000135972	chr2	105038069	105099960	MRPS9	0	+	61891
ENSG00000135974	chr2	105337532	105349211	C2orf49	0	+	11679
ENSG00000135976	chr2	97113153	97264521	ANKRD36	0	+	151368
ENSG00000135999	chr2	148644440	148787569	EPC2	0	+	143129
ENSG00000136002	chr2	130836914	131047263	ARHGEF4	0	+	210349
ENSG00000136003	chr12	108562582	108569368	ISCU	0	+	6786
ENSG00000136010	chr12	105019784	105107643	ALDH1L2	0	-	87859
ENSG00000136011	chr12	103587273	103766719	STAB2	0	+	179446
ENSG00000136021	chr12	100267140	100341715	SCYL2	0	+	74575
ENSG00000136026	chr12	106237881	106304279	CKAP4	0	-	66398
ENSG00000136040	chr12	94148577	94307675	PLXNC1	0	+	159098
ENSG00000136044	chr12	105173297	105236203	APPL2	0	-	62906
ENSG00000136045	chr12	107685799	107713162	PWP1	0	+	27363
ENSG00000136048	chr12	101877580	102012130	DRAM1	0	+	134550
ENSG00000136051	chr12	105107324	105169130	WASHC4	0	+	61806
ENSG00000136052	chr12	104801801	104958744	SLC41A2	0	-	156943
ENSG00000136059	chr3	37988059	38007188	VILL	0	+	19129
ENSG00000136068	chr3	58008398	58172251	FLNB	0	+	163853
ENSG00000136098	chr13	52132639	52159861	NEK3	0	-	27222
ENSG00000136104	chr13	50909747	51024120	RNASEH2B	0	+	114373
ENSG00000136108	chr13	52455429	52476628	CKAP2	0	+	21199
ENSG00000136111	chr13	75283503	75482169	TBC1D4	0	-	198666
ENSG00000136114	chr13	52377167	52416373	THSD1	0	-	39206
ENSG00000136122	chr13	72727749	72756198	BORA	0	+	28449
ENSG00000136141	chr13	46553168	46753040	LRCH1	0	+	199872
ENSG00000136143	chr13	47745736	48037968	SUCLA2	0	-	292232
ENSG00000136144	chr13	49531946	49585558	RCBTB1	0	-	53612
ENSG00000136146	chr13	48053323	48095131	MED4	0	-	41808
ENSG00000136147	chr13	49495610	49528981	PHF11	0	+	33371
ENSG00000136152	chr13	45464898	45536701	COG3	0	+	71803
ENSG00000136153	chr13	75620434	75859870	LMO7	0	+	239436
ENSG00000136155	chr13	77535674	77645263	SCEL	0	+	109589
ENSG00000136156	chr13	48232612	48270357	ITM2B	0	+	37745
ENSG00000136158	chr13	80335976	80341126	SPRY2	0	-	5150
ENSG00000136159	chr13	48037726	48047221	NUDT15	0	+	9495
ENSG00000136160	chr13	77895481	77975529	EDNRB	0	-	80048
ENSG00000136161	chr13	48488963	48533256	RCBTB2	0	-	44293
ENSG00000136167	chr13	46125920	46211871	LCP1	0	-	85951
ENSG00000136169	chr13	49444274	49495003	SETDB2	0	+	50729
ENSG00000136193	chr7	29920104	29990289	SCRN1	0	-	70185
ENSG00000136205	chr7	47275154	47582558	TNS3	0	-	307404
ENSG00000136213	chr7	2403588	2448484	CHST12	0	+	44896
ENSG00000136231	chr7	23310209	23470491	IGF2BP3	0	-	160282
ENSG00000136235	chr7	23235967	23275108	GPNMB	0	+	39141
ENSG00000136237	chr7	22118236	22357154	RAPGEF5	0	-	238918
ENSG00000136238	chr7	6374527	6403967	RAC1	0	+	29440
ENSG00000136243	chr7	23181841	23201011	NUP42	0	+	19170
ENSG00000136244	chr7	22725884	22732002	IL6	0	+	6118
ENSG00000136247	chr7	6577434	6589374	ZDHHC4	0	+	11940
ENSG00000136250	chr7	36512941	36724549	AOAH	0	-	211608
ENSG00000136261	chr7	16646131	16706523	BZW2	0	+	60392
ENSG00000136270	chr7	45100100	45112047	TBRG4	0	-	11947
ENSG00000136271	chr7	44565804	44575051	DDX56	0	-	9247
ENSG00000136273	chr7	47963288	47979615	HUS1	0	-	16327
ENSG00000136274	chr7	45080437	45088969	NACAD	0	-	8532
ENSG00000136279	chr7	44044640	44069456	DBNL	0	+	24816
ENSG00000136280	chr7	44999475	45076469	CCM2	0	+	76994
ENSG00000136286	chr7	44962662	44979088	MYO1G	0	-	16426
ENSG00000136295	chr7	2631986	2664802	TTYH3	0	+	32816
ENSG00000136305	chr14	24305187	24311430	CIDEB	0	-	6243
ENSG00000136319	chr14	20256558	20305960	TTC5	0	-	49402
ENSG00000136367	chr14	23520857	23556192	ZFHX2	0	-	35335
ENSG00000136378	chr15	78759206	78811464	ADAMTS7	0	-	52258
ENSG00000136379	chr15	80679684	80755621	ABHD17C	0	+	75937
ENSG00000136381	chr15	78437431	78501453	IREB2	0	+	64022
ENSG00000136383	chr15	84817356	84873479	ALPK3	0	+	56123
ENSG00000136404	chr15	83107572	83144854	TM6SF1	0	+	37282
ENSG00000136425	chr15	78104606	78131535	CIB2	0	-	26929
ENSG00000136436	chr17	48831018	48866522	CALCOCO2	0	+	35504
ENSG00000136444	chr17	50478860	50485974	RSAD1	0	+	7114
ENSG00000136448	chr17	44957992	45109016	NMT1	0	+	151024
ENSG00000136449	chr17	50508384	50531501	MYCBPAP	0	+	23117
ENSG00000136451	chr17	57971547	57988259	VEZF1	0	-	16712
ENSG00000136457	chr17	50464496	50468906	CHAD	0	-	4410
ENSG00000136478	chr17	64147227	64263260	TEX2	0	-	116033
ENSG00000136492	chr17	61679139	61863559	BRIP1	0	-	184420
ENSG00000136504	chr17	49788648	49835026	KAT7	0	+	46378
ENSG00000136514	chr3	187368385	187372076	RTP4	0	+	3691
ENSG00000136518	chr3	179562886	179588407	ACTL6A	0	+	25521
ENSG00000136522	chr3	179588285	179604649	MRPL47	0	-	16364
ENSG00000136527	chr3	185914558	185938103	TRA2B	0	-	23545
ENSG00000136531	chr2	165194993	165392310	SCN2A	0	+	197317
ENSG00000136536	chr2	159712457	159771027	MARCHF7	0	+	58570
ENSG00000136541	chr2	157318631	157327713	ERMN	0	-	9082
ENSG00000136542	chr2	157257705	157318491	GALNT5	0	+	60786
ENSG00000136546	chr2	166403573	166611482	SCN7A	0	-	207909
ENSG00000136560	chr2	161136908	161236230	TANK	0	+	99322
ENSG00000136573	chr8	11486894	11564599	BLK	0	+	77705
ENSG00000136574	chr8	11676959	11760002	GATA4	0	+	83043
ENSG00000136603	chr3	170357678	170396835	SKIL	0	+	39157
ENSG00000136628	chr1	219968600	220046530	EPRS1	0	-	77930
ENSG00000136631	chr1	150067279	150145329	VPS45	0	+	78050
ENSG00000136636	chr1	215567304	215621807	KCTD3	0	+	54503
ENSG00000136643	chr1	213051233	213274774	RPS6KC1	0	+	223541
ENSG00000136682	chr2	113437691	113496204	CBWD2	0	+	58513
ENSG00000136689	chr2	113107214	113134016	IL1RN	0	+	26802
ENSG00000136699	chr2	130151392	130182750	SMPD4	0	-	31358
ENSG00000136709	chr2	127701027	127811187	WDR33	0	-	110160
ENSG00000136710	chr2	130337933	130342699	CCDC115	0	-	4766
ENSG00000136715	chr2	127941217	128028120	SAP130	0	-	86903
ENSG00000136717	chr2	127048027	127107288	BIN1	0	-	59261
ENSG00000136718	chr2	130342877	130347967	IMP4	0	+	5090
ENSG00000136720	chr2	128236716	128318868	HS6ST1	0	-	82152
ENSG00000136731	chr2	128091200	128195677	UGGT1	0	+	104477
ENSG00000136732	chr2	126656133	126696667	GYPC	0	+	40534
ENSG00000136738	chr10	17644151	17716824	STAM	0	+	72673
ENSG00000136754	chr10	26746593	26861087	ABI1	0	-	114494
ENSG00000136758	chr10	27110111	27155266	YME1L1	0	-	45155
ENSG00000136770	chr10	21756548	22003769	DNAJC1	0	-	247221
ENSG00000136783	chr9	104747683	104760120	NIPSNAP3A	0	+	12437
ENSG00000136802	chr9	128882133	128918039	LRRC8A	0	+	35906
ENSG00000136807	chr9	127785679	127790792	CDK9	0	+	5113
ENSG00000136810	chr9	110243810	110256507	TXN	0	-	12697
ENSG00000136811	chr9	128455186	128501292	ODF2	0	+	46106
ENSG00000136813	chr9	111360685	111484745	ECPAS	0	-	124060
ENSG00000136816	chr9	129803157	129811281	TOR1B	0	+	8124
ENSG00000136819	chr9	129827290	129835863	C9orf78	0	-	8573
ENSG00000136824	chr9	104094260	104141419	SMC2	0	+	47159
ENSG00000136826	chr9	107484852	107490482	KLF4	0	-	5630
ENSG00000136827	chr9	129812942	129824244	TOR1A	0	-	11302
ENSG00000136828	chr9	126914774	127223166	RALGPS1	0	+	308392
ENSG00000136830	chr9	127505339	127578989	NIBAN2	0	-	73650
ENSG00000136840	chr9	127907886	127917041	ST6GALNAC4	0	-	9155
ENSG00000136842	chr9	97501180	97601743	TMOD1	0	+	100563
ENSG00000136848	chr9	121567057	121785530	DAB2IP	0	+	218473
ENSG00000136854	chr9	127579370	127696027	STXBP1	0	+	116657
ENSG00000136856	chr9	127397138	127408424	SLC2A8	0	+	11286
ENSG00000136859	chr9	127087348	127122635	ANGPTL2	0	-	35287
ENSG00000136861	chr9	120388875	120580170	CDK5RAP2	0	-	191295
ENSG00000136866	chr9	113038377	113056759	ZFP37	0	-	18382
ENSG00000136867	chr9	113150976	113164140	SLC31A2	0	+	13164
ENSG00000136868	chr9	113221544	113264492	SLC31A1	0	+	42948
ENSG00000136870	chr9	101398851	101410660	ZNF189	0	+	11809
ENSG00000136874	chr9	99906654	99974534	STX17	0	+	67880
ENSG00000136875	chr9	113275642	113294009	PRPF4	0	+	18367
ENSG00000136877	chr9	127794597	127814327	FPGS	0	+	19730
ENSG00000136878	chr9	129834698	129881828	USP20	0	+	47130
ENSG00000136883	chr9	114086126	114099292	KIF12	0	-	13166
ENSG00000136888	chr9	114587706	114598915	ATP6V1G1	0	+	11209
ENSG00000136891	chr9	100302077	100352942	TEX10	0	-	50865
ENSG00000136895	chr9	127224265	127393660	GARNL3	0	+	169395
ENSG00000136897	chr9	101387633	101398618	MRPL50	0	-	10985
ENSG00000136908	chr9	127935099	127937854	DPM2	0	-	2755
ENSG00000136925	chr9	97600080	97633368	TSTD2	0	-	33288
ENSG00000136928	chr9	98288109	98708935	GABBR2	0	-	420826
ENSG00000136930	chr9	124353465	124415444	PSMB7	0	-	61979
ENSG00000136932	chr9	97904489	97922500	TRMO	0	-	18011
ENSG00000136933	chr9	125200542	125234161	RABEPK	0	+	33619
ENSG00000136936	chr9	97674909	97697340	XPA	0	-	22431
ENSG00000136937	chr9	97633668	97673748	NCBP1	0	+	40080
ENSG00000136938	chr9	97983341	98015943	ANP32B	0	+	32602
ENSG00000136940	chr9	122798389	122828588	PDCL	0	-	30199
ENSG00000136942	chr9	124857880	124861981	RPL35	0	-	4101
ENSG00000136943	chr9	97029677	97156556	CTSV	0	-	126879
ENSG00000136944	chr9	126613928	126701032	LMX1B	0	+	87104
ENSG00000136950	chr9	124862130	124877733	ARPC5L	0	+	15603
ENSG00000136960	chr8	119557086	119673453	ENPP2	0	-	116367
ENSG00000136982	chr8	119833976	119855894	DSCC1	0	-	21918
ENSG00000136986	chr8	123013170	123042302	DERL1	0	-	29132
ENSG00000136997	chr8	127735434	127742951	MYC	0	+	7517
ENSG00000136999	chr8	119416446	119424434	CCN3	0	+	7988
ENSG00000137033	chr9	6215786	6257983	IL33	0	+	42197
ENSG00000137038	chr9	7796500	7888380	DMAC1	0	-	91880
ENSG00000137040	chr9	6011025	6015625	RANBP6	0	-	4600
ENSG00000137054	chr9	37485948	37503697	POLR1E	0	+	17749
ENSG00000137055	chr9	26903372	26947242	PLAA	0	-	43870
ENSG00000137073	chr9	33921693	34049388	UBAP2	0	-	127695
ENSG00000137074	chr9	32886601	33025130	APTX	0	-	138529
ENSG00000137075	chr9	36336396	36487548	RNF38	0	-	151152
ENSG00000137076	chr9	35696948	35732195	TLN1	0	-	35247
ENSG00000137077	chr9	34709005	34710136	CCL21	0	-	1131
ENSG00000137078	chr9	35649295	35650931	SIT1	0	-	1636
ENSG00000137094	chr9	34989641	34998900	DNAJB5	0	+	9259
ENSG00000137098	chr9	35808045	35812272	SPAG8	0	-	4227
ENSG00000137100	chr9	34613545	34620523	DCTN3	0	-	6978
ENSG00000137101	chr9	35609982	35646810	CD72	0	-	36828
ENSG00000137103	chr9	35814451	35865518	TMEM8B	0	+	51067
ENSG00000137106	chr9	37422666	37436990	GRHPR	0	+	14324
ENSG00000137124	chr9	38392702	38398661	ALDH1B1	0	+	5959
ENSG00000137135	chr9	35658875	35675866	ARHGEF39	0	-	16991
ENSG00000137145	chr9	19230435	19374281	DENND4C	0	+	143846
ENSG00000137154	chr9	19375715	19380236	RPS6	0	-	4521
ENSG00000137161	chr6	42929480	42939294	CNPY3	0	+	9814
ENSG00000137166	chr6	41546381	41602384	FOXP4	0	+	56003
ENSG00000137168	chr6	36854827	36874803	PPIL1	0	-	19976
ENSG00000137171	chr6	43040777	43075095	KLC4	0	+	34318
ENSG00000137177	chr6	17759183	17987635	KIF13A	0	-	228452
ENSG00000137185	chr6	28224886	28233487	ZSCAN9	0	+	8601
ENSG00000137193	chr6	37170152	37175428	PIM1	0	+	5276
ENSG00000137198	chr6	16238587	16295549	GMPR	0	+	56962
ENSG00000137200	chr6	37433219	37482827	CMTR1	0	+	49608
ENSG00000137203	chr6	10393186	10419659	TFAP2A	0	-	26473
ENSG00000137207	chr6	43511832	43516985	YIPF3	0	-	5153
ENSG00000137216	chr6	44126914	44155519	TMEM63B	0	+	28605
ENSG00000137218	chr6	41770176	41786542	FRS3	0	-	16366
ENSG00000137221	chr6	43477523	43506556	TJAP1	0	+	29033
ENSG00000137225	chr6	44158811	44184401	CAPN11	0	+	25590
ENSG00000137261	chr6	24544104	24646191	KIAA0319	0	-	102087
ENSG00000137265	chr6	391752	411443	IRF4	0	+	19691
ENSG00000137266	chr6	3268962	3457050	SLC22A23	0	-	188088
ENSG00000137267	chr6	3153497	3157544	TUBB2A	0	-	4047
ENSG00000137269	chr6	53794497	53924125	LRRC1	0	+	129628
ENSG00000137273	chr6	1389576	1395603	FOXF2	0	+	6027
ENSG00000137274	chr6	3118374	3153578	BPHL	0	+	35204
ENSG00000137275	chr6	3063824	3115187	RIPK1	0	+	51363
ENSG00000137285	chr6	3223324	3231730	TUBB2B	0	-	8406
ENSG00000137288	chr6	33694293	33711727	UQCC2	0	-	17434
ENSG00000137309	chr6	34236873	34246231	HMGA1	0	+	9358
ENSG00000137310	chr6	31158547	31167159	TCF19	0	+	8612
ENSG00000137312	chr6	30727709	30742732	FLOT1	0	-	15023
ENSG00000137331	chr6	30743199	30744548	IER3	0	-	1349
ENSG00000137337	chr6	30699807	30717447	MDC1	0	-	17640
ENSG00000137338	chr6	28281572	28302549	PGBD1	0	+	20977
ENSG00000137343	chr6	30626842	30646823	ATAT1	0	+	19981
ENSG00000137364	chr6	18128311	18155077	TPMT	0	-	26766
ENSG00000137393	chr6	18387350	18468870	RNF144B	0	+	81520
ENSG00000137404	chr6	30688047	30691420	NRM	0	-	3373
ENSG00000137409	chr6	36968141	36986298	MTCH1	0	-	18157
ENSG00000137411	chr6	30914205	30926459	VARS2	0	+	12254
ENSG00000137413	chr6	42050513	42087461	TAF8	0	+	36948
ENSG00000137414	chr6	17600302	17611719	FAM8A1	0	+	11417
ENSG00000137440	chr4	15935577	15938740	FGFBP1	0	-	3163
ENSG00000137449	chr4	15002481	15070153	CPEB2	0	+	67672
ENSG00000137460	chr4	152936323	152979671	FHDC1	0	+	43348
ENSG00000137462	chr4	153684070	153706260	TLR2	0	+	22190
ENSG00000137474	chr11	77128246	77215241	MYO7A	0	+	86995
ENSG00000137478	chr11	72836745	73142318	FCHSD2	0	-	305573
ENSG00000137486	chr11	75260122	75351705	ARRB1	0	-	91583
ENSG00000137491	chr11	75100563	75206549	SLCO2B1	0	+	105986
ENSG00000137492	chr11	76349898	76381132	THAP12	0	-	31234
ENSG00000137494	chr11	83193712	83260694	ANKRD42	0	+	66982
ENSG00000137496	chr11	71998613	72005715	IL18BP	0	+	7102
ENSG00000137497	chr11	72002864	72080693	NUMA1	0	-	77829
ENSG00000137500	chr11	83259081	83286390	CCDC90B	0	-	27309
ENSG00000137501	chr11	85694224	85811159	SYTL2	0	-	116935
ENSG00000137502	chr11	82973133	83071923	RAB30	0	-	98790
ENSG00000137504	chr11	85657742	85682908	CREBZF	0	-	25166
ENSG00000137507	chr11	76657524	76670747	LRRC32	0	-	13223
ENSG00000137509	chr11	82822936	82970584	PRCP	0	-	147648
ENSG00000137513	chr11	78435968	78574874	NARS2	0	-	138906
ENSG00000137522	chr11	71929018	71997597	RNF121	0	+	68579
ENSG00000137547	chr8	54135241	54148514	MRPL15	0	+	13273
ENSG00000137558	chr8	74824534	74855029	PI15	0	+	30495
ENSG00000137563	chr8	63014881	63039407	GGH	0	-	24526
ENSG00000137571	chr8	69667046	69834978	SLCO5A1	0	-	167932
ENSG00000137573	chr8	69466624	69660915	SULF1	0	+	194291
ENSG00000137574	chr8	55773446	55826445	TGS1	0	+	52999
ENSG00000137575	chr8	58552924	58582859	SDCBP	0	+	29935
ENSG00000137601	chr4	169369704	169612632	NEK1	0	-	242928
ENSG00000137628	chr4	168216291	168318883	DDX60	0	-	102592
ENSG00000137642	chr11	121452314	121633763	SORL1	0	+	181449
ENSG00000137648	chr11	118077012	118121890	TMPRSS4	0	+	44878
ENSG00000137656	chr11	116748170	116772987	BUD13	0	-	24817
ENSG00000137672	chr11	101451564	101872562	TRPC6	0	-	420998
ENSG00000137673	chr11	102520508	102530750	MMP7	0	-	10242
ENSG00000137691	chr11	102047437	102084554	CFAP300	0	+	37117
ENSG00000137692	chr11	103050686	103092194	DCUN1D5	0	-	41508
ENSG00000137693	chr11	102110447	102233424	YAP1	0	+	122977
ENSG00000137699	chr11	120111286	120185529	TRIM29	0	-	74243
ENSG00000137700	chr11	119024114	119030906	SLC37A4	0	-	6792
ENSG00000137709	chr11	120236640	120319945	POU2F3	0	+	83305
ENSG00000137710	chr11	109864295	110296712	RDX	0	-	432417
ENSG00000137713	chr11	111726908	111766389	PPP2R1B	0	-	39481
ENSG00000137714	chr11	110429948	110464884	FDX1	0	+	34936
ENSG00000137720	chr11	111878935	111885975	C11orf1	0	+	7040
ENSG00000137727	chr11	110577042	110713189	ARHGAP20	0	-	136147
ENSG00000137745	chr11	102942995	102955732	MMP13	0	-	12737
ENSG00000137747	chr11	117900641	117929459	TMPRSS13	0	-	28818
ENSG00000137752	chr11	105025443	105035250	CASP1	0	-	9807
ENSG00000137760	chr11	107502727	107565742	ALKBH8	0	-	63015
ENSG00000137764	chr15	67542703	67807117	MAP2K5	0	+	264414
ENSG00000137770	chr15	44427622	44529038	CTDSPL2	0	+	101416
ENSG00000137776	chr15	58879050	58933679	SLTM	0	-	54629
ENSG00000137801	chr15	39581079	39599466	THBS1	0	+	18387
ENSG00000137802	chr15	41774434	41827855	MAPKBP1	0	+	53421
ENSG00000137806	chr15	41387218	41409403	NDUFAF1	0	-	22185
ENSG00000137807	chr15	69414246	69448427	KIF23	0	+	34181
ENSG00000137809	chr15	68296532	68432163	ITGA11	0	-	135631
ENSG00000137812	chr15	40594020	40664342	KNL1	0	+	70322
ENSG00000137814	chr15	42548828	42569994	HAUS2	0	+	21166
ENSG00000137815	chr15	41408408	41483563	RTF1	0	+	75155
ENSG00000137818	chr15	69452814	69456205	RPLP1	0	+	3391
ENSG00000137819	chr15	69298912	69407780	PAQR5	0	+	108868
ENSG00000137821	chr15	70853239	71053658	LRRC49	0	+	200419
ENSG00000137822	chr15	43369221	43409771	TUBGCP4	0	+	40550
ENSG00000137824	chr15	40735884	40755851	RMDN3	0	-	19967
ENSG00000137825	chr15	41493393	41503551	ITPKA	0	+	10158
ENSG00000137831	chr15	70654554	70763558	UACA	0	-	109004
ENSG00000137834	chr15	66702236	66782849	SMAD6	0	+	80613
ENSG00000137841	chr15	40278176	40307935	PLCB2	0	-	29759
ENSG00000137842	chr15	43123279	43185144	TMEM62	0	+	61865
ENSG00000137845	chr15	58588809	58749791	ADAM10	0	-	160982
ENSG00000137857	chr15	45129933	45165576	DUOX1	0	+	35643
ENSG00000137868	chr15	74179466	74212267	STRA6	0	-	32801
ENSG00000137869	chr15	51208057	51338601	CYP19A1	0	-	130544
ENSG00000137872	chr15	47184101	47774228	SEMA6D	0	+	590127
ENSG00000137876	chr15	55180806	55197049	RSL24D1	0	-	16243
ENSG00000137877	chr15	41848146	41894053	SPTBN5	0	-	45907
ENSG00000137878	chr15	57591908	57714745	GCOM1	0	+	122837
ENSG00000137880	chr15	40764068	40767708	GCHFR	0	+	3640
ENSG00000137936	chr1	93561741	93847150	BCAR3	0	-	285409
ENSG00000137941	chr1	83865024	83999150	TTLL7	0	-	134126
ENSG00000137942	chr1	93448118	93554661	FNBP1L	0	+	106543
ENSG00000137944	chr1	88935773	88992953	KYAT3	0	-	57180
ENSG00000137947	chr1	88852633	88891944	GTF2B	0	-	39311
ENSG00000137959	chr1	78619902	78646145	IFI44L	0	+	26243
ENSG00000137960	chr1	77979542	78138444	GIPC2	0	+	158902
ENSG00000137962	chr1	94148988	94275068	ARHGAP29	0	-	126080
ENSG00000137965	chr1	78649796	78664078	IFI44	0	+	14282
ENSG00000137968	chr1	75202129	75611114	SLC44A5	0	-	408985
ENSG00000137975	chr1	86424171	86456553	CLCA2	0	+	32382
ENSG00000137992	chr1	100186919	100249834	DBT	0	-	62915
ENSG00000137996	chr1	100266216	100292769	RTCA	0	+	26553
ENSG00000138002	chr2	27444377	27489805	IFT172	0	-	45428
ENSG00000138018	chr2	26308547	26395885	SELENOI	0	+	87338
ENSG00000138028	chr2	27098889	27119128	CGREF1	0	-	20239
ENSG00000138029	chr2	26243170	26290465	HADHB	0	+	47295
ENSG00000138030	chr2	27086747	27100762	KHK	0	+	14015
ENSG00000138031	chr2	24819169	24920237	ADCY3	0	-	101068
ENSG00000138035	chr2	55634061	55693863	PNPT1	0	-	59802
ENSG00000138036	chr2	43774039	43810010	DYNC2LI1	0	+	35971
ENSG00000138050	chr2	39736060	39779267	THUMPD2	0	-	43207
ENSG00000138061	chr2	38066973	38109902	CYP1B1	0	-	42929
ENSG00000138069	chr2	65070696	65130331	RAB1A	0	-	59635
ENSG00000138071	chr2	65227788	65271253	ACTR2	0	+	43465
ENSG00000138073	chr2	27130756	27134666	PREB	0	-	3910
ENSG00000138074	chr2	27199587	27212958	SLC5A6	0	-	13371
ENSG00000138078	chr2	44316281	44361862	PREPL	0	-	45581
ENSG00000138080	chr2	27078615	27086403	EMILIN1	0	+	7788
ENSG00000138081	chr2	47789316	47906498	FBXO11	0	-	117182
ENSG00000138083	chr2	44941702	44946071	SIX3	0	+	4369
ENSG00000138085	chr2	27212041	27217178	ATRAID	0	+	5137
ENSG00000138092	chr2	24793136	24822376	CENPO	0	+	29240
ENSG00000138095	chr2	43886224	43996226	LRPPRC	0	-	110002
ENSG00000138101	chr2	25377198	25673647	DTNB	0	-	296449
ENSG00000138107	chr10	102461881	102502712	ACTR1A	0	-	40831
ENSG00000138111	chr10	102461395	102477045	MFSD13A	0	+	15650
ENSG00000138119	chr10	93306429	93482334	MYOF	0	-	175905
ENSG00000138131	chr10	98247690	98268194	LOXL4	0	-	20504
ENSG00000138134	chr10	88879734	88975153	STAMBPL1	0	+	95419
ENSG00000138135	chr10	89205629	89207317	CH25H	0	-	1688
ENSG00000138138	chr10	87751512	87841361	ATAD1	0	-	89849
ENSG00000138160	chr10	92574105	92655395	KIF11	0	+	81290
ENSG00000138162	chr10	121989163	122254545	TACC2	0	+	265382
ENSG00000138166	chr10	110497907	110511533	DUSP5	0	+	13626
ENSG00000138172	chr10	103446786	103452402	CALHM2	0	-	5616
ENSG00000138175	chr10	102673731	102714397	ARL3	0	-	40666
ENSG00000138180	chr10	93496612	93529092	CEP55	0	+	32480
ENSG00000138182	chr10	89701590	89774939	KIF20B	0	+	73349
ENSG00000138185	chr10	95711779	95877266	ENTPD1	0	+	165487
ENSG00000138190	chr10	92826831	93059493	EXOC6	0	+	232662
ENSG00000138193	chr10	93993931	94332823	PLCE1	0	+	338892
ENSG00000138207	chr10	93591687	93601744	RBP4	0	-	10057
ENSG00000138231	chr3	138160988	138174921	DBR1	0	-	13933
ENSG00000138246	chr3	132417502	132539032	DNAJC13	0	+	121530
ENSG00000138271	chr3	151294086	151316820	GPR87	0	-	22734
ENSG00000138279	chr10	73375101	73414076	ANXA7	0	-	38975
ENSG00000138286	chr10	73168119	73244504	FAM149B1	0	+	76385
ENSG00000138303	chr10	72096032	72217134	ASCC1	0	-	121102
ENSG00000138316	chr10	70672506	70762441	ADAMTS14	0	+	89935
ENSG00000138326	chr10	78033760	78056813	RPS24	0	+	23053
ENSG00000138336	chr10	68560337	68694487	TET1	0	+	134150
ENSG00000138346	chr10	68414064	68472121	DNA2	0	-	58057
ENSG00000138356	chr2	200586014	200677064	AOX1	0	+	91050
ENSG00000138363	chr2	215311956	215349773	ATIC	0	+	37817
ENSG00000138375	chr2	216412414	216483053	SMARCAL1	0	+	70639
ENSG00000138376	chr2	214725646	214809683	BARD1	0	-	84037
ENSG00000138378	chr2	191029576	191151596	STAT4	0	-	122020
ENSG00000138380	chr2	202912214	202988263	CARF	0	+	76049
ENSG00000138381	chr2	189661385	189670831	ASNSD1	0	+	9446
ENSG00000138382	chr2	169810081	169824931	METTL5	0	-	14850
ENSG00000138385	chr2	169791933	169812064	SSB	0	+	20131
ENSG00000138386	chr2	190646746	190692766	NAB1	0	+	46020
ENSG00000138395	chr2	201790461	201895550	CDK15	0	+	105089
ENSG00000138398	chr2	169584342	169641406	PPIG	0	+	57064
ENSG00000138399	chr2	169528508	169573875	FASTKD1	0	-	45367
ENSG00000138400	chr2	206737763	206765328	MDH1B	0	-	27565
ENSG00000138411	chr2	196189099	196593684	HECW2	0	-	404585
ENSG00000138413	chr2	208236229	208266074	IDH1	0	-	29845
ENSG00000138430	chr2	174072447	174248599	OLA1	0	-	176152
ENSG00000138433	chr2	174348022	174395712	CIR1	0	-	47690
ENSG00000138434	chr2	181891730	181930738	ITPRID2	0	+	39008
ENSG00000138435	chr2	174747592	174787935	CHRNA1	0	-	40343
ENSG00000138439	chr2	202634969	202769757	FAM117B	0	+	134788
ENSG00000138442	chr2	202874261	203014798	WDR12	0	-	140537
ENSG00000138443	chr2	203328280	203447728	ABI2	0	+	119448
ENSG00000138448	chr2	186590056	186680901	ITGAV	0	+	90845
ENSG00000138449	chr2	189560590	189583758	SLC40A1	0	-	23168
ENSG00000138459	chr3	112561709	112585579	SLC35A5	0	+	23870
ENSG00000138463	chr3	122795069	122881139	SLC49A4	0	+	86070
ENSG00000138468	chr3	101324205	101513241	SENP7	0	-	189036
ENSG00000138496	chr3	122527924	122564577	PARP9	0	-	36653
ENSG00000138587	chr15	56421544	56465137	MNS1	0	-	43593
ENSG00000138592	chr15	50424380	50514421	USP8	0	+	90041
ENSG00000138593	chr15	48988476	49046447	SECISBP2L	0	-	57971
ENSG00000138594	chr15	51829628	51947295	TMOD3	0	+	117667
ENSG00000138600	chr15	50702266	50765709	SPPL2A	0	-	63443
ENSG00000138604	chr15	69160584	69272217	GLCE	0	+	111633
ENSG00000138606	chr15	45167214	45201175	SHF	0	-	33961
ENSG00000138613	chr15	63276018	63309126	APH1B	0	+	33108
ENSG00000138614	chr15	65578753	65611289	INTS14	0	-	32536
ENSG00000138615	chr15	65194760	65211473	CILP	0	-	16713
ENSG00000138617	chr15	65234460	65300618	PARP16	0	-	66158
ENSG00000138621	chr15	75023586	75117462	PPCDC	0	+	93876
ENSG00000138623	chr15	74409289	74433958	SEMA7A	0	-	24669
ENSG00000138629	chr15	74445977	74461182	UBL7	0	-	15205
ENSG00000138639	chr4	85475150	86002668	ARHGAP24	0	+	527518
ENSG00000138640	chr4	88725955	89111398	FAM13A	0	-	385443
ENSG00000138642	chr4	88378739	88443097	HERC6	0	+	64358
ENSG00000138646	chr4	88457119	88506163	HERC5	0	+	49044
ENSG00000138650	chr4	133149294	133208606	PCDH10	0	+	59312
ENSG00000138653	chr4	114827763	115113876	NDST4	0	-	286113
ENSG00000138658	chr4	112539333	112636995	ZGRF1	0	-	97662
ENSG00000138660	chr4	112231740	112273110	AP1AR	0	+	41370
ENSG00000138663	chr4	83034447	83075818	COPS4	0	+	41371
ENSG00000138668	chr4	82352498	82374503	HNRNPD	0	-	22005
ENSG00000138669	chr4	81087370	81215222	PRKG2	0	-	127852
ENSG00000138670	chr4	81426393	82044244	RASGEF1B	0	-	617851
ENSG00000138674	chr4	82818509	82901166	SEC31A	0	-	82657
ENSG00000138678	chr4	83535914	83605875	GPAT3	0	+	69961
ENSG00000138685	chr4	122826708	122898236	FGF2	0	+	71528
ENSG00000138686	chr4	121824329	121870487	BBS7	0	-	46158
ENSG00000138688	chr4	122152331	122364167	KIAA1109	0	+	211836
ENSG00000138696	chr4	94757955	95158448	BMPR1B	0	+	400493
ENSG00000138698	chr4	98261384	98443858	RAP1GDS1	0	+	182474
ENSG00000138709	chr4	128061286	128222931	LARP1B	0	+	161645
ENSG00000138722	chr4	89879532	89954629	MMRN1	0	+	75097
ENSG00000138735	chr4	119494397	119628804	PDE5A	0	-	134407
ENSG00000138738	chr4	120684919	120922870	PRDM5	0	-	237951
ENSG00000138750	chr4	76114659	76148444	NUP54	0	-	33785
ENSG00000138755	chr4	76001275	76007509	CXCL9	0	-	6234
ENSG00000138756	chr4	78776342	78916365	BMP2K	0	+	140023
ENSG00000138757	chr4	75641849	75724589	G3BP2	0	-	82740
ENSG00000138758	chr4	76949751	77040384	SEPTIN11	0	+	90633
ENSG00000138759	chr4	78057323	78544269	FRAS1	0	+	486946
ENSG00000138760	chr4	76158737	76234536	SCARB2	0	-	75799
ENSG00000138764	chr4	77157207	77433388	CCNG2	0	+	276181
ENSG00000138767	chr4	77713387	77819615	CNOT6L	0	-	106228
ENSG00000138768	chr4	75724577	75814286	USO1	0	+	89709
ENSG00000138771	chr4	76435229	76783253	SHROOM3	0	+	348024
ENSG00000138772	chr4	78551747	78610451	ANXA3	0	+	58704
ENSG00000138777	chr4	105369077	105474067	PPA2	0	-	104990
ENSG00000138778	chr4	103105349	103198445	CENPE	0	-	93096
ENSG00000138780	chr4	105708778	105847725	GSTCD	0	+	138947
ENSG00000138785	chr4	105682627	105895986	INTS12	0	-	213359
ENSG00000138792	chr4	110365733	110565285	ENPEP	0	+	199552
ENSG00000138794	chr4	109688622	109703583	CASP6	0	-	14961
ENSG00000138795	chr4	108047545	108168956	LEF1	0	-	121411
ENSG00000138796	chr4	107989714	108035241	HADH	0	+	45527
ENSG00000138798	chr4	109912883	110013766	EGF	0	+	100883
ENSG00000138801	chr4	107590276	107720234	PAPSS1	0	-	129958
ENSG00000138802	chr4	109433772	109540896	SEC24B	0	+	107124
ENSG00000138814	chr4	101023409	101348278	PPP3CA	0	-	324869
ENSG00000138821	chr4	102251080	102431258	SLC39A8	0	-	180178
ENSG00000138829	chr5	128257909	128659185	FBN2	0	-	401276
ENSG00000138834	chr16	1706166	1770351	MAPK8IP3	0	+	64185
ENSG00000138835	chr9	113444731	113597743	RGS3	0	+	153012
ENSG00000138867	chr22	24540423	24555935	GUCD1	0	-	15512
ENSG00000138942	chr22	31160182	31207019	RNF185	0	+	46837
ENSG00000138944	chr22	44243665	44312951	SHISAL1	0	-	69286
ENSG00000138964	chr22	44172956	44219533	PARVG	0	+	46577
ENSG00000139044	chr12	459939	563509	B4GALNT3	0	+	103570
ENSG00000139055	chr12	14914039	14938537	ERP27	0	-	24498
ENSG00000139083	chr12	11649674	11895377	ETV6	0	+	245703
ENSG00000139112	chr12	10212458	10223128	GABARAPL1	0	+	10670
ENSG00000139116	chr12	39293228	39443390	KIF21A	0	-	150162
ENSG00000139117	chr12	38646822	38907430	CPNE8	0	-	260608
ENSG00000139131	chr12	32727490	32755897	YARS2	0	-	28407
ENSG00000139132	chr12	32399558	32646050	FGD4	0	+	246492
ENSG00000139133	chr12	34022468	34029694	ALG10	0	+	7226
ENSG00000139144	chr12	18242961	18648416	PIK3C2G	0	+	405455
ENSG00000139146	chr12	31280584	31327058	SINHCAF	0	-	46474
ENSG00000139154	chr12	19404045	19720801	AEBP2	0	+	316756
ENSG00000139160	chr12	31647160	31673114	ETFBKMT	0	+	25954
ENSG00000139163	chr12	22625075	22690665	ETNK1	0	+	65590
ENSG00000139168	chr12	42312086	42326257	ZCRB1	0	-	14171
ENSG00000139173	chr12	43835967	44389762	TMEM117	0	+	553795
ENSG00000139174	chr12	42456757	42590355	PRICKLE1	0	-	133598
ENSG00000139178	chr12	7089587	7109238	C1RL	0	-	19651
ENSG00000139182	chr12	7129698	7158945	CLSTN3	0	+	29247
ENSG00000139187	chr12	8950044	9010760	KLRG1	0	+	60716
ENSG00000139190	chr12	6462237	6470677	VAMP1	0	-	8440
ENSG00000139192	chr12	6451690	6466517	TAPBPL	0	+	14827
ENSG00000139194	chr12	7115736	7128889	RBP5	0	-	13153
ENSG00000139197	chr12	7188685	7218574	PEX5	0	+	29889
ENSG00000139200	chr12	6693791	6700815	PIANP	0	-	7024
ENSG00000139209	chr12	46764761	46832408	SLC38A4	0	-	67647
ENSG00000139211	chr12	47075707	47079959	AMIGO2	0	-	4252
ENSG00000139218	chr12	45919131	45992120	SCAF11	0	-	72989
ENSG00000139219	chr12	47972967	48004554	COL2A1	0	-	31587
ENSG00000139220	chr12	81257975	81759553	PPFIA2	0	-	501578
ENSG00000139263	chr12	58872149	58920504	LRIG3	0	-	48355
ENSG00000139266	chr12	57755103	57760411	MARCHF9	0	+	5308
ENSG00000139278	chr12	75480753	75503863	GLIPR1	0	+	23110
ENSG00000139289	chr12	76025447	76031776	PHLDA1	0	-	6329
ENSG00000139292	chr12	71439798	71586310	LGR5	0	+	146512
ENSG00000139304	chr12	80402178	80680273	PTPRQ	0	+	278095
ENSG00000139318	chr12	89347235	89352501	DUSP6	0	-	5266
ENSG00000139323	chr12	89419718	89526047	POC1B	0	-	106329
ENSG00000139324	chr12	88142296	88199887	TMTC3	0	+	57591
ENSG00000139329	chr12	91102629	91111494	LUM	0	-	8865
ENSG00000139330	chr12	91050491	91058024	KERA	0	-	7533
ENSG00000139343	chr12	95858952	95903828	SNRPF	0	+	44876
ENSG00000139344	chr12	95943331	95968720	AMDHD1	0	+	25389
ENSG00000139350	chr12	96907224	96953780	NEDD1	0	+	46556
ENSG00000139351	chr12	101728648	101739472	SYCP3	0	-	10824
ENSG00000139352	chr12	102957674	102960513	ASCL1	0	+	2839
ENSG00000139354	chr12	100573683	100628288	GAS2L3	0	+	54605
ENSG00000139370	chr12	128793194	128823958	SLC15A4	0	-	30764
ENSG00000139372	chr12	103965822	103988874	TDG	0	+	23052
ENSG00000139405	chr12	113185526	113192368	RITA1	0	+	6842
ENSG00000139410	chr12	113422380	113438276	SDSL	0	+	15896
ENSG00000139428	chr12	109553715	109573580	MMAB	0	-	19865
ENSG00000139433	chr12	109850945	109880541	GLTP	0	-	29596
ENSG00000139436	chr12	109929804	109996389	GIT2	0	-	66585
ENSG00000139437	chr12	109900264	109983841	TCHP	0	+	83577
ENSG00000139438	chr12	109713825	109770495	FAM222A	0	+	56670
ENSG00000139496	chr13	25301556	25349800	NUP58	0	+	48244
ENSG00000139505	chr13	25246222	25287488	MTMR6	0	-	41266
ENSG00000139508	chr13	28700064	28718970	SLC46A3	0	-	18906
ENSG00000139514	chr13	29509414	29595688	SLC7A1	0	-	86274
ENSG00000139517	chr13	27545913	27620529	LNX2	0	-	74616
ENSG00000139531	chr12	55997180	56006641	SUOX	0	+	9461
ENSG00000139537	chr12	48904110	48931840	CCDC65	0	+	27730
ENSG00000139546	chr12	53500921	53506431	TARBP2	0	+	5510
ENSG00000139547	chr12	56951431	56959374	RDH16	0	-	7943
ENSG00000139567	chr12	51906908	51923361	ACVRL1	0	+	16453
ENSG00000139572	chr12	54362445	54364487	GPR84	0	-	2042
ENSG00000139579	chr12	56222015	56229854	NABP2	0	+	7839
ENSG00000139597	chr13	32400723	32428311	N4BP2L1	0	-	27588
ENSG00000139613	chr12	56162359	56189567	SMARCC2	0	-	27208
ENSG00000139618	chr13	32315086	32400268	BRCA2	0	+	85182
ENSG00000139620	chr12	48653211	48682238	KANSL2	0	-	29027
ENSG00000139624	chr12	50129289	50167533	CERS5	0	-	38244
ENSG00000139625	chr12	53479669	53500063	MAP3K12	0	-	20394
ENSG00000139626	chr12	53191323	53207282	ITGB7	0	-	15959
ENSG00000139629	chr12	51351247	51392867	GALNT6	0	-	41620
ENSG00000139631	chr12	53157663	53180925	CSAD	0	-	23262
ENSG00000139636	chr12	49097136	49110900	LMBR1L	0	-	13764
ENSG00000139637	chr12	53299695	53307177	MYG1	0	+	7482
ENSG00000139641	chr12	56118250	56144674	ESYT1	0	+	26424
ENSG00000139644	chr12	49707725	49764934	TMBIM6	0	+	57209
ENSG00000139645	chr12	56237807	56258384	ANKRD52	0	-	20577
ENSG00000139651	chr12	53180704	53195142	ZNF740	0	+	14438
ENSG00000139668	chr13	51584455	51767709	WDFY2	0	+	183254
ENSG00000139675	chr13	52642431	52643773	HNRNPA1L2	0	+	1342
ENSG00000139679	chr13	48389567	48444704	LPAR6	0	-	55137
ENSG00000139684	chr13	46771256	46797420	ESD	0	-	26164
ENSG00000139687	chr13	48303744	48599436	RB1	0	+	295692
ENSG00000139697	chr12	123289109	123364847	SBNO1	0	-	75738
ENSG00000139714	chr12	121648742	121672631	MORN3	0	-	23889
ENSG00000139718	chr12	121804009	121832656	SETD1B	0	+	28647
ENSG00000139722	chr12	122865330	122896127	VPS37B	0	-	30797
ENSG00000139725	chr12	121777754	121803403	RHOF	0	-	25649
ENSG00000139726	chr12	122752824	122771064	DENR	0	+	18240
ENSG00000139734	chr13	59665583	60163928	DIAPH3	0	-	498345
ENSG00000139737	chr13	77697687	77764242	SLAIN1	0	+	66555
ENSG00000139746	chr13	79311824	79406477	RBM26	0	-	94653
ENSG00000139793	chr13	97221434	97394120	MBNL2	0	+	172686
ENSG00000139826	chr13	108218392	108234243	ABHD13	0	+	15851
ENSG00000139832	chr13	110523066	110561722	RAB20	0	-	38656
ENSG00000139835	chr13	113324163	113364148	GRTP1	0	-	39985
ENSG00000139842	chr13	113208193	113267108	CUL4A	0	+	58915
ENSG00000139865	chr14	37595847	38041442	TTC6	0	+	445595
ENSG00000139880	chr14	23047062	23057538	CDH24	0	-	10476
ENSG00000139890	chr14	22883222	22887678	REM2	0	+	4456
ENSG00000139899	chr14	24426545	24430954	CBLN3	0	-	4409
ENSG00000139910	chr14	26443090	26598033	NOVA1	0	-	154943
ENSG00000139921	chr14	51240162	51257655	TMX1	0	+	17493
ENSG00000139926	chr14	51489100	51730727	FRMD6	0	+	241627
ENSG00000139946	chr14	56117814	56301524	PELI2	0	+	183710
ENSG00000139970	chr14	59595976	59870776	RTN1	0	-	274800
ENSG00000139971	chr14	57999735	58298139	ARMH4	0	-	298404
ENSG00000139974	chr14	60981114	61083733	SLC38A6	0	+	102619
ENSG00000139977	chr14	57390544	57415906	NAA30	0	+	25362
ENSG00000139990	chr14	69050881	69153150	DCAF5	0	-	102269
ENSG00000139998	chr14	64945814	64973226	RAB15	0	-	27412
ENSG00000140006	chr14	63597039	63641871	WDR89	0	-	44832
ENSG00000140022	chr14	81260652	81436465	STON2	0	-	175813
ENSG00000140025	chr14	89794669	89954777	EFCAB11	0	-	160108
ENSG00000140030	chr14	88005135	88014811	GPR65	0	+	9676
ENSG00000140044	chr14	75427716	75474111	JDP2	0	+	46395
ENSG00000140057	chr14	96392128	96489427	AK7	0	+	97299
ENSG00000140092	chr14	91869411	91947987	FBLN5	0	-	78576
ENSG00000140104	chr14	104985775	105010482	CLBA1	0	+	24707
ENSG00000140105	chr14	100333790	100376805	WARS1	0	-	43015
ENSG00000140153	chr14	102139503	102224847	WDR20	0	+	85344
ENSG00000140157	chr15	22838644	22869362	NIPA2	0	+	30718
ENSG00000140199	chr15	34229784	34338060	SLC12A6	0	-	108276
ENSG00000140254	chr15	45117366	45129938	DUOXA1	0	-	12572
ENSG00000140259	chr15	43804492	43824690	MFAP1	0	-	20198
ENSG00000140262	chr15	56918623	57299281	TCF12	0	+	380658
ENSG00000140263	chr15	45023147	45077185	SORD	0	+	54038
ENSG00000140264	chr15	43777087	43804427	SERF2	0	+	27340
ENSG00000140265	chr15	43358172	43371043	ZSCAN29	0	-	12871
ENSG00000140279	chr15	45092650	45114172	DUOX2	0	-	21522
ENSG00000140280	chr15	51723011	51751585	LYSMD2	0	-	28574
ENSG00000140284	chr15	50182196	50236385	SLC27A2	0	+	54189
ENSG00000140285	chr15	49423237	49488775	FGF7	0	+	65538
ENSG00000140287	chr15	50241947	50265965	HDC	0	-	24018
ENSG00000140297	chr15	59594875	59640239	GCNT3	0	+	45364
ENSG00000140299	chr15	59659146	59689534	BNIP2	0	-	30388
ENSG00000140307	chr15	59638062	59657541	GTF2A2	0	-	19479
ENSG00000140319	chr15	40035690	40039181	SRP14	0	-	3491
ENSG00000140320	chr15	40439721	40468236	BAHD1	0	+	28515
ENSG00000140323	chr15	40358219	40378621	DISP2	0	+	20402
ENSG00000140326	chr15	42723544	42737128	CDAN1	0	-	13584
ENSG00000140332	chr15	70047790	70098176	TLE3	0	-	50386
ENSG00000140350	chr15	68778535	68820897	ANP32A	0	-	42362
ENSG00000140365	chr15	75336020	75343224	COMMD4	0	+	7204
ENSG00000140367	chr15	75843307	75901078	UBE2Q2	0	+	57771
ENSG00000140368	chr15	76993359	77037475	PSTPIP1	0	+	44116
ENSG00000140374	chr15	76188555	76311730	ETFA	0	-	123175
ENSG00000140379	chr15	79960892	79971196	BCL2A1	0	-	10304
ENSG00000140382	chr15	77420412	77485607	HMG20A	0	+	65195
ENSG00000140386	chr15	76347904	76905444	SCAPER	0	-	557540
ENSG00000140391	chr15	77041404	77083984	TSPAN3	0	-	42580
ENSG00000140395	chr15	78277835	78299703	WDR61	0	-	21868
ENSG00000140396	chr8	70109782	70403808	NCOA2	0	-	294026
ENSG00000140398	chr15	75346955	75357115	NEIL1	0	+	10160
ENSG00000140400	chr15	75355207	75368612	MAN2C1	0	-	13405
ENSG00000140403	chr15	78264086	78282196	DNAJA4	0	+	18110
ENSG00000140406	chr15	81000923	81005788	TLNRD1	0	+	4865
ENSG00000140416	chr15	63042632	63071915	TPM1	0	+	29283
ENSG00000140443	chr15	98648539	98964530	IGF1R	0	+	315991
ENSG00000140450	chr15	97960703	97973833	ARRDC4	0	+	13130
ENSG00000140451	chr15	64815632	64825668	PIF1	0	-	10036
ENSG00000140455	chr15	63504511	63594640	USP3	0	+	90129
ENSG00000140459	chr15	74337759	74367646	CYP11A1	0	-	29887
ENSG00000140463	chr15	72686179	72738475	BBS4	0	+	52296
ENSG00000140464	chr15	73994673	74047827	PML	0	+	53154
ENSG00000140470	chr15	99971437	100342005	ADAMTS17	0	-	370568
ENSG00000140471	chr15	100559369	100603230	LINS1	0	-	43861
ENSG00000140474	chr15	74836118	74843346	ULK3	0	-	7228
ENSG00000140479	chr15	101289784	101525202	PCSK6	0	-	235418
ENSG00000140497	chr15	74843730	74873365	SCAMP2	0	-	29635
ENSG00000140511	chr15	88877294	88895597	HAPLN3	0	-	18303
ENSG00000140519	chr15	89471398	89496589	RHCG	0	-	25191
ENSG00000140521	chr15	89305198	89334861	POLG	0	-	29663
ENSG00000140525	chr15	89243945	89317261	FANCI	0	+	73316
ENSG00000140526	chr15	89087459	89202355	ABHD2	0	+	114896
ENSG00000140527	chr15	89690811	89743638	WDR93	0	+	52827
ENSG00000140534	chr15	89575469	89631056	TICRR	0	+	55587
ENSG00000140538	chr15	87859751	88256768	NTRK3	0	-	397017
ENSG00000140545	chr15	88898683	88913381	MFGE8	0	-	14698
ENSG00000140548	chr15	90001324	90082206	ZNF710	0	+	80882
ENSG00000140553	chr15	90930180	90954093	UNC45A	0	+	23913
ENSG00000140557	chr15	92393881	92468728	ST8SIA2	0	+	74847
ENSG00000140563	chr15	94231538	94483952	MCTP2	0	+	252414
ENSG00000140564	chr15	90868588	90883564	FURIN	0	+	14976
ENSG00000140575	chr15	90388242	90502239	IQGAP1	0	+	113997
ENSG00000140577	chr15	90529923	90645345	CRTC3	0	+	115422
ENSG00000140598	chr15	82130233	82262734	EFL1	0	-	132501
ENSG00000140612	chr15	84669538	84716460	SEC11A	0	-	46922
ENSG00000140632	chr16	4803203	4847288	GLYR1	0	-	44085
ENSG00000140650	chr16	8788823	8862534	PMM2	0	+	73711
ENSG00000140675	chr16	31483002	31490860	SLC5A2	0	+	7858
ENSG00000140678	chr16	31355134	31382999	ITGAX	0	+	27865
ENSG00000140682	chr16	31471585	31477960	TGFB1I1	0	+	6375
ENSG00000140688	chr16	31489471	31509309	RUSF1	0	-	19838
ENSG00000140691	chr16	31458080	31467166	ARMC5	0	+	9086
ENSG00000140694	chr16	14435700	14632728	PARN	0	-	197028
ENSG00000140718	chr16	53701692	54158512	FTO	0	+	456820
ENSG00000140740	chr16	21953288	21983660	UQCRC2	0	+	30372
ENSG00000140743	chr16	22345936	22437165	CDR2	0	-	91229
ENSG00000140749	chr16	21639550	21652608	IGSF6	0	-	13058
ENSG00000140750	chr16	24919389	25015666	ARHGAP17	0	-	96277
ENSG00000140798	chr16	48080882	48156018	ABCC12	0	-	75136
ENSG00000140807	chr16	50548396	50649249	NKD1	0	+	100853
ENSG00000140829	chr16	72093613	72112912	DHX38	0	+	19299
ENSG00000140830	chr16	72044289	72094431	TXNL4B	0	-	50142
ENSG00000140832	chr16	71626161	71642114	MARVELD3	0	+	15953
ENSG00000140836	chr16	72782885	73891871	ZFHX3	0	-	1108986
ENSG00000140848	chr16	57092583	57148369	CPNE2	0	+	55786
ENSG00000140853	chr16	56989485	57083531	NLRC5	0	+	94046
ENSG00000140854	chr16	57735739	57757244	KATNB1	0	+	21505
ENSG00000140859	chr16	57758217	57863053	KIFC3	0	-	104836
ENSG00000140873	chr16	77247813	77435034	ADAMTS18	0	-	187221
ENSG00000140876	chr16	77722492	77742260	NUDT7	0	+	19768
ENSG00000140931	chr16	66603874	66613892	CMTM3	0	+	10018
ENSG00000140937	chr16	64943753	65126112	CDH11	0	-	182359
ENSG00000140939	chr16	67170154	67175735	NOL3	0	+	5581
ENSG00000140941	chr16	87383953	87404779	MAP1LC3B	0	+	20826
ENSG00000140943	chr16	84053761	84116942	MBTPS1	0	-	63181
ENSG00000140945	chr16	82626965	83800640	CDH13	0	+	1173675
ENSG00000140948	chr16	87406246	87493024	ZCCHC14	0	-	86778
ENSG00000140950	chr16	84476355	84554033	MEAK7	0	-	77678
ENSG00000140968	chr16	85899162	85922606	IRF8	0	+	23444
ENSG00000140983	chr16	668105	674174	RHOT2	0	+	6069
ENSG00000140987	chr16	3382081	3401065	ZSCAN32	0	-	18984
ENSG00000140988	chr16	1962058	1964841	RPS2	0	-	2783
ENSG00000140990	chr16	1959538	1961975	NDUFB10	0	+	2437
ENSG00000140992	chr16	2537979	2603188	PDPK1	0	+	65209
ENSG00000140993	chr16	3298808	3305729	TIGD7	0	-	6921
ENSG00000140995	chr16	89948697	89968060	DEF8	0	+	19363
ENSG00000141002	chr16	89873570	89913627	TCF25	0	+	40057
ENSG00000141012	chr16	88813734	88856970	GALNS	0	-	43236
ENSG00000141013	chr16	90019629	90044975	GAS8	0	+	25346
ENSG00000141026	chr17	17476994	17493221	MED9	0	+	16227
ENSG00000141027	chr17	16029157	16218185	NCOR1	0	-	189028
ENSG00000141030	chr17	17246616	17281273	COPS3	0	-	34657
ENSG00000141034	chr17	18039408	18068405	GID4	0	+	28997
ENSG00000141040	chr17	16546954	16569204	ZNF287	0	-	22250
ENSG00000141052	chr17	12665890	12768949	MYOCD	0	+	103059
ENSG00000141068	chr17	27456448	27626438	KSR1	0	+	169990
ENSG00000141084	chr16	67723070	67806560	RANBP10	0	-	83490
ENSG00000141098	chr16	67674531	67719339	GFOD2	0	-	44808
ENSG00000141101	chr16	69741871	69754926	NOB1	0	-	13055
ENSG00000141127	chr17	18840085	18931287	PRPSAP2	0	+	91202
ENSG00000141179	chr17	55751051	55842830	PCTP	0	+	91779
ENSG00000141198	chr17	54899387	54961956	TOM1L1	0	+	62569
ENSG00000141219	chr17	73232233	73248959	C17orf80	0	+	16726
ENSG00000141232	chr17	50862223	50867978	TOB1	0	-	5755
ENSG00000141252	chr17	508503	721717	VPS53	0	-	213214
ENSG00000141258	chr17	2337498	2381058	SGSM2	0	+	43560
ENSG00000141279	chr17	47522942	47624665	NPEPPS	0	+	101723
ENSG00000141293	chr17	48133442	48430275	SKAP1	0	-	296833
ENSG00000141294	chr17	47831634	47837719	LRRC46	0	+	6085
ENSG00000141295	chr17	47837692	47841289	SCRN2	0	-	3597
ENSG00000141298	chr17	29625938	29930276	SSH2	0	-	304338
ENSG00000141314	chr17	32265832	32324659	RHBDL3	0	+	58827
ENSG00000141337	chr17	68259182	68422731	ARSG	0	+	163549
ENSG00000141338	chr17	68867289	68955392	ABCA8	0	-	88103
ENSG00000141349	chr17	44070735	44076344	G6PC3	0	+	5609
ENSG00000141367	chr17	59619689	59696956	CLTC	0	+	77267
ENSG00000141376	chr17	60677453	61392838	BCAS3	0	+	715385
ENSG00000141378	chr17	59674636	59707626	PTRH2	0	-	32990
ENSG00000141380	chr18	26016253	26091217	SS18	0	-	74964
ENSG00000141384	chr18	26226445	26391685	TAF4B	0	+	165240
ENSG00000141385	chr18	12328944	12377227	AFG3L2	0	-	48283
ENSG00000141391	chr18	12407896	12432238	PRELID3A	0	+	24342
ENSG00000141401	chr18	11981025	12030877	IMPA2	0	+	49852
ENSG00000141404	chr18	11689264	11885685	GNAL	0	+	196421
ENSG00000141424	chr18	36108531	36129385	SLC39A6	0	-	20854
ENSG00000141425	chr18	35984387	36067576	RPRD1A	0	-	83189
ENSG00000141428	chr18	35972625	35979286	C18orf21	0	+	6661
ENSG00000141429	chr18	35581117	35711834	GALNT1	0	+	130717
ENSG00000141433	chr18	904871	912172	ADCYAP1	0	+	7301
ENSG00000141441	chr18	32124877	32470882	GAREM1	0	-	346005
ENSG00000141446	chr18	21529284	21600884	ESCO1	0	-	71600
ENSG00000141447	chr18	24162045	24397880	OSBPL1A	0	-	235835
ENSG00000141448	chr18	22169589	22202528	GATA6	0	+	32939
ENSG00000141449	chr18	21242232	21526112	GREB1L	0	+	283880
ENSG00000141452	chr18	23503470	23531822	RMC1	0	+	28352
ENSG00000141456	chr17	4669774	4704337	PELP1	0	-	34563
ENSG00000141458	chr18	23506184	23586506	NPC1	0	-	80322
ENSG00000141469	chr18	45687025	45752520	SLC14A1	0	+	65495
ENSG00000141480	chr17	4710596	4721499	ARRB2	0	+	10903
ENSG00000141497	chr17	4739833	4746119	ZMYND15	0	+	6286
ENSG00000141499	chr17	7686071	7703502	WRAP53	0	+	17431
ENSG00000141503	chr17	4833340	4898061	MINK1	0	+	64721
ENSG00000141504	chr17	7626234	7627876	SAT2	0	-	1642
ENSG00000141506	chr17	8878911	8965712	PIK3R5	0	-	86801
ENSG00000141510	chr17	7661779	7687538	TP53	0	-	25759
ENSG00000141519	chr17	80036632	80100613	CCDC40	0	+	63981
ENSG00000141522	chr17	81867721	81871378	ARHGDIA	0	-	3657
ENSG00000141524	chr17	78107397	78132407	TMC6	0	-	25010
ENSG00000141526	chr17	82217934	82261129	SLC16A3	0	+	43195
ENSG00000141527	chr17	80169992	80209331	CARD14	0	+	39339
ENSG00000141540	chr17	74213571	74262020	TTYH2	0	+	48449
ENSG00000141542	chr17	82654973	82698698	RAB40B	0	-	43725
ENSG00000141543	chr17	80134369	80147151	EIF4A3	0	-	12782
ENSG00000141551	chr17	82239023	82273700	CSNK1D	0	-	34677
ENSG00000141552	chr17	81890790	81900991	ANAPC11	0	+	10201
ENSG00000141556	chr17	82752042	82945914	TBCD	0	+	193872
ENSG00000141560	chr17	82716706	82730328	FN3KRP	0	+	13622
ENSG00000141562	chr17	82458180	82490537	NARF	0	+	32357
ENSG00000141564	chr17	80544819	80966371	RPTOR	0	+	421552
ENSG00000141568	chr17	82519713	82644662	FOXK2	0	+	124949
ENSG00000141569	chr17	75880335	75896951	TRIM65	0	-	16616
ENSG00000141570	chr17	79792132	79801683	CBX8	0	-	9551
ENSG00000141574	chr17	82321024	82334074	SECTM1	0	-	13050
ENSG00000141576	chr17	76142465	76240493	RNF157	0	-	98028
ENSG00000141577	chr17	81189593	81222999	CEP131	0	-	33406
ENSG00000141579	chr17	82829434	82840022	ZNF750	0	-	10588
ENSG00000141580	chr17	82614562	82648553	WDR45B	0	-	33991
ENSG00000141582	chr17	79833156	79839440	CBX4	0	-	6284
ENSG00000141622	chr18	46326809	46463140	RNF165	0	+	136331
ENSG00000141627	chr18	49036387	49461347	DYM	0	-	424960
ENSG00000141639	chr18	50560087	50731826	MAPK4	0	+	171739
ENSG00000141644	chr18	50266882	50281774	MBD1	0	-	14892
ENSG00000141655	chr18	62325287	62391288	TNFRSF11A	0	+	66001
ENSG00000141664	chr18	62523025	62587709	ZCCHC2	0	+	64684
ENSG00000141665	chr18	74073353	74147843	FBXO15	0	-	74490
ENSG00000141668	chr18	72536680	72638521	CBLN2	0	-	101841
ENSG00000141682	chr18	59899996	59904305	PMAIP1	0	+	4309
ENSG00000141696	chr17	41801947	41812604	P3H4	0	-	10657
ENSG00000141698	chr17	41825057	41836260	NT5C3B	0	-	11203
ENSG00000141699	chr17	42579513	42610623	RETREG3	0	-	31110
ENSG00000141736	chr17	39687914	39730426	ERBB2	0	+	42512
ENSG00000141738	chr17	39737927	39747291	GRB7	0	+	9364
ENSG00000141741	chr17	39728496	39730532	MIEN1	0	-	2036
ENSG00000141744	chr17	39667981	39670475	PNMT	0	+	2494
ENSG00000141750	chr17	39210541	39225945	STAC2	0	-	15404
ENSG00000141753	chr17	40443450	40457725	IGFBP4	0	+	14275
ENSG00000141756	chr17	41812680	41823213	FKBP10	0	+	10533
ENSG00000141759	chr18	79970813	80033949	TXNL4A	0	-	63136
ENSG00000141837	chr19	13206442	13633025	CACNA1A	0	-	426583
ENSG00000141854	chr19	14072536	14075062	MISP3	0	+	2526
ENSG00000141858	chr19	14087851	14091036	SAMD1	0	-	3185
ENSG00000141867	chr19	15235519	15332545	BRD4	0	-	97026
ENSG00000141905	chr19	3314403	3469217	NFIC	0	+	154814
ENSG00000141933	chr19	507497	519654	TPGS1	0	+	12157
ENSG00000141934	chr19	281040	291403	PLPP2	0	-	10363
ENSG00000141956	chr21	41798225	41879482	PRDM15	0	-	81257
ENSG00000141959	chr21	44300051	44327376	PFKL	0	+	27325
ENSG00000141965	chr19	4791734	4801273	FEM1A	0	+	9539
ENSG00000141968	chr19	6772708	6857366	VAV1	0	+	84658
ENSG00000141971	chr19	17405722	17433724	MVB12A	0	+	28002
ENSG00000141979	chr19	16479067	16628204	ENSG00000141979	0	-	149137
ENSG00000141985	chr19	4360370	4400547	SH3GL1	0	-	40177
ENSG00000141994	chr19	5784832	5791225	DUS3L	0	-	6393
ENSG00000142002	chr19	4675224	4724673	DPP9	0	-	49449
ENSG00000142039	chr19	41310172	41324873	CCDC97	0	+	14701
ENSG00000142065	chr19	36334453	36379201	ZFP14	0	-	44748
ENSG00000142082	chr11	215030	236931	SIRT3	0	-	21901
ENSG00000142089	chr11	319676	329475	IFITM3	0	-	9799
ENSG00000142102	chr11	289126	296107	PGGHG	0	+	6981
ENSG00000142149	chr21	31873020	32044633	HUNK	0	+	171613
ENSG00000142156	chr21	45981770	46005050	COL6A1	0	+	23280
ENSG00000142166	chr21	33324429	33359864	IFNAR1	0	+	35435
ENSG00000142168	chr21	31659666	31668931	SOD1	0	+	9265
ENSG00000142173	chr21	46098112	46132848	COL6A2	0	+	34736
ENSG00000142178	chr21	43414483	43427131	SIK1	0	-	12648
ENSG00000142185	chr21	44350163	44443081	TRPM2	0	+	92918
ENSG00000142186	chr11	65525077	65538704	SCYL1	0	+	13627
ENSG00000142188	chr21	33432485	33479974	TMEM50B	0	-	47489
ENSG00000142192	chr21	25880550	26171128	APP	0	-	290578
ENSG00000142197	chr21	36156782	36294274	DOP1B	0	+	137492
ENSG00000142207	chr21	32311018	32393012	URB1	0	-	81994
ENSG00000142208	chr14	104769349	104795751	AKT1	0	-	26402
ENSG00000142227	chr19	48321509	48330553	EMP3	0	+	9044
ENSG00000142230	chr19	47113274	47210636	SAE1	0	+	97362
ENSG00000142235	chr19	48485271	48513935	LMTK3	0	-	28664
ENSG00000142273	chr19	44777869	44800652	CBLC	0	+	22783
ENSG00000142279	chr19	34481758	34512304	WTIP	0	+	30546
ENSG00000142303	chr19	8580240	8610735	ADAMTS10	0	-	30495
ENSG00000142327	chr2	240565804	240581372	RNPEPL1	0	+	15568
ENSG00000142330	chr2	240586734	240617705	CAPN10	0	+	30971
ENSG00000142347	chr19	8520778	8577577	MYO1F	0	-	56799
ENSG00000142409	chr19	56087366	56121295	ZNF787	0	-	33929
ENSG00000142444	chr19	10928811	10933535	TIMM29	0	+	4724
ENSG00000142449	chr19	8065402	8149592	FBN3	0	-	84190
ENSG00000142453	chr19	10871553	10923075	CARM1	0	+	51522
ENSG00000142459	chr19	7830218	7864976	EVI5L	0	+	34758
ENSG00000142494	chr17	19495385	19579034	SLC47A1	0	+	83649
ENSG00000142507	chr17	4796144	4798502	PSMB6	0	+	2358
ENSG00000142512	chr19	51410020	51417803	SIGLEC10	0	-	7783
ENSG00000142515	chr19	50854915	50860764	KLK3	0	+	5849
ENSG00000142528	chr19	50025714	50053414	ZNF473	0	+	27700
ENSG00000142530	chr19	50466785	50476848	FAM71E1	0	-	10063
ENSG00000142534	chr19	49496365	49499708	RPS11	0	+	3343
ENSG00000142541	chr19	49487510	49493057	RPL13A	0	+	5547
ENSG00000142544	chr19	51097606	51108409	CTU1	0	-	10803
ENSG00000142546	chr19	49555468	49590262	NOSIP	0	-	34794
ENSG00000142552	chr19	49528003	49546962	RCN3	0	+	18959
ENSG00000142556	chr19	52012765	52030240	ZNF614	0	-	17475
ENSG00000142583	chr1	9035106	9088478	SLC2A5	0	-	53372
ENSG00000142599	chr1	8352397	8848921	RERE	0	-	496524
ENSG00000142606	chr1	2590639	2633016	MMEL1	0	-	42377
ENSG00000142611	chr1	3069168	3438621	PRDM16	0	+	369453
ENSG00000142619	chr1	17249098	17284233	PADI3	0	+	35135
ENSG00000142621	chr1	15236521	15400283	FHAD1	0	+	163762
ENSG00000142627	chr1	16124337	16156069	EPHA2	0	-	31732
ENSG00000142632	chr1	16197854	16212652	ARHGEF19	0	-	14798
ENSG00000142634	chr1	15409888	15430339	EFHD2	0	+	20451
ENSG00000142655	chr1	10472288	10630758	PEX14	0	+	158470
ENSG00000142657	chr1	10398592	10420511	PGD	0	+	21919
ENSG00000142661	chr1	24056035	24112135	MYOM3	0	-	56100
ENSG00000142669	chr1	26280086	26281522	SH3BGRL3	0	+	1436
ENSG00000142675	chr1	26177484	26189884	CNKSR1	0	+	12400
ENSG00000142676	chr1	23691742	23696835	RPL11	0	+	5093
ENSG00000142684	chr1	26169908	26170873	ZNF593	0	+	965
ENSG00000142686	chr1	35713877	35718894	C1orf216	0	-	5017
ENSG00000142687	chr1	35433492	35557950	KIAA0319L	0	-	124458
ENSG00000142694	chr1	36322030	36324154	EVA1B	0	-	2124
ENSG00000142731	chr4	127880893	127899224	PLK4	0	+	18331
ENSG00000142733	chr1	27354067	27366961	MAP3K6	0	-	12894
ENSG00000142748	chr1	27369110	27374824	FCN3	0	-	5714
ENSG00000142751	chr1	26876132	26890283	GPN2	0	-	14151
ENSG00000142765	chr1	27342020	27353937	SYTL1	0	+	11917
ENSG00000142784	chr1	27234632	27308636	WDTC1	0	+	74004
ENSG00000142794	chr1	21440128	21485005	NBPF3	0	+	44877
ENSG00000142798	chr1	21822244	21937310	HSPG2	0	-	115066
ENSG00000142856	chr1	63440770	63593721	ITGB3BP	0	-	152951
ENSG00000142864	chr1	67407810	67430415	SERBP1	0	-	22605
ENSG00000142867	chr1	85265776	85276632	BCL10	0	-	10856
ENSG00000142871	chr1	85580761	85584589	CCN1	0	+	3828
ENSG00000142875	chr1	84078062	84238498	PRKACB	0	+	160436
ENSG00000142892	chr1	77088989	77219430	PIGK	0	-	130441
ENSG00000142910	chr1	31576485	31587686	TINAGL1	0	+	11201
ENSG00000142920	chr1	33081104	33123492	AZIN2	0	+	42388
ENSG00000142937	chr1	44775251	44778779	RPS8	0	+	3528
ENSG00000142945	chr1	44739818	44767767	KIF2C	0	+	27949
ENSG00000142949	chr1	43525187	43623666	PTPRF	0	+	98479
ENSG00000142973	chr1	46757838	46819413	CYP4B1	0	+	61575
ENSG00000143001	chr1	54980628	54992288	TMEM61	0	+	11660
ENSG00000143013	chr1	87328880	87348923	LMO4	0	+	20043
ENSG00000143028	chr1	109466546	109482134	SYPL2	0	+	15588
ENSG00000143033	chr1	93079235	93139079	MTF2	0	+	59844
ENSG00000143036	chr1	94820342	94895246	SLC44A3	0	+	74904
ENSG00000143061	chr1	116574399	116667755	IGSF3	0	-	93356
ENSG00000143067	chr1	119619377	119648266	ZNF697	0	-	28889
ENSG00000143079	chr1	112396214	112463456	CTTNBP2NL	0	+	67242
ENSG00000143093	chr1	110031577	110074641	STRIP1	0	+	43064
ENSG00000143106	chr1	109399042	109426448	PSMA5	0	-	27406
ENSG00000143110	chr1	111473792	111478512	C1orf162	0	+	4720
ENSG00000143119	chr1	110871188	110899922	CD53	0	+	28734
ENSG00000143125	chr1	110451149	110457358	PROK1	0	+	6209
ENSG00000143126	chr1	109249539	109275751	CELSR2	0	+	26212
ENSG00000143127	chr1	145891208	145910111	ITGA10	0	-	18903
ENSG00000143147	chr1	168079542	168137667	GPR161	0	-	58125
ENSG00000143149	chr1	165662216	165698562	ALDH9A1	0	-	36346
ENSG00000143153	chr1	169105697	169310992	ATP1B1	0	+	205295
ENSG00000143155	chr1	168178962	168202109	TIPRL	0	+	23147
ENSG00000143156	chr1	169132531	169367948	NME7	0	-	235417
ENSG00000143157	chr1	166839447	166856359	POGK	0	+	16912
ENSG00000143158	chr1	167916675	167937072	MPC2	0	-	20397
ENSG00000143162	chr1	167529117	167553805	CREG1	0	-	24688
ENSG00000143164	chr1	167935783	168075843	DCAF6	0	+	140060
ENSG00000143178	chr1	168280877	168314426	TBX19	0	+	33549
ENSG00000143179	chr1	165827614	165911618	UCK2	0	+	84004
ENSG00000143183	chr1	165724293	165827755	TMCO1	0	-	103462
ENSG00000143190	chr1	167220876	167427345	POU2F1	0	+	206469
ENSG00000143194	chr1	166975582	167022214	MAEL	0	+	46632
ENSG00000143195	chr1	166895711	166975540	ILDR2	0	-	79829
ENSG00000143196	chr1	168695468	168729206	DPT	0	-	33738
ENSG00000143198	chr1	165631213	165661796	MGST3	0	+	30583
ENSG00000143207	chr1	175944831	176207286	COP1	0	-	262455
ENSG00000143217	chr1	161070998	161089558	NECTIN4	0	-	18560
ENSG00000143222	chr1	161152776	161158856	UFC1	0	+	6080
ENSG00000143224	chr1	161166056	161178013	PPOX	0	+	11957
ENSG00000143226	chr1	161505430	161524013	FCGR2A	0	+	18583
ENSG00000143228	chr1	163266576	163355764	NUF2	0	+	89188
ENSG00000143248	chr1	163111121	163321791	RGS5	0	-	210670
ENSG00000143252	chr1	161314381	161363206	SDHC	0	+	48825
ENSG00000143256	chr1	161100556	161118055	PFDN2	0	-	17499
ENSG00000143257	chr1	161229666	161238244	NR1I3	0	-	8578
ENSG00000143258	chr1	161159450	161165723	USP21	0	+	6273
ENSG00000143294	chr1	156750610	156800815	PRCC	0	+	50205
ENSG00000143297	chr1	157513377	157552515	FCRL5	0	-	39138
ENSG00000143303	chr1	156728442	156736960	METTL25B	0	+	8518
ENSG00000143314	chr1	156737303	156741590	MRPL24	0	-	4287
ENSG00000143318	chr1	160190575	160201886	CASQ1	0	+	11311
ENSG00000143319	chr1	156721891	156728766	ISG20L2	0	-	6875
ENSG00000143320	chr1	156699606	156705816	CRABP2	0	-	6210
ENSG00000143321	chr1	156742109	156766925	HDGF	0	-	24816
ENSG00000143322	chr1	179099330	179229684	ABL2	0	-	130354
ENSG00000143324	chr1	180632022	180890279	XPR1	0	+	258257
ENSG00000143333	chr1	182598623	182604389	RGS16	0	-	5766
ENSG00000143337	chr1	179882042	179920077	TOR1AIP1	0	+	38035
ENSG00000143341	chr1	185734391	186190949	HMCN1	0	+	456558
ENSG00000143344	chr1	183636085	183928532	RGL1	0	+	292447
ENSG00000143353	chr1	219173869	219212865	LYPLAL1	0	+	38996
ENSG00000143363	chr1	151008420	151035713	PRUNE1	0	+	27293
ENSG00000143365	chr1	151806071	151831845	RORC	0	-	25774
ENSG00000143367	chr1	151540305	151583583	TUFT1	0	+	43278
ENSG00000143368	chr1	149923317	149927803	SF3B4	0	-	4486
ENSG00000143369	chr1	150508062	150513789	ECM1	0	+	5727
ENSG00000143373	chr1	151281618	151292176	ZNF687	0	+	10558
ENSG00000143374	chr1	150487414	150507602	TARS2	0	+	20188
ENSG00000143375	chr1	151510510	151538692	CGN	0	+	28182
ENSG00000143376	chr1	151612006	151699091	SNX27	0	+	87085
ENSG00000143379	chr1	150926263	150964744	SETDB1	0	+	38481
ENSG00000143382	chr1	150549369	150560937	ADAMTSL4	0	+	11568
ENSG00000143384	chr1	150560895	150579738	MCL1	0	-	18843
ENSG00000143387	chr1	150794880	150809577	CTSK	0	-	14697
ENSG00000143390	chr1	151340640	151347326	RFX5	0	-	6686
ENSG00000143393	chr1	151291797	151327715	PI4KB	0	-	35918
ENSG00000143398	chr1	151197949	151249536	PIP5K1A	0	+	51587
ENSG00000143401	chr1	150218417	150236156	ANP32E	0	-	17739
ENSG00000143409	chr1	150996549	151008376	MINDY1	0	-	11827
ENSG00000143412	chr1	150982249	150995634	ANXA9	0	+	13385
ENSG00000143416	chr1	151364304	151372707	SELENBP1	0	-	8403
ENSG00000143418	chr1	150960583	150975003	CERS2	0	-	14420
ENSG00000143420	chr1	150600851	150629612	ENSA	0	-	28761
ENSG00000143434	chr1	151131685	151146631	SEMA6C	0	-	14946
ENSG00000143436	chr1	151759647	151763496	MRPL9	0	-	3849
ENSG00000143437	chr1	150809713	150876708	ARNT	0	-	66995
ENSG00000143442	chr1	151402724	151459494	POGZ	0	-	56770
ENSG00000143443	chr1	151047751	151051986	C1orf56	0	+	4235
ENSG00000143450	chr1	151762899	151771334	OAZ3	0	+	8435
ENSG00000143452	chr1	150698060	150720895	HORMAD1	0	-	22835
ENSG00000143457	chr1	150646230	150697154	GOLPH3L	0	-	50924
ENSG00000143458	chr1	151070578	151125542	GABPB2	0	+	54964
ENSG00000143473	chr1	210676823	211134165	KCNH1	0	-	457342
ENSG00000143476	chr1	212035553	212107400	DTL	0	+	71847
ENSG00000143479	chr1	206635536	206684419	DYRK3	0	+	48883
ENSG00000143486	chr1	206571292	206612465	EIF2D	0	-	41173
ENSG00000143493	chr1	211940399	212035557	INTS7	0	-	95158
ENSG00000143494	chr1	212950520	212992037	VASH2	0	+	41517
ENSG00000143498	chr1	222557902	222589933	TAF1A	0	-	32031
ENSG00000143499	chr1	214281102	214337131	SMYD2	0	+	56029
ENSG00000143502	chr1	223220819	223364233	SUSD4	0	-	143414
ENSG00000143507	chr1	221701424	221742089	DUSP10	0	-	40665
ENSG00000143512	chr1	222522258	222548104	HHIPL2	0	-	25846
ENSG00000143514	chr1	223779893	223845954	TP53BP2	0	-	66061
ENSG00000143515	chr1	154325525	154351304	ATP8B2	0	+	25779
ENSG00000143545	chr1	153981617	153986358	RAB13	0	-	4741
ENSG00000143546	chr1	153390032	153391073	S100A8	0	-	1041
ENSG00000143549	chr1	154155304	154194648	TPM3	0	-	39344
ENSG00000143553	chr1	153658703	153661852	SNAPIN	0	+	3149
ENSG00000143556	chr1	153457744	153460651	S100A7	0	-	2907
ENSG00000143569	chr1	154220179	154271510	UBAP2L	0	+	51331
ENSG00000143575	chr1	154272589	154275875	HAX1	0	+	3286
ENSG00000143578	chr1	153967534	153974361	CREB3L4	0	+	6827
ENSG00000143603	chr1	154697455	154870281	KCNN3	0	-	172826
ENSG00000143612	chr1	154206696	154220637	C1orf43	0	-	13941
ENSG00000143614	chr1	153789030	153923360	GATAD2B	0	-	134330
ENSG00000143621	chr1	153661788	153671028	ILF2	0	-	9240
ENSG00000143622	chr1	155897808	155911404	RIT1	0	-	13596
ENSG00000143624	chr1	153728050	153774808	INTS3	0	+	46758
ENSG00000143630	chr1	155277463	155289848	HCN3	0	+	12385
ENSG00000143631	chr1	152302165	152325239	FLG	0	-	23074
ENSG00000143632	chr1	229430365	229434104	ACTA1	0	-	3739
ENSG00000143633	chr1	231223763	231241187	C1orf131	0	-	17424
ENSG00000143641	chr1	230057990	230282122	GALNT2	0	+	224132
ENSG00000143643	chr1	230906243	230978875	TTC13	0	-	72632
ENSG00000143653	chr1	246724409	246768137	SCCPDH	0	+	43728
ENSG00000143669	chr1	235661041	235883640	LYST	0	-	222599
ENSG00000143674	chr1	233327724	233385148	MAP3K21	0	+	57424
ENSG00000143702	chr1	243124428	243255348	CEP170	0	-	130920
ENSG00000143727	chr2	264140	278283	ACP1	0	+	14143
ENSG00000143740	chr1	227728200	227781826	SNAP47	0	+	53626
ENSG00000143742	chr1	225777813	225790468	SRP9	0	+	12655
ENSG00000143748	chr1	224227334	224330189	NVL	0	-	102855
ENSG00000143751	chr1	225982702	225999343	SDE2	0	-	16641
ENSG00000143753	chr1	224175756	224193441	DEGS1	0	+	17685
ENSG00000143756	chr1	224114111	224162047	FBXO28	0	+	47936
ENSG00000143761	chr1	228082660	228099212	ARF1	0	+	16552
ENSG00000143768	chr1	225936598	225941383	LEFTY2	0	-	4785
ENSG00000143771	chr1	224356858	224379459	CNIH4	0	+	22601
ENSG00000143772	chr1	226631690	226739323	ITPKB	0	-	107633
ENSG00000143774	chr1	228139962	228148984	GUK1	0	+	9022
ENSG00000143776	chr1	226989865	227318492	CDC42BPA	0	-	328627
ENSG00000143786	chr1	224434660	224740554	CNIH3	0	+	305894
ENSG00000143793	chr1	228100726	228105411	C1orf35	0	-	4685
ENSG00000143797	chr2	8852690	9003709	MBOAT2	0	-	151019
ENSG00000143799	chr1	226360210	226408154	PARP1	0	-	47944
ENSG00000143815	chr1	225401502	225428925	LBR	0	-	27423
ENSG00000143816	chr1	227918656	227947932	WNT9A	0	-	29276
ENSG00000143819	chr1	225810124	225845563	EPHX1	0	+	35439
ENSG00000143842	chr1	204073115	204127743	SOX13	0	+	54628
ENSG00000143845	chr1	204131062	204152044	ETNK2	0	-	20982
ENSG00000143847	chr1	203026491	203078740	PPFIA4	0	+	52249
ENSG00000143850	chr1	204218853	204377665	PLEKHA6	0	-	158812
ENSG00000143851	chr1	202147013	202161588	PTPN7	0	-	14575
ENSG00000143862	chr1	202133404	202144743	ARL8A	0	-	11339
ENSG00000143867	chr2	19351485	19358623	OSR1	0	-	7138
ENSG00000143870	chr2	10783391	10837977	PDIA6	0	-	54586
ENSG00000143878	chr2	20447074	20449440	RHOB	0	+	2366
ENSG00000143882	chr2	10721100	10785110	ATP6V1C2	0	+	64010
ENSG00000143889	chr2	38561969	38603586	HNRNPLL	0	-	41617
ENSG00000143891	chr2	38666081	38741237	GALM	0	+	75156
ENSG00000143919	chr2	44361947	44772592	CAMKMT	0	+	410645
ENSG00000143924	chr2	42169353	42332548	EML4	0	+	163195
ENSG00000143942	chr2	53767804	53775196	CHAC2	0	+	7392
ENSG00000143947	chr2	55231903	55235853	RPS27A	0	+	3950
ENSG00000143951	chr2	63119559	63827843	WDPCP	0	-	708284
ENSG00000143952	chr2	63892146	64019428	VPS54	0	-	127282
ENSG00000143970	chr2	25733753	25878487	ASXL2	0	-	144734
ENSG00000143971	chr2	67397322	67412089	ETAA1	0	+	14767
ENSG00000143977	chr2	70281362	70293740	SNRPG	0	-	12378
ENSG00000143994	chr2	27123789	27130812	ABHD1	0	+	7023
ENSG00000143995	chr2	66433452	66573869	MEIS1	0	+	140417
ENSG00000144021	chr2	96266159	96274173	CIAO1	0	+	8014
ENSG00000144028	chr2	96274338	96321271	SNRNP200	0	-	46933
ENSG00000144029	chr2	95085369	95149434	MRPS5	0	-	64065
ENSG00000144034	chr2	73729104	73737400	TPRKB	0	-	8296
ENSG00000144036	chr2	72175984	72826041	EXOC6B	0	-	650057
ENSG00000144040	chr2	72942036	73075619	SFXN5	0	-	133583
ENSG00000144045	chr2	74518131	74526281	DQX1	0	-	8150
ENSG00000144048	chr2	73762184	73780157	DUSP11	0	-	17973
ENSG00000144057	chr2	106801600	106887108	ST6GAL2	0	-	85508
ENSG00000144061	chr2	110122311	110205066	NPHP1	0	-	82755
ENSG00000144063	chr2	110083870	110116022	MALL	0	-	32152
ENSG00000144115	chr2	88170295	88186636	THNSL2	0	+	16341
ENSG00000144118	chr2	120240064	120294710	RALB	0	+	54646
ENSG00000144120	chr2	119679167	119686507	TMEM177	0	+	7340
ENSG00000144134	chr2	113627229	113643396	RABL2A	0	+	16167
ENSG00000144136	chr2	112645939	112663825	SLC20A1	0	+	17886
ENSG00000144152	chr2	112138385	112188218	FBLN7	0	+	49833
ENSG00000144161	chr2	112211529	112255136	ZC3H8	0	-	43607
ENSG00000144199	chr2	97083583	97094882	FAHD2B	0	-	11299
ENSG00000144218	chr2	99545419	100192428	AFF3	0	-	647009
ENSG00000144224	chr2	135741734	135785056	UBXN4	0	+	43322
ENSG00000144228	chr2	138501770	138573547	SPOPL	0	+	71777
ENSG00000144229	chr2	136765545	137677718	THSD7B	0	+	912173
ENSG00000144231	chr2	127843553	127858155	POLR2D	0	-	14602
ENSG00000144233	chr2	127861630	127885967	AMMECR1L	0	-	24337
ENSG00000144278	chr2	153871922	154453979	GALNT13	0	+	582057
ENSG00000144283	chr2	158456952	158682879	PKP4	0	+	225927
ENSG00000144285	chr2	165984641	166149214	SCN1A	0	-	164573
ENSG00000144290	chr2	161424332	161985282	SLC4A10	0	+	560950
ENSG00000144306	chr2	174395730	174429575	SCRN3	0	+	33845
ENSG00000144320	chr2	175923882	176002839	LNPK	0	-	78957
ENSG00000144331	chr2	179441982	179861612	ZNF385B	0	-	419630
ENSG00000144354	chr2	173354820	173368997	CDCA7	0	+	14177
ENSG00000144355	chr2	172084740	172089677	DLX1	0	+	4937
ENSG00000144357	chr2	169827454	170084131	UBR3	0	+	256677
ENSG00000144366	chr2	188291669	188595931	GULP1	0	+	304262
ENSG00000144369	chr2	186694060	186765959	FAM171B	0	+	71899
ENSG00000144381	chr2	197486584	197516737	HSPD1	0	-	30153
ENSG00000144395	chr2	196639554	196763490	CCDC150	0	+	123936
ENSG00000144401	chr2	207580631	207625928	METTL21A	0	-	45297
ENSG00000144407	chr2	208359714	208854503	PTH2R	0	+	494789
ENSG00000144426	chr2	203014608	203226378	NBEAL1	0	+	211770
ENSG00000144445	chr2	210021421	210171409	KANSL1L	0	-	149988
ENSG00000144451	chr2	213284389	214410501	SPAG16	0	+	1126112
ENSG00000144452	chr2	214931542	215138626	ABCA12	0	-	207084
ENSG00000144455	chr3	3700814	4467273	SUMF1	0	-	766459
ENSG00000144468	chr2	226835581	226999215	RHBDD1	0	+	163634
ENSG00000144476	chr2	236567787	236582354	ACKR3	0	+	14567
ENSG00000144481	chr2	233917373	234019522	TRPM8	0	+	102149
ENSG00000144485	chr2	238238267	238240662	HES6	0	-	2395
ENSG00000144504	chr2	240479422	240569209	ANKMY1	0	-	89787
ENSG00000144524	chr2	231781671	231809254	COPS7B	0	+	27583
ENSG00000144535	chr2	231961245	232344350	DIS3L2	0	+	383105
ENSG00000144554	chr3	10026370	10101932	FANCD2	0	+	75562
ENSG00000144559	chr3	11790442	11846919	TAMM41	0	-	56477
ENSG00000144560	chr3	11556069	11771350	VGLL4	0	-	215281
ENSG00000144566	chr3	19947097	19985175	RAB5A	0	+	38078
ENSG00000144567	chr2	219176225	219185475	RETREG2	0	+	9250
ENSG00000144579	chr2	218398256	218405941	CTDSP1	0	+	7685
ENSG00000144580	chr2	218568580	218597080	CNOT9	0	+	28500
ENSG00000144589	chr2	219597857	219616451	STK11IP	0	+	18594
ENSG00000144591	chr2	219498865	219513898	GMPPA	0	+	15033
ENSG00000144596	chr3	14489107	14556075	GRIP2	0	-	66968
ENSG00000144597	chr3	15427598	15450635	EAF1	0	+	23037
ENSG00000144619	chr3	2098813	3057959	CNTN4	0	+	959146
ENSG00000144635	chr3	32525974	32570858	DYNC1LI1	0	-	44884
ENSG00000144642	chr3	28574791	30010391	RBMS3	0	+	1435600
ENSG00000144645	chr3	31657912	32077580	OSBPL10	0	-	419668
ENSG00000144647	chr3	43079229	43106085	POMGNT2	0	-	26856
ENSG00000144655	chr3	39141855	39154562	CSRNP1	0	-	12707
ENSG00000144659	chr3	39383370	39397351	SLC25A38	0	+	13981
ENSG00000144668	chr3	37452115	37823507	ITGA9	0	+	371392
ENSG00000144674	chr3	37243191	37366879	GOLGA4	0	+	123688
ENSG00000144677	chr3	37861880	37984469	CTDSPL	0	+	122589
ENSG00000144681	chr3	36380503	36548007	STAC	0	+	167504
ENSG00000144711	chr3	12897043	13283281	IQSEC1	0	-	386238
ENSG00000144712	chr3	12796472	12871916	CAND2	0	+	75444
ENSG00000144713	chr3	12834485	12841582	RPL32	0	-	7097
ENSG00000144724	chr3	61561569	62297609	PTPRG	0	+	736040
ENSG00000144730	chr3	57089982	57170306	IL17RD	0	-	80324
ENSG00000144736	chr3	72749277	72861914	SHQ1	0	-	112637
ENSG00000144741	chr3	66133610	66388116	SLC25A26	0	+	254506
ENSG00000144744	chr3	69054730	69080408	UBA3	0	-	25678
ENSG00000144746	chr3	69084937	69106092	ARL6IP5	0	+	21155
ENSG00000144747	chr3	69019827	69052339	TMF1	0	-	32512
ENSG00000144749	chr3	66378797	66501263	LRIG1	0	-	122466
ENSG00000144785	chr12	56285916	56316059	ENSG00000144785	0	-	30143
ENSG00000144791	chr3	45555394	45686341	LIMD1	0	+	130947
ENSG00000144810	chr3	99638475	99799226	COL8A1	0	+	160751
ENSG00000144815	chr3	101779202	101828231	NXPE3	0	+	49029
ENSG00000144824	chr3	111732497	111976517	PHLDB2	0	+	244020
ENSG00000144827	chr3	111979010	111993368	ABHD10	0	+	14358
ENSG00000144837	chr3	119597875	119629811	PLA1A	0	+	31936
ENSG00000144840	chr3	120684938	120742993	RABL3	0	-	58055
ENSG00000144843	chr3	119579268	119589945	ADPRH	0	+	10677
ENSG00000144848	chr3	112532510	112562046	ATG3	0	-	29536
ENSG00000144857	chr3	113211003	113287459	BOC	0	+	76456
ENSG00000144868	chr3	133038391	133397775	TMEM108	0	+	359384
ENSG00000144891	chr3	148697784	148743008	AGTR1	0	+	45224
ENSG00000144893	chr3	151085286	151437072	MED12L	0	+	351786
ENSG00000144895	chr3	150546678	150586016	EIF2A	0	+	39338
ENSG00000144908	chr3	126103562	126197994	ALDH1L1	0	-	94432
ENSG00000144909	chr3	125528858	125595497	OSBPL11	0	-	66639
ENSG00000144935	chr3	142724034	142807888	TRPC1	0	+	83854
ENSG00000144959	chr3	172630249	172711218	NCEH1	0	-	80969
ENSG00000145002	chr8	12424411	12436406	FAM86B2	0	-	11995
ENSG00000145012	chr3	188153284	188890671	LPP	0	+	737387
ENSG00000145014	chr3	194587673	194633689	TMEM44	0	-	46016
ENSG00000145016	chr3	197668867	197749727	RUBCN	0	-	80860
ENSG00000145022	chr3	49412212	49416476	TCTA	0	+	4264
ENSG00000145041	chr3	51395867	51500015	DCAF1	0	-	104148
ENSG00000145050	chr3	51385291	51389397	MANF	0	+	4106
ENSG00000145088	chr3	121835183	121886526	EAF2	0	+	51343
ENSG00000145103	chr3	121987323	122022247	ILDR1	0	-	34924
ENSG00000145107	chr3	196319342	196338503	TM4SF19	0	-	19161
ENSG00000145113	chr3	195746765	195811973	MUC4	0	-	65208
ENSG00000145147	chr4	20251905	20620561	SLIT2	0	+	368656
ENSG00000145191	chr3	184135038	184146127	EIF2B5	0	+	11089
ENSG00000145198	chr3	184229585	184242329	VWA5B2	0	+	12744
ENSG00000145214	chr4	958887	986895	DGKQ	0	-	28008
ENSG00000145220	chr4	4267701	4290154	LYAR	0	-	22453
ENSG00000145241	chr4	67468762	67545503	CENPC	0	-	76741
ENSG00000145244	chr4	47593999	47838106	CORIN	0	-	244107
ENSG00000145246	chr4	47485275	47593486	ATP10D	0	+	108211
ENSG00000145247	chr4	48885019	48906937	OCIAD2	0	-	21918
ENSG00000145284	chr4	82629539	82798796	SCD5	0	-	169257
ENSG00000145287	chr4	83090048	83137075	PLAC8	0	-	47027
ENSG00000145293	chr4	82430590	82461177	ENOPH1	0	+	30587
ENSG00000145331	chr4	99546709	99564039	TRMT10A	0	-	17330
ENSG00000145332	chr4	87160103	87240314	KLHL8	0	-	80211
ENSG00000145335	chr4	89700345	89838315	SNCA	0	-	137970
ENSG00000145337	chr4	88520998	88523776	PYURF	0	-	2778
ENSG00000145348	chr4	106041599	106316683	TBCK	0	-	275084
ENSG00000145349	chr4	113418054	113761927	CAMK2D	0	-	343873
ENSG00000145354	chr4	102868974	102892807	CISD2	0	+	23833
ENSG00000145358	chr4	100185870	100190782	DDIT4L	0	-	4912
ENSG00000145362	chr4	112818032	113384221	ANK2	0	+	566189
ENSG00000145365	chr4	112274537	112285904	TIFA	0	-	11367
ENSG00000145375	chr4	122923070	123319433	SPATA5	0	+	396363
ENSG00000145386	chr4	121816444	121823883	CCNA2	0	-	7439
ENSG00000145388	chr4	118685392	118715433	METTL14	0	+	30041
ENSG00000145390	chr4	119212587	119295518	USP53	0	+	82931
ENSG00000145391	chr4	139495941	139606699	SETD7	0	-	110758
ENSG00000145414	chr4	163110073	163166890	NAF1	0	-	56817
ENSG00000145416	chr4	163524298	164384050	MARCHF1	0	-	859752
ENSG00000145423	chr4	153780591	153789083	SFRP2	0	-	8492
ENSG00000145425	chr4	151099624	151104642	RPS3A	0	+	5018
ENSG00000145428	chr4	153710160	153760024	RNF175	0	-	49864
ENSG00000145431	chr4	156760454	156971799	PDGFC	0	-	211345
ENSG00000145439	chr4	168863770	169010275	CBR4	0	-	146505
ENSG00000145451	chr4	174636920	174829247	GLRA3	0	-	192327
ENSG00000145491	chr5	10441524	10472029	ROPN1L	0	+	30505
ENSG00000145494	chr5	1801407	1816048	NDUFS6	0	+	14641
ENSG00000145495	chr5	10353695	10440388	MARCHF6	0	+	86693
ENSG00000145506	chr5	1008802	1038943	NKD2	0	+	30141
ENSG00000145536	chr5	5140330	5320304	ADAMTS16	0	+	179974
ENSG00000145545	chr5	6633427	6674386	SRD5A1	0	+	40959
ENSG00000145555	chr5	16661907	16936288	MYO10	0	-	274381
ENSG00000145569	chr5	14581792	14616180	OTULINL	0	+	34388
ENSG00000145592	chr5	40825262	40835222	RPL37	0	-	9960
ENSG00000145604	chr5	36151989	36196849	SKP2	0	+	44860
ENSG00000145623	chr5	38845858	38945596	OSMR	0	+	99738
ENSG00000145632	chr5	58453982	58460139	PLK2	0	-	6157
ENSG00000145649	chr5	55102646	55110252	GZMA	0	+	7606
ENSG00000145675	chr5	68215756	68301821	PIK3R1	0	+	86065
ENSG00000145681	chr5	83637805	83720855	HAPLN1	0	-	83050
ENSG00000145685	chr5	78485215	78770021	LHFPL2	0	-	284806
ENSG00000145687	chr5	81412804	81751797	SSBP2	0	-	338993
ENSG00000145703	chr5	76403285	76708132	IQGAP2	0	+	304847
ENSG00000145715	chr5	87267883	87391931	RASA1	0	+	124048
ENSG00000145723	chr5	103086000	103120138	GIN1	0	-	34138
ENSG00000145725	chr5	103120149	103212799	PPIP5K2	0	+	92650
ENSG00000145730	chr5	102753981	103029730	PAM	0	+	275749
ENSG00000145734	chr5	71455651	71567820	BDP1	0	+	112169
ENSG00000145736	chr5	71032670	71067689	GTF2H2	0	-	35019
ENSG00000145740	chr5	69093991	69131069	SLC30A5	0	+	37078
ENSG00000145741	chr5	73498408	73505667	BTF3	0	+	7259
ENSG00000145743	chr5	107859035	108382098	FBXL17	0	-	523063
ENSG00000145779	chr5	119268692	119399688	TNFAIP8	0	+	130996
ENSG00000145780	chr5	115520908	115544775	FEM1C	0	-	23867
ENSG00000145781	chr5	116085016	116412762	COMMD10	0	+	327746
ENSG00000145782	chr5	115828200	115841837	ATG12	0	-	13637
ENSG00000145794	chr5	127290796	127465737	MEGF10	0	+	174941
ENSG00000145808	chr5	129460281	129738683	ADAMTS19	0	+	278402
ENSG00000145817	chr5	144158162	144170714	YIPF5	0	-	12552
ENSG00000145819	chr5	142770377	143229011	ARHGAP26	0	+	458634
ENSG00000145824	chr5	135570679	135579279	CXCL14	0	-	8600
ENSG00000145832	chr5	135579202	135889770	SLC25A48	0	+	310568
ENSG00000145833	chr5	134758771	134855133	DDX46	0	+	96362
ENSG00000145860	chr5	159157409	159210053	RNF145	0	-	52644
ENSG00000145861	chr5	160347754	160370641	C1QTNF2	0	-	22887
ENSG00000145864	chr5	161288429	161549044	GABRB2	0	-	260615
ENSG00000145868	chr5	148383935	148442836	FBXO38	0	+	58901
ENSG00000145882	chr5	149358037	149369653	PCYOX1L	0	+	11616
ENSG00000145901	chr5	151029945	151093577	TNIP1	0	-	63632
ENSG00000145907	chr5	151771045	151812911	G3BP1	0	+	41866
ENSG00000145908	chr5	150894392	150904983	ZNF300	0	-	10591
ENSG00000145911	chr5	178113532	178126081	N4BP3	0	+	12549
ENSG00000145912	chr5	178149463	178153894	NHP2	0	-	4431
ENSG00000145916	chr5	178130996	178150568	RMND5B	0	+	19572
ENSG00000145919	chr5	173607145	173616659	BOD1	0	-	9514
ENSG00000145920	chr5	175796310	175884021	CPLX2	0	+	87711
ENSG00000145934	chr5	167284799	168264157	TENM2	0	+	979358
ENSG00000145936	chr5	170374671	170389634	KCNMB1	0	-	14963
ENSG00000145945	chr6	3849373	3851320	FAM50B	0	+	1947
ENSG00000145949	chr6	2663629	2750922	MYLK4	0	-	87293
ENSG00000145979	chr6	13266542	13328583	TBC1D7	0	-	62041
ENSG00000145982	chr6	5261044	5829192	FARS2	0	+	568148
ENSG00000145990	chr6	13357830	13487662	GFOD1	0	-	129832
ENSG00000145996	chr6	20534457	21232404	CDKAL1	0	+	697947
ENSG00000146006	chr5	138868921	138875368	LRRTM2	0	-	6447
ENSG00000146007	chr5	140698680	140706686	ZMAT2	0	+	8006
ENSG00000146013	chr5	138252380	138274621	GFRA3	0	-	22241
ENSG00000146021	chr5	137617500	137736089	KLHL3	0	-	118589
ENSG00000146038	chr6	24171755	24358059	DCDC2	0	-	186304
ENSG00000146054	chr5	181193924	181205293	TRIM7	0	-	11369
ENSG00000146063	chr5	181222499	181235808	TRIM41	0	+	13309
ENSG00000146067	chr5	177519789	177554563	FAM193B	0	-	34774
ENSG00000146070	chr6	46704201	46735693	PLA2G7	0	-	31492
ENSG00000146072	chr6	47231532	47309905	TNFRSF21	0	-	78373
ENSG00000146083	chr5	176526712	176538025	RNF44	0	-	11313
ENSG00000146085	chr6	49430360	49463253	MMUT	0	-	32893
ENSG00000146094	chr5	177501904	177511274	DOK3	0	-	9370
ENSG00000146109	chr6	26596953	26600739	ABT1	0	+	3786
ENSG00000146112	chr6	30676389	30687895	PPP1R18	0	-	11506
ENSG00000146122	chr6	39792298	39904877	DAAM2	0	+	112579
ENSG00000146143	chr6	57314805	57646850	PRIM2	0	+	332045
ENSG00000146151	chr6	55434373	55579197	HMGCLL1	0	-	144824
ENSG00000146192	chr6	37005646	37029069	FGD2	0	+	23423
ENSG00000146197	chr6	35213956	35253079	SCUBE3	0	+	39123
ENSG00000146205	chr2	241188509	241225976	ANO7	0	+	37467
ENSG00000146223	chr6	42879616	42889925	RPL7L1	0	+	10309
ENSG00000146232	chr6	44258166	44265788	NFKBIE	0	-	7622
ENSG00000146233	chr6	46549580	46652830	CYP39A1	0	-	103250
ENSG00000146242	chr6	82363206	82367420	TPBG	0	+	4214
ENSG00000146243	chr6	78867551	78946440	IRAK1BP1	0	+	78889
ENSG00000146247	chr6	78934419	79078254	PHIP	0	-	143835
ENSG00000146263	chr6	97142161	97283217	MMS22L	0	-	141056
ENSG00000146267	chr6	99271168	99350062	FAXC	0	-	78894
ENSG00000146278	chr6	89080751	89085160	PNRC1	0	+	4409
ENSG00000146281	chr6	89146055	89165565	PM20D2	0	+	19510
ENSG00000146282	chr6	87513459	87590028	RARS2	0	-	76569
ENSG00000146285	chr6	107702154	107824317	SCML4	0	-	122163
ENSG00000146350	chr6	121079494	121334745	TBC1D32	0	-	255251
ENSG00000146352	chr6	122996235	123072925	CLVS2	0	+	76690
ENSG00000146373	chr6	124962437	125092633	RNF217	0	+	130196
ENSG00000146374	chr6	127118671	127199481	RSPO3	0	+	80810
ENSG00000146376	chr6	129576132	129710177	ARHGAP18	0	-	134045
ENSG00000146386	chr6	139028745	139043302	ABRACL	0	+	14557
ENSG00000146409	chr6	132769370	132813339	SLC18B1	0	-	43969
ENSG00000146410	chr6	136231024	136250335	MTFR2	0	-	19311
ENSG00000146411	chr6	133987581	134052624	SLC2A12	0	-	65043
ENSG00000146414	chr6	145864245	145964423	SHPRH	0	-	100178
ENSG00000146416	chr6	143060496	143341058	AIG1	0	+	280562
ENSG00000146425	chr6	158636474	158644743	DYNLT1	0	-	8269
ENSG00000146426	chr6	154832697	155257723	TIAM2	0	+	425026
ENSG00000146433	chr6	158536436	158635429	TMEM181	0	+	98993
ENSG00000146453	chr6	159800249	159820704	PNLDC1	0	+	20455
ENSG00000146457	chr6	159725585	159756319	WTAP	0	+	30734
ENSG00000146463	chr1	35268709	35422058	ZMYM4	0	+	153349
ENSG00000146476	chr6	151452258	151470101	ARMT1	0	+	17843
ENSG00000146477	chr6	160348378	160452577	SLC22A3	0	+	104199
ENSG00000146530	chr7	12330885	12403941	VWDE	0	-	73056
ENSG00000146535	chr7	2728105	2844308	GNA12	0	-	116203
ENSG00000146540	chr7	996986	1138260	C7orf50	0	-	141274
ENSG00000146555	chr7	3301252	4269000	SDK1	0	+	967748
ENSG00000146574	chr7	6794134	6826770	CCZ1B	0	-	32636
ENSG00000146576	chr7	6590021	6608726	C7orf26	0	+	18705
ENSG00000146592	chr7	28299321	28825894	CREB5	0	+	526573
ENSG00000146648	chr7	55019017	55211628	EGFR	0	+	192611
ENSG00000146670	chr11	65066300	65084164	CDCA5	0	-	17864
ENSG00000146674	chr7	45912245	45921874	IGFBP3	0	-	9629
ENSG00000146676	chr7	44876299	44885530	PURB	0	-	9231
ENSG00000146700	chr7	76389334	76409697	SSC4D	0	-	20363
ENSG00000146701	chr7	76048051	76067508	MDH2	0	+	19457
ENSG00000146707	chr7	76609986	76627279	POMZP3	0	-	17293
ENSG00000146731	chr7	56051685	56063989	CCT6A	0	+	12304
ENSG00000146733	chr7	56011051	56051604	PSPH	0	-	40553
ENSG00000146757	chr7	65373799	65401136	ZNF92	0	+	27337
ENSG00000146776	chr7	105604772	105876599	ATXN7L1	0	-	271827
ENSG00000146802	chr7	112762377	112790423	TMEM168	0	-	28046
ENSG00000146826	chr7	100154420	100158723	TRAPPC14	0	-	4303
ENSG00000146828	chr7	100826820	100867010	SLC12A9	0	+	40190
ENSG00000146830	chr7	100679507	100694250	GIGYF1	0	-	14743
ENSG00000146833	chr7	99876958	99919531	TRIM4	0	-	42573
ENSG00000146834	chr7	100428790	100434118	MEPCE	0	+	5328
ENSG00000146842	chr7	130164713	130207770	TMEM209	0	-	43057
ENSG00000146856	chr7	134986508	135147963	AGBL3	0	+	161455
ENSG00000146858	chr7	139025706	139036042	ZC3HAV1L	0	-	10336
ENSG00000146859	chr7	135148072	135166215	TMEM140	0	+	18143
ENSG00000146872	chr17	62458658	62615481	TLK2	0	+	156823
ENSG00000146904	chr7	143390289	143408856	EPHA1	0	-	18567
ENSG00000146909	chr7	156949712	156973176	NOM1	0	+	23464
ENSG00000146918	chr7	158631169	158704804	NCAPG2	0	-	73635
ENSG00000146938	chrX	5840637	6228867	NLGN4X	0	-	388230
ENSG00000146950	chrX	9786429	9949443	SHROOM2	0	+	163014
ENSG00000146955	chr7	140404058	140427974	RAB19	0	+	23916
ENSG00000146963	chr7	139340359	139423457	LUC7L2	0	+	83098
ENSG00000146966	chr7	140518420	140673993	DENND2A	0	-	155573
ENSG00000147010	chrX	19533977	19887600	SH3KBP1	0	-	353623
ENSG00000147027	chrX	34627075	34657285	TMEM47	0	-	30210
ENSG00000147044	chrX	41514934	41923554	CASK	0	-	408620
ENSG00000147050	chrX	44873188	45112779	KDM6A	0	+	239591
ENSG00000147059	chrX	57134530	57137523	SPIN2A	0	-	2993
ENSG00000147065	chrX	65588377	65741931	MSN	0	+	153554
ENSG00000147082	chrX	50202713	50351914	CCNB3	0	+	149201
ENSG00000147100	chrX	74421493	74533917	SLC16A2	0	+	112424
ENSG00000147113	chrX	45148373	45200901	DIPK2B	0	-	52528
ENSG00000147119	chrX	46573765	46598496	CHST7	0	+	24731
ENSG00000147121	chrX	46447292	46497422	KRBOX4	0	+	50130
ENSG00000147123	chrX	47142071	47145466	NDUFB11	0	-	3395
ENSG00000147124	chrX	47445178	47483222	ZNF41	0	-	38044
ENSG00000147130	chrX	71239624	71255146	ZMYM3	0	-	15522
ENSG00000147133	chrX	71366222	71532374	TAF1	0	+	166152
ENSG00000147140	chrX	71254814	71301522	NONO	0	+	46708
ENSG00000147144	chrX	49053572	49069857	CCDC120	0	+	16285
ENSG00000147162	chrX	71533104	71575892	OGT	0	+	42788
ENSG00000147164	chrX	71056332	71073426	SNX12	0	-	17094
ENSG00000147180	chrX	85243991	85273362	ZNF711	0	+	29371
ENSG00000147202	chrX	96684712	97604997	DIAPH2	0	+	920285
ENSG00000147224	chrX	107628428	107651993	PRPS1	0	+	23565
ENSG00000147231	chrX	106611930	106679439	RADX	0	+	67509
ENSG00000147234	chrX	107449652	107605255	FRMPD3	0	+	155603
ENSG00000147251	chrX	118495815	118686163	DOCK11	0	+	190348
ENSG00000147255	chrX	131273506	131578899	IGSF1	0	-	305393
ENSG00000147256	chrX	131058346	131089885	ARHGAP36	0	+	31539
ENSG00000147257	chrX	133535745	133987100	GPC3	0	-	451355
ENSG00000147274	chrX	136848004	136880764	RBMX	0	-	32760
ENSG00000147316	chr8	6406592	6648508	MCPH1	0	+	241916
ENSG00000147324	chr8	8783354	8893630	MFHAS1	0	-	110276
ENSG00000147364	chr8	406428	477967	FBXO25	0	+	71539
ENSG00000147381	chrX	151912495	151925171	MAGEA4	0	+	12676
ENSG00000147383	chrX	152830967	152869729	NSDHL	0	+	38762
ENSG00000147394	chrX	152914442	152973481	ZNF185	0	+	59039
ENSG00000147400	chrX	152826994	152830757	CETN2	0	-	3763
ENSG00000147403	chrX	154389955	154409168	RPL10	0	+	19213
ENSG00000147408	chr8	19404161	19758029	CSGALNACT1	0	-	353868
ENSG00000147416	chr8	20197381	20226819	ATP6V1B2	0	+	29438
ENSG00000147419	chr8	27733316	27772653	CCDC25	0	-	39337
ENSG00000147421	chr8	28890395	29064764	HMBOX1	0	+	174369
ENSG00000147437	chr8	25419258	25424654	GNRH1	0	-	5396
ENSG00000147439	chr8	22620418	22669148	BIN3	0	-	48730
ENSG00000147443	chr8	21908873	21913690	DOK2	0	-	4817
ENSG00000147454	chr8	23528956	23575463	SLC25A37	0	+	46507
ENSG00000147457	chr8	23243637	23262000	CHMP7	0	+	18363
ENSG00000147459	chr8	25184689	25418082	DOCK5	0	+	233393
ENSG00000147465	chr8	38142700	38150992	STAR	0	-	8292
ENSG00000147471	chr8	37762595	37779768	PLPBP	0	+	17173
ENSG00000147475	chr8	37736601	37758422	ERLIN2	0	+	21821
ENSG00000147485	chr8	51319577	51809445	PXDNL	0	-	489868
ENSG00000147526	chr8	38728186	38853028	TACC1	0	+	124842
ENSG00000147533	chr8	41488200	41511095	GOLGA7	0	+	22895
ENSG00000147535	chr8	38263130	38269243	PLPP5	0	-	6113
ENSG00000147536	chr8	41529218	41545030	GINS4	0	+	15812
ENSG00000147548	chr8	38269704	38382272	NSD3	0	-	112568
ENSG00000147592	chr8	70635318	70669185	LACTB2	0	-	33867
ENSG00000147601	chr8	73008856	73048123	TERF1	0	+	39267
ENSG00000147604	chr8	73290242	73295789	RPL7	0	-	5547
ENSG00000147606	chr8	91209494	91398155	SLC26A7	0	+	188661
ENSG00000147614	chr8	85987323	86154225	ATP6V0D2	0	+	166902
ENSG00000147642	chr8	109573978	109691791	SYBU	0	-	117813
ENSG00000147649	chr8	97644184	97730260	MTDH	0	+	86076
ENSG00000147650	chr8	104489231	104589258	LRP12	0	-	100027
ENSG00000147654	chr8	109539711	109565996	EBAG9	0	+	26285
ENSG00000147669	chr8	100150623	100154003	POLR2K	0	+	3380
ENSG00000147676	chr8	119165034	119245673	MAL2	0	+	80639
ENSG00000147677	chr8	116642130	116766925	EIF3H	0	-	124795
ENSG00000147679	chr8	116766505	116849463	UTP23	0	+	82958
ENSG00000147684	chr8	124539101	124580648	NDUFB9	0	+	41547
ENSG00000147687	chr8	124488485	124539458	TATDN1	0	-	50973
ENSG00000147689	chr8	123178960	123210079	FAM83A	0	+	31119
ENSG00000147697	chr8	129748196	129786624	GSDMC	0	-	38428
ENSG00000147724	chr8	138130023	138497261	FAM135B	0	-	367238
ENSG00000147789	chr8	144827518	144847509	ZNF7	0	+	19991
ENSG00000147799	chr8	144529179	144685846	ARHGAP39	0	-	156667
ENSG00000147804	chr8	144409742	144416844	SLC39A4	0	-	7102
ENSG00000147813	chr8	143574785	143578649	NAPRT	0	-	3864
ENSG00000147852	chr9	2621182	2660056	VLDLR	0	+	38874
ENSG00000147853	chr9	4709556	4742043	AK3	0	-	32487
ENSG00000147854	chr9	6413151	6507054	UHRF2	0	+	93903
ENSG00000147862	chr9	14081843	14398983	NFIB	0	-	317140
ENSG00000147872	chr9	19108375	19149290	PLIN2	0	-	40915
ENSG00000147874	chr9	19053141	19102904	HAUS6	0	-	49763
ENSG00000147883	chr9	22002903	22009305	CDKN2B	0	-	6402
ENSG00000147889	chr9	21967752	21995301	CDKN2A	0	-	27549
ENSG00000147894	chr9	27535640	27573866	C9orf72	0	-	38226
ENSG00000147905	chr9	37120574	37358149	ZCCHC7	0	+	237575
ENSG00000147955	chr9	34634722	34637844	SIGMAR1	0	-	3122
ENSG00000147996	chr9	65668805	65734041	CBWD5	0	+	65236
ENSG00000148019	chr9	78236062	78279690	CEP78	0	+	43628
ENSG00000148053	chr9	84668375	85095751	NTRK2	0	+	427376
ENSG00000148057	chr9	83623049	83644130	IDNK	0	+	21081
ENSG00000148082	chr9	89005771	89178818	SHC3	0	-	173047
ENSG00000148090	chr9	91213815	91361918	AUH	0	-	148103
ENSG00000148110	chr9	94374569	94461042	MFSD14B	0	+	86473
ENSG00000148120	chr9	94726699	95087159	AOPEP	0	+	360460
ENSG00000148143	chr9	106863166	107013634	ZNF462	0	+	150468
ENSG00000148153	chr9	112683926	112718149	INIP	0	-	34223
ENSG00000148154	chr9	111896814	111935369	UGCG	0	+	38555
ENSG00000148158	chr9	112750760	112881671	SNX30	0	+	130911
ENSG00000148175	chr9	121338987	121370304	STOM	0	-	31317
ENSG00000148180	chr9	121207794	121332843	GSN	0	+	125049
ENSG00000148187	chr9	122264603	122331337	MRRF	0	+	66734
ENSG00000148200	chr9	124517275	124771311	NR6A1	0	-	254036
ENSG00000148204	chr9	123356170	123380324	CRB2	0	+	24154
ENSG00000148218	chr9	113386312	113401290	ALAD	0	-	14978
ENSG00000148219	chr9	116423112	117415070	ASTN2	0	-	991958
ENSG00000148225	chr9	113313222	113340298	WDR31	0	-	27076
ENSG00000148229	chr9	113407235	113410675	POLE3	0	-	3440
ENSG00000148248	chr9	133361450	133376166	SURF4	0	-	14716
ENSG00000148290	chr9	133351758	133356676	SURF1	0	-	4918
ENSG00000148291	chr9	133356550	133361158	SURF2	0	+	4608
ENSG00000148296	chr9	133328776	133336188	SURF6	0	-	7412
ENSG00000148297	chr9	133338312	133348131	MED22	0	-	9819
ENSG00000148300	chr9	133406059	133418096	REXO4	0	-	12037
ENSG00000148303	chr9	133348218	133351426	RPL7A	0	+	3208
ENSG00000148308	chr9	133030675	133058503	GTF3C5	0	+	27828
ENSG00000148331	chr9	129634604	129642169	ASB6	0	-	7565
ENSG00000148334	chr9	128120693	128128462	PTGES2	0	-	7769
ENSG00000148335	chr9	129608884	129636135	NTMT1	0	+	27251
ENSG00000148337	chr9	128161251	128204383	CIZ1	0	-	43132
ENSG00000148339	chr9	128068201	128109245	SLC25A25	0	+	41044
ENSG00000148341	chr9	129007036	129028331	SH3GLB2	0	-	21295
ENSG00000148343	chr9	129036621	129072082	MIGA2	0	+	35461
ENSG00000148344	chr9	129738331	129753042	PTGES	0	-	14711
ENSG00000148346	chr9	128149071	128153453	LCN2	0	+	4382
ENSG00000148356	chr9	127451489	127503499	LRSAM1	0	+	52010
ENSG00000148357	chr9	130265760	130434123	HMCN2	0	+	168363
ENSG00000148358	chr9	130053426	130140169	GPR107	0	+	86743
ENSG00000148362	chr9	136992422	136993984	PAXX	0	+	1562
ENSG00000148377	chr10	1018910	1025859	IDI2	0	-	6949
ENSG00000148384	chr9	136428619	136439845	INPP5E	0	-	11226
ENSG00000148396	chr9	136440096	136483759	SEC16A	0	-	43663
ENSG00000148399	chr9	137554444	137578925	DPH7	0	-	24481
ENSG00000148400	chr9	136494433	136546048	NOTCH1	0	-	51615
ENSG00000148411	chr9	136006537	136095289	NACC2	0	-	88752
ENSG00000148426	chr10	11823339	11872277	PROSER2	0	+	48938
ENSG00000148429	chr10	11460510	11611666	USP6NL	0	-	151156
ENSG00000148450	chr10	23095579	23122013	MSRB2	0	+	26434
ENSG00000148459	chr10	26697701	26746798	PDSS1	0	+	49097
ENSG00000148468	chr10	15211643	15371289	FAM171A1	0	-	159646
ENSG00000148481	chr10	15778170	15860507	MINDY3	0	-	82337
ENSG00000148484	chr10	16590611	16817463	RSU1	0	-	226852
ENSG00000148488	chr10	17315421	17454595	ST8SIA6	0	-	139174
ENSG00000148498	chr10	34109560	34815325	PARD3	0	-	705765
ENSG00000148513	chr10	37125598	37232567	ANKRD30A	0	+	106969
ENSG00000148516	chr10	31318495	31529814	ZEB1	0	+	211319
ENSG00000148541	chr10	59246130	59363181	FAM13C	0	-	117051
ENSG00000148572	chr10	63133247	63155031	NRBF2	0	+	21784
ENSG00000148600	chr10	84194537	84219621	CDHR1	0	+	25084
ENSG00000148606	chr10	77975149	78029515	POLR3A	0	-	54366
ENSG00000148634	chr10	67921899	68075301	HERC4	0	-	153402
ENSG00000148655	chr10	75431624	76560168	LRMDA	0	+	1128544
ENSG00000148660	chr10	73812501	73874591	CAMK2G	0	-	62090
ENSG00000148671	chr10	86968432	86983934	ADIRF	0	+	15502
ENSG00000148672	chr10	87050202	87094843	GLUD1	0	-	44641
ENSG00000148688	chr10	90871952	90908553	RPP30	0	+	36601
ENSG00000148690	chr10	93667883	93702592	FRA10AC1	0	-	34709
ENSG00000148700	chr10	109996368	110135565	ADD3	0	+	139197
ENSG00000148702	chr10	113550837	113589602	HABP2	0	+	38765
ENSG00000148719	chr10	72332830	72355149	DNAJB12	0	-	22319
ENSG00000148730	chr10	70404145	70428618	EIF4EBP2	0	+	24473
ENSG00000148735	chr10	113751262	113783429	PLEKHS1	0	+	32167
ENSG00000148737	chr10	112950247	113167678	TCF7L2	0	+	217431
ENSG00000148773	chr10	128096659	128126423	MKI67	0	-	29764
ENSG00000148798	chr10	103277138	103290346	INA	0	+	13208
ENSG00000148803	chr10	133355158	133358025	FUOM	0	-	2867
ENSG00000148814	chr10	132332154	132381508	LRRC27	0	+	49354
ENSG00000148826	chr10	132783179	132786147	NKX6-2	0	-	2968
ENSG00000148834	chr10	104235356	104267459	GSTO1	0	+	32103
ENSG00000148835	chr10	103367966	103389065	TAF5	0	+	21099
ENSG00000148840	chr10	102132994	102150333	PPRC1	0	+	17339
ENSG00000148841	chr10	104309698	104338465	ITPRIP	0	-	28767
ENSG00000148842	chr10	102918294	103090222	CNNM2	0	+	171928
ENSG00000148843	chr10	103396626	103446294	PDCD11	0	+	49668
ENSG00000148848	chr10	126012381	126388477	ADAM12	0	-	376096
ENSG00000148908	chr10	119499817	119542719	RGS10	0	-	42902
ENSG00000148925	chr11	13388008	13463297	BTBD10	0	-	75289
ENSG00000148926	chr11	10305073	10307397	ADM	0	+	2324
ENSG00000148935	chr11	22625509	22813001	GAS2	0	+	187492
ENSG00000148943	chr11	27494418	27506769	LIN7C	0	-	12351
ENSG00000148948	chr11	40114203	41459773	LRRC4C	0	-	1345570
ENSG00000148950	chr11	31432401	31509645	IMMP1L	0	-	77244
ENSG00000148985	chr11	3797724	3826371	PGAP2	0	+	28647
ENSG00000149043	chr11	1828307	1837521	SYT8	0	+	9214
ENSG00000149050	chr11	6997085	7020346	ZNF214	0	-	23261
ENSG00000149054	chr11	6926404	7001004	ZNF215	0	+	74600
ENSG00000149084	chr11	43680680	43856617	HSD17B12	0	+	175937
ENSG00000149089	chr11	34853094	34916379	APIP	0	-	63285
ENSG00000149090	chr11	35431823	35530300	PAMR1	0	-	98477
ENSG00000149091	chr11	46332905	46380554	DGKZ	0	+	47649
ENSG00000149100	chr11	32583798	32606264	EIF3M	0	+	22466
ENSG00000149115	chr11	57299638	57324952	TNKS1BP1	0	-	25314
ENSG00000149124	chr11	58640426	58731974	GLYAT	0	-	91548
ENSG00000149131	chr11	57597387	57619171	SERPING1	0	+	21784
ENSG00000149136	chr11	57325986	57335892	SSRP1	0	-	9906
ENSG00000149150	chr11	57484534	57515780	SLC43A1	0	-	31246
ENSG00000149177	chr11	47980559	48170839	PTPRJ	0	+	190280
ENSG00000149179	chr11	46936689	47164385	C11orf49	0	+	227696
ENSG00000149182	chr11	47164299	47177125	ARFGAP2	0	-	12826
ENSG00000149187	chr11	47465933	47565569	CELF1	0	-	99636
ENSG00000149196	chr11	86302211	86345943	HIKESHI	0	+	43732
ENSG00000149212	chr11	95165513	95232541	SESN3	0	-	67028
ENSG00000149218	chr11	95089846	95132645	ENDOD1	0	+	42799
ENSG00000149231	chr11	96349241	96389956	CCDC82	0	-	40715
ENSG00000149243	chr11	75422394	75433203	KLHL35	0	-	10809
ENSG00000149256	chr11	78652829	79441030	TENM4	0	-	788201
ENSG00000149257	chr11	75562056	75572783	SERPINH1	0	+	10727
ENSG00000149260	chr11	77066961	77126155	CAPN5	0	+	59194
ENSG00000149262	chr11	77878720	77994671	INTS4	0	-	115951
ENSG00000149269	chr11	77322017	77474635	PAK1	0	-	152618
ENSG00000149273	chr11	75399515	75422280	RPS3	0	+	22765
ENSG00000149289	chr11	110093392	110171841	ZC3H12C	0	+	78449
ENSG00000149292	chr11	113314579	113383544	TTC12	0	+	68965
ENSG00000149294	chr11	112961247	113278436	NCAM1	0	+	317189
ENSG00000149295	chr11	113409605	113475691	DRD2	0	-	66086
ENSG00000149308	chr11	108157215	108222638	NPAT	0	-	65423
ENSG00000149311	chr11	108223044	108369102	ATM	0	+	146058
ENSG00000149313	chr11	106075501	106098699	AASDHPPT	0	+	23198
ENSG00000149328	chr11	134331874	134378341	GLB1L2	0	+	46467
ENSG00000149346	chr20	10435305	10636829	SLX4IP	0	+	201524
ENSG00000149357	chr11	72085895	72103297	LAMTOR1	0	-	17402
ENSG00000149380	chr11	74235801	74311640	P4HA3	0	-	75839
ENSG00000149403	chr11	120511746	120988906	GRIK4	0	+	477160
ENSG00000149418	chr11	130159782	130210362	ST14	0	+	50580
ENSG00000149428	chr11	119044188	119057227	HYOU1	0	-	13039
ENSG00000149451	chr20	3667965	3682246	ADAM33	0	-	14281
ENSG00000149474	chr20	18137228	18188387	KAT14	0	+	51159
ENSG00000149476	chr11	61333220	61353295	TKFC	0	+	20075
ENSG00000149480	chr11	62593214	62601865	MTA2	0	-	8651
ENSG00000149483	chr11	61361964	61377890	TMEM138	0	+	15926
ENSG00000149485	chr11	61799627	61829318	FADS1	0	-	29691
ENSG00000149489	chr11	62611722	62615116	ROM1	0	+	3394
ENSG00000149499	chr11	62602218	62612775	EML3	0	-	10557
ENSG00000149503	chr11	62123998	62153169	INCENP	0	+	29171
ENSG00000149527	chr1	2425980	2505532	PLCH2	0	+	79552
ENSG00000149532	chr11	61402641	61430031	CPSF7	0	-	27390
ENSG00000149534	chr11	60088261	60098467	MS4A2	0	+	10206
ENSG00000149541	chr11	62615296	62622154	B3GAT3	0	-	6858
ENSG00000149547	chr11	125569280	125584684	EI24	0	+	15404
ENSG00000149548	chr11	124954121	125041489	CCDC15	0	+	87368
ENSG00000149554	chr11	125625163	125676255	CHEK1	0	+	51092
ENSG00000149557	chr11	125442881	125592568	FEZ1	0	-	149687
ENSG00000149564	chr11	124752583	124762290	ESAM	0	-	9707
ENSG00000149573	chr11	118253416	118264536	MPZL2	0	-	11120
ENSG00000149575	chr11	118162806	118176639	SCN2B	0	-	13833
ENSG00000149577	chr11	117178736	117197445	SIDT2	0	+	18709
ENSG00000149582	chr11	118531041	118547280	TMEM25	0	+	16239
ENSG00000149591	chr11	117199370	117207464	TAGLN	0	+	8094
ENSG00000149596	chr20	44106590	44187188	JPH2	0	-	80598
ENSG00000149599	chr20	31847637	31870664	DUSP15	0	-	23027
ENSG00000149633	chr20	38210503	38260772	KIAA1755	0	-	50269
ENSG00000149636	chr20	36751791	36773818	DSN1	0	-	22027
ENSG00000149639	chr20	36777447	36863538	SOGA1	0	-	86091
ENSG00000149646	chr20	35954564	36030700	CNBD2	0	+	76136
ENSG00000149657	chr20	62122461	62135374	LSM14B	0	+	12913
ENSG00000149658	chr20	63195429	63216139	YTHDF1	0	-	20710
ENSG00000149679	chr20	62388634	62407285	CABLES2	0	-	18651
ENSG00000149716	chr11	69653076	69675416	LTO1	0	-	22340
ENSG00000149743	chr11	64223799	64226254	TRPT1	0	-	2455
ENSG00000149761	chr11	64225941	64230686	NUDT22	0	+	4745
ENSG00000149781	chr11	64206678	64223891	FERMT3	0	+	17213
ENSG00000149782	chr11	64251530	64269150	PLCB3	0	+	17620
ENSG00000149792	chr11	65122183	65127371	MRPL49	0	+	5188
ENSG00000149823	chr11	65089324	65111862	VPS51	0	+	22538
ENSG00000149922	chr16	30085793	30091924	TBX6	0	-	6131
ENSG00000149923	chr16	30075978	30085376	PPP4C	0	+	9398
ENSG00000149926	chr16	30024427	30052978	TLCD3B	0	-	28551
ENSG00000149927	chr16	30005514	30023270	DOC2A	0	-	17756
ENSG00000149929	chr16	29992330	29996074	HIRIP3	0	-	3744
ENSG00000149930	chr16	29973868	29992261	TAOK2	0	+	18393
ENSG00000149932	chr16	29940885	29973050	TMEM219	0	+	32165
ENSG00000149948	chr12	65824460	65966291	HMGA2	0	+	141831
ENSG00000149968	chr11	102835801	102843609	MMP3	0	-	7808
ENSG00000149970	chrX	21372801	21654695	CNKSR2	0	+	281894
ENSG00000150048	chr12	10069554	10111627	CLEC1A	0	-	42073
ENSG00000150051	chr10	27672874	27746060	MKX	0	-	73186
ENSG00000150054	chr10	28050993	28334486	MPP7	0	-	283493
ENSG00000150093	chr10	32887273	33005792	ITGB1	0	-	118519
ENSG00000150281	chr16	30896614	30903547	CTF1	0	+	6933
ENSG00000150316	chr11	94962620	94973586	CWC15	0	-	10966
ENSG00000150337	chr1	149782671	149791675	FCGR1A	0	+	9004
ENSG00000150347	chr10	61901684	62096944	ARID5B	0	+	195260
ENSG00000150361	chr13	69700594	70108493	KLHL1	0	-	407899
ENSG00000150401	chr13	113455819	113490951	DCUN1D2	0	-	35132
ENSG00000150403	chr13	113491021	113554590	TMCO3	0	+	63569
ENSG00000150433	chr11	125094389	125111763	TMEM218	0	-	17374
ENSG00000150455	chr11	126283065	126298845	TIRAP	0	+	15780
ENSG00000150456	chr13	20728731	20773961	EEF1AKMT1	0	-	45230
ENSG00000150457	chr13	20973036	21061586	LATS2	0	-	88550
ENSG00000150459	chr13	21140514	21149084	SAP18	0	+	8570
ENSG00000150471	chr4	61200326	62078335	ADGRL3	0	+	878009
ENSG00000150477	chr18	36829106	37232172	KIAA1328	0	+	403066
ENSG00000150510	chr13	51222334	51284239	FAM124A	0	+	61905
ENSG00000150527	chr14	39230231	39388513	MIA2	0	+	158282
ENSG00000150540	chr2	137964020	138016364	HNMT	0	+	52344
ENSG00000150551	chr2	132643286	132671579	LYPD1	0	-	28293
ENSG00000150556	chr2	149038107	149215262	LYPD6B	0	+	177155
ENSG00000150593	chr10	110871795	110900006	PDCD4	0	+	28211
ENSG00000150594	chr10	111077029	111080907	ADRA2A	0	+	3878
ENSG00000150625	chr4	175632934	176002664	GPM6A	0	-	369730
ENSG00000150627	chr4	176065841	176182818	WDR17	0	+	116977
ENSG00000150630	chr4	176683538	176792922	VEGFC	0	-	109384
ENSG00000150636	chr18	68715209	69055189	CCDC102B	0	+	339980
ENSG00000150637	chr18	69831158	69961803	CD226	0	-	130645
ENSG00000150667	chr15	39588357	39782841	FSIP1	0	-	194484
ENSG00000150672	chr11	83455012	85627922	DLG2	0	-	2172910
ENSG00000150681	chr1	192158462	192185815	RGS18	0	+	27353
ENSG00000150687	chr11	86791059	86952910	PRSS23	0	+	161851
ENSG00000150712	chr5	32226994	32312987	MTMR12	0	-	85993
ENSG00000150753	chr5	10249929	10266389	CCT5	0	+	16460
ENSG00000150756	chr5	10225507	10249897	ATPSCKMT	0	-	24390
ENSG00000150760	chr10	126905409	127452517	DOCK1	0	+	547108
ENSG00000150764	chr11	111927144	112022653	DIXDC1	0	+	95509
ENSG00000150768	chr11	112025408	112064404	DLAT	0	+	38996
ENSG00000150773	chr11	112063218	112074274	PIH1D2	0	-	11056
ENSG00000150776	chr11	112074086	112085150	NKAPD1	0	+	11064
ENSG00000150779	chr11	112084800	112086798	TIMM8B	0	-	1998
ENSG00000150782	chr11	112143253	112164096	IL18	0	-	20843
ENSG00000150787	chr11	112226367	112269955	PTS	0	+	43588
ENSG00000150867	chr10	22534854	22714578	PIP4K2A	0	-	179724
ENSG00000150873	chr2	11133128	11151317	C2orf50	0	+	18189
ENSG00000150893	chr13	38687077	38887131	FREM2	0	+	200054
ENSG00000150907	chr13	40555667	40666641	FOXO1	0	-	110974
ENSG00000150938	chr2	36355778	36551135	CRIM1	0	+	195357
ENSG00000150961	chr4	118722823	118838683	SEC24D	0	-	115860
ENSG00000150967	chr12	122920951	122981649	ABCB9	0	-	60698
ENSG00000150977	chr12	123415039	123436684	RILPL2	0	-	21645
ENSG00000150990	chr12	124946825	124989131	DHX37	0	-	42306
ENSG00000150991	chr12	124911604	124917368	UBC	0	-	5764
ENSG00000150995	chr3	4493345	4847506	ITPR1	0	+	354161
ENSG00000151012	chr4	138164097	138242349	SLC7A11	0	-	78252
ENSG00000151014	chr4	139015781	139045939	NOCT	0	+	30158
ENSG00000151025	chr10	25174802	25602229	GPR158	0	+	427427
ENSG00000151062	chr12	1791963	1918666	CACNA2D4	0	-	126703
ENSG00000151065	chr12	1946053	2004535	DCP1B	0	-	58482
ENSG00000151067	chr12	1970772	2697950	CACNA1C	0	+	727178
ENSG00000151090	chr3	24117153	24495756	THRB	0	-	378603
ENSG00000151092	chr3	25718944	25790039	NGLY1	0	-	71095
ENSG00000151093	chr3	25782917	25794534	OXSM	0	+	11617
ENSG00000151116	chr11	18529609	18588747	UEVLD	0	-	59138
ENSG00000151117	chr11	18693122	18704785	TMEM86A	0	+	11663
ENSG00000151131	chr12	104986316	105074197	NOPCHAP1	0	+	87881
ENSG00000151135	chr12	106955719	106978778	TMEM263	0	+	23059
ENSG00000151136	chr12	107318421	107659642	BTBD11	0	+	341221
ENSG00000151148	chr12	109477402	109536705	UBE3B	0	+	59303
ENSG00000151150	chr10	60026298	60733490	ANK3	0	-	707192
ENSG00000151151	chr10	58191517	58267894	IPMK	0	-	76377
ENSG00000151176	chr12	113358566	113391629	PLBD2	0	+	33063
ENSG00000151208	chr10	77790791	77926755	DLG5	0	-	135964
ENSG00000151224	chr10	80271820	80289658	MAT1A	0	-	17838
ENSG00000151229	chr12	39755025	40106089	SLC2A13	0	-	351064
ENSG00000151233	chr12	42081845	42144874	GXYLT1	0	-	63029
ENSG00000151239	chr12	43793723	43806328	TWF1	0	-	12605
ENSG00000151240	chr10	274190	689668	DIP2C	0	-	415478
ENSG00000151247	chr4	98879276	98929133	EIF4E	0	-	49857
ENSG00000151276	chr3	65353525	66038918	MAGI1	0	-	685393
ENSG00000151287	chr13	102765888	102773811	TEX30	0	-	7923
ENSG00000151292	chr5	123512099	123617045	CSNK1G3	0	+	104946
ENSG00000151304	chr5	121961975	122075570	SRFBP1	0	+	113595
ENSG00000151320	chr14	32329298	32837684	AKAP6	0	+	508386
ENSG00000151322	chr14	32934396	33820863	NPAS3	0	+	886467
ENSG00000151327	chr14	35044907	35113130	FAM177A1	0	+	68223
ENSG00000151332	chr14	36298564	36320637	MBIP	0	-	22073
ENSG00000151338	chr14	37197913	37552361	MIPOL1	0	+	354448
ENSG00000151348	chr11	44095648	44251962	EXT2	0	+	156314
ENSG00000151353	chr2	663877	677406	TMEM18	0	-	13529
ENSG00000151365	chr11	78063861	78068351	THRSP	0	+	4490
ENSG00000151376	chr11	86441108	86672636	ME3	0	-	231528
ENSG00000151388	chr5	33523535	33892019	ADAMTS12	0	-	368484
ENSG00000151413	chr14	31489956	31861224	NUBPL	0	+	371268
ENSG00000151414	chr1	198156994	198322420	NEK7	0	+	165426
ENSG00000151422	chr5	108747841	109196841	FER	0	+	449000
ENSG00000151445	chr14	77426675	77457952	VIPAS39	0	-	31277
ENSG00000151458	chr4	124664048	124712732	ANKRD50	0	-	48684
ENSG00000151461	chr10	11920022	12043170	UPF2	0	-	123148
ENSG00000151465	chr10	12195965	12250589	CDC123	0	+	54624
ENSG00000151466	chr4	128864921	129093600	SCLT1	0	-	228679
ENSG00000151468	chr10	12896625	13099652	CCDC3	0	-	203027
ENSG00000151470	chr4	129093317	129116640	C4orf33	0	+	23323
ENSG00000151474	chr10	13643706	14462142	FRMD4A	0	-	818436
ENSG00000151490	chr12	15322257	15602175	PTPRO	0	+	279918
ENSG00000151491	chr12	15620134	15882329	EPS8	0	-	262195
ENSG00000151498	chr11	134253548	134265855	ACAD8	0	+	12307
ENSG00000151500	chr11	134248279	134253370	THYN1	0	-	5091
ENSG00000151502	chr11	134224671	134247788	VPS26B	0	+	23117
ENSG00000151503	chr11	134150113	134225504	NCAPD3	0	-	75391
ENSG00000151532	chr10	112446998	112818744	VTI1A	0	+	371746
ENSG00000151552	chr4	17460261	17512206	QDPR	0	-	51945
ENSG00000151553	chr10	114821744	114899832	FHIP2A	0	+	78088
ENSG00000151575	chr15	56244009	56445997	TEX9	0	+	201988
ENSG00000151576	chr3	114005833	114088422	QTRT2	0	+	82589
ENSG00000151611	chr4	145599042	145660033	MMAA	0	+	60991
ENSG00000151612	chr4	145757627	145938823	ZNF827	0	-	181196
ENSG00000151617	chr4	147480917	147544954	EDNRA	0	+	64037
ENSG00000151623	chr4	148078762	148444698	NR3C2	0	-	365936
ENSG00000151632	chr10	4987775	5018031	AKR1C2	0	-	30256
ENSG00000151640	chr10	132186948	132205759	DPYSL4	0	+	18811
ENSG00000151651	chr10	133262420	133276868	ADAM8	0	-	14448
ENSG00000151655	chr10	7703316	7749520	ITIH2	0	+	46204
ENSG00000151657	chr10	7750962	7787993	KIN	0	-	37031
ENSG00000151665	chr2	46580937	46617055	PIGF	0	-	36118
ENSG00000151687	chr2	189674290	189761193	ANKAR	0	+	86903
ENSG00000151689	chr2	190343570	190371665	INPP1	0	+	28095
ENSG00000151690	chr2	190408355	190509205	MFSD6	0	+	100850
ENSG00000151692	chr2	6917412	7068286	RNF144A	0	+	150874
ENSG00000151693	chr2	9206765	9405683	ASAP2	0	+	198918
ENSG00000151694	chr2	9488486	9556732	ADAM17	0	-	68246
ENSG00000151702	chr11	128686535	128813267	FLI1	0	+	126732
ENSG00000151715	chr11	129815848	129860003	TMEM45B	0	+	44155
ENSG00000151718	chr4	183099257	183320777	WWC2	0	+	221520
ENSG00000151725	chr4	184694085	184734130	CENPU	0	-	40045
ENSG00000151726	chr4	184755595	184826818	ACSL1	0	-	71223
ENSG00000151729	chr4	185143266	185150382	SLC25A4	0	+	7116
ENSG00000151743	chr12	31671142	31729121	AMN1	0	-	57979
ENSG00000151746	chr12	32106835	32383633	BICD1	0	+	276798
ENSG00000151748	chr14	50632058	50668306	SAV1	0	-	36248
ENSG00000151773	chr13	43823909	43879740	CCDC122	0	-	55831
ENSG00000151778	chr13	44373665	44397714	SERP2	0	+	24049
ENSG00000151779	chr2	15166914	15561334	NBAS	0	-	394420
ENSG00000151789	chr3	21412218	22373321	ZNF385D	0	-	961103
ENSG00000151790	chr4	155854738	155920406	TDO2	0	+	65668
ENSG00000151806	chr4	44678420	44700928	GUF1	0	+	22508
ENSG00000151835	chr13	23288689	23433763	SACS	0	-	145074
ENSG00000151838	chr14	59504539	59576812	CCDC175	0	-	72273
ENSG00000151846	chr13	25096136	25099254	PABPC3	0	+	3118
ENSG00000151849	chr13	24882279	24922889	CENPJ	0	-	40610
ENSG00000151876	chr5	41925254	41941743	FBXO4	0	+	16489
ENSG00000151881	chr5	43444252	43483893	TMEM267	0	-	39641
ENSG00000151882	chr5	43376645	43412391	CCL28	0	-	35746
ENSG00000151883	chr5	50665899	50846519	PARP8	0	+	180620
ENSG00000151892	chr10	116056925	116276803	GFRA1	0	-	219878
ENSG00000151893	chr10	118674167	118755249	CACUL1	0	-	81082
ENSG00000151914	chr6	56457987	56954830	DST	0	-	496843
ENSG00000151917	chr6	56955107	57027346	BEND6	0	+	72239
ENSG00000151923	chr10	119571802	119597029	TIAL1	0	-	25227
ENSG00000151929	chr10	119651380	119677819	BAG3	0	+	26439
ENSG00000152049	chr2	223052190	223198399	KCNE4	0	+	146209
ENSG00000152061	chr1	174159410	174995308	RABGAP1L	0	+	835898
ENSG00000152076	chr2	130139287	130145134	CCDC74B	0	-	5847
ENSG00000152082	chr2	130181737	130190729	MZT2B	0	+	8992
ENSG00000152086	chr2	130191745	130198439	TUBA3E	0	-	6694
ENSG00000152092	chr1	176857302	177164973	ASTN1	0	-	307671
ENSG00000152102	chr2	131047876	131093460	FAM168B	0	-	45584
ENSG00000152104	chr1	214348700	214552449	PTPN14	0	-	203749
ENSG00000152127	chr2	134119983	134454621	MGAT5	0	+	334638
ENSG00000152128	chr2	134455759	134719000	TMEM163	0	-	263241
ENSG00000152133	chr2	37084451	37099244	GPATCH11	0	+	14793
ENSG00000152137	chr12	119171555	119224855	HSPB8	0	+	53300
ENSG00000152147	chr2	38751534	38785002	GEMIN6	0	+	33468
ENSG00000152154	chr2	39664982	39717963	TMEM178A	0	+	52981
ENSG00000152193	chr13	78614289	78659155	OBI1	0	-	44866
ENSG00000152207	chr13	48653711	48711226	CYSLTR2	0	+	57515
ENSG00000152213	chr13	49628507	49633872	ARL11	0	+	5365
ENSG00000152217	chr18	44680173	45068510	SETBP1	0	+	388337
ENSG00000152219	chr11	30323104	30338223	ARL14EP	0	+	15119
ENSG00000152223	chr18	45847609	45967329	EPG5	0	-	119720
ENSG00000152229	chr18	45983536	46072272	PSTPIP2	0	-	88736
ENSG00000152234	chr18	46080248	46104334	ATP5F1A	0	-	24086
ENSG00000152240	chr18	46104378	46128333	HAUS1	0	+	23955
ENSG00000152242	chr18	46173553	46266992	C18orf25	0	+	93439
ENSG00000152253	chr2	168834132	168913371	SPC25	0	-	79239
ENSG00000152256	chr2	172555373	172608669	PDK1	0	+	53296
ENSG00000152270	chr11	14643804	14872044	PDE3B	0	+	228240
ENSG00000152284	chr2	85133392	85310387	TCF7L1	0	+	176995
ENSG00000152291	chr2	85318027	85328251	TGOLN2	0	-	10224
ENSG00000152315	chr14	90061994	90185853	KCNK13	0	+	123859
ENSG00000152332	chr1	162497251	162529631	UHMK1	0	+	32380
ENSG00000152348	chr5	81972023	82276857	ATG10	0	+	304834
ENSG00000152359	chr5	75674124	75717448	POC5	0	-	43324
ENSG00000152377	chr5	136975298	137598379	SPOCK1	0	-	623081
ENSG00000152380	chr5	80487969	80542563	FAM151B	0	+	54594
ENSG00000152382	chr1	166856510	166876264	TADA1	0	-	19754
ENSG00000152402	chr11	106674019	107018476	GUCY1A2	0	-	344457
ENSG00000152404	chr11	107326360	107457825	CWF19L2	0	-	131465
ENSG00000152409	chr5	79236131	79327211	JMY	0	+	91080
ENSG00000152413	chr5	79372636	79514134	HOMER1	0	-	141498
ENSG00000152422	chr5	83077498	83353787	XRCC4	0	+	276289
ENSG00000152454	chr19	57940833	57947706	ZNF256	0	-	6873
ENSG00000152455	chr10	14878820	14904315	SUV39H2	0	+	25495
ENSG00000152457	chr10	14897359	14954432	DCLRE1C	0	-	57073
ENSG00000152464	chr10	15097180	15139818	RPP38	0	+	42638
ENSG00000152465	chr10	15102584	15168693	NMT2	0	-	66109
ENSG00000152475	chr19	58367618	58381030	ZNF837	0	-	13412
ENSG00000152484	chr13	27066156	27171811	USP12	0	-	105655
ENSG00000152492	chr3	191329085	191398659	CCDC50	0	+	69574
ENSG00000152495	chr5	111223653	111494886	CAMK4	0	+	271233
ENSG00000152503	chr5	115124762	115180546	TRIM36	0	-	55784
ENSG00000152518	chr2	43222402	43226606	ZFP36L2	0	-	4204
ENSG00000152520	chr13	28138506	28295335	PAN3	0	+	156829
ENSG00000152527	chr2	43637260	43767987	PLEKHH2	0	+	130727
ENSG00000152556	chr12	48105139	48146404	PFKM	0	+	41265
ENSG00000152558	chr11	102396332	102470384	TMEM123	0	-	74052
ENSG00000152578	chr11	105609994	105982092	GRIA4	0	+	372098
ENSG00000152580	chr3	151425384	151461061	IGSF10	0	-	35677
ENSG00000152582	chr5	35617844	35814611	SPEF2	0	+	196767
ENSG00000152583	chr4	87473335	87531061	SPARCL1	0	-	57726
ENSG00000152601	chr3	152243828	152465780	MBNL1	0	+	221952
ENSG00000152611	chr5	35904288	35938779	CAPSL	0	-	34491
ENSG00000152620	chr5	36192589	36242279	NADK2	0	-	49690
ENSG00000152642	chr3	32105689	32168709	GPD1L	0	+	63020
ENSG00000152661	chr6	121435595	121449727	GJA1	0	+	14132
ENSG00000152669	chr5	55231152	55233608	CCNO	0	-	2456
ENSG00000152683	chr2	32165841	32224379	SLC30A6	0	+	58538
ENSG00000152689	chr2	33436324	33564750	RASGRP3	0	+	128426
ENSG00000152700	chr5	134601149	134649271	SAR1B	0	-	48122
ENSG00000152749	chr13	94601857	94634661	GPR180	0	+	32804
ENSG00000152763	chr1	66812885	66924856	DNAI4	0	-	111971
ENSG00000152766	chr10	88819896	88851844	ANKRD22	0	-	31948
ENSG00000152767	chr13	98142562	98455176	FARP1	0	+	312614
ENSG00000152778	chr10	89414568	89421605	IFIT5	0	+	7037
ENSG00000152782	chr10	89582988	89645242	PANK1	0	-	62254
ENSG00000152784	chr4	80183879	80204329	PRDM8	0	+	20450
ENSG00000152795	chr4	82422565	82430462	HNRNPDL	0	-	7897
ENSG00000152804	chr10	92689955	92695647	HHEX	0	+	5692
ENSG00000152818	chr6	144285335	144853034	UTRN	0	+	567699
ENSG00000152894	chr6	127968785	128520616	PTPRK	0	-	551831
ENSG00000152926	chr7	64971772	65006684	ZNF117	0	-	34912
ENSG00000152932	chr5	58582221	58859394	RAB3C	0	+	277173
ENSG00000152939	chr5	69415065	69444330	MARVELD2	0	+	29265
ENSG00000152942	chr5	69369293	69414801	RAD17	0	+	45508
ENSG00000152944	chr12	27022546	27066343	MED21	0	+	43797
ENSG00000152952	chr3	146069440	146163653	PLOD2	0	-	94213
ENSG00000152953	chr4	5051480	5500994	STK32B	0	+	449514
ENSG00000152977	chr3	147393422	147510293	ZIC1	0	+	116871
ENSG00000152990	chr4	22345071	22516066	ADGRA3	0	-	170995
ENSG00000153002	chr3	148791102	148860187	CPB1	0	+	69085
ENSG00000153006	chr5	64718148	64768691	SREK1IP1	0	-	50543
ENSG00000153012	chr4	24998847	25030946	LGI2	0	-	32099
ENSG00000153015	chr5	64766368	65102412	CWC27	0	+	336044
ENSG00000153029	chr1	181033374	181061938	MR1	0	+	28564
ENSG00000153037	chr5	112861188	112898371	SRP19	0	+	37183
ENSG00000153044	chr5	69189574	69210357	CENPH	0	+	20783
ENSG00000153046	chr6	4706159	4955551	CDYL	0	+	249392
ENSG00000153048	chr16	8852942	8869012	CARHSP1	0	-	16070
ENSG00000153064	chr4	101411286	102074812	BANK1	0	+	663526
ENSG00000153066	chr16	11679083	11742857	TXNDC11	0	-	63774
ENSG00000153086	chr2	134838616	134902034	ACMSD	0	+	63418
ENSG00000153107	chr2	111611639	111884690	ANAPC1	0	-	273051
ENSG00000153113	chr5	96525267	96779595	CAST	0	+	254328
ENSG00000153130	chr4	140257286	140385728	SCOC	0	+	128442
ENSG00000153132	chr4	140388453	140427661	CLGN	0	-	39208
ENSG00000153140	chr5	90392257	90409766	CETN3	0	-	17509
ENSG00000153147	chr4	143513702	143557486	SMARCA5	0	+	43784
ENSG00000153162	chr6	7726099	7881728	BMP6	0	+	155629
ENSG00000153165	chr2	106391290	106468413	RGPD3	0	-	77123
ENSG00000153179	chr12	64507001	64697564	RASSF3	0	+	190563
ENSG00000153187	chr1	244840638	244864560	HNRNPU	0	-	23922
ENSG00000153201	chr2	108719482	108785809	RANBP2	0	+	66327
ENSG00000153207	chr1	246839098	246931948	AHCTF1	0	-	92850
ENSG00000153208	chr2	111898607	112029561	MERTK	0	+	130954
ENSG00000153214	chr2	112055269	112119318	TMEM87B	0	+	64049
ENSG00000153233	chr12	70638073	70920738	PTPRR	0	-	282665
ENSG00000153234	chr2	156324437	156342348	NR4A2	0	-	17911
ENSG00000153237	chr2	158171073	158456753	CCDC148	0	-	285680
ENSG00000153246	chr2	159932006	160062615	PLA2R1	0	-	130609
ENSG00000153250	chr2	160272151	160493807	RBMS1	0	-	221656
ENSG00000153253	chr2	165087526	165204050	SCN3A	0	-	116524
ENSG00000153283	chr3	111292719	111665750	CD96	0	+	373031
ENSG00000153291	chr6	46652915	46678190	SLC25A27	0	+	25275
ENSG00000153292	chr6	46997708	47042350	ADGRF1	0	-	44642
ENSG00000153310	chr8	129839593	130017129	CYRIB	0	-	177536
ENSG00000153317	chr8	130052104	130443674	ASAP1	0	-	391570
ENSG00000153339	chr18	31829197	31953136	TRAPPC8	0	-	123939
ENSG00000153395	chr5	1456480	1523962	LPCAT1	0	-	67482
ENSG00000153404	chr5	92168	189972	PLEKHG4B	0	+	97804
ENSG00000153406	chr16	4461691	4495763	NMRAL1	0	-	34072
ENSG00000153443	chr16	4608883	4615027	UBALD1	0	-	6144
ENSG00000153446	chr16	5044122	5066110	C16orf89	0	-	21988
ENSG00000153487	chr13	110712736	110723339	ING1	0	+	10603
ENSG00000153531	chr13	113399611	113453488	ADPRHL1	0	-	53877
ENSG00000153551	chr3	32391698	32483067	CMTM7	0	+	91369
ENSG00000153558	chr3	33277025	33403662	FBXL2	0	+	126637
ENSG00000153560	chr3	33388336	33441371	UBP1	0	-	53035
ENSG00000153561	chr2	86720291	86778041	RMND5A	0	+	57750
ENSG00000153563	chr2	86784610	86808396	CD8A	0	-	23786
ENSG00000153574	chr2	88691673	88750929	RPIA	0	+	59256
ENSG00000153707	chr9	8314246	10613002	PTPRD	0	-	2298756
ENSG00000153714	chr9	12775020	12823060	LURAP1L	0	+	48040
ENSG00000153767	chr3	120742637	120783069	GTF2E1	0	+	40432
ENSG00000153774	chr16	75293698	75433503	CFDP1	0	-	139805
ENSG00000153786	chr16	84974175	85011535	ZDHHC7	0	-	37360
ENSG00000153790	chr7	25134692	25180356	C7orf31	0	-	45664
ENSG00000153814	chr7	27830573	28180795	JAZF1	0	-	350222
ENSG00000153815	chr16	81444808	81711762	CMIP	0	+	266954
ENSG00000153822	chr17	70053429	70135608	KCNJ16	0	+	82179
ENSG00000153823	chr2	228850526	229271287	PID1	0	-	420761
ENSG00000153827	chr2	229763837	229923239	TRIP12	0	-	159402
ENSG00000153832	chr2	229922302	230013119	FBXO36	0	+	90817
ENSG00000153879	chr19	33373685	33382686	CEBPG	0	+	9001
ENSG00000153885	chr19	33795933	33815763	KCTD15	0	+	19830
ENSG00000153896	chr19	34758073	34773229	ZNF599	0	-	15156
ENSG00000153898	chr1	84925583	84997113	MCOLN2	0	-	71530
ENSG00000153902	chr19	35124513	35142451	LGI4	0	-	17938
ENSG00000153904	chr1	85318481	85578363	DDAH1	0	-	259882
ENSG00000153914	chr5	66139971	66183615	SREK1	0	+	43644
ENSG00000153922	chr5	98853985	98929007	CHD1	0	-	75022
ENSG00000153933	chr17	56834107	56869567	DGKE	0	+	35460
ENSG00000153936	chr1	86914635	87109982	HS2ST1	0	+	195347
ENSG00000153944	chr17	57255851	57684689	MSI2	0	+	428838
ENSG00000153956	chr7	81946444	82443777	CACNA2D1	0	-	497333
ENSG00000153975	chr6	116635618	116668794	ZUP1	0	-	33176
ENSG00000153976	chr17	13494032	13601929	HS3ST3A1	0	-	107897
ENSG00000153982	chr17	59220467	59275970	GDPD1	0	+	55503
ENSG00000153989	chr6	117675469	117710727	NUS1	0	+	35258
ENSG00000153993	chr7	84995553	85187056	SEMA3D	0	-	191503
ENSG00000154001	chr14	63371364	63543377	PPP2R5E	0	-	172013
ENSG00000154016	chr17	19020656	19047011	GRAP	0	-	26355
ENSG00000154025	chr17	18950345	19022595	SLC5A10	0	+	72250
ENSG00000154027	chr1	77282019	77559966	AK5	0	+	277947
ENSG00000154040	chr18	24138987	24161600	CABYR	0	+	22613
ENSG00000154059	chr18	24426634	24453531	IMPACT	0	+	26897
ENSG00000154065	chr18	23598926	23662911	ANKRD29	0	-	63985
ENSG00000154079	chr6	70566917	70589569	SDHAF4	0	+	22652
ENSG00000154080	chr18	26906481	27185308	CHST9	0	-	278827
ENSG00000154096	chr11	119415476	119424985	THY1	0	-	9509
ENSG00000154099	chr16	84145287	84178767	DNAAF1	0	+	33480
ENSG00000154102	chr16	85690084	85751129	C16orf74	0	-	61045
ENSG00000154118	chr16	87601835	87698156	JPH3	0	+	96321
ENSG00000154122	chr5	14704800	14871778	ANKH	0	-	166978
ENSG00000154124	chr5	14664664	14699850	OTULIN	0	+	35186
ENSG00000154127	chr11	122655722	122814473	UBASH3B	0	+	158751
ENSG00000154133	chr11	124883691	124898500	ROBO4	0	-	14809
ENSG00000154134	chr11	124865432	124881471	ROBO3	0	+	16039
ENSG00000154144	chr11	124622836	124635926	TBRG1	0	+	13090
ENSG00000154146	chr11	124739942	124747210	NRGN	0	+	7268
ENSG00000154153	chr5	16473038	16617101	RETREG1	0	-	144063
ENSG00000154174	chr3	100363431	100401089	TOMM70	0	-	37658
ENSG00000154175	chr3	100749156	100993515	ABI3BP	0	-	244359
ENSG00000154188	chr8	107249482	107498055	ANGPT1	0	-	248573
ENSG00000154217	chr17	67377281	67697256	PITPNC1	0	+	319975
ENSG00000154222	chr1	52345723	52366205	CC2D1B	0	-	20482
ENSG00000154229	chr17	66302613	66810743	PRKCA	0	+	508130
ENSG00000154237	chr15	100919327	101078257	LRRK1	0	+	158930
ENSG00000154240	chr17	65635537	66192133	CEP112	0	-	556596
ENSG00000154258	chr17	68974488	69060949	ABCA9	0	-	86461
ENSG00000154262	chr17	69078702	69141895	ABCA6	0	-	63193
ENSG00000154263	chr17	69147214	69244846	ABCA10	0	-	97632
ENSG00000154269	chr6	131628442	131747418	ENPP3	0	+	118976
ENSG00000154274	chr4	37453925	37623495	C4orf19	0	+	169570
ENSG00000154277	chr4	41256413	41268455	UCHL1	0	+	12042
ENSG00000154305	chr1	222618097	222668007	MIA3	0	+	49910
ENSG00000154309	chr1	222815022	223005995	DISP1	0	+	190973
ENSG00000154310	chr3	171058414	171460408	TNIK	0	-	401994
ENSG00000154319	chr8	11421476	11475908	FAM167A	0	-	54432
ENSG00000154328	chr8	11769639	11787345	NEIL2	0	+	17706
ENSG00000154330	chr9	68328308	68531061	PGM5	0	+	202753
ENSG00000154358	chr1	228208044	228378876	OBSCN	0	+	170832
ENSG00000154359	chr8	12721906	12756073	LONRF1	0	-	34167
ENSG00000154370	chr1	228393673	228406835	TRIM11	0	-	13162
ENSG00000154380	chr1	225486829	225653142	ENAH	0	-	166313
ENSG00000154429	chr1	229321011	229343294	CCSAP	0	-	22283
ENSG00000154447	chr4	169094259	169270956	SH3RF1	0	-	176697
ENSG00000154451	chr1	89256189	89272860	GBP5	0	-	16671
ENSG00000154473	chr10	123154402	123170467	BUB3	0	+	16065
ENSG00000154478	chr10	123666355	123697399	GPR26	0	+	31044
ENSG00000154493	chr10	126424997	126798708	C10orf90	0	-	373711
ENSG00000154511	chr1	92832737	92961522	DIPK1A	0	-	128785
ENSG00000154518	chr2	175176258	175181710	ATP5MC3	0	-	5452
ENSG00000154529	chr9	41890314	42129510	CNTNAP3B	0	-	239196
ENSG00000154545	chrX	52184876	52192268	MAGED4	0	+	7392
ENSG00000154548	chr6	89095959	89118071	SRSF12	0	-	22112
ENSG00000154553	chr4	185500660	185535507	PDLIM3	0	-	34847
ENSG00000154556	chr4	185585444	185956652	SORBS2	0	-	371208
ENSG00000154582	chr8	73939169	73972307	ELOC	0	-	33138
ENSG00000154589	chr8	73991392	74029079	LY96	0	+	37687
ENSG00000154639	chr21	17513043	17593579	CXADR	0	+	80536
ENSG00000154640	chr21	17593653	17612945	BTG3	0	-	19292
ENSG00000154642	chr21	17788974	17819386	C21orf91	0	-	30412
ENSG00000154645	chr21	17901263	18267373	CHODL	0	+	366110
ENSG00000154654	chr21	20998409	21543329	NCAM2	0	+	544920
ENSG00000154655	chr18	5954706	6415237	L3MBTL4	0	-	460531
ENSG00000154678	chr7	31751179	32428131	PDE1C	0	-	676952
ENSG00000154719	chr21	25585656	25607517	MRPL39	0	-	21861
ENSG00000154721	chr21	25639258	25717562	JAM2	0	+	78304
ENSG00000154723	chr21	25716503	25735673	ATP5PF	0	-	19170
ENSG00000154727	chr21	25734570	25772460	GABPA	0	+	37890
ENSG00000154734	chr21	26835755	26845409	ADAMTS1	0	-	9654
ENSG00000154736	chr21	26917922	26967088	ADAMTS5	0	-	49166
ENSG00000154743	chr3	12484421	12541549	TSEN2	0	+	57128
ENSG00000154760	chr17	35435096	35448837	SLFN13	0	-	13741
ENSG00000154767	chr3	14145147	14178621	XPC	0	-	33474
ENSG00000154781	chr3	14651762	14672659	CCDC174	0	+	20897
ENSG00000154783	chr3	14810853	14934571	FGD5	0	+	123718
ENSG00000154813	chr3	16257061	16264969	DPH3	0	-	7908
ENSG00000154814	chr3	16265160	16350299	OXNAD1	0	+	85139
ENSG00000154822	chr3	16802651	17090604	PLCL2	0	+	287953
ENSG00000154832	chr18	50282343	50287839	CXXC1	0	-	5496
ENSG00000154839	chr18	50375040	50394168	SKA1	0	+	19128
ENSG00000154845	chr18	9546791	9615240	PPP4R1	0	-	68449
ENSG00000154856	chr18	10454635	10489949	APCDD1	0	+	35314
ENSG00000154864	chr18	10666483	11149569	PIEZO2	0	-	483086
ENSG00000154889	chr18	11882622	11908366	MPPE1	0	-	25744
ENSG00000154914	chr17	9644698	9729687	USP43	0	+	84989
ENSG00000154917	chr3	133824235	133895882	RAB6B	0	-	71647
ENSG00000154920	chr17	50373220	50381483	EME1	0	+	8263
ENSG00000154928	chr3	134795260	135260467	EPHB1	0	+	465207
ENSG00000154930	chr20	25006230	25058980	ACSS1	0	-	52750
ENSG00000154945	chr17	50693198	50707914	ANKRD40	0	-	14716
ENSG00000154957	chr17	11977439	11997475	ZNF18	0	-	20036
ENSG00000154978	chr7	55436056	55572988	VOPP1	0	-	136932
ENSG00000155008	chrX	85003877	85093315	APOOL	0	+	89438
ENSG00000155011	chr4	106921802	107283806	DKK2	0	-	362004
ENSG00000155016	chr4	107931549	107953461	CYP2U1	0	+	21912
ENSG00000155026	chr7	5925550	5970683	RSPH10B	0	-	45133
ENSG00000155034	chr7	5431335	5513809	FBXL18	0	-	82474
ENSG00000155066	chr2	95274449	95291308	PROM2	0	+	16859
ENSG00000155085	chr6	109492855	109691217	AK9	0	-	198362
ENSG00000155090	chr8	102648784	102655725	KLF10	0	-	6941
ENSG00000155093	chr7	157539056	158587823	PTPRN2	0	-	1048767
ENSG00000155096	chr8	102826111	102893864	AZIN1	0	-	67753
ENSG00000155097	chr8	103021063	103073051	ATP6V1C1	0	+	51988
ENSG00000155099	chr8	90993802	91040872	PIP4P2	0	-	47070
ENSG00000155100	chr8	91070196	91087095	OTUD6B	0	+	16899
ENSG00000155111	chr6	110609978	110815958	CDK19	0	-	205980
ENSG00000155115	chr6	110958706	110967890	GTF3C6	0	+	9184
ENSG00000155158	chr9	15163622	15307360	TTC39B	0	-	143738
ENSG00000155189	chr8	6708642	6761503	AGPAT5	0	+	52861
ENSG00000155229	chr10	97458324	97498794	MMS19	0	-	40470
ENSG00000155254	chr10	97713173	97718150	MARVELD1	0	+	4977
ENSG00000155256	chr10	97737121	97760907	ZFYVE27	0	+	23786
ENSG00000155265	chr10	97849843	97871580	GOLGA7B	0	+	21737
ENSG00000155269	chr4	8558725	8619761	GPR78	0	+	61036
ENSG00000155275	chr4	8436140	8493531	TRMT44	0	+	57391
ENSG00000155287	chr10	99610522	99620609	SLC25A28	0	-	10087
ENSG00000155304	chr21	14371115	14383484	HSPA13	0	-	12369
ENSG00000155307	chr21	14485228	14658821	SAMSN1	0	-	173593
ENSG00000155313	chr21	15729982	15880064	USP25	0	+	150082
ENSG00000155324	chr5	126360132	126496494	GRAMD2B	0	+	136362
ENSG00000155329	chr5	132996985	133026604	ZCCHC10	0	-	29619
ENSG00000155330	chr16	46796603	46831180	C16orf87	0	-	34577
ENSG00000155363	chr1	112673141	112700756	MOV10	0	+	27615
ENSG00000155368	chr2	119366924	119372550	DBI	0	+	5626
ENSG00000155380	chr1	112911847	112957593	SLC16A1	0	-	45746
ENSG00000155393	chr16	50065967	50107272	HEATR3	0	+	41305
ENSG00000155438	chr2	121726945	121736911	NIFK	0	-	9966
ENSG00000155463	chr14	22766522	22773042	OXA1L	0	+	6520
ENSG00000155465	chr14	22773222	22829820	SLC7A7	0	-	56598
ENSG00000155506	chr5	154682986	154817605	LARP1	0	+	134619
ENSG00000155508	chr5	154857553	154876792	CNOT8	0	+	19239
ENSG00000155511	chr5	153489615	153813869	GRIA1	0	+	324254
ENSG00000155530	chr7	134127299	134264591	LRGUK	0	+	137292
ENSG00000155542	chr5	56909260	56925532	SETD9	0	+	16272
ENSG00000155545	chr5	56919602	56971675	MIER3	0	-	52073
ENSG00000155561	chr7	135557917	135648757	NUP205	0	+	90840
ENSG00000155592	chr16	25236001	25257845	ZKSCAN2	0	-	21844
ENSG00000155621	chr9	71911510	71986054	C9orf85	0	+	74544
ENSG00000155629	chr10	96593315	96720514	PIK3AP1	0	-	127199
ENSG00000155636	chr2	178112424	178139011	RBM45	0	+	26587
ENSG00000155657	chr2	178525989	178830802	TTN	0	-	304813
ENSG00000155659	chrX	66021738	66040125	VSIG4	0	-	18387
ENSG00000155660	chr7	149003062	149028662	PDIA4	0	-	25600
ENSG00000155666	chr16	27203508	27221768	KDM8	0	+	18260
ENSG00000155729	chr2	200488958	200519784	KCTD18	0	-	30826
ENSG00000155744	chr2	200973718	201071671	FAM126B	0	-	97953
ENSG00000155755	chr2	201620184	201643570	TMEM237	0	-	23386
ENSG00000155760	chr2	202033855	202038441	FZD7	0	+	4586
ENSG00000155761	chr1	117953590	118185228	SPAG17	0	-	231638
ENSG00000155792	chr8	119873717	120050918	DEPTOR	0	+	177201
ENSG00000155827	chr9	101533853	101563344	RNF20	0	+	29491
ENSG00000155846	chr5	149730298	149855022	PPARGC1B	0	+	124724
ENSG00000155849	chr7	36852906	37449223	ELMO1	0	-	596317
ENSG00000155850	chr5	149960758	149993455	SLC26A2	0	+	32697
ENSG00000155858	chr5	157743712	157760709	LSM11	0	+	16997
ENSG00000155876	chr9	19049427	19051025	RRAGA	0	+	1598
ENSG00000155886	chr9	19507452	19789037	SLC24A2	0	-	281585
ENSG00000155893	chr3	141228726	141367753	PXYLP1	0	+	139027
ENSG00000155903	chr3	141487027	141615344	RASA2	0	+	128317
ENSG00000155906	chr6	151398898	151452158	RMND1	0	-	53260
ENSG00000155926	chr8	133036728	133102912	SLA	0	-	66184
ENSG00000155959	chrX	155197007	155239841	VBP1	0	+	42834
ENSG00000155961	chrX	155258235	155264491	RAB39B	0	-	6256
ENSG00000155962	chrX	155276211	155334657	CLIC2	0	-	58446
ENSG00000155966	chrX	148500617	149000663	AFF2	0	+	500046
ENSG00000155970	chr8	17027238	17122642	MICU3	0	+	95404
ENSG00000155974	chr12	66347431	67069162	GRIP1	0	-	721731
ENSG00000155975	chr8	17246931	17302427	VPS37A	0	+	55496
ENSG00000155980	chr12	57546026	57586633	KIF5A	0	+	40607
ENSG00000156011	chr8	18527303	19084730	PSD3	0	-	557427
ENSG00000156017	chr9	74980790	75028423	CARNMT1	0	-	47633
ENSG00000156026	chr10	72692143	72887694	MCU	0	+	195551
ENSG00000156030	chr14	73715122	73790285	MIDEAS	0	-	75163
ENSG00000156042	chr10	73253762	73358864	CFAP70	0	-	105102
ENSG00000156049	chr9	77423079	77648322	GNA14	0	-	225243
ENSG00000156050	chr14	73931501	73950414	FAM161B	0	-	18913
ENSG00000156052	chr9	77716097	78031811	GNAQ	0	-	315714
ENSG00000156076	chr12	65050626	65121305	WIF1	0	-	70679
ENSG00000156096	chr4	69480165	69526014	UGT2B4	0	-	45849
ENSG00000156103	chr8	88032011	88328025	MMP16	0	-	296014
ENSG00000156110	chr10	74151202	74709963	ADK	0	+	558761
ENSG00000156113	chr10	76869601	77638369	KCNMA1	0	-	768768
ENSG00000156127	chr14	75522455	75546993	BATF	0	+	24538
ENSG00000156140	chr4	72280969	72569221	ADAMTS3	0	-	288252
ENSG00000156150	chr1	110059870	110070672	ALX3	0	-	10802
ENSG00000156162	chr8	94719703	94793836	DPY19L4	0	+	74133
ENSG00000156170	chr8	94895767	95116455	NDUFAF6	0	+	220688
ENSG00000156171	chr1	111117163	111140203	DRAM2	0	-	23040
ENSG00000156172	chr8	95244913	95269201	CFAP418	0	-	24288
ENSG00000156218	chr15	83654088	84039842	ADAMTSL3	0	+	385754
ENSG00000156219	chr4	76011184	76112802	ART3	0	+	101618
ENSG00000156232	chr15	82809628	82836108	WHAMM	0	+	26480
ENSG00000156234	chr4	77511753	77611834	CXCL13	0	+	100081
ENSG00000156239	chr21	28872191	28885371	N6AMT1	0	-	13180
ENSG00000156253	chr21	29004384	29019360	RWDD2B	0	-	14976
ENSG00000156256	chr21	29024629	29054488	USP16	0	+	29859
ENSG00000156261	chr21	29055805	29073797	CCT8	0	-	17992
ENSG00000156265	chr21	29077471	29175889	MAP3K7CL	0	+	98418
ENSG00000156273	chr21	29194071	29630751	BACH1	0	+	436680
ENSG00000156284	chr21	30214006	30216097	CLDN8	0	-	2091
ENSG00000156299	chr21	31118416	31559977	TIAM1	0	-	441561
ENSG00000156304	chr21	31671000	31732118	SCAF4	0	-	61118
ENSG00000156313	chrX	38269163	38327544	RPGR	0	-	58381
ENSG00000156345	chr9	87966441	87974753	CDK20	0	-	8312
ENSG00000156374	chr10	103302796	103351144	PCGF6	0	-	48348
ENSG00000156381	chr14	102501767	102509799	ANKRD9	0	-	8032
ENSG00000156384	chr10	104122058	104126385	SFR1	0	+	4327
ENSG00000156398	chr10	102714538	102743492	SFXN2	0	+	28954
ENSG00000156411	chr14	103912288	103928269	ATP5MJ	0	-	15981
ENSG00000156413	chr19	5830408	5839722	FUT6	0	-	9314
ENSG00000156414	chr14	103928456	104052667	TDRD9	0	+	124211
ENSG00000156427	chr5	171419647	171457626	FGF18	0	+	37979
ENSG00000156453	chr5	141853090	141879246	PCDH1	0	-	26156
ENSG00000156463	chr5	145936578	146081791	SH3RF2	0	+	145213
ENSG00000156467	chr8	96222947	96235546	UQCRB	0	-	12599
ENSG00000156469	chr8	96239398	96261610	MTERF3	0	-	22212
ENSG00000156471	chr8	96261902	96336995	PTDSS1	0	+	75093
ENSG00000156475	chr5	146580742	147084784	PPP2R2B	0	-	504042
ENSG00000156482	chr8	98024851	98046469	RPL30	0	-	21618
ENSG00000156500	chrX	134796395	134854835	PABIR3	0	+	58440
ENSG00000156502	chr10	69180234	69209099	SUPV3L1	0	+	28865
ENSG00000156504	chrX	134769566	134797232	PABIR2	0	-	27666
ENSG00000156508	chr6	73489308	73525587	EEF1A1	0	-	36279
ENSG00000156515	chr10	69269984	69401884	HK1	0	+	131900
ENSG00000156521	chr10	70137981	70146700	TYSND1	0	-	8719
ENSG00000156531	chrX	134373288	134428791	PHF6	0	+	55503
ENSG00000156535	chr6	73695785	73828316	CD109	0	+	132531
ENSG00000156587	chr11	57551656	57568284	UBE2L6	0	-	16628
ENSG00000156599	chr11	57667747	57701182	ZDHHC5	0	+	33435
ENSG00000156603	chr11	57703710	57712221	MED19	0	-	8511
ENSG00000156639	chr6	37819727	38154624	ZFAND3	0	+	334897
ENSG00000156642	chr15	73560014	73634134	NPTN	0	-	74120
ENSG00000156650	chr10	74824927	75032624	KAT6B	0	+	207697
ENSG00000156671	chr10	75099586	75182123	SAMD8	0	+	82537
ENSG00000156675	chr8	37858618	37899497	RAB11FIP1	0	-	40879
ENSG00000156689	chr11	58834065	58904215	GLYATL2	0	-	70150
ENSG00000156697	chrX	129906121	129929761	UTP14A	0	+	23640
ENSG00000156709	chrX	130124666	130165879	AIFM1	0	-	41213
ENSG00000156711	chr6	36127809	36144524	MAPK13	0	+	16715
ENSG00000156735	chr8	38176533	38213301	BAG4	0	+	36768
ENSG00000156738	chr11	60455846	60470752	MS4A1	0	+	14906
ENSG00000156787	chr8	123041968	123152153	TBC1D31	0	+	110185
ENSG00000156795	chr8	123416726	123470028	NTAQ1	0	+	53302
ENSG00000156802	chr8	123319850	123416350	ATAD2	0	-	96500
ENSG00000156804	chr8	123497889	123541206	FBXO32	0	-	43317
ENSG00000156831	chr8	125091679	125367120	NSMCE2	0	+	275441
ENSG00000156853	chr16	30602558	30624012	ZNF689	0	-	21454
ENSG00000156858	chr16	30650717	30656413	PRR14	0	+	5696
ENSG00000156860	chr16	30658431	30670810	FBRS	0	+	12379
ENSG00000156869	chr1	99703970	99766635	FRRS1	0	-	62665
ENSG00000156873	chr16	30748293	30761176	PHKG2	0	+	12883
ENSG00000156876	chr1	100083563	100132955	SASS6	0	-	49392
ENSG00000156928	chr7	23298739	23311729	MALSU1	0	+	12990
ENSG00000156931	chr3	184812143	185052614	VPS8	0	+	240471
ENSG00000156958	chr15	49155656	49367869	GALK2	0	+	212213
ENSG00000156966	chr2	231395710	231401164	B3GNT7	0	+	5454
ENSG00000156970	chr15	40161023	40221123	BUB1B	0	+	60100
ENSG00000156973	chr2	231732433	231786272	PDE6D	0	-	53839
ENSG00000156976	chr3	186783205	186789897	EIF4A2	0	+	6692
ENSG00000156983	chr3	9731729	9748019	BRPF1	0	+	16290
ENSG00000156990	chr3	9837849	9844602	RPUSD3	0	-	6753
ENSG00000157020	chr3	10293131	10321112	SEC13	0	-	27981
ENSG00000157036	chr3	38496127	38542161	EXOG	0	+	46034
ENSG00000157045	chr16	15037854	15056079	NTAN1	0	-	18225
ENSG00000157064	chr1	183248237	183418380	NMNAT2	0	-	170143
ENSG00000157077	chr1	52142089	52348671	ZFYVE9	0	+	206582
ENSG00000157087	chr3	10324023	10708007	ATP2B2	0	-	383984
ENSG00000157103	chr3	10992186	11039247	SLC6A1	0	+	47061
ENSG00000157106	chr16	18804860	18926408	SMG1	0	-	121548
ENSG00000157107	chr5	72956041	73090522	FCHO2	0	+	134481
ENSG00000157110	chr8	30384511	30572256	RBPMS	0	+	187745
ENSG00000157150	chr3	12153068	12158912	TIMP4	0	-	5844
ENSG00000157152	chr3	12004388	12192032	SYN2	0	+	187644
ENSG00000157168	chr8	31639222	32855666	NRG1	0	+	1216444
ENSG00000157181	chr1	186375838	186421378	ODR4	0	+	45540
ENSG00000157184	chr1	53196792	53214197	CPT2	0	+	17405
ENSG00000157191	chr1	16440721	16460078	NECAP2	0	+	19357
ENSG00000157193	chr1	53242364	53328469	LRP8	0	-	86105
ENSG00000157212	chr7	154943687	155003124	PAXIP1	0	-	59437
ENSG00000157214	chr7	90167590	90238137	STEAP2	0	+	70547
ENSG00000157216	chr1	54225433	54413479	SSBP3	0	-	188046
ENSG00000157227	chr14	22836560	22849041	MMP14	0	+	12481
ENSG00000157240	chr7	91264433	91271326	FZD1	0	+	6893
ENSG00000157259	chr7	92447482	92460075	GATAD1	0	+	12593
ENSG00000157303	chr9	93058688	93085133	SUSD3	0	+	26445
ENSG00000157326	chr14	23953734	23969279	DHRS4	0	+	15545
ENSG00000157350	chr16	70375977	70439237	ST3GAL2	0	-	63260
ENSG00000157353	chr16	70454595	70480274	FCSK	0	+	25679
ENSG00000157368	chr16	70579895	70660682	IL34	0	+	80787
ENSG00000157379	chr14	24290598	24299780	DHRS1	0	-	9182
ENSG00000157388	chr3	53328963	53813733	CACNA1D	0	+	484770
ENSG00000157399	chrX	2934045	2968475	ARSL	0	-	34430
ENSG00000157404	chr4	54657267	54740783	KIT	0	+	83516
ENSG00000157423	chr16	70802084	71230722	HYDIN	0	-	428638
ENSG00000157426	chr4	56338287	56387508	AASDH	0	-	49221
ENSG00000157429	chr16	71464555	71565089	ZNF19	0	-	100534
ENSG00000157445	chr3	54122547	55074557	CACNA2D3	0	+	952010
ENSG00000157450	chr15	58865175	59097419	RNF111	0	+	232244
ENSG00000157456	chr15	59105126	59125045	CCNB2	0	+	19919
ENSG00000157470	chr15	59372693	59523555	FAM81A	0	+	150862
ENSG00000157483	chr15	59132434	59372871	MYO1E	0	-	240437
ENSG00000157500	chr3	57227726	57278105	APPL1	0	+	50379
ENSG00000157502	chrX	106168305	106208956	PWWP3B	0	+	40651
ENSG00000157510	chr5	149271859	149343637	AFAP1L1	0	+	71778
ENSG00000157514	chrX	107713221	107777342	TSC22D3	0	-	64121
ENSG00000157538	chr21	37223420	37267919	VPS26C	0	-	44499
ENSG00000157540	chr21	37365573	37526358	DYRK1A	0	+	160785
ENSG00000157551	chr21	38155549	38307357	KCNJ15	0	+	151808
ENSG00000157554	chr21	38380027	38661780	ERG	0	-	281753
ENSG00000157557	chr21	38805183	38824955	ETS2	0	+	19772
ENSG00000157570	chr11	44726465	44932423	TSPAN18	0	+	205958
ENSG00000157578	chr21	39405728	39445805	LCA5L	0	-	40077
ENSG00000157593	chr6	44254096	44257890	SLC35B2	0	-	3794
ENSG00000157600	chrX	110002631	110182734	TMEM164	0	+	180103
ENSG00000157601	chr21	41420020	41470071	MX1	0	+	50051
ENSG00000157613	chr11	46277662	46321409	CREB3L1	0	+	43747
ENSG00000157617	chr21	41885112	41954018	C2CD2	0	-	68906
ENSG00000157625	chrX	30827442	30975084	TAB3	0	-	147642
ENSG00000157637	chr17	81244811	81295547	SLC38A10	0	-	50736
ENSG00000157653	chr9	113410054	113429690	C9orf43	0	+	19636
ENSG00000157654	chr9	109498325	110172512	PALM2AKAP2	0	+	674187
ENSG00000157657	chr9	113876282	114056593	ZNF618	0	+	180311
ENSG00000157680	chr7	137381037	137847092	DGKI	0	-	466055
ENSG00000157693	chr9	114611206	114646422	TMEM268	0	+	35216
ENSG00000157703	chr7	138594285	138701362	SVOPL	0	-	107077
ENSG00000157734	chr15	64151715	64157481	SNX22	0	+	5766
ENSG00000157741	chr7	139230356	139308236	UBN2	0	+	77880
ENSG00000157764	chr7	140719327	140924929	BRAF	0	-	205602
ENSG00000157765	chr4	25648011	25678748	SLC34A2	0	+	30737
ENSG00000157766	chr15	88803436	88875353	ACAN	0	+	71917
ENSG00000157778	chr7	1567332	1571005	PSMG3	0	-	3673
ENSG00000157796	chr4	39182504	39285810	WDR19	0	+	103306
ENSG00000157800	chr7	140293693	140404433	SLC37A3	0	-	110740
ENSG00000157827	chr2	152335174	152649826	FMNL2	0	+	314652
ENSG00000157833	chr2	26173088	26189663	GAREM2	0	+	16575
ENSG00000157837	chr12	120762510	120904358	SPPL3	0	-	141848
ENSG00000157851	chr2	26847747	26950351	DPYSL5	0	+	102604
ENSG00000157869	chr4	13361354	13484365	RAB28	0	-	123011
ENSG00000157870	chr1	2586491	2591469	PRXL2B	0	+	4978
ENSG00000157873	chr1	2555639	2565382	TNFRSF14	0	+	9743
ENSG00000157881	chr1	2508537	2526597	PANK4	0	-	18060
ENSG00000157895	chr12	121000486	121016502	C12orf43	0	-	16016
ENSG00000157911	chr1	2403964	2413797	PEX10	0	-	9833
ENSG00000157916	chr1	2391775	2405442	RER1	0	+	13667
ENSG00000157927	chr7	4797055	4883716	RADIL	0	-	86661
ENSG00000157933	chr1	2228319	2310213	SKI	0	+	81894
ENSG00000157954	chr7	5190196	5233840	WIPI2	0	+	43644
ENSG00000157978	chr1	25543606	25568886	LDLRAP1	0	+	25280
ENSG00000157985	chr2	235494043	236131800	AGAP1	0	+	637757
ENSG00000157992	chr2	27442366	27446481	KRTCAP3	0	+	4115
ENSG00000158006	chr1	25959767	25998117	PAFAH2	0	-	38350
ENSG00000158008	chr1	26019884	26036464	EXTL1	0	+	16580
ENSG00000158014	chr1	26037252	26046118	SLC30A2	0	-	8866
ENSG00000158019	chr2	27889941	28338901	BABAM2	0	+	448960
ENSG00000158023	chr12	121918592	122003927	CFAP251	0	+	85335
ENSG00000158042	chr11	6680385	6683340	MRPL17	0	-	2955
ENSG00000158050	chr2	96143169	96145440	DUSP2	0	-	2271
ENSG00000158055	chr1	24199558	24364482	GRHL3	0	+	164924
ENSG00000158062	chr1	26281328	26318363	UBXN11	0	-	37035
ENSG00000158079	chr9	94030794	94109856	PTPDC1	0	+	79062
ENSG00000158089	chr2	30910467	31155202	GALNT14	0	-	244735
ENSG00000158092	chr3	136862208	136951606	NCK1	0	+	89398
ENSG00000158104	chr12	121839527	121863596	HPD	0	-	24069
ENSG00000158106	chr8	143368876	143384221	RHPN1	0	+	15345
ENSG00000158109	chr1	3625015	3630127	TPRG1L	0	+	5112
ENSG00000158122	chr9	96639577	96655317	PRXL2C	0	-	15740
ENSG00000158125	chr2	31334321	31414742	XDH	0	-	80421
ENSG00000158156	chr1	27959588	27968093	XKR8	0	+	8505
ENSG00000158158	chr2	96760902	96811874	CNNM4	0	+	50972
ENSG00000158161	chr1	27970344	28088637	EYA3	0	-	118293
ENSG00000158163	chr3	138061990	138115818	DZIP1L	0	-	53828
ENSG00000158164	chrX	102513682	102516739	TMSB15A	0	-	3057
ENSG00000158169	chr9	95099054	95426796	FANCC	0	-	327742
ENSG00000158186	chr3	138347648	138405534	MRAS	0	+	57886
ENSG00000158195	chr1	27404230	27490167	WASF2	0	-	85937
ENSG00000158201	chr18	21650901	21704780	ABHD3	0	-	53879
ENSG00000158220	chr3	138434586	138481686	ESYT3	0	+	47100
ENSG00000158234	chr3	138608606	138633376	FAIM	0	+	24770
ENSG00000158246	chr1	27005020	27012850	TENT5B	0	-	7830
ENSG00000158258	chr3	139935185	140577397	CLSTN2	0	+	642212
ENSG00000158270	chr18	316737	500722	COLEC12	0	-	183985
ENSG00000158286	chr1	6205475	6221299	RNF207	0	+	15824
ENSG00000158290	chrX	120505920	120604074	CUL4B	0	-	98154
ENSG00000158292	chr1	6247353	6261098	GPR153	0	-	13745
ENSG00000158296	chr20	46557823	46684467	SLC13A3	0	-	126644
ENSG00000158315	chr1	38885807	38941830	RHBDL2	0	-	56023
ENSG00000158321	chr7	69598296	70793506	AUTS2	0	+	1195210
ENSG00000158352	chrX	50586796	50814302	SHROOM4	0	-	227506
ENSG00000158373	chr6	26158122	26171349	H2BC5	0	+	13227
ENSG00000158402	chr5	138285269	138338355	CDC25C	0	-	53086
ENSG00000158406	chr6	26277609	26285638	H4C8	0	-	8029
ENSG00000158411	chr2	99161427	99181058	MITD1	0	-	19631
ENSG00000158417	chr2	99337371	99401326	EIF5B	0	+	63955
ENSG00000158423	chrX	53422690	53431120	RIBC1	0	+	8430
ENSG00000158427	chrX	103918896	103966712	TMSB15B	0	+	47816
ENSG00000158435	chr2	101252886	101270316	CNOT11	0	+	17430
ENSG00000158445	chr20	49293394	49484297	KCNB1	0	-	190903
ENSG00000158457	chr7	129144707	129169699	TSPAN33	0	+	24992
ENSG00000158458	chr5	139846779	140043299	NRG2	0	-	196520
ENSG00000158467	chr7	129225030	129430211	AHCYL2	0	+	205181
ENSG00000158470	chr20	49632945	49713878	B4GALT5	0	-	80933
ENSG00000158473	chr1	158178030	158186427	CD1D	0	+	8397
ENSG00000158477	chr1	158254424	158258269	CD1A	0	+	3845
ENSG00000158480	chr20	49903391	49915529	SPATA2	0	-	12138
ENSG00000158481	chr1	158289923	158294774	CD1C	0	+	4851
ENSG00000158488	chr1	158353696	158357553	CD1E	0	+	3857
ENSG00000158517	chr7	74774011	74789315	NCF1	0	+	15304
ENSG00000158526	chrX	54440404	54448032	TSR2	0	+	7628
ENSG00000158528	chr7	94907202	95296415	PPP1R9A	0	+	389213
ENSG00000158545	chr16	88570403	88631964	ZC3H18	0	+	61561
ENSG00000158552	chr2	219195237	219209651	ZFAND2B	0	+	14414
ENSG00000158555	chr11	75434640	75525941	GDPD5	0	-	91301
ENSG00000158560	chr7	95772506	96110322	DYNC1I1	0	+	337816
ENSG00000158571	chrX	54932961	54998534	PFKFB1	0	-	65573
ENSG00000158604	chr7	44577894	44582287	TMED4	0	-	4393
ENSG00000158615	chr1	204396492	204411887	PPP1R15B	0	-	15395
ENSG00000158623	chr7	130506238	130668748	COPG2	0	-	162510
ENSG00000158636	chr11	76444923	76553025	EMSY	0	+	108102
ENSG00000158669	chr8	41577187	41625001	GPAT4	0	+	47814
ENSG00000158683	chr7	47740202	47948466	PKD1L1	0	-	208264
ENSG00000158691	chr6	28378955	28399747	ZSCAN12	0	-	20792
ENSG00000158710	chr1	159918107	159925507	TAGLN2	0	-	7400
ENSG00000158711	chr1	205597556	205632011	ELK4	0	-	34455
ENSG00000158714	chr1	159826811	159837492	SLAMF8	0	+	10681
ENSG00000158715	chr1	205657851	205680509	SLC45A3	0	-	22658
ENSG00000158716	chr1	159780932	159782543	DUSP23	0	+	1611
ENSG00000158717	chr16	88696499	88706408	RNF166	0	-	9909
ENSG00000158773	chr1	161039251	161045977	USF1	0	-	6726
ENSG00000158792	chr16	89696357	89701705	SPATA2L	0	-	5348
ENSG00000158793	chr1	161118086	161125445	NIT1	0	+	7359
ENSG00000158796	chr1	161120974	161132688	DEDD	0	-	11714
ENSG00000158805	chr16	89720400	89740925	ZNF276	0	+	20525
ENSG00000158813	chrX	69616067	70039472	EDA	0	+	423405
ENSG00000158825	chr1	20589086	20618903	CDA	0	+	29817
ENSG00000158828	chr1	20633458	20651511	PINK1	0	+	18053
ENSG00000158850	chr1	161171310	161177968	B4GALT3	0	-	6658
ENSG00000158856	chr8	22048995	22082527	DMTN	0	+	33532
ENSG00000158859	chr1	161184302	161199054	ADAMTS4	0	-	14752
ENSG00000158863	chr8	22089150	22104911	FHIP2B	0	+	15761
ENSG00000158864	chr1	161197104	161214723	NDUFS2	0	+	17619
ENSG00000158869	chr1	161215234	161220699	FCER1G	0	+	5465
ENSG00000158882	chr1	161225939	161230746	TOMM40L	0	+	4807
ENSG00000158887	chr1	161304735	161309968	MPZ	0	-	5233
ENSG00000158941	chr8	22604757	22620964	CCAR2	0	+	16207
ENSG00000158966	chr1	64470129	64693058	CACHD1	0	+	222929
ENSG00000158985	chr5	131245493	131398447	CDC42SE2	0	+	152954
ENSG00000159023	chr1	28887091	29120046	EPB41	0	+	232955
ENSG00000159055	chr21	32268228	32279049	MIS18A	0	-	10821
ENSG00000159063	chr11	78095244	78139660	ALG8	0	-	44416
ENSG00000159069	chr9	136940435	136944738	FBXW5	0	-	4303
ENSG00000159082	chr21	32628759	32728040	SYNJ1	0	-	99281
ENSG00000159086	chr21	32733899	32771792	PAXBP1	0	-	37893
ENSG00000159111	chr17	47823272	47831541	MRPL10	0	-	8269
ENSG00000159128	chr21	33403413	33479348	IFNGR2	0	+	75935
ENSG00000159131	chr21	33503931	33543491	GART	0	-	39560
ENSG00000159140	chr21	33543038	33577481	SON	0	+	34443
ENSG00000159164	chr1	149903318	149917844	SV2A	0	-	14526
ENSG00000159166	chr1	201380833	201399915	LAD1	0	-	19082
ENSG00000159167	chr8	23841929	23854806	STC1	0	-	12877
ENSG00000159173	chr1	201403768	201429866	TNNI1	0	-	26098
ENSG00000159176	chr1	201483530	201509456	CSRP1	0	-	25926
ENSG00000159184	chr17	48724763	48728750	HOXB13	0	-	3987
ENSG00000159189	chr1	22643633	22648110	C1QC	0	+	4477
ENSG00000159199	chr17	48892765	48895871	ATP5MC1	0	+	3106
ENSG00000159202	chr17	48908407	48929056	UBE2Z	0	+	20649
ENSG00000159208	chr1	150282543	150287093	CIART	0	+	4550
ENSG00000159210	chr17	48929316	48944842	SNF8	0	-	15526
ENSG00000159212	chr21	34668994	34718227	CLIC6	0	+	49233
ENSG00000159214	chr1	43991359	43996528	CCDC24	0	+	5169
ENSG00000159216	chr21	34787801	36004667	RUNX1	0	-	1216866
ENSG00000159228	chr21	36069941	36073166	CBR1	0	+	3225
ENSG00000159231	chr21	36135079	36146562	CBR3	0	+	11483
ENSG00000159239	chr2	74393836	74421662	ENSG00000159239	0	-	27826
ENSG00000159256	chr21	36320189	36386148	MORC3	0	+	65959
ENSG00000159263	chr21	36699115	36749917	SIM2	0	+	50802
ENSG00000159267	chr21	36748626	36990236	HLCS	0	-	241610
ENSG00000159307	chr22	43197280	43343372	SCUBE1	0	-	146092
ENSG00000159314	chr17	45393902	45434421	ARHGAP27	0	-	40519
ENSG00000159322	chr15	72751294	72785846	ADPGK	0	-	34552
ENSG00000159335	chr12	6765516	6770952	PTMS	0	+	5436
ENSG00000159346	chr1	202940826	202958572	ADIPOR1	0	-	17746
ENSG00000159348	chr1	202961873	202967275	CYB5R1	0	-	5402
ENSG00000159352	chr1	151254709	151267479	PSMD4	0	+	12770
ENSG00000159363	chr1	16985958	17011928	ATP13A2	0	-	25970
ENSG00000159374	chr2	74557883	74648338	M1AP	0	-	90455
ENSG00000159377	chr1	151399560	151401937	PSMB4	0	+	2377
ENSG00000159387	chr16	55324203	55330756	IRX6	0	+	6553
ENSG00000159388	chr1	203305491	203309602	BTG2	0	+	4111
ENSG00000159399	chr2	74834127	74893359	HK2	0	+	59232
ENSG00000159423	chr1	18871430	18902724	ALDH4A1	0	-	31294
ENSG00000159433	chr15	42575606	42720998	STARD9	0	+	145392
ENSG00000159445	chr1	151870866	151909637	THEM4	0	-	38771
ENSG00000159459	chr15	42942897	43106113	UBR1	0	-	163216
ENSG00000159461	chr16	56361452	56425545	AMFR	0	-	64093
ENSG00000159479	chr1	43383917	43389808	MED8	0	-	5891
ENSG00000159496	chr22	23688136	23699176	RGL4	0	+	11040
ENSG00000159579	chr16	57186137	57240469	RSPRY1	0	+	54332
ENSG00000159592	chr1	45627304	45688113	GPBP1L1	0	-	60809
ENSG00000159593	chr16	66802875	66873256	NAE1	0	-	70381
ENSG00000159596	chr1	45688181	45694436	TMEM69	0	+	6255
ENSG00000159618	chr16	57542643	57591681	ADGRG5	0	+	49038
ENSG00000159658	chr1	46674659	46719146	EFCAB14	0	-	44487
ENSG00000159674	chr4	1166932	1208962	SPON2	0	-	42030
ENSG00000159685	chr3	126704240	126960420	CHCHD6	0	+	256180
ENSG00000159692	chr4	1211445	1249953	CTBP1	0	-	38508
ENSG00000159713	chr16	67389809	67393518	TPPP3	0	-	3709
ENSG00000159714	chr16	67394152	67416833	ZDHHC1	0	-	22681
ENSG00000159720	chr16	67438014	67481181	ATP6V0D1	0	-	43167
ENSG00000159733	chr4	2269582	2418651	ZFYVE28	0	-	149069
ENSG00000159753	chr16	67644988	67657569	CARMIL2	0	+	12581
ENSG00000159761	chr16	67666814	67668757	C16orf86	0	+	1943
ENSG00000159763	chr7	143132077	143139739	PIP	0	+	7662
ENSG00000159784	chr7	143353400	143362770	FAM131B	0	-	9370
ENSG00000159788	chr4	3293021	3439913	RGS12	0	+	146892
ENSG00000159792	chr16	67893254	67929676	PSKH1	0	+	36422
ENSG00000159840	chr7	143381295	143391111	ZYX	0	+	9816
ENSG00000159842	chr17	1003519	1229738	ABR	0	-	226219
ENSG00000159871	chr19	43785874	43827206	LYPD5	0	-	41332
ENSG00000159873	chr22	28772674	28789301	CCDC117	0	+	16627
ENSG00000159882	chr19	44002957	44013924	ZNF230	0	+	10967
ENSG00000159884	chr9	35658290	35661511	CCDC107	0	+	3221
ENSG00000159899	chr9	35791003	35809732	NPR2	0	+	18729
ENSG00000159905	chr19	43951223	43967709	ZNF221	0	+	16486
ENSG00000159915	chr19	44259880	44275317	ZNF233	0	+	15437
ENSG00000159917	chr19	44228729	44305046	ZNF235	0	-	76317
ENSG00000159921	chr9	36214441	36277042	GNE	0	-	62601
ENSG00000159958	chr22	41922032	41926806	TNFRSF13C	0	-	4774
ENSG00000160007	chr19	46860997	47005077	ARHGAP35	0	+	144080
ENSG00000160013	chr19	46620468	46625089	PTGIR	0	-	4621
ENSG00000160014	chr19	46601074	46610782	CALM3	0	+	9708
ENSG00000160049	chr1	10456522	10472529	DFFA	0	-	16007
ENSG00000160050	chr1	32200595	32205453	CCDC28B	0	+	4858
ENSG00000160051	chr1	32205671	32208682	IQCC	0	+	3011
ENSG00000160055	chr1	32214472	32222359	TMEM234	0	-	7887
ENSG00000160058	chr1	32364633	32394731	BSDC1	0	-	30098
ENSG00000160072	chr1	1471765	1497848	ATAD3B	0	+	26083
ENSG00000160075	chr1	1541673	1574863	SSU72	0	-	33190
ENSG00000160087	chr1	1253909	1273864	UBE2J2	0	-	19955
ENSG00000160094	chr1	33256492	33300719	ZNF362	0	+	44227
ENSG00000160097	chr1	32862268	32872482	FNDC5	0	-	10214
ENSG00000160111	chr19	16892951	17026815	CPAMD8	0	-	133864
ENSG00000160124	chr3	122359591	122383231	MIX23	0	-	23640
ENSG00000160131	chrX	151396515	151409364	VMA21	0	+	12849
ENSG00000160145	chr3	124033369	124726325	KALRN	0	+	692956
ENSG00000160161	chr19	19538248	19546659	CILP2	0	+	8411
ENSG00000160179	chr21	42199689	42297244	ABCG1	0	+	97555
ENSG00000160180	chr21	42311667	42315409	TFF3	0	-	3742
ENSG00000160182	chr21	42362282	42366535	TFF1	0	-	4253
ENSG00000160183	chr21	42371887	42396091	TMPRSS3	0	-	24204
ENSG00000160185	chr21	42403447	42447684	UBASH3A	0	+	44237
ENSG00000160188	chr21	42472486	42496246	RSPH1	0	-	23760
ENSG00000160190	chr21	42496008	42581440	SLC37A1	0	+	85432
ENSG00000160191	chr21	42653621	42775509	PDE9A	0	+	121888
ENSG00000160193	chr21	42843094	42879568	WDR4	0	-	36474
ENSG00000160194	chr21	42879644	42913304	NDUFV3	0	+	33660
ENSG00000160199	chr21	42974510	43033931	PKNOX1	0	+	59421
ENSG00000160200	chr21	43053191	43076943	CBS	0	-	23752
ENSG00000160201	chr21	43092956	43107570	U2AF1	0	-	14614
ENSG00000160207	chr21	43529186	43659488	HSF2BP	0	-	130302
ENSG00000160208	chr21	43659560	43696079	RRP1B	0	+	36519
ENSG00000160209	chr21	43719094	43762307	PDXK	0	+	43213
ENSG00000160211	chrX	154531391	154547572	G6PD	0	-	16181
ENSG00000160213	chr21	43772511	43776330	CSTB	0	-	3819
ENSG00000160214	chr21	43789513	43805293	RRP1	0	+	15780
ENSG00000160216	chr21	43865223	43987592	AGPAT3	0	+	122369
ENSG00000160218	chr21	44012309	44106552	TRAPPC10	0	+	94243
ENSG00000160219	chrX	154675249	154751583	GAB3	0	-	76334
ENSG00000160221	chr21	44133610	44210114	GATD3A	0	+	76504
ENSG00000160223	chr21	44217014	44240966	ICOSLG	0	-	23952
ENSG00000160226	chr21	44328944	44339402	CFAP410	0	-	10458
ENSG00000160229	chr19	20776304	20809995	ZNF66	0	+	33691
ENSG00000160233	chr21	44455510	44462196	LRRC3	0	+	6686
ENSG00000160255	chr21	44885953	44931989	ITGB2	0	-	46036
ENSG00000160256	chr21	44940012	44976989	SLX9	0	+	36977
ENSG00000160284	chr21	46161148	46184476	SPATC1L	0	-	23328
ENSG00000160285	chr21	46188141	46228824	LSS	0	-	40683
ENSG00000160293	chr9	133761894	133992604	VAV2	0	-	230710
ENSG00000160294	chr21	46235133	46286297	MCM3AP	0	-	51164
ENSG00000160298	chr21	46300181	46323875	C21orf58	0	-	23694
ENSG00000160299	chr21	46324141	46445769	PCNT	0	+	121628
ENSG00000160305	chr21	46458891	46570015	DIP2A	0	+	111124
ENSG00000160307	chr21	46598604	46605208	S100B	0	-	6604
ENSG00000160310	chr21	46635595	46665124	PRMT2	0	+	29529
ENSG00000160321	chr19	21932958	22010949	ZNF208	0	-	77991
ENSG00000160323	chr9	133414358	133459402	ADAMTS13	0	+	45044
ENSG00000160325	chr9	133459965	133470848	CACFD1	0	+	10883
ENSG00000160326	chr9	133471094	133479127	SLC2A6	0	-	8033
ENSG00000160336	chr19	53431984	53461862	ZNF761	0	+	29878
ENSG00000160345	chr9	135495181	135501734	C9orf116	0	-	6553
ENSG00000160352	chr19	21082159	21125270	ZNF714	0	+	43111
ENSG00000160360	chr9	136327476	136359605	GPSM1	0	+	32129
ENSG00000160392	chr19	40319536	40348527	C19orf47	0	-	28991
ENSG00000160401	chr9	127706988	127716002	CFAP157	0	+	9014
ENSG00000160404	chr9	127731524	127735313	TOR2A	0	-	3789
ENSG00000160410	chr19	40576853	40591399	SHKBP1	0	+	14546
ENSG00000160439	chr19	55039108	55071291	RDH13	0	-	32183
ENSG00000160445	chr9	128729786	128772414	ZER1	0	-	42628
ENSG00000160446	chr9	128720870	128724127	ZDHHC12	0	-	3257
ENSG00000160447	chr9	128702503	128720916	PKN3	0	+	18413
ENSG00000160460	chr19	40466241	40576464	SPTBN4	0	+	110223
ENSG00000160469	chr19	55282072	55312562	BRSK1	0	+	30490
ENSG00000160539	chr9	131289459	131359022	PLPP7	0	+	69563
ENSG00000160551	chr17	29390363	29551903	TAOK1	0	+	161540
ENSG00000160563	chr9	131852928	132079867	MED27	0	-	226939
ENSG00000160570	chr19	42198598	42220140	DEDD2	0	-	21542
ENSG00000160584	chr11	116843402	117098437	SIK3	0	-	255035
ENSG00000160588	chr11	118226690	118252365	MPZL3	0	-	25675
ENSG00000160593	chr11	118193725	118225094	JAML	0	-	31369
ENSG00000160602	chr17	28725897	28743455	NEK8	0	+	17558
ENSG00000160606	chr17	28724348	28727935	TLCD1	0	-	3587
ENSG00000160613	chr11	117204337	117232525	PCSK7	0	-	28188
ENSG00000160633	chr19	5623035	5668478	SAFB	0	+	45443
ENSG00000160654	chr11	118344344	118355161	CD3G	0	+	10817
ENSG00000160678	chr1	153627926	153632039	S100A1	0	+	4113
ENSG00000160679	chr1	153633982	153646306	CHTOP	0	+	12324
ENSG00000160683	chr11	118883892	118897787	CXCR5	0	+	13895
ENSG00000160685	chr1	155002630	155018523	ZBTB7B	0	+	15893
ENSG00000160688	chr1	154983338	154993111	FLAD1	0	+	9773
ENSG00000160691	chr1	154962298	154974395	SHC1	0	-	12097
ENSG00000160695	chr11	119067818	119081972	VPS11	0	+	14154
ENSG00000160703	chr11	119166568	119184016	NLRX1	0	+	17448
ENSG00000160710	chr1	154581695	154628013	ADAR	0	-	46318
ENSG00000160712	chr1	154405193	154469450	IL6R	0	+	64257
ENSG00000160714	chr1	154548577	154559028	UBE2Q1	0	-	10451
ENSG00000160716	chr1	154567778	154580013	CHRNB2	0	+	12235
ENSG00000160741	chr1	153947669	153958615	CRTC2	0	-	10946
ENSG00000160746	chr3	43354859	43691594	ANO10	0	-	336735
ENSG00000160752	chr1	155308748	155320666	FDPS	0	+	11918
ENSG00000160753	chr1	155320894	155331114	RUSC1	0	+	10220
ENSG00000160767	chr1	155247205	155255483	FAM189B	0	-	8278
ENSG00000160781	chr1	156243320	156248117	PAQR6	0	-	4797
ENSG00000160785	chr1	156193932	156212796	SLC25A44	0	+	18864
ENSG00000160789	chr1	156082573	156140081	LMNA	0	+	57508
ENSG00000160791	chr3	46370946	46376206	CCR5	0	+	5260
ENSG00000160796	chr3	46979666	47009704	NBEAL2	0	+	30038
ENSG00000160799	chr3	46921726	46982010	CCDC12	0	-	60284
ENSG00000160801	chr3	46877721	46903799	PTH1R	0	+	26078
ENSG00000160803	chr1	156035299	156053798	UBQLN4	0	-	18499
ENSG00000160808	chr3	46835111	46882172	MYL3	0	-	47061
ENSG00000160813	chr7	100435282	100436497	PPP1R35	0	-	1215
ENSG00000160818	chr1	156594301	156601496	GPATCH4	0	-	7195
ENSG00000160856	chr1	157674321	157700769	FCRL3	0	-	26448
ENSG00000160862	chr7	99966720	99976042	AZGP1	0	-	9322
ENSG00000160867	chr5	177086905	177098144	FGFR4	0	+	11239
ENSG00000160877	chr19	13116862	13141147	NACC1	0	+	24285
ENSG00000160883	chr5	176880869	176899346	HK3	0	-	18477
ENSG00000160886	chr8	142700111	142705127	LY6K	0	+	5016
ENSG00000160888	chr19	13150411	13154911	IER2	0	+	4500
ENSG00000160908	chr7	99473877	99504857	ZNF394	0	-	30980
ENSG00000160917	chr7	99438922	99457373	CPSF4	0	+	18451
ENSG00000160932	chr8	143017982	143023832	LY6E	0	+	5850
ENSG00000160948	chr8	144423601	144428563	VPS28	0	-	4962
ENSG00000160949	chr8	144428775	144444440	TONSL	0	-	15665
ENSG00000160953	chr19	1354711	1378431	PWWP3A	0	+	23720
ENSG00000160957	chr8	144511288	144517845	RECQL4	0	-	6557
ENSG00000160959	chr8	144517992	144525172	LRRC14	0	+	7180
ENSG00000160961	chr19	14689801	14733746	ZNF333	0	+	43945
ENSG00000160963	chr7	101362875	101559024	COL26A1	0	+	196149
ENSG00000160972	chr8	144477969	144502121	PPP1R16A	0	+	24152
ENSG00000160973	chr8	144473412	144475849	FOXH1	0	-	2437
ENSG00000160991	chr7	102433106	102456825	ORAI2	0	+	23719
ENSG00000160993	chr7	102456238	102464863	ALKBH4	0	-	8625
ENSG00000160999	chr7	102285091	102321711	SH2B2	0	+	36620
ENSG00000161011	chr5	179806398	179838078	SQSTM1	0	+	31680
ENSG00000161013	chr5	179797597	179806952	MGAT4B	0	-	9355
ENSG00000161016	chr8	144789765	144792587	RPL8	0	-	2822
ENSG00000161021	chr5	179732822	179777283	MAML1	0	+	44461
ENSG00000161031	chr19	15468645	15498956	PGLYRP2	0	-	30311
ENSG00000161036	chr7	102464956	102473168	LRWD1	0	+	8212
ENSG00000161040	chr7	102813230	103074839	FBXL13	0	-	261609
ENSG00000161048	chr7	103099776	103149560	NAPEPLD	0	-	49784
ENSG00000161055	chr5	180590105	180591499	SCGB3A1	0	-	1394
ENSG00000161057	chr7	103328570	103370346	PSMC2	0	+	41776
ENSG00000161082	chr19	3224661	3297076	CELF5	0	+	72415
ENSG00000161091	chr19	3538261	3574290	MFSD12	0	-	36029
ENSG00000161133	chr22	20350578	20377251	USP41	0	-	26673
ENSG00000161179	chr22	21628089	21630064	YDJC	0	-	1975
ENSG00000161202	chr3	184155377	184173614	DVL3	0	+	18237
ENSG00000161203	chr3	184174689	184184214	AP2M1	0	+	9525
ENSG00000161204	chr3	184186095	184194012	ABCF3	0	+	7917
ENSG00000161217	chr3	196214222	196287957	PCYT1A	0	-	73735
ENSG00000161243	chr19	38990714	39032785	FBXO27	0	-	42071
ENSG00000161249	chr19	35497220	35513658	DMKN	0	-	16438
ENSG00000161267	chr3	197509783	197573323	BDH1	0	-	63540
ENSG00000161277	chr19	36034984	36054739	THAP8	0	-	19755
ENSG00000161281	chr19	36150922	36152449	COX7A1	0	-	1527
ENSG00000161298	chr19	36604817	36634114	ZNF382	0	+	29297
ENSG00000161328	chr11	537527	554912	LRRC56	0	+	17385
ENSG00000161381	chr17	39063313	39154394	PLXDC1	0	-	91081
ENSG00000161395	chr17	39671122	39696797	PGAP3	0	-	25675
ENSG00000161405	chr17	39757718	39864312	IKZF3	0	-	106594
ENSG00000161509	chr17	74842023	74861504	GRIN2C	0	-	19481
ENSG00000161513	chr17	74862497	74873031	FDXR	0	-	10534
ENSG00000161526	chr17	75667251	75708062	SAP30BP	0	+	40811
ENSG00000161533	chr17	75941507	75979177	ACOX1	0	-	37670
ENSG00000161542	chr17	76309478	76384521	PRPSAP1	0	-	75043
ENSG00000161544	chr17	76527356	76551175	CYGB	0	-	23819
ENSG00000161547	chr17	76734115	76737333	SRSF2	0	-	3218
ENSG00000161551	chr19	51804816	51890950	ZNF577	0	-	86134
ENSG00000161558	chr19	48332356	48364059	TMEM143	0	-	31703
ENSG00000161634	chr12	54644589	54648493	DCD	0	-	3904
ENSG00000161638	chr12	54395261	54419266	ITGA5	0	-	24005
ENSG00000161642	chr12	54369133	54391298	ZNF385A	0	-	22165
ENSG00000161647	chr17	43800799	43833170	MPP3	0	-	32371
ENSG00000161649	chr17	43847148	43863639	CD300LG	0	+	16491
ENSG00000161653	chr17	44004622	44009068	NAGS	0	+	4446
ENSG00000161654	chr17	44034328	44067619	LSM12	0	-	33291
ENSG00000161664	chr17	44170447	44179084	ASB16	0	+	8637
ENSG00000161671	chr19	50476400	50490871	EMC10	0	+	14471
ENSG00000161677	chr19	50505998	50511220	JOSD2	0	-	5222
ENSG00000161682	chr17	44353215	44363853	FAM171A2	0	-	10638
ENSG00000161692	chr17	44708608	44752264	DBF4B	0	+	43656
ENSG00000161714	chr17	45108959	45133354	PLCD3	0	-	24395
ENSG00000161791	chr12	49636499	49708165	FMNL3	0	-	71666
ENSG00000161798	chr12	49961872	49965682	AQP5	0	+	3810
ENSG00000161800	chr12	49976923	50033136	RACGAP1	0	-	56213
ENSG00000161813	chr12	50392383	50480004	LARP4	0	+	87621
ENSG00000161835	chr12	52006946	52015889	TAMALIN	0	+	8943
ENSG00000161847	chr19	10316212	10333638	RAVER1	0	-	17426
ENSG00000161860	chr19	12898786	12919293	SYCE2	0	-	20507
ENSG00000161888	chr19	11131520	11155807	SPC24	0	-	24287
ENSG00000161904	chr6	33771202	33789130	LEMD2	0	-	17928
ENSG00000161905	chr17	4630919	4642294	ALOX15	0	-	11375
ENSG00000161920	chr17	4731428	4733608	MED11	0	+	2180
ENSG00000161921	chr17	4733533	4739928	CXCL16	0	-	6395
ENSG00000161929	chr17	5208920	5234860	SCIMP	0	-	25940
ENSG00000161939	chr17	7012635	7017520	RNASEK-C17orf49	0	+	4885
ENSG00000161940	chr17	7023050	7030290	BCL6B	0	+	7240
ENSG00000161958	chr17	7438273	7444937	FGF11	0	+	6664
ENSG00000161970	chr17	8377516	8383213	RPL26	0	-	5697
ENSG00000161980	chr16	46407	53608	POLR3K	0	-	7201
ENSG00000161981	chr16	53828	57669	SNRNP25	0	+	3841
ENSG00000161996	chr16	649311	667833	WDR90	0	+	18522
ENSG00000161999	chr16	681670	684528	JMJD8	0	-	2858
ENSG00000162004	chr16	722582	726954	CCDC78	0	-	4372
ENSG00000162032	chr16	1776712	1793700	SPSB3	0	-	16988
ENSG00000162062	chr16	2460086	2464963	TEDC2	0	+	4877
ENSG00000162063	chr16	2429394	2458854	CCNF	0	+	29460
ENSG00000162065	chr16	2475051	2509560	TBC1D24	0	+	34509
ENSG00000162069	chr16	3027682	3036944	BICDL2	0	-	9262
ENSG00000162073	chr16	2969270	2973484	PAQR4	0	+	4214
ENSG00000162076	chr16	2883213	2899382	FLYWCH2	0	+	16169
ENSG00000162078	chr16	2830253	2839585	ZG16B	0	+	9332
ENSG00000162086	chr16	3305406	3318852	ZNF75A	0	+	13446
ENSG00000162104	chr16	3953387	4116442	ADCY9	0	-	163055
ENSG00000162105	chr11	70467854	71252577	SHANK2	0	-	784723
ENSG00000162129	chr11	72285495	72434680	CLPB	0	-	149185
ENSG00000162139	chr11	74988279	75018893	NEU3	0	+	30614
ENSG00000162144	chr11	61348754	61362283	CYB561A3	0	-	13529
ENSG00000162174	chr11	62337448	62393412	ASRGL1	0	+	55964
ENSG00000162188	chr11	62707676	62709201	GNG3	0	+	1525
ENSG00000162191	chr11	62676498	62679117	UBXN1	0	-	2619
ENSG00000162222	chr11	62728069	62740293	TTC9C	0	+	12224
ENSG00000162227	chr11	62771357	62787342	TAF6L	0	+	15985
ENSG00000162231	chr11	62792123	62806302	NXF1	0	-	14179
ENSG00000162236	chr11	62806860	62832051	STX5	0	-	25191
ENSG00000162241	chr11	65375192	65383701	SLC25A45	0	-	8509
ENSG00000162244	chr3	51993522	51995895	RPL29	0	-	2373
ENSG00000162267	chr3	52794768	52809009	ITIH3	0	+	14241
ENSG00000162298	chr11	65121780	65134532	SYVN1	0	-	12752
ENSG00000162300	chr11	65084210	65088398	ZFPL1	0	+	4188
ENSG00000162302	chr11	64359148	64372215	RPS6KA4	0	+	13067
ENSG00000162337	chr11	68312591	68449275	LRP5	0	+	136684
ENSG00000162366	chr1	47183582	47191044	PDZK1IP1	0	-	7462
ENSG00000162367	chr1	47216290	47232225	TAL1	0	-	15935
ENSG00000162368	chr1	47333790	47378839	CMPK1	0	+	45049
ENSG00000162377	chr1	52684449	52698347	COA7	0	-	13898
ENSG00000162378	chr1	52726453	52827336	ZYG11B	0	+	100883
ENSG00000162383	chr1	53087179	53142638	SLC1A7	0	-	55459
ENSG00000162384	chr1	53214099	53220634	CZIB	0	-	6535
ENSG00000162385	chr1	53226900	53238518	MAGOH	0	-	11618
ENSG00000162390	chr1	54542257	54639192	ACOT11	0	+	96935
ENSG00000162391	chr1	54609181	54623556	FAM151A	0	-	14375
ENSG00000162396	chr1	54756898	54764523	PARS2	0	-	7625
ENSG00000162402	chr1	55066359	55215364	USP24	0	-	149005
ENSG00000162408	chr1	6521347	6554513	NOL9	0	-	33166
ENSG00000162409	chr1	56645314	56715335	PRKAA2	0	+	70021
ENSG00000162413	chr1	6590724	6614607	KLHL21	0	-	23883
ENSG00000162415	chr1	45016399	45306209	ZSWIM5	0	-	289810
ENSG00000162419	chr1	28668778	28719353	GMEB1	0	+	50575
ENSG00000162426	chr1	8318114	8344167	SLC45A1	0	+	26053
ENSG00000162430	chr1	25800193	25818221	SELENON	0	+	18028
ENSG00000162433	chr1	65147549	65232145	AK4	0	+	84596
ENSG00000162434	chr1	64833229	65067754	JAK1	0	-	234525
ENSG00000162437	chr1	64745095	64833232	RAVER2	0	+	88137
ENSG00000162441	chr1	9922113	9943407	LZIC	0	-	21294
ENSG00000162444	chr1	9997206	10016021	RBP7	0	+	18815
ENSG00000162458	chr1	15756607	15786594	FBLIM1	0	+	29987
ENSG00000162482	chr1	19282573	19288770	AKR7A3	0	-	6197
ENSG00000162490	chr1	11691710	11725857	DRAXIN	0	+	34147
ENSG00000162493	chr1	13583465	13617957	PDPN	0	+	34492
ENSG00000162496	chr1	12567910	12618210	DHRS3	0	-	50300
ENSG00000162511	chr1	30732469	30757774	LAPTM5	0	-	25305
ENSG00000162512	chr1	30869466	30908758	SDC3	0	-	39292
ENSG00000162517	chr1	31629866	31644896	PEF1	0	-	15030
ENSG00000162520	chr1	32679906	32703596	SYNC	0	-	23690
ENSG00000162521	chr1	32651142	32686211	RBBP4	0	+	35069
ENSG00000162522	chr1	32741830	32774970	KIAA1522	0	+	33140
ENSG00000162526	chr1	32351521	32364312	TSSK3	0	+	12791
ENSG00000162542	chr1	19682240	19799945	TMCO4	0	-	117705
ENSG00000162543	chr1	20186096	20196050	UBXN10	0	+	9954
ENSG00000162545	chr1	20482391	20486210	CAMK2N1	0	-	3819
ENSG00000162551	chr1	21509397	21578410	ALPL	0	+	69013
ENSG00000162552	chr1	22117313	22143969	WNT4	0	-	26656
ENSG00000162572	chr1	1280436	1292029	SCNN1D	0	+	11593
ENSG00000162576	chr1	1352689	1361777	MXRA8	0	-	9088
ENSG00000162585	chr1	2184461	2212720	FAAP20	0	-	28259
ENSG00000162591	chr1	3487951	3611508	MEGF6	0	-	123557
ENSG00000162595	chr1	68045886	68051717	DIRAS3	0	-	5831
ENSG00000162599	chr1	60865259	61462788	NFIA	0	+	597529
ENSG00000162601	chr1	58643440	58700077	MYSM1	0	-	56637
ENSG00000162604	chr1	61681046	61725423	TM2D1	0	-	44377
ENSG00000162607	chr1	62436297	62451804	USP1	0	+	15507
ENSG00000162613	chr1	77944055	77979110	FUBP1	0	-	35055
ENSG00000162614	chr1	77888513	77943895	NEXN	0	+	55382
ENSG00000162618	chr1	78889764	79282124	ADGRL4	0	-	392360
ENSG00000162620	chr1	74026015	74198187	LRRIQ3	0	-	172172
ENSG00000162623	chr1	74733152	74766678	TYW3	0	+	33526
ENSG00000162627	chr1	98661701	98760500	SNX7	0	+	98799
ENSG00000162631	chr1	107140007	107484923	NTNG1	0	+	344916
ENSG00000162636	chr1	108560089	108644900	FAM102B	0	+	84811
ENSG00000162639	chr1	108648290	108661526	HENMT1	0	-	13236
ENSG00000162642	chr1	85249953	85259672	C1orf52	0	-	9719
ENSG00000162645	chr1	89106132	89150456	GBP2	0	-	44324
ENSG00000162650	chr1	109483479	109492804	ATXN7L2	0	+	9325
ENSG00000162654	chr1	89181144	89198942	GBP4	0	-	17798
ENSG00000162664	chr1	89995110	90035533	ZNF326	0	+	40423
ENSG00000162670	chr1	190097658	190478404	BRINP3	0	-	380746
ENSG00000162676	chr1	92473043	92486925	GFI1	0	-	13882
ENSG00000162688	chr1	99850361	99924023	AGL	0	+	73662
ENSG00000162692	chr1	100719742	100739045	VCAM1	0	+	19303
ENSG00000162694	chr1	100872372	100895179	EXTL2	0	-	22807
ENSG00000162695	chr1	100896076	100981757	SLC30A7	0	+	85681
ENSG00000162702	chr1	200404940	200410056	ZNF281	0	-	5116
ENSG00000162704	chr1	183620846	183635783	ARPC5	0	-	14937
ENSG00000162706	chr1	159171609	159203313	CADM3	0	+	31704
ENSG00000162711	chr1	247416156	247449108	NLRP3	0	+	32952
ENSG00000162714	chr1	247297412	247331867	ZNF496	0	-	34455
ENSG00000162722	chr1	247857187	247880138	TRIM58	0	+	22951
ENSG00000162729	chr1	160091340	160098943	IGSF8	0	-	7603
ENSG00000162733	chr1	162631373	162787405	DDR2	0	+	156032
ENSG00000162734	chr1	160205380	160215376	PEA15	0	+	9996
ENSG00000162736	chr1	160343316	160358952	NCSTN	0	+	15636
ENSG00000162738	chr1	160400564	160428670	VANGL2	0	+	28106
ENSG00000162739	chr1	160485030	160523262	SLAMF6	0	-	38232
ENSG00000162745	chr1	161983192	162023869	OLFML2B	0	-	40677
ENSG00000162746	chr1	161721563	161728143	FCRLB	0	+	6580
ENSG00000162747	chr1	161623196	161631963	FCGR3B	0	-	8767
ENSG00000162755	chr1	161098361	161100346	KLHDC9	0	+	1985
ENSG00000162757	chr1	209779208	209784559	C1orf74	0	-	5351
ENSG00000162769	chr1	212858275	212899363	FLVCR1	0	+	41088
ENSG00000162772	chr1	212565334	212620777	ATF3	0	+	55443
ENSG00000162775	chr1	110338506	110346681	RBM15	0	+	8175
ENSG00000162777	chr1	111185969	111204535	DENND2D	0	-	18566
ENSG00000162782	chr1	179591613	179691272	TDRD5	0	+	99659
ENSG00000162783	chr1	181088700	181092900	IER5	0	+	4200
ENSG00000162804	chr2	240998618	241095568	SNED1	0	+	96950
ENSG00000162813	chr1	220057482	220090462	BPNT1	0	-	32980
ENSG00000162814	chr1	217631324	217871696	SPATA17	0	+	240372
ENSG00000162817	chr1	220690363	220699153	C1orf115	0	+	8790
ENSG00000162819	chr1	222712553	222735196	BROX	0	+	22643
ENSG00000162825	chr1	145289900	145405567	NBPF20	0	-	115667
ENSG00000162836	chr1	147629652	147670524	ACP6	0	-	40872
ENSG00000162849	chr1	245154985	245709432	KIF26B	0	+	554447
ENSG00000162851	chr1	246540561	246566261	TFB2M	0	-	25700
ENSG00000162852	chr1	246566444	246668595	CNST	0	+	102151
ENSG00000162869	chr2	48440598	48515391	PPP1R21	0	+	74793
ENSG00000162873	chr1	205336061	205357090	KLHDC8A	0	-	21029
ENSG00000162878	chr2	42048021	42058517	PKDCC	0	+	10496
ENSG00000162881	chr2	42762481	42764261	OXER1	0	-	1780
ENSG00000162882	chr2	42767089	42792593	HAAO	0	-	25504
ENSG00000162885	chr1	235447190	235504452	B3GALNT2	0	-	57262
ENSG00000162889	chr1	206684905	206734281	MAPKAPK2	0	+	49376
ENSG00000162891	chr1	206865623	206869223	IL20	0	+	3600
ENSG00000162892	chr1	206897443	206904139	IL24	0	+	6696
ENSG00000162894	chr1	206903317	206923247	FCMR	0	-	19930
ENSG00000162896	chr1	206928522	206946466	PIGR	0	-	17944
ENSG00000162909	chr1	223701593	223776018	CAPN2	0	+	74425
ENSG00000162910	chr1	228106679	228109312	MRPL55	0	-	2633
ENSG00000162923	chr1	224385146	224437033	WDR26	0	-	51887
ENSG00000162924	chr2	60881521	60931612	REL	0	+	50091
ENSG00000162927	chr2	60940222	61018259	PUS10	0	-	78037
ENSG00000162928	chr2	61017225	61051990	PEX13	0	+	34765
ENSG00000162929	chr2	61065871	61138034	SANBR	0	+	72163
ENSG00000162931	chr1	228407935	228416861	TRIM17	0	-	8926
ENSG00000162944	chr2	197568224	197676045	RFTN2	0	-	107821
ENSG00000162946	chr1	231626790	232041272	DISC1	0	+	414482
ENSG00000162949	chr2	30722771	30820542	CAPN13	0	-	97771
ENSG00000162961	chr2	31867809	32039805	DPY30	0	-	171996
ENSG00000162971	chr2	199928913	199955736	TYW5	0	-	26823
ENSG00000162972	chr2	199955317	200008540	MAIP1	0	+	53223
ENSG00000162975	chr2	10911934	10914225	KCNF1	0	+	2291
ENSG00000162976	chr2	11155198	11178870	SLC66A3	0	+	23672
ENSG00000162981	chr2	14632700	14650814	LRATD1	0	+	18114
ENSG00000162989	chr2	154697855	154858354	KCNJ3	0	+	160499
ENSG00000162994	chr2	55172547	55232563	CLHC1	0	-	60016
ENSG00000162998	chr2	182833275	182866637	FRZB	0	-	33362
ENSG00000162999	chr2	183078559	183100008	DUSP19	0	+	21449
ENSG00000163001	chr2	55519604	55545079	CFAP36	0	+	25475
ENSG00000163002	chr2	183117513	183161680	NUP35	0	+	44167
ENSG00000163006	chr2	108786757	108885477	CCDC138	0	+	98720
ENSG00000163013	chr2	73254682	73284478	FBXO41	0	-	29796
ENSG00000163017	chr2	73892314	73919865	ACTG2	0	+	27551
ENSG00000163026	chr2	24029347	24049575	WDCP	0	-	20228
ENSG00000163029	chr2	17663812	17800242	SMC6	0	-	136430
ENSG00000163032	chr2	17539126	17657018	VSNL1	0	+	117892
ENSG00000163040	chr2	131527675	131533666	CCDC74A	0	+	5991
ENSG00000163041	chr1	226061851	226072019	H3-3A	0	+	10168
ENSG00000163053	chr2	230034982	230068993	SLC16A14	0	-	34011
ENSG00000163064	chr2	118842171	118847648	EN1	0	-	5477
ENSG00000163069	chr4	52020706	52038299	SGCB	0	-	17593
ENSG00000163071	chr4	52051304	52097299	SPATA18	0	+	45995
ENSG00000163072	chr2	168786539	168865514	NOSTRIN	0	+	78975
ENSG00000163075	chr2	119544432	119662251	CFAP221	0	+	117819
ENSG00000163082	chr2	222424543	222562621	SGPP2	0	+	138078
ENSG00000163083	chr2	120346136	120351803	INHBB	0	+	5667
ENSG00000163092	chr2	166888480	167259753	XIRP2	0	+	371273
ENSG00000163104	chr4	94207611	94291292	SMARCAD1	0	+	83681
ENSG00000163106	chr4	94298535	94342876	HPGDS	0	-	44341
ENSG00000163110	chr4	94451857	94668227	PDLIM5	0	+	216370
ENSG00000163121	chr2	96497646	96508109	NEURL3	0	-	10463
ENSG00000163125	chr1	150363091	150476566	RPRD2	0	+	113475
ENSG00000163126	chr2	96824526	96857934	ANKRD23	0	-	33408
ENSG00000163131	chr1	150730079	150765957	CTSS	0	-	35878
ENSG00000163132	chr4	4859665	4863936	MSX1	0	+	4271
ENSG00000163138	chr4	20696282	20752907	PACRGL	0	+	56625
ENSG00000163141	chr1	151036321	151047720	BNIPL	0	+	11399
ENSG00000163145	chr4	15339818	15446167	C1QTNF7	0	+	106349
ENSG00000163155	chr1	151159748	151165948	LYSMD1	0	-	6200
ENSG00000163156	chr1	151156664	151170296	SCNM1	0	+	13632
ENSG00000163159	chr1	151176304	151195321	VPS72	0	-	19017
ENSG00000163161	chr2	127257290	127294166	ERCC3	0	-	36876
ENSG00000163162	chr2	101271219	101308701	RNF149	0	-	37482
ENSG00000163166	chr2	127436207	127526886	IWS1	0	-	90679
ENSG00000163170	chr2	74135400	74147912	BOLA3	0	-	12512
ENSG00000163171	chr2	37641882	37738468	CDC42EP3	0	-	96586
ENSG00000163191	chr1	152032506	152047907	S100A11	0	-	15401
ENSG00000163207	chr1	152908546	152911886	IVL	0	+	3340
ENSG00000163209	chr1	153001747	153003856	SPRR3	0	+	2109
ENSG00000163214	chr2	38797729	38875934	DHX57	0	-	78205
ENSG00000163219	chr2	68679601	68826833	ARHGAP25	0	+	147232
ENSG00000163220	chr1	153357854	153361023	S100A9	0	+	3169
ENSG00000163235	chr2	70447284	70554193	TGFA	0	-	106909
ENSG00000163249	chr2	207711540	207761839	CCNYL1	0	+	50299
ENSG00000163251	chr2	207762598	207769906	FZD5	0	-	7308
ENSG00000163257	chr4	17800655	17810758	DCAF16	0	-	10103
ENSG00000163281	chr4	44682200	44726588	GNPDA2	0	-	44388
ENSG00000163291	chr4	78887127	78939438	PAQR3	0	-	52311
ENSG00000163293	chr4	47914142	48040173	NIPAL1	0	+	126031
ENSG00000163297	chr4	79901146	80125454	ANTXR2	0	-	224308
ENSG00000163312	chr4	83407343	83455855	HELQ	0	-	48512
ENSG00000163319	chr4	83455932	83469735	MRPS18C	0	+	13803
ENSG00000163320	chr3	88051944	88149885	CGGBP1	0	-	97941
ENSG00000163322	chr4	83459517	83523348	ABRAXAS1	0	-	63831
ENSG00000163328	chr2	174431571	174487094	GPR155	0	-	55523
ENSG00000163331	chr2	158795317	158862781	DAPL1	0	+	67464
ENSG00000163344	chr1	154924740	154936719	PMVK	0	-	11979
ENSG00000163346	chr1	154944076	154956123	PBXIP1	0	-	12047
ENSG00000163347	chr3	190305707	190322446	CLDN1	0	-	16739
ENSG00000163349	chr1	113929324	113977869	HIPK1	0	+	48545
ENSG00000163354	chr1	155018520	155033781	DCST2	0	-	15261
ENSG00000163357	chr1	155033824	155050930	DCST1	0	+	17106
ENSG00000163359	chr2	237324003	237414328	COL6A3	0	-	90325
ENSG00000163362	chr1	200891048	200915742	INAVA	0	+	24694
ENSG00000163374	chr1	155659443	155689000	YY1AP1	0	-	29557
ENSG00000163376	chr3	66998307	67011210	KBTBD8	0	+	12903
ENSG00000163378	chr3	68975217	69013684	EOGT	0	-	38467
ENSG00000163382	chr1	156591756	156609507	NAXE	0	+	17751
ENSG00000163389	chr3	119468963	119494708	POGLUT1	0	+	25745
ENSG00000163393	chr1	115976513	116070054	SLC22A15	0	+	93541
ENSG00000163399	chr1	116372668	116410261	ATP1A1	0	+	37593
ENSG00000163406	chr3	121894401	121944188	SLC15A2	0	+	49787
ENSG00000163428	chr3	120324509	120349354	LRRC58	0	-	24845
ENSG00000163430	chr3	120392293	120450993	FSTL1	0	-	58700
ENSG00000163431	chr1	201896456	201946588	LMOD1	0	-	50132
ENSG00000163435	chr1	202007945	202017183	ELF3	0	+	9238
ENSG00000163444	chr1	203007374	203024848	TMEM183A	0	+	17474
ENSG00000163453	chr4	57030773	57110385	IGFBP7	0	-	79612
ENSG00000163462	chr1	155173787	155184971	TRIM46	0	+	11184
ENSG00000163466	chr2	218217141	218254356	ARPC2	0	+	37215
ENSG00000163468	chr1	156308968	156367873	CCT3	0	-	58905
ENSG00000163472	chr1	156282935	156293185	TMEM79	0	+	10250
ENSG00000163479	chr1	156009048	156020951	SSR2	0	-	11903
ENSG00000163481	chr2	218663892	218672002	RNF25	0	-	8110
ENSG00000163482	chr2	218672069	218702716	STK36	0	+	30647
ENSG00000163485	chr1	203090654	203167405	ADORA1	0	+	76751
ENSG00000163491	chr3	27106484	27369460	NEK10	0	-	262976
ENSG00000163507	chr3	108549864	108589644	CIP2A	0	-	39780
ENSG00000163508	chr3	27715949	27722711	EOMES	0	-	6762
ENSG00000163510	chr2	179944876	180007297	CWC22	0	-	62421
ENSG00000163512	chr3	28315003	28349050	AZI2	0	-	34047
ENSG00000163513	chr3	30606601	30694142	TGFBR2	0	+	87541
ENSG00000163516	chr2	219229783	219236679	ANKZF1	0	+	6896
ENSG00000163517	chr3	13479724	13506424	HDAC11	0	+	26700
ENSG00000163519	chr3	108822770	108855005	TRAT1	0	+	32235
ENSG00000163520	chr3	13549125	13638422	FBLN2	0	+	89297
ENSG00000163521	chr2	219236598	219245478	GLB1L	0	-	8880
ENSG00000163527	chr3	31532638	31637616	STT3B	0	+	104978
ENSG00000163528	chr3	14112077	14124870	CHCHD4	0	-	12793
ENSG00000163531	chr1	204828651	205022822	NFASC	0	+	194171
ENSG00000163535	chr2	200510008	200584096	SGO2	0	+	74088
ENSG00000163536	chr3	167735243	167825569	SERPINI1	0	+	90326
ENSG00000163539	chr3	33496245	33718356	CLASP2	0	-	222111
ENSG00000163541	chr2	84423528	84460045	SUCLG1	0	-	36517
ENSG00000163545	chr1	205302063	205321745	NUAK2	0	-	19682
ENSG00000163558	chr3	170222424	170305977	PRKCI	0	+	83553
ENSG00000163563	chr1	158831351	158849506	MNDA	0	+	18155
ENSG00000163564	chr1	158930796	158977059	PYHIN1	0	+	46263
ENSG00000163565	chr1	158999968	159055155	IFI16	0	+	55187
ENSG00000163568	chr1	159062484	159147096	AIM2	0	-	84612
ENSG00000163577	chr3	170888418	170908644	EIF5A2	0	-	20226
ENSG00000163584	chr3	170864875	170870208	RPL22L1	0	-	5333
ENSG00000163590	chr3	160755602	161078902	PPM1L	0	+	323300
ENSG00000163596	chr2	202773150	202871766	ICA1L	0	-	98616
ENSG00000163599	chr2	203867771	203873965	CTLA4	0	+	6194
ENSG00000163600	chr2	203936763	203961577	ICOS	0	+	24814
ENSG00000163602	chr3	72371825	72446621	RYBP	0	-	74796
ENSG00000163606	chr3	112921205	112975103	CD200R1	0	-	53898
ENSG00000163607	chr3	112990984	113015060	GTPBP8	0	+	24076
ENSG00000163608	chr3	113002444	113019861	NEPRO	0	-	17417
ENSG00000163611	chr3	113442718	113515187	SPICE1	0	-	72469
ENSG00000163617	chr3	113964137	114056594	CCDC191	0	-	92457
ENSG00000163618	chr3	62398346	62875416	CADPS	0	-	477070
ENSG00000163623	chr4	84491985	84499292	NKX6-1	0	-	7307
ENSG00000163624	chr4	84583127	84651334	CDS1	0	+	68207
ENSG00000163625	chr4	84669597	84966690	WDFY3	0	-	297093
ENSG00000163626	chr4	73052362	73069755	COX18	0	-	17393
ENSG00000163629	chr4	86594315	86815171	PTPN13	0	+	220856
ENSG00000163631	chr4	73397114	73421482	ALB	0	+	24368
ENSG00000163634	chr3	63833870	63863868	THOC7	0	-	29998
ENSG00000163635	chr3	63863155	64003462	ATXN7	0	+	140307
ENSG00000163636	chr3	64010550	64024010	PSMD6	0	-	13460
ENSG00000163637	chr3	64092236	64445476	PRICKLE2	0	-	353240
ENSG00000163638	chr3	64515654	64688000	ADAMTS9	0	-	172346
ENSG00000163644	chr4	88257620	88284769	PPM1K	0	-	27149
ENSG00000163655	chr3	155870650	155944020	GMPS	0	+	73370
ENSG00000163659	chr3	156673235	156706770	TIPARP	0	+	33535
ENSG00000163660	chr3	157146508	157160760	CCNL1	0	-	14252
ENSG00000163661	chr3	157436850	157443633	PTX3	0	+	6783
ENSG00000163681	chr3	57755450	57930003	SLMAP	0	+	174553
ENSG00000163682	chr4	39452587	39458931	RPL9	0	-	6344
ENSG00000163683	chr4	39546336	39638902	SMIM14	0	-	92566
ENSG00000163684	chr3	58306245	58324695	RPP14	0	+	18450
ENSG00000163686	chr3	58237532	58295693	ABHD6	0	+	58161
ENSG00000163687	chr3	58192257	58214697	DNASE1L3	0	-	22440
ENSG00000163689	chr3	58717365	59050084	CFAP20DC	0	-	332719
ENSG00000163694	chr4	40423267	40630875	RBM47	0	-	207608
ENSG00000163697	chr4	40810027	41216714	APBB2	0	-	406687
ENSG00000163701	chr3	9902612	9916402	IL17RE	0	+	13790
ENSG00000163704	chr3	9945542	9952408	PRRT3	0	-	6866
ENSG00000163705	chr3	10081317	10108255	FANCD2OS	0	-	26938
ENSG00000163710	chr3	142815922	142889206	PCOLCE2	0	-	73284
ENSG00000163714	chr3	142964497	143060725	U2SURP	0	+	96228
ENSG00000163719	chr3	9649433	9702393	MTMR14	0	+	52960
ENSG00000163728	chr3	180602163	180617828	TTC14	0	+	15665
ENSG00000163735	chr4	73995642	73998677	CXCL5	0	-	3035
ENSG00000163738	chr4	74114174	74303099	MTHFD2L	0	+	188925
ENSG00000163739	chr4	73869393	73871308	CXCL1	0	+	1915
ENSG00000163743	chr4	75479033	75514764	RCHY1	0	-	35731
ENSG00000163749	chr4	76312997	76421868	CCDC158	0	-	108871
ENSG00000163751	chr3	148865296	148897203	CPA3	0	+	31907
ENSG00000163754	chr3	148991408	149031775	GYG1	0	+	40367
ENSG00000163755	chr3	149129638	149173732	HPS3	0	+	44094
ENSG00000163762	chr3	149318498	149334414	TM4SF18	0	-	15916
ENSG00000163781	chr3	133598175	133662380	TOPBP1	0	-	64205
ENSG00000163785	chr3	134065303	134250859	RYK	0	-	185556
ENSG00000163788	chr3	43286512	43424764	SNRK	0	+	138252
ENSG00000163795	chr2	27377235	27380790	ZNF513	0	-	3555
ENSG00000163798	chr2	27663471	27694976	SLC4A1AP	0	+	31505
ENSG00000163803	chr2	28457145	28644142	PLB1	0	+	186997
ENSG00000163806	chr2	28782517	28850611	SPDYA	0	+	68094
ENSG00000163807	chr3	44737661	44761619	KIAA1143	0	-	23958
ENSG00000163808	chr3	44761721	44873376	KIF15	0	+	111655
ENSG00000163811	chr2	28894667	28948219	WDR43	0	+	53552
ENSG00000163812	chr3	44915257	44976185	ZDHHC3	0	-	60928
ENSG00000163814	chr3	45082277	45146422	CDCP1	0	-	64145
ENSG00000163818	chr3	45823316	45916042	LZTFL1	0	-	92726
ENSG00000163820	chr3	45917903	45995824	FYCO1	0	-	77921
ENSG00000163823	chr3	46201711	46208313	CCR1	0	-	6602
ENSG00000163827	chr3	46515385	46606948	LRRC2	0	-	91563
ENSG00000163832	chr3	47495640	47513712	ELP6	0	-	18072
ENSG00000163840	chr3	122564338	122575203	DTX3L	0	+	10865
ENSG00000163848	chr3	125225669	125375325	ZNF148	0	-	149656
ENSG00000163864	chr3	139560180	139678017	NMNAT3	0	-	117837
ENSG00000163866	chr1	34712737	34859755	SMIM12	0	-	147018
ENSG00000163870	chr3	127571232	127598267	TPRA1	0	-	27035
ENSG00000163872	chr3	183697797	183812624	YEATS2	0	+	114827
ENSG00000163873	chr1	36795527	37034515	GRIK3	0	-	238988
ENSG00000163874	chr1	37474580	37484377	ZC3H12A	0	+	9797
ENSG00000163875	chr1	37489993	37514766	MEAF6	0	-	24773
ENSG00000163877	chr1	37534449	37554293	SNIP1	0	-	19844
ENSG00000163879	chr1	37556919	37566857	DNALI1	0	+	9938
ENSG00000163882	chr3	184361710	184368596	POLR2H	0	+	6886
ENSG00000163884	chr3	126342635	126357408	KLF15	0	-	14773
ENSG00000163888	chr3	184259213	184261553	CAMK2N2	0	-	2340
ENSG00000163898	chr3	185506262	185552588	LIPH	0	-	46326
ENSG00000163900	chr3	185476496	185499057	TMEM41A	0	-	22561
ENSG00000163902	chr3	128619969	128681075	RPN1	0	-	61106
ENSG00000163904	chr3	185582496	185633551	SENP2	0	+	51055
ENSG00000163909	chr1	39623435	39639643	HEYL	0	-	16208
ENSG00000163913	chr3	129429607	129520510	IFT122	0	+	90903
ENSG00000163918	chr3	186789880	186807058	RFC4	0	-	17178
ENSG00000163923	chr3	187120948	187180908	RPL39L	0	-	59960
ENSG00000163930	chr3	52401008	52410008	BAP1	0	-	9000
ENSG00000163931	chr3	53224712	53256052	TKT	0	-	31340
ENSG00000163932	chr3	53156009	53192717	PRKCD	0	+	36708
ENSG00000163933	chr3	53088483	53130453	RFT1	0	-	41970
ENSG00000163935	chr3	52903572	53046750	SFMBT1	0	-	143178
ENSG00000163938	chr3	52681156	52694497	GNL3	0	+	13341
ENSG00000163939	chr3	52545352	52685917	PBRM1	0	-	140565
ENSG00000163945	chr4	1345691	1395989	UVSSA	0	+	50298
ENSG00000163946	chr3	56620132	56683265	TASOR	0	-	63133
ENSG00000163947	chr3	56727418	57079329	ARHGEF3	0	-	351911
ENSG00000163950	chr4	1692731	1712344	SLBP	0	-	19613
ENSG00000163956	chr4	3503612	3532446	LRPAP1	0	-	28834
ENSG00000163959	chr3	196211487	196243178	SLC51A	0	+	31691
ENSG00000163960	chr3	196347662	196432430	UBXN7	0	-	84768
ENSG00000163961	chr3	196468783	196503768	RNF168	0	-	34985
ENSG00000163964	chr3	196639775	196736007	PIGX	0	+	96232
ENSG00000163975	chr3	196980590	197029817	MELTF	0	-	49227
ENSG00000163993	chr4	6693878	6697170	S100P	0	+	3292
ENSG00000163995	chr4	7965310	8158832	ABLIM2	0	-	193522
ENSG00000164002	chr1	40508741	40516038	EXO5	0	+	7297
ENSG00000164007	chr1	42733093	42740254	CLDN19	0	-	7161
ENSG00000164010	chr1	42817122	42844991	ERMAP	0	+	27869
ENSG00000164011	chr1	42846573	42852477	ZNF691	0	+	5904
ENSG00000164022	chr4	106315544	106349456	AIMP1	0	+	33912
ENSG00000164023	chr4	107824563	107915047	SGMS2	0	+	90484
ENSG00000164024	chr4	98995659	99062809	METAP1	0	+	67150
ENSG00000164031	chr4	99896248	99946618	DNAJB14	0	-	50370
ENSG00000164032	chr4	99948086	99950355	H2AZ1	0	-	2269
ENSG00000164035	chr4	100395341	100880126	EMCN	0	-	484785
ENSG00000164037	chr4	102885048	103019719	SLC9B1	0	-	134671
ENSG00000164038	chr4	103019868	103085829	SLC9B2	0	-	65961
ENSG00000164040	chr4	128269237	128288829	PGRMC2	0	-	19592
ENSG00000164045	chr3	48157146	48188417	CDC25A	0	-	31271
ENSG00000164047	chr3	48223347	48225491	CAMP	0	+	2144
ENSG00000164048	chr3	48241100	48299253	ZNF589	0	+	58153
ENSG00000164050	chr3	48403854	48430086	PLXNB1	0	-	26232
ENSG00000164051	chr3	48432164	48440456	CCDC51	0	-	8292
ENSG00000164053	chr3	48446710	48467645	ATRIP	0	+	20935
ENSG00000164054	chr3	48467798	48504826	SHISA5	0	-	37028
ENSG00000164056	chr4	123396795	123403760	SPRY1	0	+	6965
ENSG00000164061	chr3	49554477	49671549	BSN	0	+	117072
ENSG00000164062	chr3	49674014	49683971	APEH	0	+	9957
ENSG00000164066	chr4	127623271	127726737	INTU	0	+	103466
ENSG00000164068	chr3	49689538	49721529	RNF123	0	+	31991
ENSG00000164070	chr4	127781821	127840733	HSPA4L	0	+	58912
ENSG00000164073	chr4	127917799	127966034	MFSD8	0	-	48235
ENSG00000164074	chr4	127965306	128039953	ABHD18	0	+	74647
ENSG00000164077	chr3	49907160	49930173	MON1A	0	-	23013
ENSG00000164078	chr3	49887002	49903873	MST1R	0	-	16871
ENSG00000164080	chr3	51538719	51668667	RAD54L2	0	+	129948
ENSG00000164086	chr3	52048919	52056571	DUSP7	0	-	7652
ENSG00000164087	chr3	52075226	52154690	POC1A	0	-	79464
ENSG00000164088	chr3	52245759	52250599	PPM1M	0	+	4840
ENSG00000164091	chr3	52254434	52288020	WDR82	0	-	33586
ENSG00000164093	chr4	110617423	110642123	PITX2	0	-	24700
ENSG00000164096	chr4	119296419	119304445	C4orf3	0	-	8026
ENSG00000164099	chr4	118280038	118353003	PRSS12	0	-	72965
ENSG00000164104	chr4	173331376	173334432	HMGB2	0	-	3056
ENSG00000164105	chr4	173369969	173377532	SAP30	0	+	7563
ENSG00000164106	chr4	173384701	173406380	SCRG1	0	-	21679
ENSG00000164107	chr4	173524969	173530229	HAND2	0	-	5260
ENSG00000164109	chr4	120055623	120066858	MAD2L1	0	-	11235
ENSG00000164111	chr4	121667946	121696995	ANXA5	0	-	29049
ENSG00000164114	chr4	155342658	155376970	MAP9	0	-	34312
ENSG00000164116	chr4	155666726	155737059	GUCY1A1	0	+	70333
ENSG00000164117	chr4	174236658	174283667	FBXO8	0	-	47009
ENSG00000164118	chr4	174283730	174333380	CEP44	0	+	49650
ENSG00000164120	chr4	174490175	174523154	HPGD	0	-	32979
ENSG00000164124	chr4	158201604	158255416	TMEM144	0	+	53812
ENSG00000164125	chr4	158124474	158173318	GASK1B	0	-	48844
ENSG00000164128	chr4	163323962	163344832	NPY1R	0	-	20870
ENSG00000164129	chr4	163343892	163351934	NPY5R	0	+	8042
ENSG00000164134	chr4	139301505	139420033	NAA15	0	+	118528
ENSG00000164136	chr4	141636583	141733987	IL15	0	+	97404
ENSG00000164142	chr4	151409176	151670503	FHIP1A	0	+	261327
ENSG00000164144	chr4	152779937	152918463	ARFIP1	0	+	138526
ENSG00000164151	chr5	5420664	5490220	ICE1	0	+	69556
ENSG00000164163	chr4	145098288	145129524	ABCE1	0	+	31236
ENSG00000164164	chr4	145110838	145180589	OTUD4	0	-	69751
ENSG00000164167	chr4	146175703	146200000	LSM6	0	+	24297
ENSG00000164168	chr4	147617386	147672044	TMEM184C	0	+	54658
ENSG00000164169	chr4	147637785	147684163	PRMT9	0	-	46378
ENSG00000164171	chr5	52989340	53094779	ITGA2	0	+	105439
ENSG00000164172	chr5	53095679	53110063	MOCS2	0	-	14384
ENSG00000164176	chr5	83940554	84384880	EDIL3	0	-	444326
ENSG00000164180	chr5	88189633	88269476	TMEM161B	0	-	79843
ENSG00000164181	chr5	60751791	60844274	ELOVL7	0	-	92483
ENSG00000164182	chr5	60945177	61154531	NDUFAF2	0	+	209354
ENSG00000164187	chr5	36098407	36151887	LMBRD2	0	-	53480
ENSG00000164188	chr5	36246913	36302114	RANBP3L	0	-	55201
ENSG00000164190	chr5	36876769	37066413	NIPBL	0	+	189644
ENSG00000164197	chr5	64165843	64372869	RNF180	0	+	207026
ENSG00000164199	chr5	90529344	91164437	ADGRV1	0	+	635093
ENSG00000164209	chr5	110738136	110765161	SLC25A46	0	+	27025
ENSG00000164211	chr5	111496033	111512590	STARD4	0	-	16557
ENSG00000164219	chr5	115204012	115262877	PGGT1B	0	-	58865
ENSG00000164220	chr5	76615482	76623413	F2RL2	0	-	7931
ENSG00000164221	chr5	115267190	115296693	CCDC112	0	-	29503
ENSG00000164236	chr5	10564070	10657816	ANKRD33B	0	+	93746
ENSG00000164237	chr5	10275875	10307902	CMBL	0	-	32027
ENSG00000164241	chr5	127045235	127073506	C5orf63	0	-	28271
ENSG00000164244	chr5	127517640	127555085	PRRC1	0	+	37445
ENSG00000164251	chr5	76818933	76835315	F2RL1	0	+	16382
ENSG00000164253	chr5	77425970	77620611	WDR41	0	-	194641
ENSG00000164258	chr5	53560633	53683338	NDUFS4	0	+	122705
ENSG00000164283	chr5	54977867	55022671	ESM1	0	-	44804
ENSG00000164284	chr5	149345430	149354583	GRPEL2	0	+	9153
ENSG00000164287	chr5	55112971	55173177	CDC20B	0	-	60206
ENSG00000164291	chr5	95555101	95605102	ARSK	0	+	50001
ENSG00000164292	chr5	95713522	95824383	RHOBTB3	0	+	110861
ENSG00000164294	chr5	55160167	55167297	GPX8	0	+	7130
ENSG00000164296	chr5	149993118	150000654	TIGD6	0	-	7536
ENSG00000164300	chr5	80111651	80256048	SERINC5	0	-	144397
ENSG00000164305	chr4	184627696	184649509	CASP3	0	-	21813
ENSG00000164306	chr4	184649667	184694963	PRIMPOL	0	+	45296
ENSG00000164307	chr5	96760810	96808100	ERAP1	0	-	47290
ENSG00000164308	chr5	96875986	96919703	ERAP2	0	+	43717
ENSG00000164309	chr5	79689836	79800240	CMYA5	0	+	110404
ENSG00000164318	chr5	38258409	38465480	EGFLAM	0	+	207071
ENSG00000164323	chr4	185159665	185209504	CFAP97	0	-	49839
ENSG00000164326	chr5	71719275	71721048	CARTPT	0	+	1773
ENSG00000164327	chr5	38937920	39074399	RICTOR	0	-	136479
ENSG00000164329	chr5	79612120	79688246	TENT2	0	+	76126
ENSG00000164330	chr5	158695916	159099916	EBF1	0	-	404000
ENSG00000164331	chr5	73552190	73565667	ANKRA2	0	-	13477
ENSG00000164332	chr5	159263290	159286036	UBLCP1	0	+	22746
ENSG00000164338	chr5	73565443	73583380	UTP15	0	+	17937
ENSG00000164342	chr4	186069155	186088073	TLR3	0	+	18918
ENSG00000164344	chr4	186208979	186258471	KLKB1	0	+	49492
ENSG00000164346	chr5	74766991	74780113	NSA2	0	+	13122
ENSG00000164347	chr5	74721206	74767147	GFM2	0	-	45941
ENSG00000164366	chr5	196868	218153	CCDC127	0	-	21285
ENSG00000164379	chr6	1312098	1314758	FOXQ1	0	+	2660
ENSG00000164402	chr5	132750819	132807241	SEPTIN8	0	-	56422
ENSG00000164403	chr5	132822141	132830659	SHROOM1	0	-	8518
ENSG00000164404	chr5	132861181	132866884	GDF9	0	-	5703
ENSG00000164405	chr5	132866630	132868847	UQCRQ	0	+	2217
ENSG00000164406	chr5	132873444	132875046	LEAP2	0	+	1602
ENSG00000164430	chr6	73413515	73452297	CGAS	0	-	38782
ENSG00000164434	chr6	122779716	122784074	FABP7	0	+	4358
ENSG00000164440	chr6	139240061	139291998	TXLNB	0	-	51937
ENSG00000164442	chr6	139371807	139374648	CITED2	0	-	2841
ENSG00000164463	chr5	173056352	173139284	CREBRF	0	+	82932
ENSG00000164465	chr6	117453817	117569858	DCBLD1	0	+	116041
ENSG00000164466	chr5	175477062	175529742	SFXN1	0	+	52680
ENSG00000164483	chr6	130144315	130365425	SAMD3	0	-	221110
ENSG00000164484	chr6	130366017	130443067	TMEM200A	0	+	77050
ENSG00000164494	chr6	107152562	107459564	PDSS2	0	-	307002
ENSG00000164506	chr6	147204417	147390476	STXBP5	0	+	186059
ENSG00000164530	chr6	36948263	36964837	PI16	0	+	16574
ENSG00000164535	chr7	6409126	6484190	DAGLB	0	-	75064
ENSG00000164542	chr7	36324152	36390125	KIAA0895	0	-	65973
ENSG00000164543	chr7	43582758	43650713	STK17A	0	+	67955
ENSG00000164548	chr7	23504780	23532041	TRA2A	0	-	27261
ENSG00000164574	chr5	154190730	154420984	GALNT10	0	+	230254
ENSG00000164576	chr5	154445997	154461053	SAP30L	0	+	15056
ENSG00000164587	chr5	150442635	150449739	RPS14	0	-	7104
ENSG00000164591	chr5	150660882	150679368	MYOZ3	0	+	18486
ENSG00000164597	chr7	107201372	107564261	COG5	0	-	362889
ENSG00000164603	chr7	112819147	112939875	BMT2	0	-	120728
ENSG00000164604	chr7	113078331	113087778	GPR85	0	-	9447
ENSG00000164609	chr5	160401641	160421711	SLU7	0	-	20070
ENSG00000164610	chr7	33094797	33109405	RP9	0	-	14608
ENSG00000164611	chr5	160421855	160428739	PTTG1	0	+	6884
ENSG00000164615	chr5	134738495	134752157	CAMLG	0	+	13662
ENSG00000164619	chr7	33904308	34156427	BMPER	0	+	252119
ENSG00000164620	chr5	141636950	141641064	RELL2	0	+	4114
ENSG00000164626	chr6	39188971	39229475	KCNK5	0	-	40504
ENSG00000164627	chr6	39329990	39725408	KIF6	0	-	395418
ENSG00000164631	chr7	6688433	6706947	ZNF12	0	-	18514
ENSG00000164638	chr7	5274369	5306912	SLC29A4	0	+	32543
ENSG00000164647	chr7	90154456	90164829	STEAP1	0	+	10373
ENSG00000164649	chr7	21900899	21945903	CDCA7L	0	-	45004
ENSG00000164654	chr7	7566875	7608932	MIOS	0	+	42057
ENSG00000164659	chr7	86876906	87059654	ELAPOR2	0	-	182748
ENSG00000164674	chr6	158650014	158764876	SYTL3	0	+	114862
ENSG00000164683	chr8	79762371	79767857	HEY1	0	-	5486
ENSG00000164684	chr8	80628451	80874781	ZNF704	0	-	246330
ENSG00000164687	chr8	81280536	81284777	FABP5	0	+	4241
ENSG00000164691	chr6	159034468	159045152	TAGAP	0	-	10684
ENSG00000164692	chr7	94394895	94431227	COL1A2	0	+	36332
ENSG00000164694	chr6	159169400	159272108	FNDC1	0	+	102708
ENSG00000164695	chr8	81732448	81759515	CHMP4C	0	+	27067
ENSG00000164707	chr7	135681231	135729258	SLC13A4	0	-	48027
ENSG00000164708	chr7	44062727	44065567	PGAM2	0	-	2840
ENSG00000164713	chr7	98252379	98310441	BRI3	0	+	58062
ENSG00000164715	chr7	98106862	98209638	LMTK2	0	+	102776
ENSG00000164733	chr8	11842524	11869533	CTSB	0	-	27009
ENSG00000164736	chr8	54457935	54460892	SOX17	0	+	2957
ENSG00000164741	chr8	13083361	13604610	DLC1	0	-	521249
ENSG00000164742	chr7	45574140	45723116	ADCY1	0	+	148976
ENSG00000164743	chr8	13566869	13568288	C8orf48	0	+	1419
ENSG00000164749	chr8	75407914	75566834	HNF4G	0	+	158920
ENSG00000164751	chr8	76980258	77001044	PEX2	0	-	20786
ENSG00000164754	chr8	116845934	116874776	RAD21	0	-	28842
ENSG00000164756	chr8	116950273	117176714	SLC30A8	0	+	226441
ENSG00000164758	chr8	117520713	117540262	MED30	0	+	19549
ENSG00000164761	chr8	118923557	118951885	TNFRSF11B	0	-	28328
ENSG00000164764	chr8	73064543	73124088	SBSPON	0	-	59545
ENSG00000164776	chr7	56080283	56092996	PHKG1	0	-	12713
ENSG00000164796	chr8	112222928	113436939	CSMD3	0	-	1214011
ENSG00000164808	chr8	47260878	47736306	SPIDR	0	+	475428
ENSG00000164815	chr7	104126341	104208047	ORC5	0	-	81706
ENSG00000164818	chr7	726699	786475	DNAAF5	0	+	59776
ENSG00000164823	chr8	89901849	89927888	OSGIN2	0	+	26039
ENSG00000164825	chr8	6870592	6877936	DEFB1	0	-	7344
ENSG00000164828	chr7	816615	896435	SUN1	0	+	79820
ENSG00000164830	chr8	106270144	106752694	OXR1	0	+	482550
ENSG00000164849	chr7	1044546	1059261	GPR146	0	+	14715
ENSG00000164850	chr7	1082208	1093815	GPER1	0	+	11607
ENSG00000164855	chr7	1542235	1560821	TMEM184A	0	-	18586
ENSG00000164867	chr7	150991017	151014588	NOS3	0	+	23571
ENSG00000164877	chr7	1428465	1459470	MICALL2	0	-	31005
ENSG00000164879	chr8	85373436	85449040	CA3	0	+	75604
ENSG00000164880	chr7	1470277	1504389	INTS1	0	-	34112
ENSG00000164885	chr7	151053815	151057897	CDK5	0	-	4082
ENSG00000164889	chr7	151057210	151076526	SLC4A2	0	+	19316
ENSG00000164896	chr7	151076624	151080866	FASTK	0	-	4242
ENSG00000164897	chr7	151081085	151083493	TMUB1	0	-	2408
ENSG00000164902	chr5	126600925	126627252	PHAX	0	+	26327
ENSG00000164904	chr5	126531200	126595362	ALDH7A1	0	-	64162
ENSG00000164916	chr7	4682295	4771442	FOXK1	0	+	89147
ENSG00000164919	chr8	99873200	99893707	COX6C	0	-	20507
ENSG00000164920	chr8	98944403	98952104	OSR2	0	+	7701
ENSG00000164924	chr8	100916523	100953388	YWHAZ	0	-	36865
ENSG00000164929	chr8	103140713	103230305	BAALC	0	+	89592
ENSG00000164930	chr8	103298433	103332866	FZD6	0	+	34433
ENSG00000164932	chr8	103371538	103382989	CTHRC1	0	+	11451
ENSG00000164934	chr8	103414714	103443453	DCAF13	0	+	28739
ENSG00000164938	chr8	94925972	94949378	TP53INP1	0	-	23406
ENSG00000164941	chr8	94813311	94881746	INTS8	0	+	68435
ENSG00000164944	chr8	94487689	94553529	VIRMA	0	-	65840
ENSG00000164946	chr9	14737152	14910995	FREM1	0	-	173843
ENSG00000164949	chr8	94249253	94262350	GEM	0	-	13097
ENSG00000164951	chr8	93857807	93926068	PDP1	0	+	68261
ENSG00000164953	chr8	93754844	93819234	TMEM67	0	+	64390
ENSG00000164961	chr8	125024260	125091819	WASHC5	0	-	67559
ENSG00000164967	chr9	34610486	34612104	RPP25L	0	-	1618
ENSG00000164970	chr9	34398184	34458570	FAM219A	0	-	60386
ENSG00000164975	chr9	15422734	15465953	SNAPC3	0	+	43219
ENSG00000164976	chr9	34366666	34376898	MYORG	0	-	10232
ENSG00000164978	chr9	34329506	34343711	NUDT2	0	+	14205
ENSG00000164983	chr8	124306189	124372701	TMEM65	0	-	66512
ENSG00000164985	chr9	15464066	15510995	PSIP1	0	-	46929
ENSG00000164989	chr9	15553043	16061663	CCDC171	0	+	508620
ENSG00000165006	chr9	34179005	34252523	UBAP1	0	+	73518
ENSG00000165025	chr9	90801787	90898549	SYK	0	+	96762
ENSG00000165028	chr9	104764129	104777764	NIPSNAP3B	0	+	13635
ENSG00000165029	chr9	104781006	104928155	ABCA1	0	-	147149
ENSG00000165030	chr9	91409045	91423832	NFIL3	0	-	14787
ENSG00000165046	chr8	38386207	38409527	LETM2	0	+	23320
ENSG00000165055	chr7	128476729	128506602	METTL2B	0	+	29873
ENSG00000165061	chr8	40530590	40897833	ZMAT4	0	-	367243
ENSG00000165071	chr8	132685007	132760712	TMEM71	0	-	75705
ENSG00000165072	chr9	70043848	70226972	MAMDC2	0	+	183124
ENSG00000165078	chr8	67422038	67746378	CPA6	0	-	324340
ENSG00000165084	chr8	68330955	68819023	C8orf34	0	+	488068
ENSG00000165092	chr9	72900671	73080442	ALDH1A1	0	-	179771
ENSG00000165097	chr6	18155329	18223854	KDM1B	0	+	68525
ENSG00000165102	chr8	43140464	43202855	HGSNAT	0	+	62391
ENSG00000165105	chr9	82979590	83063177	RASEF	0	-	83587
ENSG00000165113	chr9	83739425	83829516	GKAP1	0	-	90091
ENSG00000165115	chr9	83834099	83921465	KIF27	0	-	87366
ENSG00000165118	chr9	83938311	83956986	C9orf64	0	-	18675
ENSG00000165119	chr9	83968083	83980616	HNRNPK	0	-	12533
ENSG00000165124	chr9	110365248	110579880	SVEP1	0	-	214632
ENSG00000165125	chr7	142871208	142885745	TRPV6	0	-	14537
ENSG00000165138	chr9	98731329	98796965	ANKS6	0	-	65636
ENSG00000165140	chr9	94603133	94640249	FBP1	0	-	37116
ENSG00000165152	chr9	101473170	101533537	PGAP4	0	-	60367
ENSG00000165169	chrX	37836757	37847571	DYNLT3	0	-	10814
ENSG00000165171	chr7	73834590	73842516	METTL27	0	-	7926
ENSG00000165175	chrX	38801440	38806537	MID1IP1	0	+	5097
ENSG00000165185	chr9	112486827	112669397	KIAA1958	0	+	182570
ENSG00000165186	chrX	23334849	23404374	PTCHD1	0	+	69525
ENSG00000165188	chr9	113297093	113303376	RNF183	0	-	6283
ENSG00000165194	chrX	100291644	100410273	PCDH19	0	-	118629
ENSG00000165195	chrX	15319452	15335554	PIGA	0	-	16102
ENSG00000165197	chrX	15345596	15384413	VEGFD	0	-	38817
ENSG00000165209	chr9	123109500	123268586	STRBP	0	-	159086
ENSG00000165215	chr7	73768997	73770270	CLDN3	0	-	1273
ENSG00000165219	chr9	125261794	125367207	GAPVD1	0	+	105413
ENSG00000165233	chr9	93096217	93113283	CARD19	0	+	17066
ENSG00000165238	chr9	93184122	93320572	WNK2	0	+	136450
ENSG00000165244	chr9	96385941	96418370	ZNF367	0	-	32429
ENSG00000165259	chrX	84317874	84502479	HDX	0	-	184605
ENSG00000165264	chr9	32553001	32573184	NDUFB6	0	-	20183
ENSG00000165269	chr9	33383179	33402682	AQP7	0	-	19503
ENSG00000165271	chr9	33461353	33473930	NOL6	0	-	12577
ENSG00000165272	chr9	33441156	33447596	AQP3	0	-	6440
ENSG00000165275	chr9	37753803	37778972	TRMT10B	0	+	25169
ENSG00000165280	chr9	35053928	35072668	VCP	0	-	18740
ENSG00000165282	chr9	35088688	35096601	PIGO	0	-	7913
ENSG00000165283	chr9	35099776	35103195	STOML2	0	-	3419
ENSG00000165288	chrX	80669503	80809877	BRWD3	0	-	140374
ENSG00000165300	chr13	87671371	87696272	SLITRK5	0	+	24901
ENSG00000165304	chr9	36572862	36677683	MELK	0	+	104821
ENSG00000165309	chr10	22928024	23038523	ARMC3	0	+	110499
ENSG00000165312	chr10	23439075	23442377	OTUD1	0	+	3302
ENSG00000165322	chr10	31805398	31928876	ARHGAP12	0	-	123478
ENSG00000165323	chr11	92224818	92896473	FAT3	0	+	671655
ENSG00000165338	chr10	91409280	91514829	HECTD2	0	+	105549
ENSG00000165355	chr14	39397684	39432466	FBXO33	0	-	34782
ENSG00000165359	chrX	135520659	135582510	INTS6L	0	+	61851
ENSG00000165379	chr14	41606876	41904549	LRFN5	0	+	297673
ENSG00000165392	chr8	31033788	31176138	WRN	0	+	142350
ENSG00000165406	chr10	45454585	45594906	MARCHF8	0	-	140321
ENSG00000165410	chr14	34709113	34714823	CFL2	0	-	5710
ENSG00000165416	chr13	52652709	52700909	SUGT1	0	+	48200
ENSG00000165417	chr14	81175452	81221377	GTF2A1	0	-	45925
ENSG00000165424	chr10	79382325	79445624	ZCCHC24	0	-	63299
ENSG00000165434	chr11	74330316	74398433	PGM2L1	0	-	68117
ENSG00000165443	chr10	59176643	59247774	PHYHIPL	0	+	71131
ENSG00000165449	chr10	59650764	59736002	SLC16A9	0	-	85238
ENSG00000165457	chr11	72216601	72221950	FOLR2	0	+	5349
ENSG00000165458	chr11	72223701	72239147	INPPL1	0	+	15446
ENSG00000165474	chr13	20187463	20192938	GJB2	0	-	5475
ENSG00000165475	chr13	20403666	20525873	CRYL1	0	-	122207
ENSG00000165476	chr10	63521401	63625128	REEP3	0	+	103727
ENSG00000165478	chr11	124919205	124936412	HEPACAM	0	-	17207
ENSG00000165480	chr13	21153595	21176552	SKA3	0	-	22957
ENSG00000165487	chr13	21492691	21604181	MICU2	0	-	111490
ENSG00000165490	chr11	82899975	82958277	DDIAS	0	+	58302
ENSG00000165494	chr11	83156988	83187451	PCF11	0	+	30463
ENSG00000165495	chr11	125164687	125433389	PKNOX2	0	+	268702
ENSG00000165501	chr14	49598761	49614672	LRR1	0	+	15911
ENSG00000165502	chr14	49618530	49620626	RPL36AL	0	-	2096
ENSG00000165506	chr14	49625174	49635244	DNAAF2	0	-	10070
ENSG00000165507	chr10	44970981	44978809	DEPP1	0	-	7828
ENSG00000165512	chr10	45000923	45005326	ZNF22	0	+	4403
ENSG00000165516	chr14	49768130	49786385	KLHDC2	0	+	18255
ENSG00000165521	chr14	88612431	88792953	EML5	0	-	180522
ENSG00000165525	chr14	49782083	49852821	NEMF	0	-	70738
ENSG00000165526	chr11	126202096	126211692	RPUSD4	0	-	9596
ENSG00000165527	chr14	49893079	49897054	ARF6	0	+	3975
ENSG00000165533	chr14	88824153	88881078	TTC8	0	+	56925
ENSG00000165548	chr14	77116568	77259495	TMEM63C	0	+	142927
ENSG00000165568	chr10	4786629	4848062	AKR1E2	0	+	61433
ENSG00000165572	chr13	41127569	41132802	KBTBD6	0	-	5233
ENSG00000165591	chrX	57286706	57489193	FAAH2	0	+	202487
ENSG00000165609	chr10	12165330	12196144	NUDT5	0	-	30814
ENSG00000165617	chr14	58633967	58648321	DACT1	0	+	14354
ENSG00000165621	chr13	96985713	96994730	OXGR1	0	-	9017
ENSG00000165626	chr10	13438484	13529014	BEND7	0	-	90530
ENSG00000165629	chr10	7788147	7807815	ATP5F1C	0	+	19668
ENSG00000165632	chr10	7818497	8016631	TAF3	0	+	198134
ENSG00000165633	chr10	49014236	49115522	VSTM4	0	-	101286
ENSG00000165637	chr10	75210154	75231448	VDAC2	0	+	21294
ENSG00000165644	chr10	75233641	75236030	COMTD1	0	-	2389
ENSG00000165646	chr10	117241093	117279430	SLC18A2	0	+	38337
ENSG00000165650	chr10	117277274	117375440	PDZD8	0	-	98166
ENSG00000165655	chr10	75397830	75401764	ZNF503	0	-	3934
ENSG00000165660	chr10	124801819	124836667	ABRAXAS2	0	+	34848
ENSG00000165661	chr9	136206333	136245812	QSOX2	0	-	39479
ENSG00000165669	chr10	118297925	118342328	FAM204A	0	-	44403
ENSG00000165671	chr5	177131830	177300213	NSD1	0	+	168383
ENSG00000165672	chr10	119167720	119178812	PRDX3	0	-	11092
ENSG00000165675	chrX	130622325	130903234	ENOX2	0	-	280909
ENSG00000165678	chr10	84139482	84154841	GHITM	0	+	15359
ENSG00000165684	chr9	136375567	136400176	SNAPC4	0	-	24609
ENSG00000165685	chr12	10170542	10191804	TMEM52B	0	+	21262
ENSG00000165688	chr9	136410641	136423761	PMPCA	0	+	13120
ENSG00000165689	chr9	136401922	136410614	ENTR1	0	-	8692
ENSG00000165695	chr9	132725578	132878777	AK8	0	-	153199
ENSG00000165698	chr9	132878027	132890201	SPACA9	0	+	12174
ENSG00000165699	chr9	132891348	132946874	TSC1	0	-	55526
ENSG00000165704	chrX	134460165	134520513	HPRT1	0	+	60348
ENSG00000165714	chr12	12357078	12471233	BORCS5	0	+	114155
ENSG00000165716	chr9	136712572	136724742	DIPK1B	0	+	12170
ENSG00000165724	chr9	137582081	137590512	ZMYND19	0	-	8431
ENSG00000165730	chr10	68827531	68895432	STOX1	0	+	67901
ENSG00000165731	chr10	43077064	43130351	RET	0	+	53287
ENSG00000165732	chr10	68956135	68985068	DDX21	0	+	28933
ENSG00000165733	chr10	42782795	42834937	BMS1	0	+	52142
ENSG00000165752	chr10	132207492	132331847	STK32C	0	-	124355
ENSG00000165757	chr10	30012803	30115494	JCAD	0	-	102691
ENSG00000165775	chrX	155025980	155060304	FUNDC2	0	+	34324
ENSG00000165782	chr14	20457681	20461465	PIP4P1	0	-	3784
ENSG00000165792	chr14	20989973	20997035	METTL17	0	+	7062
ENSG00000165795	chr14	21016763	21070872	NDRG2	0	-	54109
ENSG00000165801	chr14	21070273	21090248	ARHGEF40	0	+	19975
ENSG00000165802	chr9	137447570	137459334	NSMF	0	-	11764
ENSG00000165804	chr14	21090077	21104722	ZNF219	0	-	14645
ENSG00000165806	chr10	113679162	113730907	CASP7	0	+	51745
ENSG00000165807	chr14	64549920	64589381	PPP1R36	0	+	39461
ENSG00000165810	chr5	181040225	181061521	BTNL9	0	+	21296
ENSG00000165813	chr10	114120862	114174232	CCDC186	0	-	53370
ENSG00000165816	chr10	114239254	114294489	VWA2	0	+	55235
ENSG00000165819	chr14	21498133	21511342	METTL3	0	-	13209
ENSG00000165821	chr14	21521080	21537216	SALL2	0	-	16136
ENSG00000165832	chr10	114938195	114977676	TRUB1	0	+	39481
ENSG00000165837	chr13	45534522	45615739	ERICH6B	0	-	81217
ENSG00000165861	chr14	72969451	73027131	ZFYVE1	0	-	57680
ENSG00000165863	chr10	116663696	116670264	C10orf82	0	-	6568
ENSG00000165868	chr10	116671192	116850251	HSPA12A	0	-	179059
ENSG00000165879	chr10	97319271	97321915	FRAT1	0	+	2644
ENSG00000165886	chr10	97498924	97571206	UBTD1	0	+	72282
ENSG00000165891	chr12	77021248	77065569	E2F7	0	-	44321
ENSG00000165895	chr11	100687288	100993941	ARHGAP42	0	+	306653
ENSG00000165898	chr14	74493756	74497106	ISCA2	0	+	3350
ENSG00000165905	chr11	45921621	45929096	LARGE2	0	+	7475
ENSG00000165912	chr11	47177522	47186443	PACSIN3	0	-	8921
ENSG00000165914	chr14	90524564	90816479	TTC7B	0	-	291915
ENSG00000165915	chr11	47407132	47416496	SLC39A13	0	+	9364
ENSG00000165916	chr11	47418769	47426473	PSMC3	0	-	7704
ENSG00000165923	chr11	47659591	47715389	AGBL2	0	-	55798
ENSG00000165934	chr14	92121969	92172145	CPSF2	0	+	50176
ENSG00000165943	chr14	93182199	93184923	MOAP1	0	-	2724
ENSG00000165948	chr14	94081301	94103846	IFI27L1	0	+	22545
ENSG00000165949	chr14	94104836	94116695	IFI27	0	+	11859
ENSG00000165959	chr14	95181940	95319908	CLMN	0	-	137968
ENSG00000165966	chr12	41188320	41574745	PDZRN4	0	+	386425
ENSG00000165973	chr11	20669551	21575686	NELL1	0	+	906135
ENSG00000165983	chr10	16436943	16513745	PTER	0	+	76802
ENSG00000165995	chr10	18140424	18543557	CACNB2	0	+	403133
ENSG00000165996	chr10	17589032	17617374	HACD1	0	-	28342
ENSG00000165997	chr10	18659431	18681639	ARL5B	0	+	22208
ENSG00000166002	chr11	93478472	93543391	SMCO4	0	-	64919
ENSG00000166004	chr11	93661682	93730358	CEP295	0	+	68676
ENSG00000166006	chr12	75040077	75209839	KCNC2	0	-	169762
ENSG00000166012	chr11	93729948	93784391	TAF1D	0	-	54443
ENSG00000166016	chr11	34150987	34358010	ABTB2	0	-	207023
ENSG00000166024	chr10	98134624	98244897	R3HCC1L	0	+	110273
ENSG00000166025	chr11	94706431	94876748	AMOTL1	0	+	170317
ENSG00000166033	chr10	122458551	122514907	HTRA1	0	+	56356
ENSG00000166037	chr11	95789965	95832693	CEP57	0	+	42728
ENSG00000166046	chr12	106301929	106347003	TCP11L2	0	+	45074
ENSG00000166068	chr15	38252836	38357249	SPRED1	0	+	104413
ENSG00000166073	chr15	39799008	39920266	GPR176	0	-	121258
ENSG00000166086	chr11	134069071	134152001	JAM3	0	+	82930
ENSG00000166106	chr11	130448645	130476645	ADAMTS15	0	+	28000
ENSG00000166123	chr16	46884362	46931289	GPT2	0	+	46927
ENSG00000166126	chr14	102922663	102933596	AMN	0	+	10933
ENSG00000166128	chr15	63189560	63267776	RAB8B	0	+	78216
ENSG00000166130	chr12	98613405	98645113	IKBIP	0	-	31708
ENSG00000166133	chr15	40569299	40574949	RPUSD2	0	+	5650
ENSG00000166135	chr10	100529072	100559998	HIF1AN	0	+	30926
ENSG00000166136	chr10	100523740	100530000	NDUFB8	0	-	6260
ENSG00000166140	chr15	40807086	40815084	ZFYVE19	0	+	7998
ENSG00000166145	chr15	40844018	40858207	SPINT1	0	+	14189
ENSG00000166147	chr15	48408313	48645721	FBN1	0	-	237408
ENSG00000166148	chr12	63142759	63151201	AVPR1A	0	-	8442
ENSG00000166159	chr12	1820267	1836753	LRTM2	0	+	16486
ENSG00000166164	chr16	50313487	50368988	BRD7	0	-	55501
ENSG00000166165	chr14	103519667	103522833	CKB	0	-	3166
ENSG00000166166	chr14	103529196	103537073	TRMT61A	0	+	7877
ENSG00000166167	chr10	101354033	101557321	BTRC	0	+	203288
ENSG00000166169	chr10	101578882	101588270	POLL	0	-	9388
ENSG00000166170	chr14	103556545	103562657	BAG5	0	-	6112
ENSG00000166171	chr10	101570560	101609662	DPCD	0	+	39102
ENSG00000166173	chr15	70829130	70854157	LARP6	0	-	25027
ENSG00000166181	chr11	43311963	43344529	API5	0	+	32566
ENSG00000166188	chr16	57994676	58000672	ZNF319	0	-	5996
ENSG00000166189	chr10	102065349	102068036	HPS6	0	+	2687
ENSG00000166192	chr15	72114258	72143692	SENP8	0	+	29434
ENSG00000166197	chr10	102152176	102163871	NOLC1	0	+	11695
ENSG00000166199	chr11	43880811	43920274	ALKBH3	0	+	39463
ENSG00000166200	chr15	49106068	49155661	COPS2	0	-	49593
ENSG00000166206	chr15	26543546	26939539	GABRB3	0	-	395993
ENSG00000166224	chr10	70815948	70881184	SGPL1	0	+	65236
ENSG00000166225	chr12	69470349	69579793	FRS2	0	+	109444
ENSG00000166226	chr12	69585426	69601570	CCT2	0	+	16144
ENSG00000166228	chr10	70882280	70888565	PCBD1	0	-	6285
ENSG00000166233	chr15	72474330	72602987	ARIH1	0	+	128657
ENSG00000166246	chr16	4734344	4749396	DNAAF8	0	+	15052
ENSG00000166250	chr11	123069872	123195248	CLMP	0	-	125376
ENSG00000166257	chr11	123629187	123655244	SCN3B	0	-	26057
ENSG00000166260	chr17	54951902	54968703	COX11	0	-	16801
ENSG00000166261	chr11	123723914	123741675	ZNF202	0	-	17761
ENSG00000166262	chr15	49326962	49620929	FAM227B	0	-	293967
ENSG00000166263	chr17	54968727	55173632	STXBP4	0	+	204905
ENSG00000166265	chr21	26466209	26573286	CYYR1	0	-	107077
ENSG00000166266	chr11	108008898	108107761	CUL5	0	+	98863
ENSG00000166268	chr12	69825227	69959097	MYRFL	0	+	133870
ENSG00000166272	chr10	102743948	102834516	WBP1L	0	+	90568
ENSG00000166278	chr6	31897785	31945672	C2	0	+	47887
ENSG00000166289	chr19	29665459	29675477	PLEKHF1	0	+	10018
ENSG00000166292	chr17	55719627	55732121	TMEM100	0	-	12494
ENSG00000166295	chr10	72216000	72235860	ANAPC16	0	+	19860
ENSG00000166311	chr11	6390440	6394998	SMPD1	0	+	4558
ENSG00000166313	chr11	6395125	6419414	APBB1	0	-	24289
ENSG00000166317	chr10	73644881	73663803	SYNPO2L	0	-	18922
ENSG00000166321	chr10	73110375	73131828	NUDT13	0	+	21453
ENSG00000166326	chr11	35662775	35818007	TRIM44	0	+	155232
ENSG00000166333	chr11	6603708	6610874	ILK	0	+	7166
ENSG00000166337	chr11	6606294	6612539	TAF10	0	-	6245
ENSG00000166340	chr11	6612768	6619448	TPP1	0	-	6680
ENSG00000166341	chr11	6621330	6655809	DCHS1	0	-	34479
ENSG00000166343	chr10	73423579	73433561	MSS51	0	-	9982
ENSG00000166347	chr18	74250846	74291973	CYB5A	0	-	41127
ENSG00000166348	chr10	73497538	73626117	USP54	0	-	128579
ENSG00000166349	chr11	36510709	36593156	RAG1	0	+	82447
ENSG00000166352	chr11	36594369	36675695	IFTAP	0	+	81326
ENSG00000166377	chr18	79069285	79378287	ATP9B	0	+	309002
ENSG00000166387	chr11	7513298	7657127	PPFIBP2	0	+	143829
ENSG00000166391	chr11	75717838	75732958	MOGAT2	0	+	15120
ENSG00000166394	chr11	7665100	7677222	CYB5R2	0	-	12122
ENSG00000166396	chr18	63752935	63805376	SERPINB7	0	+	52441
ENSG00000166398	chr19	34254552	34355566	GARRE1	0	+	101014
ENSG00000166401	chr18	63970029	64019779	SERPINB8	0	+	49750
ENSG00000166402	chr11	8019244	8106243	TUB	0	+	86999
ENSG00000166405	chr11	8106056	8169055	RIC3	0	-	62999
ENSG00000166411	chr15	78131498	78171945	IDH3A	0	+	40447
ENSG00000166415	chr15	53513741	53762878	WDR72	0	-	249137
ENSG00000166426	chr15	78340353	78348225	CRABP1	0	+	7872
ENSG00000166428	chr14	104924713	104937761	PLD4	0	+	13048
ENSG00000166432	chrX	101882288	101932031	ZMAT1	0	-	49743
ENSG00000166435	chr11	74807739	74949200	XRRA1	0	-	141461
ENSG00000166436	chr11	8612037	8682694	TRIM66	0	-	70657
ENSG00000166439	chr11	74748849	74842413	RNF169	0	+	93564
ENSG00000166441	chr11	8682788	8714759	RPL27A	0	+	31971
ENSG00000166444	chr11	8693351	8910951	DENND2B	0	-	217600
ENSG00000166446	chr16	80597907	80804598	CDYL2	0	-	206691
ENSG00000166448	chr7	98846488	98870771	TMEM130	0	-	24283
ENSG00000166450	chr15	55611544	55743152	PRTG	0	-	131608
ENSG00000166451	chr16	81006552	81033114	CENPN	0	+	26562
ENSG00000166452	chr11	8911139	8920084	AKIP1	0	+	8945
ENSG00000166454	chr16	81035842	81047350	ATMIN	0	+	11508
ENSG00000166471	chr11	9280654	9314636	TMEM41B	0	-	33982
ENSG00000166477	chr15	51938025	51971778	LEO1	0	-	33753
ENSG00000166478	chr11	9460319	9528524	ZNF143	0	+	68205
ENSG00000166479	chr18	68673688	68715108	TMX3	0	-	41420
ENSG00000166482	chr17	19383442	19387190	MFAP4	0	-	3748
ENSG00000166483	chr11	9573670	9593457	WEE1	0	+	19787
ENSG00000166484	chr17	19377721	19383544	MAPK7	0	+	5823
ENSG00000166501	chr16	23835983	24220611	PRKCB	0	+	384628
ENSG00000166503	chr15	83112738	83207823	HDGFL3	0	-	95085
ENSG00000166508	chr7	100092728	100101940	MCM7	0	-	9212
ENSG00000166509	chr16	78022515	78066761	CLEC3A	0	+	44246
ENSG00000166510	chr18	54901509	54959461	CCDC68	0	-	57952
ENSG00000166523	chr12	8533305	8540905	CLEC4E	0	-	7600
ENSG00000166526	chr7	100064033	100082548	ZNF3	0	-	18515
ENSG00000166529	chr7	100049774	100065040	ZSCAN21	0	+	15266
ENSG00000166532	chr12	8681600	8783095	RIMKLB	0	+	101495
ENSG00000166535	chr12	8822621	8887001	A2ML1	0	+	64380
ENSG00000166546	chr16	66427295	66493529	BEAN1	0	+	66234
ENSG00000166557	chr15	79311112	79427432	TMED3	0	+	116320
ENSG00000166562	chr18	59139866	59158832	SEC11C	0	+	18966
ENSG00000166575	chr11	87037844	87328824	TMEM135	0	+	290980
ENSG00000166578	chr12	113195441	113221094	IQCD	0	-	25653
ENSG00000166579	chr17	8413131	8490411	NDEL1	0	+	77280
ENSG00000166582	chr17	16342534	16353656	CENPV	0	-	11122
ENSG00000166592	chr16	66921679	66925536	RRAD	0	-	3857
ENSG00000166595	chr16	66932065	66934423	CIAO2B	0	-	2358
ENSG00000166598	chr12	103930107	103953931	HSP90B1	0	+	23824
ENSG00000166619	chr20	37492472	37527931	BLCAP	0	-	35459
ENSG00000166664	chr15	30360566	30393849	CHRFAM7A	0	-	33283
ENSG00000166669	chr16	10326434	10483638	ATF7IP2	0	+	157204
ENSG00000166670	chr11	102770502	102780628	MMP10	0	-	10126
ENSG00000166676	chr16	10760919	10818794	TVP23A	0	-	57875
ENSG00000166681	chrX	103376395	103378164	BEX3	0	+	1769
ENSG00000166685	chr17	73193055	73208507	COG1	0	+	15452
ENSG00000166689	chr11	16777297	17014414	PLEKHA7	0	-	237117
ENSG00000166704	chr19	57977076	58003349	ZNF606	0	-	26273
ENSG00000166710	chr15	44711487	44718851	B2M	0	+	7364
ENSG00000166716	chr15	84748592	84806445	ZNF592	0	+	57853
ENSG00000166734	chr15	44288719	44415758	GOLM2	0	+	127039
ENSG00000166741	chr11	114257787	114313536	NNMT	0	+	55749
ENSG00000166743	chr16	20623235	20698890	ACSM1	0	-	75655
ENSG00000166747	chr16	71729000	71809201	AP1G1	0	-	80201
ENSG00000166750	chr17	35243071	35273655	SLFN5	0	+	30584
ENSG00000166762	chr15	43628503	43668118	CATSPER2	0	-	39615
ENSG00000166780	chr16	15434475	15625028	BMERB1	0	+	190553
ENSG00000166783	chr16	15594387	15643154	MARF1	0	-	48767
ENSG00000166788	chr11	18069935	18106087	SAAL1	0	-	36152
ENSG00000166793	chr11	57645087	57649944	YPEL4	0	-	4857
ENSG00000166794	chr15	64155740	64163134	PPIB	0	-	7394
ENSG00000166797	chr15	64072565	64093857	CIAO2A	0	-	21292
ENSG00000166801	chr11	59142748	59155039	FAM111A	0	+	12291
ENSG00000166813	chr15	89608789	89655467	KIF7	0	-	46678
ENSG00000166816	chr16	75111860	75116780	LDHD	0	-	4920
ENSG00000166819	chr15	89664367	89679427	PLIN1	0	-	15060
ENSG00000166822	chr16	75443054	75465497	TMEM170A	0	-	22443
ENSG00000166823	chr15	89749875	89751249	MESP1	0	-	1374
ENSG00000166825	chr15	89784895	89815401	ANPEP	0	-	30506
ENSG00000166828	chr16	23182745	23216883	SCNN1G	0	+	34138
ENSG00000166831	chr15	64739891	64775589	RBPMS2	0	-	35698
ENSG00000166833	chr11	19350724	20121601	NAV2	0	+	770877
ENSG00000166840	chr11	58905398	59043527	GLYATL1	0	+	138129
ENSG00000166845	chr18	54357906	54385218	C18orf54	0	+	27312
ENSG00000166847	chr16	23641466	23677472	DCTN5	0	+	36006
ENSG00000166848	chr16	75647773	75761872	TERF2IP	0	+	114099
ENSG00000166851	chr16	23677656	23690367	PLK1	0	+	12711
ENSG00000166855	chr15	65148219	65185342	CLPX	0	-	37123
ENSG00000166860	chr12	56998836	57006546	ZBTB39	0	-	7710
ENSG00000166881	chr12	57055643	57088063	NEMP1	0	-	32420
ENSG00000166886	chr12	57089043	57095476	NAB2	0	+	6433
ENSG00000166887	chr15	42158701	42208307	VPS39	0	-	49606
ENSG00000166888	chr12	57095408	57132139	STAT6	0	-	36731
ENSG00000166889	chr11	59636716	59669037	PATL1	0	-	32321
ENSG00000166896	chr12	57906039	57959148	ATP23	0	+	53109
ENSG00000166897	chr22	37367960	37427479	ELFN2	0	-	59519
ENSG00000166900	chr11	59713456	59805882	STX3	0	+	92426
ENSG00000166902	chr11	59806140	59810778	MRPL16	0	-	4638
ENSG00000166908	chr12	57591174	57603418	PIP4K2C	0	+	12244
ENSG00000166912	chr15	30938941	30991628	MTMR10	0	-	52687
ENSG00000166913	chr20	44885702	44908532	YWHAB	0	+	22830
ENSG00000166920	chr15	45430579	45448761	C15orf48	0	+	18182
ENSG00000166923	chr15	32718004	32745106	GREM1	0	+	27102
ENSG00000166925	chr7	100463359	100479232	TSC22D4	0	-	15873
ENSG00000166938	chr15	66293217	66333898	DIS3L	0	+	40681
ENSG00000166947	chr15	43197227	43221018	EPB42	0	-	23791
ENSG00000166949	chr15	67063763	67195173	SMAD3	0	+	131410
ENSG00000166959	chr11	60699585	60715807	MS4A8	0	+	16222
ENSG00000166961	chr11	60756867	60776733	MS4A15	0	+	19866
ENSG00000166963	chr15	43510958	43531620	MAP1A	0	+	20662
ENSG00000166965	chr15	90954881	90963125	RCCD1	0	+	8244
ENSG00000166971	chr16	53491040	53504411	AKTIP	0	-	13371
ENSG00000166974	chr18	34976928	35143470	MAPRE2	0	+	166542
ENSG00000166979	chr21	32412006	32515397	EVA1C	0	+	103391
ENSG00000166986	chr12	57475445	57517569	MARS1	0	+	42124
ENSG00000166987	chr12	57520710	57530148	MBD6	0	+	9438
ENSG00000166997	chr7	100119634	100125508	CNPY4	0	+	5874
ENSG00000167004	chr15	43746394	43773279	PDIA3	0	+	26885
ENSG00000167034	chr8	23678697	23682938	NKX3-1	0	-	4241
ENSG00000167037	chr22	24806169	24927578	SGSM1	0	+	121409
ENSG00000167065	chr22	30652051	30667887	DUSP18	0	-	15836
ENSG00000167074	chr22	41367333	41399326	TEF	0	+	31993
ENSG00000167077	chr22	41699503	41799456	MEI1	0	+	99953
ENSG00000167080	chr17	49132460	49176840	B4GALNT2	0	+	44380
ENSG00000167081	chr9	125747345	125967377	PBX3	0	+	220032
ENSG00000167083	chr17	49202791	49210574	GNGT2	0	-	7783
ENSG00000167085	chr17	49404052	49414901	PHB	0	-	10849
ENSG00000167088	chr18	21612314	21633524	SNRPD1	0	+	21210
ENSG00000167094	chr9	127716079	127731590	TTC16	0	+	15511
ENSG00000167100	chr17	50110040	50130160	SAMD14	0	-	20120
ENSG00000167103	chr9	127920881	127930785	PIP5KL1	0	-	9904
ENSG00000167105	chr17	50271406	50281485	TMEM92	0	+	10079
ENSG00000167106	chr9	127940582	127980989	FAM102A	0	-	40407
ENSG00000167107	chr17	50426158	50474845	ACSF2	0	+	48687
ENSG00000167110	chr9	128255829	128276026	GOLGA2	0	-	20197
ENSG00000167112	chr9	128305159	128322447	TRUB2	0	-	17288
ENSG00000167113	chr9	128322544	128334072	COQ4	0	+	11528
ENSG00000167114	chr9	128340527	128361470	SLC27A4	0	+	20943
ENSG00000167118	chr9	128371361	128392016	URM1	0	+	20655
ENSG00000167123	chr9	128411751	128437351	CERCAM	0	+	25600
ENSG00000167130	chr9	129081111	129090438	DOLPP1	0	+	9327
ENSG00000167131	chr17	44899142	44905390	CCDC103	0	+	6248
ENSG00000167136	chr9	128818500	128822676	ENDOG	0	+	4176
ENSG00000167157	chr9	129665647	129722674	PRRX2	0	+	57027
ENSG00000167173	chr15	75195643	75212169	C15orf39	0	+	16526
ENSG00000167178	chr15	74100311	74138540	ISLR2	0	+	38229
ENSG00000167182	chr17	47896150	47928957	SP2	0	+	32807
ENSG00000167183	chr17	47951967	47957883	PRR15L	0	-	5916
ENSG00000167186	chr16	19067614	19080095	COQ7	0	+	12481
ENSG00000167191	chr16	19856691	19886167	GPRC5B	0	-	29476
ENSG00000167193	chr17	1420689	1463162	CRK	0	-	42473
ENSG00000167196	chr15	75903876	75942511	FBXO22	0	+	38635
ENSG00000167202	chr15	77984036	78077724	TBC1D2B	0	-	93688
ENSG00000167207	chr16	50693588	50734041	NOD2	0	+	40453
ENSG00000167208	chr16	50666300	50681353	SNX20	0	-	15053
ENSG00000167216	chr18	46917492	47103478	KATNAL2	0	+	185986
ENSG00000167232	chr19	23304991	23395471	ZNF91	0	-	90480
ENSG00000167257	chr11	117232625	117286454	RNF214	0	+	53829
ENSG00000167258	chr17	39461486	39564907	CDK12	0	+	103421
ENSG00000167261	chr16	67987394	68000586	DPEP2	0	-	13192
ENSG00000167264	chr16	67987746	68079320	DUS2	0	+	91574
ENSG00000167272	chr12	120578764	120581402	POP5	0	-	2638
ENSG00000167280	chr17	79074824	79088599	ENGASE	0	+	13775
ENSG00000167286	chr11	118339075	118342705	CD3D	0	-	3630
ENSG00000167291	chr17	79932343	80035872	TBC1D16	0	-	103529
ENSG00000167302	chr17	81228277	81239091	TEPSIN	0	-	10814
ENSG00000167306	chr18	49822789	50195147	MYO5B	0	-	372358
ENSG00000167323	chr11	3854527	4093210	STIM1	0	+	238683
ENSG00000167325	chr11	4094707	4138932	RRM1	0	+	44225
ENSG00000167333	chr11	4598672	4608231	TRIM68	0	-	9559
ENSG00000167363	chr17	82735615	82751196	FN3K	0	+	15581
ENSG00000167380	chr19	44165073	44178381	ZNF226	0	+	13308
ENSG00000167384	chr19	44474428	44500524	ZNF180	0	-	26096
ENSG00000167393	chrX	333933	386955	PPP2R3B	0	-	53022
ENSG00000167393	chrY	333933	386955	PPP2R3B	0	-	53022
ENSG00000167394	chr16	31060843	31074240	ZNF668	0	-	13397
ENSG00000167395	chr16	31074422	31084196	ZNF646	0	+	9774
ENSG00000167419	chr17	58218548	58268518	LPO	0	+	49970
ENSG00000167434	chr17	60149942	60170899	CA4	0	+	20957
ENSG00000167447	chr17	59209400	59215239	SMG8	0	+	5839
ENSG00000167460	chr19	16067021	16103002	TPM4	0	+	35981
ENSG00000167468	chr19	1103994	1106791	GPX4	0	+	2797
ENSG00000167470	chr19	1248553	1259143	MIDN	0	+	10590
ENSG00000167476	chr19	2252252	2269759	JSRP1	0	-	17507
ENSG00000167483	chr19	17523301	17553839	NIBAN3	0	+	30538
ENSG00000167487	chr19	18637025	18671721	KLHL26	0	+	34696
ENSG00000167491	chr19	19385826	19508932	GATAD2A	0	+	123106
ENSG00000167508	chr16	88651935	88663161	MVD	0	-	11226
ENSG00000167513	chr16	88803789	88809258	CDT1	0	+	5469
ENSG00000167515	chr16	88856220	88862686	TRAPPC2L	0	+	6466
ENSG00000167522	chr16	89267630	89490561	ANKRD11	0	-	222931
ENSG00000167523	chr16	89657740	89671272	SPATA33	0	+	13532
ENSG00000167525	chr17	28703197	28711888	PROCA1	0	-	8691
ENSG00000167526	chr16	89560677	89564542	RPL13	0	+	3865
ENSG00000167528	chr12	48337180	48351414	ZNF641	0	-	14234
ENSG00000167531	chr12	48567684	48570066	LALBA	0	-	2382
ENSG00000167535	chr12	48813794	48828941	CACNB3	0	+	15147
ENSG00000167536	chr17	28897781	28903079	DHRS13	0	-	5298
ENSG00000167543	chr17	29566052	29573157	TP53I13	0	+	7105
ENSG00000167548	chr12	49018975	49060794	KMT2D	0	-	41819
ENSG00000167549	chr17	29614756	29622912	CORO6	0	-	8156
ENSG00000167550	chr12	49064676	49070025	RHEBL1	0	-	5349
ENSG00000167552	chr12	49184686	49189080	TUBA1A	0	-	4394
ENSG00000167553	chr12	49188736	49274600	TUBA1C	0	+	85864
ENSG00000167554	chr19	52336243	52367778	ZNF610	0	+	31535
ENSG00000167555	chr19	52397849	52418412	ZNF528	0	+	20563
ENSG00000167565	chr19	40440844	40444335	SERTAD3	0	-	3491
ENSG00000167566	chr12	49791146	49828750	NCKAP5L	0	-	37604
ENSG00000167588	chr12	50103982	50111313	GPD1	0	+	7331
ENSG00000167595	chr19	35758143	35771028	PROSER3	0	+	12885
ENSG00000167600	chr19	41193210	41207539	CYP2S1	0	+	14329
ENSG00000167601	chr19	41219223	41261766	AXL	0	+	42543
ENSG00000167604	chr19	35887653	35902303	NFKBID	0	-	14650
ENSG00000167608	chr19	54160108	54173250	TMC4	0	-	13142
ENSG00000167613	chr19	54351384	54370558	LAIR1	0	-	19174
ENSG00000167614	chr19	54415219	54436904	TTYH1	0	+	21685
ENSG00000167615	chr19	54448887	54462016	LENG8	0	+	13129
ENSG00000167617	chr19	54465026	54473296	CDC42EP5	0	-	8270
ENSG00000167619	chr19	42313309	42325064	TMEM145	0	+	11755
ENSG00000167625	chr19	42220312	42228201	ZNF526	0	+	7889
ENSG00000167632	chr8	139727725	140458579	TRAPPC9	0	-	730854
ENSG00000167635	chr19	36214602	36238771	ZNF146	0	+	24169
ENSG00000167637	chr19	43827321	43852017	ZNF283	0	+	24696
ENSG00000167641	chr19	38251237	38256532	PPP1R14A	0	-	5295
ENSG00000167642	chr19	38244035	38292615	SPINT2	0	+	48580
ENSG00000167644	chr19	38304164	38305006	C19orf33	0	+	842
ENSG00000167645	chr19	38303558	38317273	YIF1B	0	-	13715
ENSG00000167646	chr19	55158661	55166722	DNAAF3	0	-	8061
ENSG00000167653	chr8	142670308	142682725	PSCA	0	+	12417
ENSG00000167656	chr8	142784882	142786539	LY6D	0	-	1657
ENSG00000167657	chr19	3958453	3971123	DAPK3	0	-	12670
ENSG00000167658	chr19	3976056	3985463	EEF2	0	-	9407
ENSG00000167670	chr19	4402640	4445018	CHAF1A	0	+	42378
ENSG00000167671	chr19	4444999	4457794	UBXN6	0	-	12795
ENSG00000167674	chr19	4472297	4502208	HDGFL2	0	+	29911
ENSG00000167676	chr19	4502192	4518486	PLIN4	0	-	16294
ENSG00000167680	chr19	4542593	4581776	SEMA6B	0	-	39183
ENSG00000167685	chr19	56132599	56160893	ZNF444	0	+	28294
ENSG00000167693	chr17	799310	979776	NXN	0	-	180466
ENSG00000167695	chr17	732412	742968	TLCD3A	0	+	10556
ENSG00000167699	chr17	757097	782294	GLOD4	0	-	25197
ENSG00000167700	chr8	144509070	144511213	MFSD3	0	+	2143
ENSG00000167701	chr8	144502973	144507174	GPT	0	+	4201
ENSG00000167702	chr8	144466043	144474202	KIFC2	0	+	8159
ENSG00000167703	chr17	1569268	1628886	SLC43A2	0	-	59618
ENSG00000167705	chr17	1646145	1649866	RILP	0	-	3721
ENSG00000167711	chr17	1742836	1755265	SERPINF2	0	+	12429
ENSG00000167716	chr17	1716523	1738599	WDR81	0	+	22076
ENSG00000167720	chr17	2303383	2325260	SRR	0	+	21877
ENSG00000167721	chr17	2322396	2336657	TSR1	0	-	14261
ENSG00000167740	chr17	4143168	4187310	CYB5D2	0	+	44142
ENSG00000167741	chr17	4556927	4560818	GGT6	0	-	3891
ENSG00000167748	chr19	50819146	50823787	KLK1	0	-	4641
ENSG00000167749	chr19	50906351	50911395	KLK4	0	-	5044
ENSG00000167754	chr19	50943303	50953093	KLK5	0	-	9790
ENSG00000167755	chr19	50958631	50969673	KLK6	0	-	11042
ENSG00000167757	chr19	51022216	51028039	KLK11	0	-	5823
ENSG00000167759	chr19	51055626	51065114	KLK13	0	-	9488
ENSG00000167766	chr19	52594060	52690504	ZNF83	0	-	96444
ENSG00000167767	chr12	52168996	52192014	KRT80	0	-	23018
ENSG00000167768	chr12	52674736	52680407	KRT1	0	-	5671
ENSG00000167770	chr11	63985853	64001811	OTUB1	0	+	15958
ENSG00000167771	chr11	63911230	63917164	RCOR2	0	-	5934
ENSG00000167772	chr19	8363289	8374370	ANGPTL4	0	+	11081
ENSG00000167774	chr19	8308283	8321379	ENSG00000167774	0	-	13096
ENSG00000167778	chr12	53064316	53079404	SPRYD3	0	-	15088
ENSG00000167779	chr12	53097436	53102345	IGFBP6	0	+	4909
ENSG00000167785	chr19	8806170	8832314	ZNF558	0	-	26144
ENSG00000167792	chr11	67605653	67612554	NDUFV1	0	+	6901
ENSG00000167797	chr11	67506497	67508649	CDK2AP2	0	-	2152
ENSG00000167799	chr11	67627938	67629937	NUDT8	0	-	1999
ENSG00000167807	chr19	10305427	10316009	ENSG00000167807	0	-	10582
ENSG00000167840	chr17	5105541	5123116	ZNF232	0	-	17575
ENSG00000167842	chr17	5486285	5490814	MIS12	0	+	4529
ENSG00000167850	chr17	74541073	74546115	CD300C	0	-	5042
ENSG00000167851	chr17	74466399	74484794	CD300A	0	+	18395
ENSG00000167861	chr17	74950742	74973166	HID1	0	-	22424
ENSG00000167862	chr17	75012670	75021261	MRPL58	0	+	8591
ENSG00000167863	chr17	75038863	75046985	ATP5PD	0	-	8122
ENSG00000167874	chr17	7855066	7856099	TMEM88	0	+	1033
ENSG00000167880	chr17	76004502	76027306	EVPL	0	-	22804
ENSG00000167881	chr17	76038775	76072517	SRP68	0	-	33742
ENSG00000167889	chr17	76868404	76950393	MGAT5B	0	+	81989
ENSG00000167895	chr17	78130770	78142968	TMC8	0	+	12198
ENSG00000167900	chr17	78174091	78187233	TK1	0	-	13142
ENSG00000167904	chr8	55696424	55773407	TMEM68	0	-	76983
ENSG00000167925	chr17	42188799	42194532	GHDC	0	-	5733
ENSG00000167930	chr16	234521	272183	FAM234A	0	+	37662
ENSG00000167962	chr16	1997654	2009821	ZNF598	0	-	12167
ENSG00000167964	chr16	2140803	2154165	RAB26	0	+	13362
ENSG00000167965	chr16	2204248	2209453	MLST8	0	+	5205
ENSG00000167967	chr16	2223580	2235742	E4F1	0	+	12162
ENSG00000167968	chr16	2235816	2238711	DNASE1L2	0	+	2895
ENSG00000167969	chr16	2239402	2252300	ECI1	0	-	12898
ENSG00000167971	chr16	2177180	2196605	CASKIN1	0	-	19425
ENSG00000167972	chr16	2275881	2340746	ABCA3	0	-	64865
ENSG00000167977	chr16	2682523	2709030	KCTD5	0	+	26507
ENSG00000167978	chr16	2752626	2772538	SRRM2	0	+	19912
ENSG00000167981	chr16	3432414	3443504	ZNF597	0	-	11090
ENSG00000167984	chr16	3539033	3577403	NLRC3	0	-	38370
ENSG00000167986	chr11	61299451	61342596	DDB1	0	-	43145
ENSG00000167987	chr11	61130257	61161615	VPS37C	0	-	31358
ENSG00000167994	chr11	61897301	61920269	RAB3IL1	0	-	22968
ENSG00000167995	chr11	61950063	61965515	BEST1	0	+	15452
ENSG00000167996	chr11	61959718	61967634	FTH1	0	-	7916
ENSG00000168002	chr11	62761565	62766710	POLR2G	0	+	5145
ENSG00000168003	chr11	62856004	62888880	SLC3A2	0	+	32876
ENSG00000168004	chr11	63461404	63491194	PLAAT5	0	-	29790
ENSG00000168005	chr11	63813456	63827716	SPINDOC	0	+	14260
ENSG00000168010	chr11	72814406	72843674	ATG16L2	0	+	29268
ENSG00000168014	chr11	74012718	74171210	C2CD3	0	-	158492
ENSG00000168016	chr3	36826819	36945057	TRANK1	0	-	118238
ENSG00000168026	chr3	39107680	39138903	TTC21A	0	+	31223
ENSG00000168028	chr3	39406716	39412542	RPSA	0	+	5826
ENSG00000168032	chr3	40387184	40428744	ENTPD3	0	+	41560
ENSG00000168036	chr3	41194741	41260096	CTNNB1	0	+	65355
ENSG00000168038	chr3	41246599	41962130	ULK4	0	-	715531
ENSG00000168040	chr11	70203296	70207390	FADD	0	+	4094
ENSG00000168056	chr11	65538559	65558930	LTBP3	0	-	20371
ENSG00000168060	chr11	65044818	65058553	NAALADL1	0	-	13735
ENSG00000168061	chr11	65040901	65044828	SAC3D1	0	+	3927
ENSG00000168062	chr11	64987945	64997018	BATF2	0	-	9073
ENSG00000168066	chr11	64764606	64778786	SF1	0	-	14180
ENSG00000168067	chr11	64784918	64803241	MAP4K2	0	-	18323
ENSG00000168071	chr11	64340204	64357534	CCDC88B	0	+	17330
ENSG00000168077	chr8	27633868	27676776	SCARA3	0	+	42908
ENSG00000168078	chr8	27809624	27838082	PBK	0	-	28458
ENSG00000168079	chr8	27869883	27992673	SCARA5	0	-	122790
ENSG00000168090	chr7	100088969	100092187	COPS6	0	+	3218
ENSG00000168092	chr11	117144284	117176894	PAFAH1B2	0	+	32610
ENSG00000168096	chr16	4696510	4734378	ANKS3	0	-	37868
ENSG00000168101	chr16	4693694	4695859	NUDT16L1	0	+	2165
ENSG00000168116	chr6	57046532	57055239	KIAA1586	0	+	8707
ENSG00000168118	chr1	229271062	229305894	RAB4A	0	+	34832
ENSG00000168137	chr3	9397615	9479240	SETD5	0	+	81625
ENSG00000168140	chr16	4371848	4383538	VASN	0	+	11690
ENSG00000168143	chr6	54846771	54945099	FAM83B	0	+	98328
ENSG00000168152	chr4	82900684	82919969	THAP9	0	+	19285
ENSG00000168159	chr1	228487382	228499899	RNF187	0	+	12517
ENSG00000168172	chr8	42896946	43030535	HOOK3	0	+	133589
ENSG00000168175	chr14	55051647	55070194	MAPK1IP1L	0	+	18547
ENSG00000168209	chr10	72273919	72276036	DDIT4	0	+	2117
ENSG00000168214	chr4	26163455	26435131	RBPJ	0	+	271676
ENSG00000168216	chr6	69672757	69867236	LMBRD1	0	-	194479
ENSG00000168228	chr4	25312774	25370383	ZCCHC4	0	+	57609
ENSG00000168234	chr18	23992773	24135610	TTC39C	0	+	142837
ENSG00000168237	chr3	52287089	52295257	GLYCTK	0	+	8168
ENSG00000168243	chr1	235547685	235650754	GNG4	0	-	103069
ENSG00000168246	chr5	172209646	172283764	UBTD2	0	-	74118
ENSG00000168256	chr17	42011382	42025644	NKIRAS2	0	+	14262
ENSG00000168259	chr17	41976421	42021376	DNAJC7	0	-	44955
ENSG00000168264	chr1	234604269	234610178	IRF2BP2	0	-	5909
ENSG00000168268	chr3	52524385	52535054	NT5DC2	0	-	10669
ENSG00000168269	chr5	170105897	170109734	FOXI1	0	+	3837
ENSG00000168273	chr3	52534013	52579237	SMIM4	0	+	45224
ENSG00000168275	chr1	234373456	234385080	COA6	0	+	11624
ENSG00000168280	chr2	148875227	149026759	KIF5C	0	+	151532
ENSG00000168282	chr14	49620799	49623481	MGAT2	0	+	2682
ENSG00000168286	chr16	67842320	67844195	THAP11	0	+	1875
ENSG00000168288	chr2	149569637	149587778	MMADHC	0	-	18141
ENSG00000168291	chr3	58427630	58433857	PDHB	0	-	6227
ENSG00000168297	chr3	58332880	58426127	PXK	0	+	93247
ENSG00000168298	chr6	26156329	26157115	H1-4	0	+	786
ENSG00000168300	chr8	51817575	51899186	PCMTD1	0	-	81611
ENSG00000168301	chr3	58492096	58502360	KCTD6	0	+	10264
ENSG00000168303	chr7	40126027	40134622	MPLKIP	0	-	8595
ENSG00000168306	chr3	58505136	58537283	ACOX2	0	-	32147
ENSG00000168309	chr3	58564117	58627610	FAM107A	0	-	63493
ENSG00000168310	chr4	184387729	184474550	IRF2	0	-	86821
ENSG00000168329	chr3	39263495	39281735	CX3CR1	0	-	18240
ENSG00000168334	chr3	39183210	39192596	XIRP1	0	-	9386
ENSG00000168350	chr14	100143957	100159645	DEGS2	0	-	15688
ENSG00000168374	chr3	57571363	57598220	ARF4	0	-	26857
ENSG00000168385	chr2	241315100	241354027	SEPTIN2	0	+	38927
ENSG00000168386	chr3	99828811	100114513	FILIP1L	0	-	285702
ENSG00000168389	chr1	39955112	39969968	MFSD2A	0	+	14856
ENSG00000168393	chr2	241675747	241686944	DTYMK	0	-	11197
ENSG00000168394	chr6	32845209	32853816	TAP1	0	-	8607
ENSG00000168395	chr2	241687085	241729478	ING5	0	+	42393
ENSG00000168397	chr2	241637213	241673857	ATG4B	0	+	36644
ENSG00000168404	chr16	74671855	74700960	MLKL	0	-	29105
ENSG00000168411	chr16	74621399	74666877	RFWD3	0	-	45478
ENSG00000168421	chr4	40191053	40246967	RHOH	0	+	55914
ENSG00000168434	chr16	23388493	23453189	COG7	0	-	64696
ENSG00000168438	chr6	110180141	110254275	CDC40	0	+	74134
ENSG00000168439	chr11	64185272	64204543	STIP1	0	+	19271
ENSG00000168447	chr16	23278231	23381294	SCNN1B	0	+	103063
ENSG00000168453	chr8	22114419	22133384	HR	0	-	18965
ENSG00000168461	chr18	9708275	9862551	RAB31	0	+	154276
ENSG00000168476	chr8	22138020	22141951	REEP4	0	-	3931
ENSG00000168477	chr6	32041153	32115334	TNXB	0	-	74181
ENSG00000168487	chr8	22165140	22212326	BMP1	0	+	47186
ENSG00000168488	chr16	28822999	28837237	ATXN2L	0	+	14238
ENSG00000168490	chr8	22219703	22232101	PHYHIP	0	-	12398
ENSG00000168491	chr4	185445182	185471752	CCDC110	0	-	26570
ENSG00000168495	chr8	22245133	22254601	POLR3D	0	+	9468
ENSG00000168497	chr2	191834310	191847088	CAVIN2	0	-	12778
ENSG00000168502	chr18	8705661	8832778	MTCL1	0	+	127117
ENSG00000168517	chr17	45160700	45170040	HEXIM2	0	+	9340
ENSG00000168522	chr8	43034194	43085788	FNTA	0	+	51594
ENSG00000168528	chr1	31409565	31434680	SERINC2	0	+	25115
ENSG00000168530	chr2	210290150	210315174	MYL1	0	-	25024
ENSG00000168538	chr4	183659267	183713594	TRAPPC11	0	+	54327
ENSG00000168539	chr11	62908679	62921807	CHRM1	0	-	13128
ENSG00000168542	chr2	188974373	189012746	COL3A1	0	+	38373
ENSG00000168546	chr8	21690398	21812357	GFRA2	0	-	121959
ENSG00000168556	chr4	183505058	183512429	ING2	0	+	7371
ENSG00000168564	chr4	183444635	183449064	CDKN2AIP	0	+	4429
ENSG00000168566	chr6	7590198	7611967	SNRNP48	0	+	21769
ENSG00000168569	chr11	62771629	62792006	TMEM223	0	-	20377
ENSG00000168575	chr8	42416475	42541926	SLC20A2	0	-	125451
ENSG00000168589	chr16	80540734	80550811	DYNLRB2	0	+	10077
ENSG00000168591	chr17	44186970	44191929	TMUB2	0	+	4959
ENSG00000168610	chr17	42313324	42388540	STAT3	0	-	75216
ENSG00000168612	chr20	45881227	45885266	ZSWIM1	0	+	4039
ENSG00000168615	chr8	38996754	39105445	ADAM9	0	+	108691
ENSG00000168621	chr5	37812677	37840041	GDNF	0	-	27364
ENSG00000168653	chr1	39026318	39034636	NDUFS5	0	+	8318
ENSG00000168661	chr19	34926903	34945170	ZNF30	0	+	18267
ENSG00000168671	chr5	36035021	36071358	UGT3A2	0	-	36337
ENSG00000168672	chr8	126552443	126558478	LRATD2	0	-	6035
ENSG00000168675	chr18	13217498	13652755	LDLRAD4	0	+	435257
ENSG00000168679	chr1	110362851	110391082	SLC16A4	0	-	28231
ENSG00000168685	chr5	35852695	35879603	IL7R	0	+	26908
ENSG00000168701	chr16	67227103	67229278	TMEM208	0	+	2175
ENSG00000168702	chr2	140231423	142131016	LRP1B	0	-	1899593
ENSG00000168710	chr1	109984765	110023742	AHCYL1	0	+	38977
ENSG00000168724	chr5	34929559	34958964	DNAJC21	0	+	29405
ENSG00000168734	chr20	44531785	44624247	PKIG	0	+	92462
ENSG00000168743	chr4	105894775	106004027	NPNT	0	+	109252
ENSG00000168754	chr2	96875882	96986580	FAM178B	0	-	110698
ENSG00000168758	chr2	96859718	96870757	SEMA4C	0	-	11039
ENSG00000168763	chr2	96816245	96835382	CNNM3	0	+	19137
ENSG00000168769	chr4	105145875	105279816	TET2	0	+	133941
ENSG00000168772	chr4	104468308	104494901	CXXC4	0	-	26593
ENSG00000168778	chr12	123671110	123708399	TCTN2	0	+	37289
ENSG00000168779	chr3	158095905	158106420	SHOX2	0	-	10515
ENSG00000168781	chr15	43533462	43590208	PPIP5K1	0	-	56746
ENSG00000168785	chr4	98470367	98658611	TSPAN5	0	-	188244
ENSG00000168792	chr17	29560547	29567037	ABHD15	0	-	6490
ENSG00000168795	chr9	37438102	37465450	ZBTB5	0	-	27348
ENSG00000168802	chr16	69118010	69132588	CHTF8	0	-	14578
ENSG00000168803	chr15	43330672	43354569	ADAL	0	+	23897
ENSG00000168806	chr15	43323649	43330582	LCMT2	0	-	6933
ENSG00000168807	chr16	69187147	69309052	SNTB2	0	+	121905
ENSG00000168813	chr19	32345594	32387667	ZNF507	0	+	42073
ENSG00000168818	chr4	4415742	4542346	STX18	0	-	126604
ENSG00000168824	chr4	4348140	4419058	NSG1	0	+	70918
ENSG00000168826	chr4	4290251	4321786	ZBTB49	0	+	31535
ENSG00000168827	chr3	158644527	158695581	GFM1	0	+	51054
ENSG00000168874	chr2	85751344	85791383	ATOH8	0	+	40039
ENSG00000168876	chr11	94493979	94499578	ANKRD49	0	+	5599
ENSG00000168878	chr2	85657314	85668741	SFTPB	0	-	11427
ENSG00000168883	chr2	85602856	85649283	USP39	0	+	46427
ENSG00000168884	chr4	2741648	2756342	TNIP2	0	-	14694
ENSG00000168887	chr2	85605254	85612066	C2orf68	0	-	6812
ENSG00000168890	chr2	85598547	85603196	TMEM150A	0	-	4649
ENSG00000168894	chr2	85595725	85597708	RNF181	0	+	1983
ENSG00000168899	chr2	85584431	85593406	VAMP5	0	+	8975
ENSG00000168904	chr15	99251362	99390729	LRRC28	0	+	139367
ENSG00000168906	chr2	85539168	85545281	MAT2A	0	+	6113
ENSG00000168907	chr15	42139034	42156636	PLA2G4F	0	-	17602
ENSG00000168913	chr9	34521043	34522990	ENHO	0	-	1947
ENSG00000168916	chr5	124636913	124748807	ZNF608	0	-	111894
ENSG00000168917	chr3	136818647	136855888	SLC35G2	0	+	37241
ENSG00000168918	chr2	233059967	233207903	INPP5D	0	+	147936
ENSG00000168924	chr4	1811479	1856156	LETM1	0	-	44677
ENSG00000168936	chr4	1715952	1721358	TMEM129	0	-	5406
ENSG00000168938	chr5	123023250	123036725	PPIC	0	-	13475
ENSG00000168939	chrX	155612572	155782459	SPRY3	0	+	169887
ENSG00000168944	chr5	123344890	123423592	CEP120	0	-	78702
ENSG00000168952	chr14	24809454	25050147	STXBP6	0	-	240693
ENSG00000168958	chr2	227325151	227357836	MFF	0	+	32685
ENSG00000168961	chr17	27629798	27649560	LGALS9	0	+	19762
ENSG00000168970	chr15	41828095	41848155	JMJD7-PLA2G4B	0	+	20060
ENSG00000168993	chr4	784957	826129	CPLX1	0	-	41172
ENSG00000168994	chr6	3722614	3751713	PXDC1	0	-	29099
ENSG00000168995	chr19	51142299	51153526	SIGLEC7	0	+	11227
ENSG00000169016	chr2	11444375	11466177	E2F6	0	-	21802
ENSG00000169018	chr15	68277745	68295862	FEM1B	0	+	18117
ENSG00000169019	chr4	47450787	47463702	COMMD8	0	-	12915
ENSG00000169020	chr4	672436	674330	ATP5ME	0	-	1894
ENSG00000169021	chr19	29205320	29213151	UQCRFS1	0	-	7831
ENSG00000169026	chr4	681829	689271	SLC49A3	0	-	7442
ENSG00000169031	chr2	227164624	227314792	COL4A3	0	+	150168
ENSG00000169032	chr15	66386837	66491656	MAP2K1	0	+	104819
ENSG00000169035	chr19	50976468	50984099	KLK7	0	-	7631
ENSG00000169045	chr5	179614178	179634784	HNRNPH1	0	-	20606
ENSG00000169047	chr2	226731312	226799820	IRS1	0	-	68508
ENSG00000169057	chrX	154021573	154137103	MECP2	0	-	115530
ENSG00000169062	chr13	114281601	114305817	UPF3A	0	+	24216
ENSG00000169071	chr9	91563091	91950228	ROR2	0	-	387137
ENSG00000169083	chrX	67544021	67730619	AR	0	+	186598
ENSG00000169084	chrX	2219506	2502805	DHRSX	0	-	283299
ENSG00000169084	chrY	2219506	2502805	DHRSX	0	-	283299
ENSG00000169087	chr3	122739999	122793831	HSPBAP1	0	-	53832
ENSG00000169093	chrX	1403139	1453762	ASMTL	0	-	50623
ENSG00000169093	chrY	1403139	1453762	ASMTL	0	-	50623
ENSG00000169100	chrX	1386152	1392113	SLC25A6	0	-	5961
ENSG00000169100	chrY	1386152	1392113	SLC25A6	0	-	5961
ENSG00000169105	chr15	40470984	40473158	CHST14	0	+	2174
ENSG00000169116	chr4	74933095	75050115	PARM1	0	+	117020
ENSG00000169122	chr8	57994523	58204279	FAM110B	0	+	209756
ENSG00000169126	chr10	27775186	27999079	ODAD2	0	-	223893
ENSG00000169129	chr10	114294824	114404756	AFAP1L2	0	-	109932
ENSG00000169136	chr19	49928702	49933935	ATF5	0	+	5233
ENSG00000169139	chr8	48008415	48064708	UBE2V2	0	+	56293
ENSG00000169155	chr9	126805006	126838210	ZBTB43	0	+	33204
ENSG00000169169	chr19	49690898	49713731	CPT1C	0	+	22833
ENSG00000169174	chr1	55039447	55064852	PCSK9	0	+	25405
ENSG00000169180	chr16	28097976	28211965	XPO6	0	-	113989
ENSG00000169184	chr22	27748277	27801756	MN1	0	-	53479
ENSG00000169188	chrX	55000363	55009057	APEX2	0	+	8694
ENSG00000169189	chr16	27224994	27268772	NSMCE1	0	-	43778
ENSG00000169193	chr7	23597382	23644708	CCDC126	0	+	47326
ENSG00000169203	chr16	29484690	29505999	NPIPB12	0	-	21309
ENSG00000169213	chr1	51907956	51990700	RAB3B	0	-	82744
ENSG00000169217	chr16	30350773	30355308	CD2BP2	0	-	4535
ENSG00000169218	chr1	37611350	37634892	RSPO1	0	-	23542
ENSG00000169220	chr5	177357924	177372596	RGS14	0	+	14672
ENSG00000169221	chr16	30357102	30370494	TBC1D10B	0	-	13392
ENSG00000169223	chr5	177331567	177351668	LMAN2	0	-	20101
ENSG00000169230	chr5	177303799	177306949	PRELID1	0	+	3150
ENSG00000169231	chr1	155195588	155209051	THBS3	0	-	13463
ENSG00000169239	chrX	15688830	15788411	CA5B	0	+	99581
ENSG00000169241	chr1	155135344	155138857	SLC50A1	0	+	3513
ENSG00000169242	chr1	155127876	155134899	EFNA1	0	+	7023
ENSG00000169245	chr4	76021118	76023497	CXCL10	0	-	2379
ENSG00000169246	chr16	21402237	21448567	NPIPB3	0	-	46330
ENSG00000169247	chr5	148923639	149063163	SH3TC2	0	-	139524
ENSG00000169248	chr4	76033682	76041415	CXCL11	0	-	7733
ENSG00000169249	chrX	15790156	15830694	ZRSR2	0	+	40538
ENSG00000169251	chr3	161104696	161253532	NMD3	0	+	148836
ENSG00000169252	chr5	148826611	148828623	ADRB2	0	+	2012
ENSG00000169255	chr3	161083883	161105411	B3GALNT1	0	-	21528
ENSG00000169258	chr5	176595802	176610156	GPRIN1	0	-	14354
ENSG00000169282	chr3	156037701	156539138	KCNAB1	0	+	501437
ENSG00000169288	chr4	77862830	77952785	MRPL1	0	+	89955
ENSG00000169291	chr1	154469772	154502412	SHE	0	-	32640
ENSG00000169299	chr4	37826660	37862937	PGM2	0	+	36277
ENSG00000169302	chr5	147234963	147387855	STK32A	0	+	152892
ENSG00000169313	chr3	151336843	151384753	P2RY12	0	-	47910
ENSG00000169330	chr15	79432336	79472304	MINAR1	0	+	39968
ENSG00000169347	chr16	20309574	20327808	GP2	0	-	18234
ENSG00000169371	chr15	75598083	75626469	SNUPN	0	-	28386
ENSG00000169372	chr12	93677375	93894840	CRADD	0	+	217465
ENSG00000169375	chr15	75369379	75455842	SIN3A	0	-	86463
ENSG00000169379	chr3	93980139	94055678	ARL13B	0	+	75539
ENSG00000169398	chr8	140657900	141002216	PTK2	0	-	344316
ENSG00000169402	chr7	6754109	6799365	RSPH10B2	0	+	45256
ENSG00000169403	chr1	28147166	28193936	PTAFR	0	-	46770
ENSG00000169410	chr15	75463251	75579315	PTPN9	0	-	116064
ENSG00000169413	chr14	20781268	20782467	RNASE6	0	+	1199
ENSG00000169418	chr1	153678688	153693992	NPR1	0	+	15304
ENSG00000169429	chr4	73740541	73743716	CXCL8	0	+	3175
ENSG00000169432	chr2	166195185	166376001	SCN9A	0	-	180816
ENSG00000169435	chr4	73571550	73620631	RASSF6	0	-	49081
ENSG00000169436	chr8	138588235	138914041	COL22A1	0	-	325806
ENSG00000169439	chr8	96493813	96611790	SDC2	0	+	117977
ENSG00000169442	chr1	26317958	26320523	CD52	0	+	2565
ENSG00000169446	chrX	135960588	135974029	MMGT1	0	-	13441
ENSG00000169469	chr1	153031203	153032900	SPRR1B	0	+	1697
ENSG00000169490	chr8	38988808	38996824	TM2D2	0	-	8016
ENSG00000169499	chr8	38901235	38973912	PLEKHA2	0	+	72677
ENSG00000169504	chr1	24745382	24844321	CLIC4	0	+	98939
ENSG00000169507	chr2	164894354	164955525	SLC38A11	0	-	61171
ENSG00000169508	chr13	99294539	99307399	GPR183	0	-	12860
ENSG00000169515	chr19	46410329	46413564	CCDC8	0	-	3235
ENSG00000169519	chr11	28108248	28527041	METTL15	0	+	418793
ENSG00000169550	chr11	26559032	26572263	MUC15	0	-	13231
ENSG00000169554	chr2	144364364	144521057	ZEB2	0	-	156693
ENSG00000169562	chrX	71212811	71225516	GJB1	0	+	12705
ENSG00000169564	chr2	70087477	70089203	PCBP1	0	+	1726
ENSG00000169567	chr5	131155383	131224468	HINT1	0	-	69085
ENSG00000169570	chr5	118836074	118988547	DTWD2	0	-	152473
ENSG00000169583	chr9	136994608	136996568	CLIC3	0	-	1960
ENSG00000169592	chr16	29995715	30005793	INO80E	0	+	10078
ENSG00000169594	chr15	83255884	83284664	BNC1	0	-	28780
ENSG00000169598	chr1	3857267	3885429	DFFB	0	+	28162
ENSG00000169599	chr2	69396113	69437628	NFU1	0	-	41515
ENSG00000169604	chr2	69013176	69249327	ANTXR1	0	+	236151
ENSG00000169607	chr2	112736349	112764664	CKAP2L	0	-	28315
ENSG00000169609	chr15	82988441	83011641	C15orf40	0	-	23200
ENSG00000169612	chr15	82986210	82991057	RAMAC	0	+	4847
ENSG00000169621	chr2	68467572	68655862	APLF	0	+	188290
ENSG00000169627	chr16	30192932	30194306	BOLA2B	0	-	1374
ENSG00000169629	chr2	112368369	112434488	RGPD8	0	-	66119
ENSG00000169635	chr22	21417371	21451463	HIC2	0	+	34092
ENSG00000169641	chr1	23084030	23177808	LUZP1	0	-	93778
ENSG00000169660	chr17	82418318	82442645	HEXD	0	+	24327
ENSG00000169679	chr2	110637528	110678063	BUB1	0	-	40535
ENSG00000169682	chr16	28974221	28984548	SPNS1	0	+	10327
ENSG00000169683	chr17	82023305	82031151	LRRC45	0	+	7846
ENSG00000169684	chr15	78565520	78595269	CHRNA5	0	+	29749
ENSG00000169689	chr17	82018702	82024107	CENPX	0	-	5405
ENSG00000169692	chr9	136673143	136687457	AGPAT2	0	-	14314
ENSG00000169696	chr17	81976807	82017406	ASPSCR1	0	+	40599
ENSG00000169710	chr17	82078338	82098294	FASN	0	-	19956
ENSG00000169714	chr3	129167827	129183922	CNBP	0	-	16095
ENSG00000169715	chr16	56625475	56627112	MT1E	0	+	1637
ENSG00000169718	chr17	82057506	82065887	DUS1L	0	-	8381
ENSG00000169727	chr17	82050691	82057470	GPS1	0	+	6779
ENSG00000169733	chr17	82047902	82051831	RFNG	0	-	3929
ENSG00000169738	chr17	82035136	82037709	DCXR	0	-	2573
ENSG00000169740	chr10	43643860	43648881	ZNF32	0	-	5021
ENSG00000169744	chr4	16501541	16898678	LDB2	0	-	397137
ENSG00000169750	chr17	82031678	82034204	RAC3	0	+	2526
ENSG00000169752	chr15	75935969	76059795	NRG4	0	-	123826
ENSG00000169756	chr2	108534355	108687246	LIMS1	0	+	152891
ENSG00000169758	chr15	76059958	76229121	TMEM266	0	+	169163
ENSG00000169760	chr3	173396284	174286644	NLGN1	0	+	890360
ENSG00000169762	chr4	16160505	16227410	TAPT1	0	-	66905
ENSG00000169764	chr2	63840952	63891562	UGP2	0	+	50610
ENSG00000169783	chr15	77613027	77820900	LINGO1	0	-	207873
ENSG00000169813	chr10	43385617	43409186	HNRNPF	0	-	23569
ENSG00000169814	chr3	15601341	15722311	BTD	0	+	120970
ENSG00000169826	chr10	43138445	43185302	CSGALNACT2	0	+	46857
ENSG00000169851	chr4	30720415	31146805	PCDH7	0	+	426390
ENSG00000169855	chr3	78597239	79767998	ROBO1	0	-	1170759
ENSG00000169857	chr15	33858782	34075155	AVEN	0	-	216373
ENSG00000169860	chr3	152835131	152841439	P2RY1	0	+	6308
ENSG00000169862	chr5	10971836	11904446	CTNND2	0	-	932610
ENSG00000169871	chr7	101085481	101097967	TRIM56	0	+	12486
ENSG00000169891	chrX	16946658	17153272	REPS2	0	+	206614
ENSG00000169894	chr7	100949534	100968347	MUC3A	0	+	18813
ENSG00000169895	chrX	16719612	16765340	SYAP1	0	+	45728
ENSG00000169896	chr16	31259967	31332892	ITGAM	0	+	72925
ENSG00000169900	chr16	31215962	31217135	PYDC1	0	-	1173
ENSG00000169902	chr7	66205317	66420543	TPST1	0	+	215226
ENSG00000169905	chr1	179839967	179877803	TOR1AIP2	0	-	37836
ENSG00000169906	chrX	16650158	16654670	S100G	0	+	4512
ENSG00000169908	chr3	149369022	149377692	TM4SF1	0	-	8670
ENSG00000169914	chr1	19882395	19912945	OTUD3	0	+	30550
ENSG00000169918	chr15	31475398	31870789	OTUD7A	0	-	395391
ENSG00000169919	chr7	65960684	65982215	GUSB	0	-	21531
ENSG00000169925	chr9	134030305	134068535	BRD3	0	-	38230
ENSG00000169926	chr15	31326835	31435665	KLF13	0	+	108830
ENSG00000169946	chr8	104590733	105804539	ZFPM2	0	+	1213806
ENSG00000169951	chr16	30553764	30558374	ZNF764	0	-	4610
ENSG00000169962	chr1	1331280	1335314	TAS1R3	0	+	4034
ENSG00000169967	chr2	127298668	127388465	MAP3K2	0	-	89797
ENSG00000169972	chr1	1308597	1311677	PUSL1	0	+	3080
ENSG00000169976	chr6	144094884	144095573	SF3B5	0	-	689
ENSG00000169981	chr3	44648732	44660791	ZNF35	0	+	12059
ENSG00000169991	chr1	18904280	18956676	IFFO2	0	-	52396
ENSG00000169992	chr17	7404874	7419860	NLGN2	0	+	14986
ENSG00000170004	chr17	7884796	7912760	CHD3	0	+	27964
ENSG00000170006	chr4	152618628	152680012	TMEM154	0	-	61384
ENSG00000170011	chr3	39808914	40260321	MYRIP	0	+	451407
ENSG00000170017	chr3	105366909	105576900	ALCAM	0	+	209991
ENSG00000170027	chr7	76326799	76358991	YWHAG	0	-	32192
ENSG00000170035	chr2	180967248	181076585	UBE2E3	0	+	109337
ENSG00000170037	chr17	7932101	7949920	CNTROB	0	+	17819
ENSG00000170043	chr17	7930345	7932123	TRAPPC1	0	-	1778
ENSG00000170044	chr3	102099244	102479841	ZPLD1	0	+	380597
ENSG00000170049	chr17	7921859	7929856	KCNAB3	0	-	7997
ENSG00000170075	chr1	202122886	202133592	GPR37L1	0	+	10706
ENSG00000170085	chr5	176238367	176345991	SIMC1	0	+	107624
ENSG00000170088	chr4	165070608	165208549	TMEM192	0	-	137941
ENSG00000170091	chr5	174045706	174243501	NSG2	0	+	197795
ENSG00000170099	chr14	94304248	94323389	SERPINA6	0	-	19141
ENSG00000170100	chr16	89217703	89237141	ZNF778	0	+	19438
ENSG00000170113	chr15	22773063	22829789	NIPA1	0	+	56726
ENSG00000170142	chr3	23805955	23891640	UBE2E1	0	+	85685
ENSG00000170144	chr2	177212563	177223958	HNRNPA3	0	+	11395
ENSG00000170145	chr11	111602449	111730855	SIK2	0	+	128406
ENSG00000170153	chr4	140859807	141212877	RNF150	0	-	353070
ENSG00000170175	chr17	7445061	7457710	CHRNB1	0	+	12649
ENSG00000170185	chr4	143184917	143223874	USP38	0	+	38957
ENSG00000170190	chr17	75087727	75106162	SLC16A5	0	+	18435
ENSG00000170191	chr20	25612935	25624014	NANP	0	-	11079
ENSG00000170214	chr5	159865080	159973012	ADRA1B	0	+	107932
ENSG00000170222	chr17	10697594	10711558	ADPRM	0	+	13964
ENSG00000170234	chr5	160061801	160119450	PWWP2A	0	-	57649
ENSG00000170236	chr15	50494018	50546708	USP50	0	-	52690
ENSG00000170242	chr11	11841423	11961887	USP47	0	+	120464
ENSG00000170248	chr3	33798571	33869707	PDCD6IP	0	+	71136
ENSG00000170260	chr7	149239651	149255606	ZNF212	0	+	15955
ENSG00000170262	chr21	32291813	32314784	MRAP	0	+	22971
ENSG00000170264	chr2	61824848	61854143	FAM161A	0	-	29295
ENSG00000170265	chr7	149195546	149226238	ZNF282	0	+	30692
ENSG00000170266	chr3	32996609	33097202	GLB1	0	-	100593
ENSG00000170270	chr14	93202894	93207065	GON7	0	-	4171
ENSG00000170271	chr5	154818492	154859252	FAXDC2	0	-	40760
ENSG00000170275	chr3	33114014	33147773	CRTAP	0	+	33759
ENSG00000170290	chr11	107707378	107719693	SLN	0	-	12315
ENSG00000170291	chr17	7251416	7259940	ELP5	0	+	8524
ENSG00000170293	chr3	32238679	32370321	CMTM8	0	+	131642
ENSG00000170298	chr17	20449395	20467539	LGALS9B	0	-	18144
ENSG00000170310	chr17	9250471	9576591	STX8	0	-	326120
ENSG00000170312	chr10	60778331	60794852	CDK1	0	+	16521
ENSG00000170315	chr17	16380798	16382745	UBB	0	+	1947
ENSG00000170322	chr11	129863636	129895590	NFRKB	0	-	31954
ENSG00000170323	chr8	81478419	81483236	FABP4	0	-	4817
ENSG00000170325	chr11	129899706	130002835	PRDM10	0	-	103129
ENSG00000170340	chr2	62196115	62224731	B3GNT2	0	+	28616
ENSG00000170345	chr14	75278826	75282230	FOS	0	+	3404
ENSG00000170348	chr14	75131469	75176612	TMED10	0	-	45143
ENSG00000170364	chr3	4303332	4317265	SETMAR	0	+	13933
ENSG00000170365	chr4	145481194	145559176	SMAD1	0	+	77982
ENSG00000170367	chr20	23875934	23879748	CST5	0	-	3814
ENSG00000170369	chr20	23823769	23826729	CST2	0	-	2960
ENSG00000170370	chr10	117542445	117549546	EMX2	0	+	7101
ENSG00000170373	chr20	23747562	23751268	CST1	0	-	3706
ENSG00000170379	chr7	143620952	143730410	TCAF2	0	+	109458
ENSG00000170381	chr7	83363238	83649139	SEMA3E	0	-	285901
ENSG00000170382	chr1	204617170	204685738	LRRN2	0	-	68568
ENSG00000170385	chr1	211571568	211579161	SLC30A1	0	-	7593
ENSG00000170390	chr4	150078445	150257438	DCLK2	0	+	178993
ENSG00000170412	chr17	74424851	74451653	GPRC5C	0	+	26802
ENSG00000170417	chr2	102736905	103019900	TMEM182	0	+	282995
ENSG00000170419	chr7	54542325	54571080	VSTM2A	0	+	28755
ENSG00000170421	chr12	52897187	52949954	KRT8	0	-	52767
ENSG00000170425	chr17	15945130	15975746	ADORA2B	0	+	30616
ENSG00000170430	chr10	129467190	129770983	MGMT	0	+	303793
ENSG00000170439	chr12	55681736	55684611	METTL7B	0	+	2875
ENSG00000170442	chr12	52249300	52309163	KRT86	0	+	59863
ENSG00000170445	chr5	140673035	140691537	HARS1	0	-	18502
ENSG00000170448	chr4	47847233	47914667	NFXL1	0	-	67434
ENSG00000170454	chr12	52424070	52434371	KRT75	0	-	10301
ENSG00000170456	chr12	31382226	31591136	DENND5B	0	-	208910
ENSG00000170458	chr5	140631728	140633701	CD14	0	-	1973
ENSG00000170464	chr5	139408588	139444491	DNAJC18	0	-	35903
ENSG00000170465	chr12	52468516	52473805	KRT6C	0	-	5289
ENSG00000170468	chr14	73490933	73493394	RIOX1	0	+	2461
ENSG00000170469	chr5	139396563	139404089	SPATA24	0	-	7526
ENSG00000170471	chr20	38472816	38578859	RALGAPB	0	+	106043
ENSG00000170473	chr12	55901413	55932618	PYM1	0	-	31205
ENSG00000170476	chr5	139387467	139390081	MZB1	0	-	2614
ENSG00000170477	chr12	52806549	52814116	KRT4	0	-	7567
ENSG00000170482	chr5	139367196	139384553	SLC23A1	0	-	17357
ENSG00000170485	chr2	100820139	100996829	NPAS2	0	+	176690
ENSG00000170500	chr2	100271875	100322501	LONRF2	0	-	50626
ENSG00000170502	chr4	87422573	87459455	NUDT9	0	+	36882
ENSG00000170515	chr12	56104537	56113910	PA2G4	0	+	9373
ENSG00000170522	chr4	110045846	110199199	ELOVL6	0	-	153353
ENSG00000170523	chr12	52314301	52321398	KRT83	0	-	7097
ENSG00000170525	chr10	6144934	6254644	PFKFB3	0	+	109710
ENSG00000170537	chr16	18983934	19063942	TMC7	0	+	80008
ENSG00000170542	chr6	2887270	2903309	SERPINB9	0	-	16039
ENSG00000170545	chr12	51244558	51270415	SMAGP	0	-	25857
ENSG00000170549	chr5	3595832	3601403	IRX1	0	+	5571
ENSG00000170558	chr18	27932879	28177946	CDH2	0	-	245067
ENSG00000170561	chr5	2745845	2751677	IRX2	0	-	5832
ENSG00000170571	chr5	50396192	50443248	EMB	0	-	47056
ENSG00000170577	chr2	45005182	45009452	SIX2	0	-	4270
ENSG00000170579	chr18	3496032	4455307	DLGAP1	0	-	959275
ENSG00000170581	chr12	56341597	56360167	STAT2	0	-	18570
ENSG00000170584	chr5	163446526	163460102	NUDCD2	0	-	13576
ENSG00000170604	chr19	45883608	45886141	IRF2BP1	0	-	2533
ENSG00000170606	chr5	133052013	133106449	HSPA4	0	+	54436
ENSG00000170619	chr8	144841042	144853736	COMMD5	0	-	12694
ENSG00000170624	chr5	155870344	156767788	SGCD	0	+	897444
ENSG00000170627	chr12	54455950	54473602	GTSF1	0	-	17652
ENSG00000170631	chr8	144930358	144950888	ZNF16	0	-	20530
ENSG00000170632	chr7	103074881	103099759	ARMC10	0	+	24878
ENSG00000170633	chr12	121400083	121430623	RNF34	0	+	30540
ENSG00000170634	chr2	53970838	54305300	ACYP2	0	+	334462
ENSG00000170638	chr22	50185913	50199598	TRABD	0	+	13685
ENSG00000170667	chr7	102479976	102517777	RASA4B	0	-	37801
ENSG00000170677	chr18	70289045	70330199	SOCS6	0	+	41154
ENSG00000170684	chr19	45071500	45076478	ZNF296	0	-	4978
ENSG00000170734	chr6	43576185	43620523	POLH	0	+	44338
ENSG00000170743	chr11	7238778	7469043	SYT9	0	+	230265
ENSG00000170745	chr2	17877847	18361616	KCNS3	0	+	483769
ENSG00000170759	chr10	32009015	32056425	KIF5B	0	-	47410
ENSG00000170775	chr7	124743885	124765792	GPR37	0	-	21907
ENSG00000170776	chr15	85380571	85749358	AKAP13	0	+	368787
ENSG00000170779	chr14	105009573	105021083	CDCA4	0	-	11510
ENSG00000170786	chr8	56300005	56320776	SDR16C5	0	-	20771
ENSG00000170791	chr8	56211686	56218809	CHCHD7	0	+	7123
ENSG00000170801	chr4	8269754	8307098	HTRA3	0	+	37344
ENSG00000170802	chr2	48314637	48379295	FOXN2	0	+	64658
ENSG00000170807	chr7	123655866	123664290	LMOD2	0	+	8424
ENSG00000170832	chr17	60177327	60422470	USP32	0	-	245143
ENSG00000170835	chr9	133061981	133071861	CEL	0	+	9880
ENSG00000170836	chr17	60600193	60666280	PPM1D	0	+	66087
ENSG00000170837	chr3	71753855	71756496	GPR27	0	+	2641
ENSG00000170846	chr4	6663396	6676755	ENSG00000170846	0	+	13359
ENSG00000170852	chr7	32868172	32894131	KBTBD2	0	-	25959
ENSG00000170854	chr3	97941818	97972457	RIOX2	0	-	30639
ENSG00000170855	chr12	120443964	120446384	TRIAP1	0	-	2420
ENSG00000170860	chr3	14178817	14201122	LSM3	0	+	22305
ENSG00000170871	chr4	6781375	6884170	KIAA0232	0	+	102795
ENSG00000170873	chr8	124550784	124728473	MTSS1	0	-	177689
ENSG00000170876	chr3	14125015	14143680	TMEM43	0	+	18665
ENSG00000170881	chr8	124474880	124488618	RNF139	0	+	13738
ENSG00000170889	chr19	54200809	54249003	RPS9	0	+	48194
ENSG00000170891	chr4	5014586	5019458	CYTL1	0	-	4872
ENSG00000170892	chr19	54189938	54194536	TSEN34	0	+	4598
ENSG00000170893	chr3	129974688	129977935	TRH	0	+	3247
ENSG00000170899	chr6	52977948	52995304	GSTA4	0	-	17356
ENSG00000170903	chr11	105995623	106022403	MSANTD4	0	-	26780
ENSG00000170906	chr19	54102728	54109257	NDUFA3	0	+	6529
ENSG00000170909	chr19	54094668	54102692	OSCAR	0	-	8024
ENSG00000170917	chr4	122888697	122922968	NUDT6	0	-	34271
ENSG00000170921	chr17	62966235	63427703	TANC2	0	+	461468
ENSG00000170946	chr11	31369840	31432835	DNAJC24	0	+	62995
ENSG00000170949	chr19	53066606	53103434	ZNF160	0	-	36828
ENSG00000170955	chr11	6318946	6320532	CAVIN3	0	-	1586
ENSG00000170959	chr11	30830369	31369810	DCDC1	0	-	539441
ENSG00000170961	chr8	121612116	121641440	HAS2	0	-	29324
ENSG00000170962	chr11	103907189	104164379	PDGFD	0	-	257190
ENSG00000170965	chrX	134565838	134764322	PLAC1	0	-	198484
ENSG00000170989	chr1	101236865	101243713	S1PR1	0	+	6848
ENSG00000171004	chrX	132626015	132961395	HS6ST2	0	-	335380
ENSG00000171016	chr15	55538884	55588947	PYGO1	0	-	50063
ENSG00000171017	chr19	7888505	7902021	LRRC8E	0	+	13516
ENSG00000171033	chr8	78516340	78605267	PKIA	0	+	88927
ENSG00000171045	chr8	142212080	142403182	TSNARE1	0	-	191102
ENSG00000171051	chr19	51745172	51804110	FPR1	0	-	58938
ENSG00000171055	chr2	36531805	36646087	FEZ2	0	-	114282
ENSG00000171067	chr11	68261338	68272001	C11orf24	0	-	10663
ENSG00000171100	chrX	150568417	150673143	MTM1	0	+	104726
ENSG00000171102	chr9	133205277	133209250	OBP2B	0	-	3973
ENSG00000171103	chr2	28849821	28870309	TRMT61B	0	-	20488
ENSG00000171105	chr19	7112255	7294414	INSR	0	-	182159
ENSG00000171109	chr3	179347709	179394936	MFN1	0	+	47227
ENSG00000171115	chr7	150450630	150479393	GIMAP8	0	+	28763
ENSG00000171119	chr19	5805067	5828324	NRTN	0	+	23257
ENSG00000171121	chr3	179236691	179267002	KCNMB3	0	-	30311
ENSG00000171124	chr19	5842888	5851471	FUT3	0	-	8583
ENSG00000171130	chr7	149872968	149891204	ATP6V0E2	0	+	18236
ENSG00000171132	chr2	45651345	46187990	PRKCE	0	+	536645
ENSG00000171135	chr3	9890574	9894349	JAGN1	0	+	3775
ENSG00000171148	chr3	9779967	9793011	TADA3	0	-	13044
ENSG00000171150	chr2	46698952	46780245	SOCS5	0	+	81293
ENSG00000171155	chrX	120625674	120630054	C1GALT1C1	0	-	4380
ENSG00000171159	chr9	128160265	128163924	BBLN	0	+	3659
ENSG00000171160	chr10	97614553	97633500	MORN4	0	-	18947
ENSG00000171161	chr1	248838210	248849517	ZNF672	0	+	11307
ENSG00000171163	chr1	248850006	248859144	ZNF692	0	-	9138
ENSG00000171169	chr9	128061233	128068206	NAIF1	0	-	6973
ENSG00000171174	chr2	27781379	27890681	RBKS	0	-	109302
ENSG00000171189	chr21	29536933	29940033	GRIK1	0	-	403100
ENSG00000171195	chr4	70430492	70482997	MUC7	0	+	52505
ENSG00000171199	chr4	70397931	70410195	OPRPN	0	+	12264
ENSG00000171201	chr4	70370093	70390244	SMR3B	0	+	20151
ENSG00000171202	chr11	85647967	85656547	TMEM126A	0	+	8580
ENSG00000171204	chr11	85628573	85636539	TMEM126B	0	+	7966
ENSG00000171206	chr10	102644479	102658318	TRIM8	0	+	13839
ENSG00000171208	chr16	47077703	47143945	NETO2	0	-	66242
ENSG00000171209	chr4	70238382	70251474	CSN3	0	+	13092
ENSG00000171219	chr11	64823052	64844653	CDC42BPG	0	-	21601
ENSG00000171222	chr20	35953617	35959472	SCAND1	0	-	5855
ENSG00000171223	chr19	12791486	12793315	JUNB	0	+	1829
ENSG00000171224	chr10	69630247	69633596	FAM241B	0	+	3349
ENSG00000171227	chr2	119429901	119438504	TMEM37	0	+	8603
ENSG00000171236	chr19	4536402	4540036	LRG1	0	-	3634
ENSG00000171241	chr16	46578591	46621379	SHCBP1	0	-	42788
ENSG00000171246	chr17	80466834	80477843	NPTX1	0	-	11009
ENSG00000171262	chr15	38454127	38487710	FAM98B	0	+	33583
ENSG00000171291	chr19	11848726	11883750	ZNF439	0	+	35024
ENSG00000171295	chr19	11814273	11835216	ZNF440	0	+	20943
ENSG00000171298	chr17	80101556	80119881	GAA	0	+	18325
ENSG00000171302	chr17	78991716	79009867	CANT1	0	-	18151
ENSG00000171303	chr2	26692722	26733420	KCNK3	0	+	40698
ENSG00000171307	chr10	97446170	97457370	ZDHHC16	0	+	11200
ENSG00000171310	chr12	104455295	104762014	CHST11	0	+	306719
ENSG00000171311	chr10	97435909	97446017	EXOSC1	0	-	10108
ENSG00000171314	chr10	97426191	97433444	PGAM1	0	+	7253
ENSG00000171316	chr8	60678740	60868028	CHD7	0	+	189288
ENSG00000171320	chr8	27771949	27812640	ESCO2	0	+	40691
ENSG00000171345	chr17	41523617	41528308	KRT19	0	-	4691
ENSG00000171346	chr17	41513745	41522529	KRT15	0	-	8784
ENSG00000171357	chr1	46203334	46221256	LURAP1	0	+	17922
ENSG00000171365	chrX	49922596	50099235	CLCN5	0	+	176639
ENSG00000171368	chr5	659862	693352	TPPP	0	-	33490
ENSG00000171385	chr1	111770662	111989668	KCND3	0	-	219006
ENSG00000171388	chrX	129645259	129654956	APLN	0	-	9697
ENSG00000171401	chr17	41500981	41505705	KRT13	0	-	4724
ENSG00000171408	chr6	135851701	136195574	PDE7B	0	+	343873
ENSG00000171421	chr5	1798385	1801366	MRPL36	0	-	2981
ENSG00000171428	chr8	18170477	18223689	NAT1	0	+	53212
ENSG00000171431	chr17	40875889	40885242	KRT20	0	-	9353
ENSG00000171435	chr12	117453012	117968990	KSR2	0	-	515978
ENSG00000171443	chr19	55600022	55603138	ZNF524	0	+	3116
ENSG00000171444	chr5	113022099	113488823	MCC	0	-	466724
ENSG00000171448	chr9	122915566	122931512	ZBTB26	0	-	15946
ENSG00000171451	chr18	67506587	67516720	DSEL	0	-	10133
ENSG00000171453	chr6	43509702	43562419	POLR1C	0	+	52717
ENSG00000171456	chr20	32358330	32439319	ASXL1	0	+	80989
ENSG00000171462	chr6	43450352	43456632	DLK2	0	-	6280
ENSG00000171466	chr19	9641807	9675100	ZNF562	0	-	33293
ENSG00000171467	chr6	43307134	43369647	ZNF318	0	-	62513
ENSG00000171469	chr19	9604680	9621236	ZNF561	0	-	16556
ENSG00000171475	chr17	40219304	40284136	WIPF2	0	+	64832
ENSG00000171476	chr4	56647988	56681899	HOPX	0	-	33911
ENSG00000171487	chr19	55999726	56061810	NLRP5	0	+	62084
ENSG00000171490	chr16	11833850	11851580	RSL1D1	0	-	17730
ENSG00000171497	chr4	158709127	158723396	PPID	0	-	14269
ENSG00000171502	chr1	85729233	86156943	COL24A1	0	-	427710
ENSG00000171503	chr4	158671968	158710742	ETFDH	0	+	38774
ENSG00000171517	chr1	84811602	84893206	LPAR3	0	-	81604
ENSG00000171522	chr5	40679915	40693735	PTGER4	0	+	13820
ENSG00000171530	chr5	77691166	77868780	TBCA	0	-	177614
ENSG00000171533	chr11	75586918	75669038	MAP6	0	-	82120
ENSG00000171551	chr2	232479827	232487834	ECEL1	0	-	8007
ENSG00000171552	chr20	31664452	31723989	BCL2L1	0	-	59537
ENSG00000171557	chr4	154604134	154612967	FGG	0	-	8833
ENSG00000171560	chr4	154583128	154590745	FGA	0	-	7617
ENSG00000171564	chr4	154563011	154572807	FGB	0	+	9796
ENSG00000171566	chr4	154535005	154550400	PLRG1	0	-	15395
ENSG00000171574	chr19	58401504	58418327	ZNF584	0	+	16823
ENSG00000171603	chr1	9728926	9823984	CLSTN1	0	-	95058
ENSG00000171604	chr5	139647299	139683882	CXXC5	0	+	36583
ENSG00000171606	chr19	58183029	58213562	ZNF274	0	+	30533
ENSG00000171608	chr1	9651731	9729114	PIK3CD	0	+	77383
ENSG00000171612	chr1	9539465	9585173	SLC25A33	0	+	45708
ENSG00000171617	chr5	74627406	74641424	ENC1	0	-	14018
ENSG00000171621	chr1	9292894	9369532	SPSB1	0	+	76638
ENSG00000171631	chr11	73264498	73305103	P2RY6	0	+	40605
ENSG00000171634	chr17	67825503	67984378	BPTF	0	+	158875
ENSG00000171649	chr19	57578456	57593890	ZIK1	0	+	15434
ENSG00000171659	chrX	41688973	41697275	GPR34	0	+	8302
ENSG00000171680	chr1	6467122	6520074	PLEKHG5	0	-	52952
ENSG00000171681	chr12	14365676	14502931	ATF7IP	0	+	137255
ENSG00000171700	chr20	64073181	64079988	RGS19	0	-	6807
ENSG00000171703	chr20	64049836	64072347	TCEA2	0	+	22511
ENSG00000171714	chr11	21782659	22283567	ANO5	0	+	500908
ENSG00000171720	chr5	141620876	141636849	HDAC3	0	-	15973
ENSG00000171723	chr14	66507407	67181803	GPHN	0	+	674396
ENSG00000171724	chr16	77788564	77980107	VAT1L	0	+	191543
ENSG00000171729	chr1	15152532	15220478	TMEM51	0	+	67946
ENSG00000171735	chr1	6785454	7769706	CAMTA1	0	+	984252
ENSG00000171757	chr3	169793003	169812986	LRRC34	0	-	19983
ENSG00000171759	chr12	102836889	102958410	PAH	0	-	121521
ENSG00000171763	chr15	45402336	45421415	SPATA5L1	0	+	19079
ENSG00000171766	chr15	45361124	45402327	GATM	0	-	41203
ENSG00000171772	chr10	133553901	133569835	SYCE1	0	-	15934
ENSG00000171777	chr19	38409051	38426305	RASGRP4	0	-	17254
ENSG00000171791	chr18	63123346	63320128	BCL2	0	-	196782
ENSG00000171793	chr1	40979688	41012565	CTPS1	0	+	32877
ENSG00000171798	chr10	133160219	133226412	KNDC1	0	+	66193
ENSG00000171806	chr1	169792529	169794963	METTL18	0	-	2434
ENSG00000171811	chr10	132808392	132942823	CFAP46	0	-	134431
ENSG00000171812	chr1	36095239	36125222	COL8A2	0	-	29983
ENSG00000171813	chr10	132397168	132417859	PWWP2B	0	+	20691
ENSG00000171817	chr19	37551406	37614179	ZNF540	0	+	62773
ENSG00000171819	chr1	11189355	11195981	ANGPTL7	0	+	6626
ENSG00000171823	chr12	1565993	1594581	FBXL14	0	-	28588
ENSG00000171824	chr1	11066618	11099869	EXOSC10	0	-	33251
ENSG00000171827	chr19	37467585	37488652	ZNF570	0	+	21067
ENSG00000171840	chr12	564296	663589	NINJ2	0	-	99293
ENSG00000171843	chr9	20341669	20622499	MLLT3	0	-	280830
ENSG00000171847	chr12	8221260	8227618	FAM90A1	0	-	6358
ENSG00000171848	chr2	10120698	10211725	RRM2	0	+	91027
ENSG00000171853	chr2	3379675	3485094	TRAPPC12	0	+	105419
ENSG00000171858	chr20	62387103	62388520	RPS21	0	+	1417
ENSG00000171860	chr12	8056844	8066359	C3AR1	0	-	9515
ENSG00000171861	chr17	782353	792509	MRM3	0	+	10156
ENSG00000171862	chr10	87862638	87971930	PTEN	0	+	109292
ENSG00000171863	chr2	3575260	3580920	RPS7	0	+	5660
ENSG00000171864	chr20	4721909	4728460	PRND	0	+	6551
ENSG00000171867	chr20	4686350	4701590	PRNP	0	+	15240
ENSG00000171877	chr15	43870761	44195271	FRMD5	0	-	324510
ENSG00000171885	chr18	26852043	26865771	AQP4	0	-	13728
ENSG00000171903	chr19	15912367	15934867	CYP4F11	0	-	22500
ENSG00000171914	chr15	62390526	62844631	TLN2	0	+	454105
ENSG00000171916	chr17	18476737	18494945	LGALS9C	0	+	18208
ENSG00000171928	chr17	18781111	18806714	TVP23B	0	+	25603
ENSG00000171940	chr20	53567071	53609907	ZNF217	0	-	42836
ENSG00000171943	chr1	121184811	121392874	SRGAP2C	0	+	208063
ENSG00000171951	chr2	223596940	223602361	SCG2	0	-	5421
ENSG00000171953	chr17	17977409	18039209	ATPAF2	0	-	61800
ENSG00000171954	chr19	15508525	15552317	CYP4F22	0	+	43792
ENSG00000171960	chr1	42658335	42676758	PPIH	0	+	18423
ENSG00000171962	chr17	17972813	18016889	DRC3	0	+	44076
ENSG00000171970	chr19	2900928	2918473	ZNF57	0	+	17545
ENSG00000171984	chr20	5750393	5864395	SHLD1	0	+	114002
ENSG00000171988	chr10	63167221	63521850	JMJD1C	0	-	354629
ENSG00000171992	chr5	150601080	150659207	SYNPO	0	+	58127
ENSG00000172005	chr2	95025677	95053992	MAL	0	+	28315
ENSG00000172006	chr19	2819868	2836735	ZNF554	0	+	16867
ENSG00000172007	chr4	139453232	139476609	RAB33B	0	+	23377
ENSG00000172009	chr19	2785503	2815807	THOP1	0	+	30304
ENSG00000172031	chr1	92029985	92063538	EPHX4	0	+	33553
ENSG00000172037	chr3	49121114	49133118	LAMB2	0	-	12004
ENSG00000172046	chr3	49108046	49120938	USP19	0	-	12892
ENSG00000172053	chr3	49095932	49105130	QARS1	0	-	9198
ENSG00000172057	chr17	39921041	39927601	ORMDL3	0	-	6560
ENSG00000172058	chr5	70900669	70918530	SERF1A	0	+	17861
ENSG00000172059	chr2	10042849	10054836	KLF11	0	+	11987
ENSG00000172061	chr3	194355249	194369743	LRRC15	0	-	14494
ENSG00000172062	chr5	70925030	70953942	SMN1	0	+	28912
ENSG00000172071	chr2	88556741	88691518	EIF2AK3	0	-	134777
ENSG00000172081	chr19	2071036	2096673	MOB3A	0	-	25637
ENSG00000172086	chr2	88027205	88064252	KRCC1	0	-	37047
ENSG00000172113	chr3	48290722	48301685	NME6	0	-	10963
ENSG00000172115	chr7	25118656	25125260	CYCS	0	-	6604
ENSG00000172116	chr2	86815339	86861924	CD8B	0	-	46585
ENSG00000172123	chr17	35410922	35433283	SLFN12	0	-	22361
ENSG00000172137	chr16	71358713	71390436	CALB2	0	+	31723
ENSG00000172156	chr17	34285742	34288334	CCL11	0	+	2592
ENSG00000172159	chr9	83242990	83538546	FRMD3	0	-	295556
ENSG00000172164	chr8	120535745	120813273	SNTB1	0	-	277528
ENSG00000172167	chr8	120445400	120542133	MTBP	0	+	96733
ENSG00000172171	chr17	30897336	30906238	TEFM	0	-	8902
ENSG00000172172	chr8	120380761	120445402	MRPL13	0	-	64641
ENSG00000172175	chr18	58671465	58754477	MALT1	0	+	83012
ENSG00000172183	chr15	88635670	88656483	ISG20	0	+	20813
ENSG00000172197	chr6	20099684	20212469	MBOAT1	0	-	112785
ENSG00000172201	chr6	19837370	19842197	ID4	0	+	4827
ENSG00000172215	chr3	45940933	45948351	CXCR6	0	+	7418
ENSG00000172216	chr20	50190830	50192668	CEBPB	0	+	1838
ENSG00000172236	chr16	1240379	1242554	TPSAB1	0	+	2175
ENSG00000172239	chr5	43526267	43557758	PAIP1	0	-	31491
ENSG00000172243	chr12	10116777	10130258	CLEC7A	0	-	13481
ENSG00000172244	chr5	43486709	43515148	C5orf34	0	-	28439
ENSG00000172260	chr1	71395943	72282539	NEGR1	0	-	886596
ENSG00000172262	chr5	43065176	43192021	ZNF131	0	+	126845
ENSG00000172264	chr20	13995369	16053197	MACROD2	0	+	2057828
ENSG00000172269	chr11	119096025	119108331	DPAGT1	0	-	12306
ENSG00000172270	chr19	571277	583494	BSG	0	+	12217
ENSG00000172273	chr11	119121580	119136059	HINFP	0	+	14479
ENSG00000172292	chr2	168456249	168775134	CERS6	0	+	318885
ENSG00000172296	chr20	13008972	13169103	SPTLC3	0	+	160131
ENSG00000172301	chr17	31851871	31859291	COPRS	0	-	7420
ENSG00000172322	chr12	9951316	9995694	CLEC12A	0	+	44378
ENSG00000172331	chr7	134646811	134679816	BPGM	0	+	33005
ENSG00000172336	chr7	100706121	100707486	POP7	0	+	1365
ENSG00000172339	chr1	94974405	95072951	ALG14	0	-	98546
ENSG00000172340	chr3	67360460	67654612	SUCLG2	0	-	294152
ENSG00000172345	chr15	81309053	81324183	STARD5	0	-	15130
ENSG00000172346	chr22	41561010	41577741	CSDC2	0	+	16731
ENSG00000172348	chr6	46220736	46491972	RCAN2	0	-	271236
ENSG00000172349	chr15	81159575	81314058	IL16	0	+	154483
ENSG00000172354	chr7	100673567	100679174	GNB2	0	+	5607
ENSG00000172361	chr18	50227193	50266495	CFAP53	0	-	39302
ENSG00000172366	chr16	636817	648474	MCRIP2	0	+	11657
ENSG00000172375	chr11	119102198	119118544	C2CD2L	0	+	16346
ENSG00000172379	chr15	80404350	80597933	ARNT2	0	+	193583
ENSG00000172380	chr1	67701475	67833467	GNG12	0	-	131992
ENSG00000172382	chr16	2712419	2720551	PRSS27	0	-	8132
ENSG00000172403	chr4	118850688	119061247	SYNPO2	0	+	210559
ENSG00000172404	chr22	40859549	40862113	DNAJB7	0	-	2564
ENSG00000172409	chr11	57648188	57661865	CLP1	0	+	13677
ENSG00000172426	chr6	43645036	43672600	RSPH9	0	+	27564
ENSG00000172428	chr2	240126563	240136807	COPS9	0	-	10244
ENSG00000172432	chr6	43605316	43629264	GTPBP2	0	-	23948
ENSG00000172456	chr1	59296638	59810647	FGGY	0	+	514009
ENSG00000172458	chr13	20702127	20723098	IL17D	0	+	20971
ENSG00000172461	chr6	96015974	96215612	FUT9	0	+	199638
ENSG00000172466	chr18	35332227	35345482	ZNF24	0	-	13255
ENSG00000172469	chr6	95577485	95609470	MANEA	0	+	31985
ENSG00000172478	chr2	240886048	240896889	MAB21L4	0	-	10841
ENSG00000172493	chr4	86935002	87141039	AFF1	0	+	206037
ENSG00000172500	chr11	65883740	65888531	FIBP	0	-	4791
ENSG00000172508	chr11	67414968	67425607	CARNS1	0	+	10639
ENSG00000172530	chr16	87949244	88077318	BANP	0	+	128074
ENSG00000172531	chr11	67398181	67421183	PPP1CA	0	-	23002
ENSG00000172534	chrX	153947557	153971818	HCFC1	0	-	24261
ENSG00000172543	chr11	65879809	65883741	CTSW	0	+	3932
ENSG00000172551	chr12	54830518	54896008	MUCL1	0	+	65490
ENSG00000172572	chr12	20368537	20688583	PDE3A	0	+	320046
ENSG00000172575	chr15	38488103	38565575	RASGRP1	0	-	77472
ENSG00000172578	chr3	183487551	183555706	KLHL6	0	-	68155
ENSG00000172586	chr10	73782047	73783652	CHCHD1	0	+	1605
ENSG00000172590	chr14	22829879	22835037	MRPL52	0	+	5158
ENSG00000172594	chr6	122789049	122809720	SMPDL3A	0	+	20671
ENSG00000172602	chr12	48857145	48865870	RND1	0	-	8725
ENSG00000172613	chr11	67317871	67398410	RAD9A	0	+	80539
ENSG00000172638	chr11	65866441	65873592	EFEMP2	0	-	7151
ENSG00000172650	chr10	73674287	73698109	AGAP5	0	-	23822
ENSG00000172661	chr10	45727200	45792964	WASHC2C	0	+	65764
ENSG00000172663	chr11	67461710	67469272	TMEM134	0	-	7562
ENSG00000172667	chr3	178960121	179072215	ZMAT3	0	-	112094
ENSG00000172671	chr10	45615500	45672780	ZFAND4	0	-	57280
ENSG00000172673	chr6	127708072	127918631	THEMIS	0	-	210559
ENSG00000172687	chr19	21358930	21388582	ZNF738	0	+	29652
ENSG00000172716	chr17	35350305	35373701	SLFN11	0	-	23396
ENSG00000172717	chr14	67189393	67228550	FAM71D	0	+	39157
ENSG00000172724	chr9	34689570	34691276	CCL19	0	-	1706
ENSG00000172725	chr11	67435510	67443821	CORO1B	0	-	8311
ENSG00000172728	chr8	33370824	33473146	FUT10	0	-	102322
ENSG00000172731	chr10	70298970	70382650	LRRC20	0	-	83680
ENSG00000172732	chr11	65857126	65867653	MUS81	0	+	10527
ENSG00000172738	chr6	37212178	37258155	TMEM217	0	-	45977
ENSG00000172748	chr8	232137	264703	ZNF596	0	+	32566
ENSG00000172757	chr11	65823022	65862026	CFL1	0	-	39004
ENSG00000172765	chr3	129647792	129893711	TMCC1	0	-	245919
ENSG00000172766	chr13	41311267	41377030	NAA16	0	+	65763
ENSG00000172771	chr3	129401321	129428651	EFCAB12	0	-	27330
ENSG00000172775	chr16	57152466	57186116	PSME3IP1	0	-	33650
ENSG00000172785	chr9	121038	179147	CBWD1	0	-	58109
ENSG00000172794	chr17	74670578	74747335	RAB37	0	+	76757
ENSG00000172795	chr5	112976702	113022195	DCP2	0	+	45493
ENSG00000172803	chr11	65833834	65856896	SNX32	0	+	23062
ENSG00000172809	chr17	74203582	74210655	RPL38	0	+	7073
ENSG00000172817	chr8	64587763	64798737	CYP7B1	0	-	210974
ENSG00000172818	chr11	65787063	65797214	OVOL1	0	+	10151
ENSG00000172819	chr12	53210567	53232980	RARG	0	-	22413
ENSG00000172824	chr16	66988589	67009758	CES4A	0	+	21169
ENSG00000172828	chr16	66961245	66975149	CES3	0	+	13904
ENSG00000172830	chr11	67303478	67312607	SSH3	0	+	9129
ENSG00000172831	chr16	66934444	66945096	CES2	0	+	10652
ENSG00000172840	chr16	66878589	66895754	PDP2	0	+	17165
ENSG00000172845	chr2	173880850	173965373	SP3	0	-	84523
ENSG00000172869	chr5	119037772	119249138	DMXL1	0	+	211366
ENSG00000172878	chr2	171999943	172082430	METAP1D	0	+	82487
ENSG00000172888	chr3	40524878	40574685	ZNF621	0	+	49807
ENSG00000172889	chr9	136658856	136672678	EGFL7	0	+	13822
ENSG00000172890	chr11	71453109	71524107	NADSYN1	0	+	70998
ENSG00000172893	chr11	71428193	71452868	DHCR7	0	-	24675
ENSG00000172901	chr5	115962454	116027619	LVRN	0	+	65165
ENSG00000172915	chr13	34942270	35673022	NBEA	0	+	730752
ENSG00000172922	chr11	65714005	65720818	RNASEH2C	0	-	6813
ENSG00000172927	chr11	69294151	69341682	MYEOV	0	+	47531
ENSG00000172932	chr11	67289300	67302485	ANKRD13D	0	+	13185
ENSG00000172935	chr11	69004395	69013382	MRGPRF	0	-	8987
ENSG00000172936	chr3	38138478	38143022	MYD88	0	+	4544
ENSG00000172939	chr3	38165089	38255484	OXSR1	0	+	90395
ENSG00000172943	chrX	53936676	54048958	PHF8	0	-	112282
ENSG00000172954	chr2	30447226	30644225	LCLAT1	0	+	196999
ENSG00000172977	chr11	65711996	65719604	KAT5	0	+	7608
ENSG00000172985	chr2	109129205	109504634	SH3RF3	0	+	375429
ENSG00000172986	chr3	72888046	72998138	GXYLT2	0	+	110092
ENSG00000172987	chr10	98457077	99235862	HPSE2	0	-	778785
ENSG00000172992	chr17	45023338	45061131	DCAKD	0	-	37793
ENSG00000173011	chr4	7041899	7057952	TADA2B	0	+	16053
ENSG00000173013	chr4	7040849	7043001	CCDC96	0	-	2152
ENSG00000173020	chr11	67266473	67286556	GRK2	0	+	20083
ENSG00000173039	chr11	65653599	65663090	RELA	0	-	9491
ENSG00000173040	chr4	5542772	5709548	EVC2	0	-	166776
ENSG00000173041	chr7	64519878	64563075	ZNF680	0	-	43197
ENSG00000173064	chr12	112160188	112382439	HECTD4	0	-	222251
ENSG00000173065	chr17	28755980	28855232	FAM222B	0	-	99252
ENSG00000173068	chr9	16409503	16870843	BNC2	0	-	461340
ENSG00000173083	chr4	83292461	83335153	HPSE	0	-	42692
ENSG00000173085	chr4	83261536	83284914	COQ2	0	-	23378
ENSG00000173110	chr1	161524540	161526894	HSPA6	0	+	2354
ENSG00000173113	chr11	64316460	64317559	TRMT112	0	-	1099
ENSG00000173114	chr7	111091006	111125454	LRRN3	0	+	34448
ENSG00000173120	chr11	67119263	67258082	KDM2A	0	+	138819
ENSG00000173137	chr8	144373101	144393242	ADCK5	0	+	20141
ENSG00000173141	chr13	21176658	21179084	MRPL57	0	+	2426
ENSG00000173145	chr10	94333226	94362959	NOC3L	0	-	29733
ENSG00000173153	chr11	64305497	64316743	ESRRA	0	+	11246
ENSG00000173156	chr11	67056847	67072017	RHOD	0	+	15170
ENSG00000173163	chr2	61888724	62147247	COMMD1	0	+	258523
ENSG00000173166	chr2	203394345	203535335	RAPH1	0	-	140990
ENSG00000173171	chr1	155208695	155213824	MTX1	0	+	5129
ENSG00000173175	chr3	123282296	123449090	ADCY5	0	-	166794
ENSG00000173193	chr3	122680839	122730840	PARP14	0	+	50001
ENSG00000173198	chrX	78271468	78327691	CYSLTR1	0	-	56223
ENSG00000173200	chr3	122577628	122639047	PARP15	0	+	61419
ENSG00000173207	chr1	154974653	154979251	CKS1B	0	+	4598
ENSG00000173208	chr12	39550033	39619803	ABCD2	0	-	69770
ENSG00000173210	chr5	149141483	149260542	ABLIM3	0	+	119059
ENSG00000173214	chr6	111259327	111445354	MFSD4B	0	+	186027
ENSG00000173218	chr1	115641970	115698224	VANGL1	0	+	56254
ENSG00000173221	chr5	95751319	95822726	GLRX	0	-	71407
ENSG00000173226	chr3	121769761	121835079	IQCB1	0	-	65318
ENSG00000173227	chr11	67006778	67050863	SYT12	0	+	44085
ENSG00000173230	chr3	121663199	121749755	GOLGB1	0	-	86556
ENSG00000173258	chr9	111525159	111577844	ZNF483	0	+	52685
ENSG00000173262	chr12	7812512	7891148	SLC2A14	0	-	78636
ENSG00000173264	chr11	64270062	64289500	GPR137	0	+	19438
ENSG00000173267	chr10	86958599	86963258	SNCG	0	+	4659
ENSG00000173269	chr10	86935540	86969481	MMRN2	0	-	33941
ENSG00000173272	chr2	131464900	131492743	MZT2A	0	-	27843
ENSG00000173273	chr8	9555912	9782346	TNKS	0	+	226434
ENSG00000173275	chrX	135344796	135363413	ZNF449	0	+	18617
ENSG00000173276	chr21	41986831	42010387	ZBTB21	0	-	23556
ENSG00000173281	chr8	9136255	9151574	PPP1R3B	0	-	15319
ENSG00000173320	chr4	183797692	184023526	STOX2	0	+	225834
ENSG00000173327	chr11	65597756	65615382	MAP3K11	0	-	17626
ENSG00000173334	chr8	125430358	125438403	TRIB1	0	+	8045
ENSG00000173335	chr20	23602410	23605917	CST9	0	-	3507
ENSG00000173349	chr2	127701497	127705242	SFT2D3	0	+	3745
ENSG00000173369	chr1	22652762	22661637	C1QB	0	+	8875
ENSG00000173372	chr1	22636628	22639678	C1QA	0	+	3050
ENSG00000173376	chr4	121035613	121073021	NDNF	0	-	37408
ENSG00000173391	chr12	10158301	10172138	OLR1	0	-	13837
ENSG00000173402	chr3	49468703	49535618	DAG1	0	+	66915
ENSG00000173404	chr20	20368104	20370949	INSM1	0	+	2845
ENSG00000173406	chr1	56994778	58546734	DAB1	0	-	1551956
ENSG00000173409	chr1	230978981	231000733	ARV1	0	+	21752
ENSG00000173418	chr20	20017310	20033655	NAA20	0	+	16345
ENSG00000173432	chr11	18266260	18269977	SAA1	0	+	3717
ENSG00000173436	chr1	19484403	19629821	MICOS10	0	+	145418
ENSG00000173442	chr11	65576046	65592650	EHBP1L1	0	+	16604
ENSG00000173456	chr11	119334527	119337309	RNF26	0	+	2782
ENSG00000173457	chr11	64244479	64246943	PPP1R14B	0	-	2464
ENSG00000173465	chr11	65570460	65573942	ZNRD2	0	+	3482
ENSG00000173467	chr7	16859412	16881987	AGR3	0	-	22575
ENSG00000173473	chr3	47585269	47782106	SMARCC1	0	-	196837
ENSG00000173480	chr19	57900296	57916610	ZNF417	0	-	16314
ENSG00000173482	chr18	7566782	8406861	PTPRM	0	+	840079
ENSG00000173486	chr11	64241003	64244132	FKBP2	0	+	3129
ENSG00000173511	chr11	64234584	64239264	VEGFB	0	+	4680
ENSG00000173517	chr15	77100656	77420144	PEAK1	0	-	319488
ENSG00000173530	chr8	23135588	23164027	TNFRSF10D	0	-	28439
ENSG00000173531	chr3	49683947	49689501	MST1	0	-	5554
ENSG00000173540	chr3	49716844	49723973	GMPPB	0	-	7129
ENSG00000173542	chr4	70902326	71022449	MOB1B	0	+	120123
ENSG00000173545	chr5	16451519	16465800	ZNF622	0	-	14281
ENSG00000173546	chr15	75674322	75712848	CSPG4	0	-	38526
ENSG00000173548	chr15	75647912	75662301	SNX33	0	+	14389
ENSG00000173559	chr2	191678068	191741097	NABP1	0	+	63029
ENSG00000173575	chr15	92900189	93027996	CHD2	0	+	127807
ENSG00000173578	chr3	46016990	46085825	XCR1	0	-	68835
ENSG00000173581	chr19	55641062	55653161	CCDC106	0	+	12099
ENSG00000173588	chr12	94306449	94459988	CEP83	0	-	153539
ENSG00000173597	chr4	69721167	69787961	SULT1B1	0	-	66794
ENSG00000173598	chr12	93377883	93408146	NUDT4	0	+	30263
ENSG00000173599	chr11	66848417	66958386	PC	0	-	109969
ENSG00000173611	chr9	124942608	125143528	SCAI	0	-	200920
ENSG00000173614	chr1	9943428	9985501	NMNAT1	0	+	42073
ENSG00000173621	chr11	66856647	66860475	LRFN4	0	+	3828
ENSG00000173638	chr21	45493572	45573365	SLC19A1	0	-	79793
ENSG00000173641	chr1	16014028	16019594	HSPB7	0	-	5566
ENSG00000173660	chr1	46303698	46316776	UQCRH	0	+	13078
ENSG00000173674	chrX	20124525	20141838	EIF1AX	0	-	17313
ENSG00000173678	chr7	102650319	102662625	SPDYE2B	0	+	12306
ENSG00000173681	chrX	19912860	19991061	BCLAF3	0	-	78201
ENSG00000173692	chr2	231056845	231173116	PSMD1	0	+	116271
ENSG00000173698	chrX	18989307	19122637	ADGRG2	0	-	133330
ENSG00000173705	chr3	33150043	33218810	SUSD5	0	-	68767
ENSG00000173706	chr3	124965710	125055997	HEG1	0	-	90287
ENSG00000173715	chr11	66744451	66843516	C11orf80	0	+	99065
ENSG00000173726	chr1	235109341	235128837	TOMM20	0	-	19496
ENSG00000173744	chr2	227472152	227561217	AGFG1	0	+	89065
ENSG00000173757	chr17	42199177	42276707	STAT5B	0	-	77530
ENSG00000173762	chr17	82314868	82317608	CD7	0	-	2740
ENSG00000173786	chr17	41966763	41977740	CNP	0	+	10977
ENSG00000173801	chr17	41754604	41786931	JUP	0	-	32327
ENSG00000173805	chr17	41717742	41734644	HAP1	0	-	16902
ENSG00000173809	chr19	32719753	32829580	TDRD12	0	+	109827
ENSG00000173812	chr17	41688885	41692668	EIF1	0	+	3783
ENSG00000173818	chr17	80415165	80438086	ENDOV	0	+	22921
ENSG00000173821	chr17	80260852	80398794	RNF213	0	+	137942
ENSG00000173846	chr1	44800377	44805990	PLK3	0	+	5613
ENSG00000173848	chr10	5412557	5459056	NET1	0	+	46499
ENSG00000173852	chr7	34927292	35038271	DPY19L1	0	-	110979
ENSG00000173867	chr15	88459501	88546585	ENSG00000173867	0	-	87084
ENSG00000173875	chr19	12610918	12633840	ZNF791	0	+	22922
ENSG00000173889	chr3	170086732	170181749	PHC3	0	-	95017
ENSG00000173890	chr3	170037995	170085392	GPR160	0	+	47397
ENSG00000173894	chr17	79778148	79787983	CBX2	0	+	9835
ENSG00000173898	chr11	66682497	66744670	SPTBN2	0	-	62173
ENSG00000173905	chr3	168008689	168095924	GOLIM4	0	-	87235
ENSG00000173914	chr11	66664998	66677887	RBM4B	0	-	12889
ENSG00000173915	chr10	103389041	103396492	ATP5MK	0	-	7451
ENSG00000173917	chr17	48540894	48545109	HOXB2	0	-	4215
ENSG00000173918	chr17	79022814	79049788	C1QTNF1	0	+	26974
ENSG00000173926	chr5	126867714	127030558	MARCHF3	0	-	162844
ENSG00000173928	chr19	11374666	11376951	SWSAP1	0	+	2285
ENSG00000173947	chr1	111346600	111353013	PIFO	0	+	6413
ENSG00000173950	chr3	195068284	195271159	XXYLT1	0	-	202875
ENSG00000173960	chr2	23927285	24004909	UBXN2A	0	+	77624
ENSG00000173991	chr17	39665349	39666554	TCAP	0	+	1205
ENSG00000173992	chr11	66593153	66606019	CCS	0	+	12866
ENSG00000174007	chr3	196706277	196712250	CEP19	0	-	5973
ENSG00000174010	chrX	23983716	24027186	KLHL15	0	-	43470
ENSG00000174013	chr3	196568611	196589059	FBXO45	0	+	20448
ENSG00000174021	chr1	84498323	84506581	GNG5	0	-	8258
ENSG00000174032	chr13	45393316	45418455	SLC25A30	0	-	25139
ENSG00000174059	chr1	207880972	207911402	CD34	0	-	30430
ENSG00000174080	chr11	66563464	66568879	CTSF	0	-	5415
ENSG00000174099	chr12	65278643	65491430	MSRB3	0	+	212787
ENSG00000174106	chr12	65169583	65248355	LEMD3	0	+	78772
ENSG00000174109	chr16	1419752	1420756	C16orf91	0	-	1004
ENSG00000174123	chr4	38772238	38782990	TLR10	0	-	10752
ENSG00000174125	chr4	38790677	38856817	TLR1	0	-	66140
ENSG00000174132	chr5	100535374	100586741	FAM174A	0	+	51367
ENSG00000174136	chr5	98768650	98798643	RGMB	0	+	29993
ENSG00000174137	chr4	1617915	1684313	FAM53A	0	-	66398
ENSG00000174151	chr1	109494052	109502932	CYB561D1	0	+	8880
ENSG00000174165	chr11	66520637	66546235	ZDHHC24	0	-	25598
ENSG00000174173	chr3	101561868	101566446	TRMT10C	0	+	4578
ENSG00000174175	chr1	169588849	169630193	SELP	0	-	41344
ENSG00000174177	chr16	88706483	88715396	CTU2	0	+	8913
ENSG00000174197	chr15	41621134	41773081	MGA	0	+	151947
ENSG00000174206	chr12	64186316	64222296	KICS2	0	-	35980
ENSG00000174227	chr4	499210	540200	PIGG	0	+	40990
ENSG00000174231	chr17	1650629	1684867	PRPF8	0	-	34238
ENSG00000174233	chr12	48766194	48789089	ADCY6	0	-	22895
ENSG00000174238	chr17	1517718	1562792	PITPNA	0	-	45074
ENSG00000174243	chr12	48829756	48852842	DDX23	0	-	23086
ENSG00000174276	chr11	65116403	65117701	ZNHIT2	0	-	1298
ENSG00000174282	chr17	7459366	7484263	ZBTB4	0	-	24897
ENSG00000174292	chr17	7380534	7389774	TNK1	0	+	9240
ENSG00000174306	chr20	41178448	41317731	ZHX3	0	-	139283
ENSG00000174307	chr1	201464278	201469237	PHLDA3	0	-	4959
ENSG00000174326	chr17	7041621	7044092	SLC16A11	0	-	2471
ENSG00000174327	chr17	7036015	7040117	SLC16A13	0	+	4102
ENSG00000174343	chr4	40335333	40355217	CHRNA9	0	+	19884
ENSG00000174348	chr1	53062052	53085501	PODN	0	+	23449
ENSG00000174370	chr11	128899565	128906044	C11orf45	0	-	6479
ENSG00000174371	chr1	241847967	241895148	EXO1	0	+	47181
ENSG00000174373	chr14	35538352	35809304	RALGAPA1	0	-	270952
ENSG00000174405	chr13	108207439	108218368	LIG4	0	-	10929
ENSG00000174428	chr7	75092573	75149817	GTF2IRD2B	0	+	57244
ENSG00000174437	chr12	110280756	110351093	ATP2A2	0	+	70337
ENSG00000174442	chr15	66504959	66550130	ZWILCH	0	+	45171
ENSG00000174444	chr15	66498015	66524532	RPL4	0	-	26517
ENSG00000174446	chr15	66490135	66497780	SNAPC5	0	-	7645
ENSG00000174456	chr12	110027028	110073636	C12orf76	0	-	46608
ENSG00000174469	chr7	146116002	148420998	CNTNAP2	0	+	2304996
ENSG00000174483	chr11	66510606	66533613	BBS1	0	+	23007
ENSG00000174485	chr15	65658046	65792293	DENND4A	0	-	134247
ENSG00000174498	chr15	65327127	65378002	IGDCC3	0	-	50875
ENSG00000174500	chr3	112120839	112133270	GCSAM	0	-	12431
ENSG00000174501	chr2	95836919	95991831	ANKRD36C	0	-	154912
ENSG00000174502	chr1	205913048	205943460	SLC26A9	0	-	30412
ENSG00000174514	chr1	205568885	205602918	MFSD4A	0	+	34033
ENSG00000174516	chr11	66466327	66477337	PELI3	0	+	11010
ENSG00000174529	chr1	205083129	205084460	TMEM81	0	-	1331
ENSG00000174547	chr11	66435075	66466738	MRPL11	0	-	31663
ENSG00000174567	chr1	204198163	204213988	GOLT1A	0	-	15825
ENSG00000174574	chr1	38991276	39006059	AKIRIN1	0	+	14783
ENSG00000174579	chr3	136148917	136197241	MSL2	0	-	48324
ENSG00000174586	chr19	58354357	58362848	ZNF497	0	-	8491
ENSG00000174599	chr4	117083554	117085576	TRAM1L1	0	-	2022
ENSG00000174600	chr12	108288044	108339317	CMKLR1	0	-	51273
ENSG00000174606	chr1	212992182	213015867	ANGEL2	0	-	23685
ENSG00000174607	chr4	114598770	114678225	UGT8	0	+	79455
ENSG00000174628	chr16	19716456	19858467	IQCK	0	+	142011
ENSG00000174640	chr3	133932701	134052184	SLCO2A1	0	-	119483
ENSG00000174652	chr19	9412429	9435573	ZNF266	0	-	23144
ENSG00000174669	chr11	66362521	66372214	SLC29A2	0	-	9693
ENSG00000174672	chr11	1389899	1462689	BRSK2	0	+	72790
ENSG00000174684	chr11	66345374	66347629	B4GAT1	0	-	2255
ENSG00000174695	chr5	83052846	83077863	TMEM167A	0	-	25017
ENSG00000174697	chr7	128241278	128257629	LEP	0	+	16351
ENSG00000174705	chr5	172325000	172454525	SH3PXD2B	0	-	129525
ENSG00000174718	chr12	31959370	31993107	RESF1	0	+	33737
ENSG00000174720	chr4	112637077	112657696	LARP7	0	+	20619
ENSG00000174721	chr10	91906584	91909486	FGFBP3	0	-	2902
ENSG00000174738	chr3	23945286	23980617	NR1D2	0	+	35331
ENSG00000174740	chrX	91434595	91438584	PABPC5	0	+	3989
ENSG00000174744	chr11	66337333	66345125	BRMS1	0	-	7792
ENSG00000174748	chr3	23916591	23924374	RPL15	0	+	7783
ENSG00000174749	chr4	112145454	112195256	FAM241A	0	+	49802
ENSG00000174775	chr11	532242	537321	HRAS	0	-	5079
ENSG00000174780	chr4	56467617	56503681	SRP72	0	+	36064
ENSG00000174788	chr19	7631611	7633719	PCP2	0	-	2108
ENSG00000174791	chr11	66330241	66336840	RIN1	0	-	6599
ENSG00000174796	chr4	75513946	75550473	THAP6	0	+	36527
ENSG00000174799	chr4	55948871	56033361	CEP135	0	+	84490
ENSG00000174804	chr11	86945679	86955395	FZD4	0	-	9716
ENSG00000174807	chr11	66314494	66317044	CD248	0	-	2550
ENSG00000174808	chr4	74744759	74794523	BTC	0	-	49764
ENSG00000174827	chr1	145670852	145708148	PDZK1	0	-	37296
ENSG00000174837	chr19	6887566	6940459	ADGRE1	0	+	52893
ENSG00000174839	chr3	57625454	57693077	DENND6A	0	-	67623
ENSG00000174840	chr3	57556274	57566848	PDE12	0	+	10574
ENSG00000174842	chr1	92246402	92298987	GLMN	0	-	52585
ENSG00000174851	chr11	66284580	66289145	YIF1A	0	-	4565
ENSG00000174871	chr11	66278175	66285301	CNIH2	0	+	7126
ENSG00000174876	chr1	103687415	103696454	AMY1B	0	-	9039
ENSG00000174891	chr3	158105855	158545730	RSRC1	0	+	439875
ENSG00000174903	chr11	66268590	66277492	RAB1B	0	+	8902
ENSG00000174915	chr11	448268	491399	PTDSS2	0	+	43131
ENSG00000174917	chr19	5678421	5680516	MICOS13	0	-	2095
ENSG00000174938	chr16	29871159	29899550	SEZ6L2	0	-	28391
ENSG00000174939	chr16	29900375	29919864	ASPHD1	0	+	19489
ENSG00000174943	chr16	29905012	29926236	KCTD13	0	-	21224
ENSG00000174944	chr3	151212117	151278542	P2RY14	0	-	66425
ENSG00000174945	chr7	2679522	2775500	AMZ1	0	+	95978
ENSG00000174946	chr3	151197832	151203216	GPR171	0	-	5384
ENSG00000174950	chr1	27379176	27383333	CD164L2	0	-	4157
ENSG00000174951	chr19	48748011	48755390	FUT1	0	-	7379
ENSG00000174953	chr3	154272546	154324487	DHX36	0	-	51941
ENSG00000174989	chr12	116910950	117031148	FBXW8	0	+	120198
ENSG00000174996	chr11	66257294	66267860	KLC2	0	+	10566
ENSG00000175029	chr10	124984317	125161170	CTBP2	0	-	176853
ENSG00000175040	chr3	143119771	143124014	CHST2	0	+	4243
ENSG00000175048	chr6	157381133	157678157	ZDHHC14	0	+	297024
ENSG00000175054	chr3	142449007	142578733	ATR	0	-	129726
ENSG00000175063	chr20	45812576	45816957	UBE2C	0	+	4381
ENSG00000175066	chr3	142157527	142225592	GK5	0	-	68065
ENSG00000175073	chr8	66628487	66667231	VCPIP1	0	-	38744
ENSG00000175084	chr2	219418377	219426735	DES	0	+	8358
ENSG00000175087	chr1	26111165	26125555	PDIK1L	0	+	14390
ENSG00000175104	chr11	36483769	36510272	TRAF6	0	-	26503
ENSG00000175105	chr3	88059255	88144660	ZNF654	0	+	85405
ENSG00000175110	chr3	139005806	139360497	MRPS22	0	+	354691
ENSG00000175115	chr11	66070272	66244744	PACS1	0	+	174472
ENSG00000175130	chr1	32333839	32336233	MARCKSL1	0	-	2394
ENSG00000175137	chr1	248810446	248825915	SH3BP5L	0	-	15469
ENSG00000175155	chr17	59331655	59401729	YPEL2	0	+	70074
ENSG00000175161	chr3	84958989	86074429	CADM2	0	+	1115440
ENSG00000175164	chr9	133233278	133276024	ABO	0	-	42746
ENSG00000175166	chr3	184299198	184309050	PSMD2	0	+	9852
ENSG00000175175	chr17	58755854	58985179	PPM1E	0	+	229325
ENSG00000175182	chr3	184335926	184348421	FAM131A	0	+	12495
ENSG00000175183	chr12	76858709	76879023	CSRP2	0	-	20314
ENSG00000175197	chr12	57516588	57521737	DDIT3	0	-	5149
ENSG00000175198	chr13	100089015	100530437	PCCA	0	+	441422
ENSG00000175203	chr12	57529633	57547224	DCTN2	0	-	17591
ENSG00000175213	chr11	46701030	46705912	ZNF408	0	+	4882
ENSG00000175215	chr12	57819927	57846729	CTDSP2	0	-	26802
ENSG00000175216	chr11	46743048	46846308	CKAP5	0	-	103260
ENSG00000175220	chr11	46677080	46700619	ARHGAP1	0	-	23539
ENSG00000175221	chr19	867630	893218	MED16	0	-	25588
ENSG00000175224	chr11	46617527	46674818	ATG13	0	+	57291
ENSG00000175264	chr11	45647689	45665622	CHST1	0	-	17933
ENSG00000175265	chr15	34379068	34437808	GOLGA8A	0	-	58740
ENSG00000175274	chr11	44885903	44951306	TP53I11	0	-	65403
ENSG00000175283	chr9	128945530	128947603	DOLK	0	-	2073
ENSG00000175287	chr9	128920966	128942041	PHYHD1	0	+	21075
ENSG00000175305	chr8	94879770	94896678	CCNE2	0	-	16908
ENSG00000175309	chr5	178208471	178232802	PHYKPL	0	-	24331
ENSG00000175315	chr11	66012008	66013505	CST6	0	+	1497
ENSG00000175318	chr15	72159806	72197787	GRAMD2A	0	-	37981
ENSG00000175322	chr18	14057457	14132490	ZNF519	0	-	75033
ENSG00000175324	chr8	38163335	38176730	LSM1	0	-	13395
ENSG00000175334	chr11	66002228	66004149	BANF1	0	+	1921
ENSG00000175344	chr15	31923438	32173018	CHRNA7	0	+	249580
ENSG00000175348	chr11	8947202	8965011	TMEM9B	0	-	17809
ENSG00000175352	chr11	8980576	9004049	NRIP3	0	-	23473
ENSG00000175354	chr18	12785478	12929643	PTPN2	0	-	144165
ENSG00000175356	chr11	9019476	9138114	SCUBE2	0	-	118638
ENSG00000175376	chr11	65996545	66002176	EIF1AD	0	-	5631
ENSG00000175387	chr18	47808957	47931146	SMAD2	0	-	122189
ENSG00000175390	chr11	7970251	8001862	EIF3F	0	+	31611
ENSG00000175395	chr10	37949573	37976647	ZNF25	0	-	27074
ENSG00000175414	chr5	176365487	176401865	ARL10	0	+	36378
ENSG00000175416	chr5	176392501	176416539	CLTB	0	-	24038
ENSG00000175426	chr5	96390333	96434143	PCSK1	0	-	43810
ENSG00000175445	chr8	19901717	19967259	LPL	0	+	65542
ENSG00000175449	chr5	95646754	95684773	RFESD	0	+	38019
ENSG00000175455	chr3	123897305	123961408	CCDC14	0	-	64103
ENSG00000175463	chr11	67403915	67410089	TBC1D10C	0	+	6174
ENSG00000175467	chr11	65961728	65980137	SART1	0	+	18409
ENSG00000175470	chr10	131901008	131959834	PPP2R2D	0	+	58826
ENSG00000175471	chr5	94703690	95285094	MCTP1	0	-	581404
ENSG00000175489	chr19	18391137	18397622	LRRC25	0	-	6485
ENSG00000175536	chr11	74490519	74493724	LIPT2	0	-	3205
ENSG00000175538	chr11	74454841	74467729	KCNE3	0	-	12888
ENSG00000175544	chr11	67452406	67461752	CABP4	0	+	9346
ENSG00000175548	chr12	38316762	38329721	ALG10B	0	+	12959
ENSG00000175550	chr11	65919274	65921563	DRAP1	0	+	2289
ENSG00000175556	chrX	118974614	119018355	LONRF3	0	+	43741
ENSG00000175564	chr11	74000277	74009085	UCP3	0	-	8808
ENSG00000175567	chr11	73974672	73982843	UCP2	0	-	8171
ENSG00000175573	chr11	65916810	65919062	C11orf68	0	-	2252
ENSG00000175575	chr11	73876699	73931114	PAAF1	0	+	54415
ENSG00000175581	chr11	73787872	73865133	MRPL48	0	+	77261
ENSG00000175582	chr11	73675638	73761137	RAB6A	0	-	85499
ENSG00000175591	chr11	73218281	73242427	P2RY2	0	+	24146
ENSG00000175592	chr11	65892049	65900573	FOSL1	0	-	8524
ENSG00000175595	chr16	13920138	13952348	ERCC4	0	+	32210
ENSG00000175600	chr7	40135005	40860763	SUGCT	0	+	725758
ENSG00000175602	chr11	65890673	65891635	CCDC85B	0	+	962
ENSG00000175606	chr8	73972437	73982783	TMEM70	0	+	10346
ENSG00000175634	chr11	67428460	67435401	RPS6KB2	0	+	6941
ENSG00000175643	chr16	11249619	11381662	RMI2	0	+	132043
ENSG00000175662	chr17	17843511	17972422	TOM1L2	0	-	128911
ENSG00000175691	chr19	2933218	2944971	ZNF77	0	-	11753
ENSG00000175697	chr3	120164645	120285222	GPR156	0	-	120577
ENSG00000175701	chr2	110211529	110245420	MTLN	0	-	33891
ENSG00000175707	chr1	26949562	26960468	KDF1	0	-	10906
ENSG00000175711	chr17	82942149	83051809	B3GNTL1	0	-	109660
ENSG00000175727	chr12	122078756	122147344	MLXIP	0	+	68588
ENSG00000175745	chr5	93583222	93594611	NR2F1	0	+	11389
ENSG00000175756	chr1	1373730	1375207	AURKAIP1	0	-	1477
ENSG00000175764	chr9	121815674	122093606	TTLL11	0	-	277932
ENSG00000175782	chr12	68746125	68793964	SLC35E3	0	+	47839
ENSG00000175785	chr14	93718298	93788485	PRIMA1	0	-	70187
ENSG00000175787	chr9	94259298	94301829	ZNF169	0	+	42531
ENSG00000175792	chr3	128064778	128153914	RUVBL1	0	-	89136
ENSG00000175793	chr1	26863149	26864456	SFN	0	+	1307
ENSG00000175806	chr8	10054292	10428891	MSRA	0	+	374599
ENSG00000175832	chr17	43527844	43579620	ETV4	0	-	51776
ENSG00000175854	chr9	128275379	128316123	SWI5	0	+	40744
ENSG00000175857	chr5	58491435	58497090	GAPT	0	+	5655
ENSG00000175866	chr17	81035122	81117434	BAIAP2	0	+	82312
ENSG00000175879	chr2	176129694	176132695	HOXD8	0	+	3001
ENSG00000175893	chr9	14611071	14693432	ZDHHC21	0	-	82361
ENSG00000175895	chr8	95133785	95156685	PLEKHF2	0	+	22900
ENSG00000175899	chr12	9067664	9116229	A2M	0	-	48565
ENSG00000175906	chr17	43398993	43401137	ARL4D	0	+	2144
ENSG00000175920	chr4	3463306	3501473	DOK7	0	+	38167
ENSG00000175928	chr3	3799431	3849834	LRRN1	0	+	50403
ENSG00000175931	chr17	76389456	76453152	UBE2O	0	-	63696
ENSG00000175938	chr16	30949068	30956461	ORAI3	0	+	7393
ENSG00000175946	chr8	123644442	123653801	KLHL38	0	-	9359
ENSG00000175970	chr12	120710458	120723640	UNC119B	0	+	13182
ENSG00000175984	chr1	114582848	114670422	DENND2C	0	-	87574
ENSG00000175985	chr14	69484692	69531551	PLEKHD1	0	+	46859
ENSG00000176014	chr18	12307669	12344320	TUBB6	0	+	36651
ENSG00000176018	chr5	90515611	90529584	LYSMD3	0	-	13973
ENSG00000176022	chr1	1232237	1235041	B3GALT6	0	+	2804
ENSG00000176024	chr19	51927147	51948759	ZNF613	0	+	21612
ENSG00000176049	chr5	147585438	147782775	JAKMIP2	0	-	197337
ENSG00000176055	chr5	90458209	90474771	MBLAC2	0	-	16562
ENSG00000176058	chr9	137191617	137204193	TPRN	0	-	12576
ENSG00000176083	chr1	26361634	26374522	ZNF683	0	-	12888
ENSG00000176087	chr5	140564446	140569100	SLC35A4	0	+	4654
ENSG00000176092	chr1	26321698	26360080	CRYBG2	0	-	38382
ENSG00000176095	chr3	49724294	49786542	IP6K1	0	-	62248
ENSG00000176101	chr9	137188660	137190370	SSNA1	0	+	1710
ENSG00000176102	chr11	33077188	33162371	CSTF3	0	-	85183
ENSG00000176105	chr18	721588	812546	YES1	0	-	90958
ENSG00000176108	chr17	80991598	81009517	CHMP6	0	+	17919
ENSG00000176125	chr7	100888721	100889715	UFSP1	0	-	994
ENSG00000176142	chr3	119428949	119468830	TMEM39A	0	-	39881
ENSG00000176148	chr11	33039417	33105943	TCP11L1	0	+	66526
ENSG00000176153	chr14	64939152	64942746	GPX2	0	-	3594
ENSG00000176155	chr17	82101460	82212830	CCDC57	0	-	111370
ENSG00000176170	chr17	76376584	76387860	SPHK1	0	+	11276
ENSG00000176171	chr10	131967684	131981967	BNIP3	0	-	14283
ENSG00000176182	chr19	45890023	45902613	MYPOP	0	-	12590
ENSG00000176194	chr18	12254361	12277595	CIDEA	0	+	23234
ENSG00000176208	chr17	30831966	30895869	ATAD5	0	+	63903
ENSG00000176209	chr8	42541155	42555195	SMIM19	0	+	14040
ENSG00000176222	chr19	43872365	43901385	ZNF404	0	-	29020
ENSG00000176225	chr18	70003031	70205726	RTTN	0	-	202695
ENSG00000176248	chr9	137174784	137188560	ANAPC2	0	-	13776
ENSG00000176261	chr1	32600172	32650903	ZBTB8OS	0	-	50731
ENSG00000176273	chr10	93893973	93956062	SLC35G1	0	+	62089
ENSG00000176293	chr19	58059239	58086310	ZNF135	0	+	27071
ENSG00000176371	chr15	84600986	84627796	ZSCAN2	0	+	26810
ENSG00000176383	chr12	122203681	122208952	B3GNT4	0	+	5271
ENSG00000176386	chr9	113255835	113275572	CDC26	0	-	19737
ENSG00000176387	chr16	67430652	67437553	HSD11B2	0	+	6901
ENSG00000176390	chr17	30769388	30824692	CRLF3	0	-	55304
ENSG00000176393	chr1	201982372	202006147	RNPEP	0	+	23775
ENSG00000176396	chr19	39538707	39540161	EID2	0	-	1454
ENSG00000176399	chr9	22446824	22455740	DMRTA1	0	+	8916
ENSG00000176401	chr19	39530987	39532852	EID2B	0	-	1865
ENSG00000176402	chr7	99923266	99929620	GJC3	0	-	6354
ENSG00000176406	chr8	103500696	104256094	RIMS2	0	+	755398
ENSG00000176407	chr2	84971093	85059472	KCMF1	0	+	88379
ENSG00000176410	chr7	73680918	73683453	DNAJC30	0	-	2535
ENSG00000176422	chr12	56468578	56479708	SPRYD4	0	+	11130
ENSG00000176428	chr7	73667831	73672112	VPS37D	0	+	4281
ENSG00000176435	chr14	38254000	38256093	CLEC14A	0	-	2093
ENSG00000176438	chr14	95407266	95516650	SYNE3	0	-	109384
ENSG00000176444	chr1	155262868	155278491	CLK2	0	-	15623
ENSG00000176454	chr15	34358633	34367196	LPCAT4	0	-	8563
ENSG00000176463	chr15	91853708	92172435	SLCO3A1	0	+	318727
ENSG00000176472	chr19	43525497	43536130	ZNF575	0	+	10633
ENSG00000176473	chr14	100376418	100530303	WDR25	0	+	153885
ENSG00000176476	chr16	28553915	28591790	SGF29	0	+	37875
ENSG00000176485	chr11	63573195	63616883	PLAAT3	0	-	43688
ENSG00000176531	chr19	43474954	43504935	PHLDB3	0	-	29981
ENSG00000176532	chr7	29563835	29567293	PRR15	0	+	3458
ENSG00000176533	chr19	2511219	2702694	GNG7	0	-	191475
ENSG00000176542	chr3	113648385	113696646	USF3	0	-	48261
ENSG00000176563	chr17	42798800	42811587	CNTD1	0	+	12787
ENSG00000176595	chr8	1973677	2006936	KBTBD11	0	+	33259
ENSG00000176597	chr3	183253253	183298504	B3GNT5	0	+	45251
ENSG00000176619	chr19	2427638	2456959	LMNB2	0	-	29321
ENSG00000176623	chr8	86468257	86514357	RMDN1	0	-	46100
ENSG00000176624	chr18	51174550	51218333	MEX3C	0	-	43783
ENSG00000176641	chr18	61808067	61894247	RNF152	0	-	86180
ENSG00000176658	chr17	32492522	32877177	MYO1D	0	-	384655
ENSG00000176678	chr16	86576368	86583478	FOXL1	0	+	7110
ENSG00000176681	chr17	46292733	46337794	LRRC37A	0	+	45061
ENSG00000176692	chr16	86566829	86569728	FOXC2	0	+	2899
ENSG00000176697	chr11	27654893	27722058	BDNF	0	-	67165
ENSG00000176714	chr2	27625638	27629012	CCDC121	0	-	3374
ENSG00000176715	chr16	89088375	89164121	ACSF3	0	+	75746
ENSG00000176720	chr2	241551424	241574131	BOK	0	+	22707
ENSG00000176723	chr16	31432593	31443160	ZNF843	0	-	10567
ENSG00000176731	chr8	85214048	85220421	RBIS	0	-	6373
ENSG00000176749	chr17	32486993	32491253	CDK5R1	0	+	4260
ENSG00000176771	chr2	132671788	133568463	NCKAP5	0	-	896675
ENSG00000176783	chr5	179550554	179610012	RUFY1	0	+	59458
ENSG00000176788	chr5	17065598	17276843	BASP1	0	+	211245
ENSG00000176809	chr17	64854130	64919480	LRRC37A3	0	-	65350
ENSG00000176834	chr12	118063593	118136026	VSIG10	0	-	72433
ENSG00000176842	chr16	54930865	54934485	IRX5	0	+	3620
ENSG00000176845	chr17	83079609	83095122	METRNL	0	+	15513
ENSG00000176853	chr8	123768439	123815452	FAM91A1	0	+	47013
ENSG00000176871	chr12	118032687	118062430	WSB2	0	-	29743
ENSG00000176884	chr9	137139154	137168756	GRIN1	0	+	29602
ENSG00000176887	chr2	5692384	5701385	SOX11	0	+	9001
ENSG00000176890	chr18	657653	673578	TYMS	0	+	15925
ENSG00000176894	chr12	132687587	132704985	PXMP2	0	+	17398
ENSG00000176896	chrX	13653189	13681964	TCEANC	0	+	28775
ENSG00000176903	chr14	73711783	73714384	PNMA1	0	-	2601
ENSG00000176907	chr8	40153482	40155310	TCIM	0	+	1828
ENSG00000176909	chr19	48712725	48719725	MAMSTR	0	-	7000
ENSG00000176915	chr12	132725503	132761832	ANKLE2	0	-	36329
ENSG00000176920	chr19	48695971	48705951	FUT2	0	+	9980
ENSG00000176928	chr5	75025346	75052558	GCNT4	0	-	27212
ENSG00000176945	chr3	195720884	195741123	MUC20	0	+	20239
ENSG00000176946	chr2	241584405	241637158	THAP4	0	-	52753
ENSG00000176953	chr16	28950807	28967092	NFATC2IP	0	+	16285
ENSG00000176971	chr11	26994112	26997087	FIBIN	0	+	2975
ENSG00000176974	chr17	18327860	18363563	SHMT1	0	-	35703
ENSG00000176978	chr9	137110546	137115177	DPP7	0	-	4631
ENSG00000176986	chr10	73744372	73772161	SEC24C	0	+	27789
ENSG00000176994	chr17	18315293	18328056	SMCR8	0	+	12763
ENSG00000177000	chr1	11785723	11806455	MTHFR	0	-	20732
ENSG00000177025	chr19	57958437	57974534	C19orf18	0	-	16097
ENSG00000177030	chr11	644233	707118	DEAF1	0	-	62885
ENSG00000177034	chr5	79976716	79991262	MTX3	0	-	14546
ENSG00000177045	chr19	45764785	45769252	SIX5	0	-	4467
ENSG00000177051	chr19	45710629	45730896	FBXO46	0	-	20267
ENSG00000177054	chr11	19117099	19176422	ZDHHC13	0	+	59323
ENSG00000177058	chr5	55625845	55773194	SLC38A9	0	-	147349
ENSG00000177076	chr9	19409009	19452505	ACER2	0	+	43496
ENSG00000177082	chr15	84639285	84654343	WDR73	0	-	15058
ENSG00000177084	chr12	132623753	132687376	POLE	0	-	63623
ENSG00000177096	chr22	42074248	42079438	PHETA2	0	+	5190
ENSG00000177098	chr11	118133377	118152888	SCN4B	0	-	19511
ENSG00000177103	chr11	117427772	117817525	DSCAML1	0	-	389753
ENSG00000177105	chr11	3826978	3840959	RHOG	0	-	13981
ENSG00000177106	chr11	694438	727727	EPS8L2	0	+	33289
ENSG00000177119	chr12	45215987	45482280	ANO6	0	+	266293
ENSG00000177125	chr9	126860665	126885878	ZBTB34	0	+	25213
ENSG00000177144	chr1	148748774	148752415	NUDT4B	0	+	3641
ENSG00000177150	chr18	13663347	13726663	FAM210A	0	-	63316
ENSG00000177156	chr11	747415	765012	TALDO1	0	+	17597
ENSG00000177169	chr12	131894622	131923150	ULK1	0	+	28528
ENSG00000177181	chr1	42380792	42424232	RIMKLA	0	+	43440
ENSG00000177182	chr8	61057158	61501645	CLVS1	0	+	444487
ENSG00000177189	chrX	20149911	20267519	RPS6KA3	0	-	117608
ENSG00000177191	chr19	41425359	41428730	B3GNT8	0	-	3371
ENSG00000177192	chr12	131929200	131945896	PUS1	0	+	16696
ENSG00000177200	chr16	53054991	53329150	CHD9	0	+	274159
ENSG00000177225	chr11	767220	777488	GATD1	0	-	10268
ENSG00000177238	chr16	31214091	31231537	TRIM72	0	+	17446
ENSG00000177239	chr9	137086857	137109189	MAN1B1	0	+	22332
ENSG00000177272	chr1	110672465	110674940	KCNA3	0	-	2475
ENSG00000177283	chr10	35638247	35642296	FZD8	0	-	4049
ENSG00000177300	chr4	183318100	183320276	CLDN22	0	-	2176
ENSG00000177302	chr17	18271428	18315007	TOP3A	0	-	43579
ENSG00000177303	chr17	75500261	75515537	CASKIN2	0	-	15276
ENSG00000177352	chr3	49162535	49166331	CCDC71	0	-	3796
ENSG00000177370	chr17	997129	1003671	TIMM22	0	+	6542
ENSG00000177374	chr17	2054154	2063241	HIC1	0	+	9087
ENSG00000177380	chr19	49119544	49151026	PPFIA3	0	+	31482
ENSG00000177383	chr3	184710364	184712064	MAGEF1	0	-	1700
ENSG00000177398	chr21	42062959	42143453	UMODL1	0	+	80494
ENSG00000177409	chr7	93130056	93148385	SAMD9L	0	-	18329
ENSG00000177425	chr12	79574979	79690964	PAWR	0	-	115985
ENSG00000177426	chr18	3411608	3459978	TGIF1	0	+	48370
ENSG00000177427	chr17	18260597	18266552	MIEF2	0	+	5955
ENSG00000177432	chr4	88695913	88697829	NAP1L5	0	-	1916
ENSG00000177455	chr16	28931965	28939342	CD19	0	+	7377
ENSG00000177463	chr3	14947583	15053600	NR2C2	0	+	106017
ENSG00000177465	chr14	73591873	73595766	ACOT4	0	+	3893
ENSG00000177469	chr17	42402449	42423256	CAVIN1	0	-	20807
ENSG00000177479	chr3	48918821	48986382	ARIH2	0	+	67561
ENSG00000177485	chrX	120250752	120258398	ZBTB33	0	+	7646
ENSG00000177508	chr16	54283304	54286787	IRX3	0	-	3483
ENSG00000177542	chr11	790475	798281	SLC25A22	0	-	7806
ENSG00000177548	chr16	28904421	28936526	RABEP2	0	-	32105
ENSG00000177556	chr5	151742316	151772532	ATOX1	0	-	30216
ENSG00000177565	chr3	177019340	177228000	TBL1XR1	0	-	208660
ENSG00000177570	chr8	118189455	118622112	SAMD12	0	-	432657
ENSG00000177595	chr11	799179	809753	PIDD1	0	-	10574
ENSG00000177599	chr19	11797667	11809622	ZNF491	0	+	11955
ENSG00000177600	chr11	809965	812880	RPLP2	0	+	2915
ENSG00000177602	chr17	3723903	3726699	HASPIN	0	+	2796
ENSG00000177606	chr1	58776845	58784048	JUN	0	-	7203
ENSG00000177613	chr10	51695486	51699595	CSTF2T	0	-	4109
ENSG00000177614	chr1	230314490	230426332	PGBD5	0	-	111842
ENSG00000177628	chr1	155234452	155244699	GBA	0	-	10247
ENSG00000177646	chr3	128879596	128924003	ACAD9	0	+	44407
ENSG00000177663	chr22	17084954	17115694	IL17RA	0	+	30740
ENSG00000177666	chr11	818914	825573	PNPLA2	0	+	6659
ENSG00000177674	chr1	11736084	11754802	AGTRAP	0	+	18718
ENSG00000177675	chr12	7346685	7479897	CD163L1	0	-	133212
ENSG00000177679	chr7	76201896	76287288	SRRM3	0	+	85392
ENSG00000177685	chr11	826144	831991	CRACR2B	0	+	5847
ENSG00000177692	chr21	33485530	33491716	DNAJC28	0	-	6186
ENSG00000177694	chr3	174438573	175810548	NAALADL2	0	+	1371975
ENSG00000177697	chr11	832887	839831	CD151	0	+	6944
ENSG00000177700	chr11	837356	842529	POLR2L	0	-	5173
ENSG00000177706	chr7	192571	260772	FAM20C	0	+	68201
ENSG00000177707	chr3	111070071	111275563	NECTIN3	0	+	205492
ENSG00000177721	chr5	43039233	43043170	ANXA2R	0	-	3937
ENSG00000177728	chr17	75441159	75500452	TMEM94	0	+	59293
ENSG00000177731	chr17	18244815	18258738	FLII	0	-	13923
ENSG00000177732	chr20	325552	330224	SOX12	0	+	4672
ENSG00000177733	chr5	137745651	137754363	HNRNPA0	0	-	8712
ENSG00000177791	chr10	73631612	73641474	MYOZ1	0	-	9862
ENSG00000177807	chr1	159998651	160070160	KCNJ10	0	-	71509
ENSG00000177830	chr11	867859	915058	CHID1	0	-	47199
ENSG00000177839	chr5	141187127	141191541	PCDHB9	0	+	4414
ENSG00000177842	chr3	40477131	40518736	ZNF620	0	+	41605
ENSG00000177853	chr10	96129715	96205288	ZNF518A	0	+	75573
ENSG00000177854	chrX	153972754	153983194	TMEM187	0	+	10440
ENSG00000177868	chr1	42807052	42817397	SVBP	0	-	10345
ENSG00000177875	chr12	48183644	48185926	CCDC184	0	+	2282
ENSG00000177879	chr5	115841592	115914081	AP3S1	0	+	72489
ENSG00000177885	chr17	75318076	75405709	GRB2	0	-	87633
ENSG00000177888	chr1	197153682	197201293	ZBTB41	0	-	47611
ENSG00000177889	chr12	93405673	93441947	UBE2N	0	-	36274
ENSG00000177917	chr2	152717647	152762396	ARL6IP6	0	+	44749
ENSG00000177932	chr5	179060373	179083977	ZNF354C	0	+	23604
ENSG00000177943	chr9	136850943	136860799	MAMDC4	0	+	9856
ENSG00000177951	chr11	167784	207399	BET1L	0	-	39615
ENSG00000177954	chr1	153990762	153992155	RPS27	0	+	1393
ENSG00000177963	chr11	207708	215113	RIC8A	0	+	7405
ENSG00000177971	chr15	75639085	75648706	IMP3	0	-	9621
ENSG00000177981	chr12	48147789	48181213	ASB8	0	-	33424
ENSG00000177990	chr12	63558913	63668939	DPY19L2	0	-	110026
ENSG00000178026	chr22	24585620	24593208	LRRC75B	0	-	7588
ENSG00000178028	chr1	44213455	44220681	DMAP1	0	+	7226
ENSG00000178031	chr9	17906563	18910950	ADAMTSL1	0	+	1004387
ENSG00000178033	chr6	116511639	116524788	CALHM5	0	+	13149
ENSG00000178035	chr3	49024325	49029447	IMPDH2	0	-	5122
ENSG00000178038	chr3	46668995	46693704	ALS2CL	0	-	24709
ENSG00000178053	chr3	158571163	158607252	MLF1	0	+	36089
ENSG00000178057	chr3	49020459	49023495	NDUFAF3	0	+	3036
ENSG00000178075	chr3	113828182	113947174	GRAMD1C	0	+	118992
ENSG00000178078	chr19	4324043	4342786	STAP2	0	-	18743
ENSG00000178093	chr19	19512418	19515548	TSSK6	0	-	3130
ENSG00000178096	chr1	149887890	149900798	BOLA1	0	+	12908
ENSG00000178104	chr1	148808181	149048286	PDE4DIP	0	+	240105
ENSG00000178105	chr11	108665058	108940999	DDX10	0	+	275941
ENSG00000178125	chr8	66964099	67056604	PPP1R42	0	-	92505
ENSG00000178127	chr18	9102630	9134345	NDUFV2	0	+	31715
ENSG00000178149	chr3	49015488	49022293	DALRD3	0	-	6805
ENSG00000178163	chr4	10439880	10457426	ZNF518B	0	-	17546
ENSG00000178175	chr5	72439903	72507410	ZNF366	0	-	67507
ENSG00000178177	chr4	17841199	18021876	LCORL	0	-	180677
ENSG00000178184	chr18	80157232	80247514	PARD6G	0	-	90282
ENSG00000178188	chr16	28846600	28874212	SH2B1	0	+	27612
ENSG00000178199	chr6	149446795	149485014	ZC3H12D	0	-	38219
ENSG00000178202	chr11	108472112	108498384	POGLUT3	0	-	26272
ENSG00000178209	chr8	143915153	143976734	PLEC	0	-	61581
ENSG00000178222	chr4	1056250	1113564	RNF212	0	-	57314
ENSG00000178226	chr16	31138926	31150083	PRSS36	0	-	11157
ENSG00000178229	chr19	57320472	57330770	ZNF543	0	+	10298
ENSG00000178234	chr7	152025674	152122340	GALNT11	0	+	96666
ENSG00000178295	chr2	17753858	17788946	GEN1	0	+	35088
ENSG00000178297	chr19	2360238	2426239	TMPRSS9	0	+	66001
ENSG00000178301	chr11	77589391	77610356	AQP11	0	+	20965
ENSG00000178307	chr17	21197954	21214176	TMEM11	0	-	16222
ENSG00000178338	chr5	178859953	178888122	ZNF354B	0	+	28169
ENSG00000178363	chr10	5524961	5526771	CALML3	0	+	1810
ENSG00000178372	chr10	5498697	5499570	CALML5	0	-	873
ENSG00000178381	chr7	1152071	1160759	ZFAND2A	0	-	8688
ENSG00000178385	chr2	207821288	208025527	PLEKHM3	0	-	204239
ENSG00000178397	chr7	6329411	6348981	FAM220A	0	-	19570
ENSG00000178401	chr12	49346888	49357546	DNAJC22	0	+	10658
ENSG00000178409	chr6	107065182	107115515	BEND3	0	-	50333
ENSG00000178425	chr6	116100851	116249497	NT5DC1	0	+	148646
ENSG00000178445	chr9	6532467	6645729	GLDC	0	-	113262
ENSG00000178449	chr12	50112082	50120457	COX14	0	+	8375
ENSG00000178460	chr8	66870749	66922048	MCMDC2	0	+	51299
ENSG00000178462	chr10	5393101	5404828	TUBAL3	0	-	11727
ENSG00000178467	chr3	48989889	49007153	P4HTM	0	+	17264
ENSG00000178473	chr10	5364966	5374692	UCN3	0	+	9726
ENSG00000178498	chr12	57604622	57609804	DTX3	0	+	5182
ENSG00000178502	chr17	41848518	41865423	KLHL11	0	-	16905
ENSG00000178531	chr19	7924491	7926135	CTXN1	0	-	1644
ENSG00000178537	chr3	48856926	48898904	SLC25A20	0	-	41978
ENSG00000178538	chr8	60185412	60281400	CA8	0	-	95988
ENSG00000178562	chr2	203706475	203738912	CD28	0	+	32437
ENSG00000178567	chr3	36985043	36993131	EPM2AIP1	0	-	8088
ENSG00000178568	chr2	211375717	212538841	ERBB4	0	-	1163124
ENSG00000178573	chr16	79585843	79600737	MAF	0	-	14894
ENSG00000178585	chr1	9848276	9910336	CTNNBIP1	0	-	62060
ENSG00000178605	chrX	304529	318819	GTPBP6	0	-	14290
ENSG00000178605	chrY	304529	318819	GTPBP6	0	-	14290
ENSG00000178607	chr17	64039080	64130819	ERN1	0	-	91739
ENSG00000178662	chr2	165469647	165689407	CSRNP3	0	+	219760
ENSG00000178685	chr8	143977153	144012772	PARP10	0	-	35619
ENSG00000178691	chr17	31937007	32001038	SUZ12	0	+	64031
ENSG00000178694	chr3	94062980	94131832	NSUN3	0	+	68852
ENSG00000178695	chr13	76880175	76886405	KCTD12	0	-	6230
ENSG00000178700	chr3	94047836	94063389	DHFR2	0	-	15553
ENSG00000178718	chr15	74954418	74956772	RPP25	0	-	2354
ENSG00000178719	chr8	143990056	143993415	GRINA	0	+	3359
ENSG00000178726	chr20	23045633	23049672	THBD	0	-	4039
ENSG00000178741	chr15	74919791	74938083	COX5A	0	-	18292
ENSG00000178761	chr15	74899992	74906883	FAM219B	0	-	6891
ENSG00000178764	chr8	122781655	122974510	ZHX2	0	+	192855
ENSG00000178773	chr16	89575758	89597246	CPNE7	0	+	21488
ENSG00000178776	chr5	147880726	147906538	C5orf46	0	-	25812
ENSG00000178789	chr17	74521174	74531475	CD300LB	0	-	10301
ENSG00000178802	chr15	74890005	74902219	MPI	0	+	12214
ENSG00000178809	chr7	75395063	75410996	TRIM73	0	+	15933
ENSG00000178814	chr8	144051266	144063965	OPLAH	0	-	12699
ENSG00000178821	chr1	1917590	1919279	TMEM52	0	-	1689
ENSG00000178826	chr7	143279957	143288048	TMEM139	0	+	8091
ENSG00000178852	chr17	47323290	47441312	EFCAB13	0	+	118022
ENSG00000178860	chr8	71841560	71844412	MSC	0	-	2852
ENSG00000178878	chr12	12725917	12829975	APOLD1	0	+	104058
ENSG00000178882	chr12	123973241	124316024	RFLNA	0	+	342783
ENSG00000178896	chr8	144078648	144080648	EXOSC4	0	+	2000
ENSG00000178904	chr19	32405543	32485895	DPY19L3	0	+	80352
ENSG00000178913	chr5	141259884	141320784	TAF7	0	-	60900
ENSG00000178917	chr3	44494847	44510636	ZNF852	0	-	15789
ENSG00000178921	chr17	8247618	8270491	PFAS	0	+	22873
ENSG00000178922	chr1	43450989	43453989	HYI	0	-	3000
ENSG00000178927	chr17	82442586	82450829	CYBC1	0	-	8243
ENSG00000178934	chr19	38789200	38791754	LGALS7B	0	+	2554
ENSG00000178935	chr19	57803841	57814913	ZNF552	0	-	11072
ENSG00000178947	chrX	135421944	135428075	SMIM10L2A	0	+	6131
ENSG00000178950	chr4	849276	932373	GAK	0	-	83097
ENSG00000178951	chr19	4043303	4066899	ZBTB7A	0	-	23596
ENSG00000178952	chr16	28842411	28846348	TUFM	0	-	3937
ENSG00000178965	chr1	74568117	74673792	ERICH3	0	-	105675
ENSG00000178966	chr9	83980798	84004074	RMI1	0	+	23276
ENSG00000178971	chr17	8224815	8248056	CTC1	0	-	23241
ENSG00000178974	chr14	55271344	55370053	FBXO34	0	+	98709
ENSG00000178980	chr19	47778677	47784686	SELENOW	0	+	6009
ENSG00000178982	chr19	38619082	38636955	EIF3K	0	+	17873
ENSG00000178988	chr4	6707701	6709865	MRFAP1L1	0	-	2164
ENSG00000178996	chr5	54517759	54546586	SNX18	0	+	28827
ENSG00000178999	chr17	8204733	8210600	AURKB	0	-	5867
ENSG00000179008	chr14	60396469	60515543	C14orf39	0	-	119074
ENSG00000179010	chr4	6640091	6642729	MRFAP1	0	+	2638
ENSG00000179021	chr3	88149959	88168729	C3orf38	0	+	18770
ENSG00000179023	chr1	18480930	18485974	KLHDC7A	0	+	5044
ENSG00000179029	chr17	8172457	8176399	TMEM107	0	-	3942
ENSG00000179044	chr16	67184379	67190185	EXOC3L1	0	-	5806
ENSG00000179051	chr1	17406760	17439677	RCC2	0	-	32917
ENSG00000179057	chr11	18704312	18726230	IGSF22	0	-	21918
ENSG00000179085	chr1	155139891	155140595	DPM3	0	-	704
ENSG00000179091	chr8	144095039	144097525	CYC1	0	+	2486
ENSG00000179094	chr17	8140472	8156506	PER1	0	-	16034
ENSG00000179104	chr12	82686880	83134870	TMTC2	0	+	447990
ENSG00000179115	chr19	12922479	12934037	FARSA	0	-	11558
ENSG00000179119	chr11	18606403	18634791	SPTY2D1	0	-	28388
ENSG00000179134	chr19	39342421	39385710	SAMD4B	0	+	43289
ENSG00000179144	chr7	150514872	150521073	GIMAP7	0	+	6201
ENSG00000179151	chr15	74630558	74696292	EDC3	0	-	65734
ENSG00000179152	chr3	44338119	44409451	TCAIM	0	+	71332
ENSG00000179163	chr1	23845077	23868290	FUCA1	0	-	23213
ENSG00000179172	chr1	12847377	12848720	HNRNPCL1	0	-	1343
ENSG00000179178	chr1	43269983	43274002	TMEM125	0	+	4019
ENSG00000179218	chr19	12938578	12944489	CALR	0	+	5911
ENSG00000179222	chrX	51803007	51902354	MAGED1	0	+	99347
ENSG00000179240	chr11	76381303	76414619	GVQW3	0	+	33316
ENSG00000179241	chr11	35943981	36232136	LDLRAD3	0	+	288155
ENSG00000179242	chr20	61252261	61940617	CDH4	0	+	688356
ENSG00000179256	chr12	14804650	14814182	SMCO3	0	-	9532
ENSG00000179262	chr19	12945855	12953642	RAD23A	0	+	7787
ENSG00000179271	chr19	12953119	12957223	GADD45GIP1	0	-	4104
ENSG00000179295	chr12	112418351	112509918	PTPN11	0	+	91567
ENSG00000179299	chr4	40749925	40811184	NSUN7	0	+	61259
ENSG00000179304	chrX	52891306	52908560	FAM156B	0	+	17254
ENSG00000179335	chr15	74598500	74645414	CLK3	0	+	46914
ENSG00000179344	chr6	32659467	32668383	HLA-DQB1	0	-	8916
ENSG00000179348	chr3	128479427	128493201	GATA2	0	-	13774
ENSG00000179361	chr15	74541206	74598131	ARID3B	0	+	56925
ENSG00000179364	chr14	105300563	105398147	PACS2	0	+	97584
ENSG00000179387	chr4	140524168	140553770	ELMOD2	0	+	29602
ENSG00000179388	chr8	22687659	22693480	EGR3	0	-	5821
ENSG00000179403	chr1	1434861	1442882	VWA1	0	+	8021
ENSG00000179409	chr17	744421	753999	GEMIN4	0	-	9578
ENSG00000179431	chr11	35618460	35620865	FJX1	0	+	2405
ENSG00000179454	chr14	44924324	45042322	KLHL28	0	-	117998
ENSG00000179455	chr15	23565674	23630075	MKRN3	0	+	64401
ENSG00000179456	chr1	244048939	244057476	ZBTB18	0	+	8537
ENSG00000179476	chr14	44897275	44907257	C14orf28	0	+	9982
ENSG00000179526	chr8	144098633	144108124	SHARPIN	0	-	9491
ENSG00000179528	chr2	74497517	74503316	LBX2	0	-	5799
ENSG00000179532	chr11	6497260	6593758	DNHD1	0	+	96498
ENSG00000179542	chrX	143622790	143636101	SLITRK4	0	-	13311
ENSG00000179562	chr7	127580628	127593611	GCC1	0	-	12983
ENSG00000179564	chr3	50279087	50288114	LSMEM2	0	+	9027
ENSG00000179583	chr16	10866222	10943021	CIITA	0	+	76799
ENSG00000179588	chr16	88453280	88537031	ZFPM1	0	+	83751
ENSG00000179593	chr17	8039034	8049134	ALOX15B	0	+	10100
ENSG00000179604	chr17	73283624	73312005	CDC42EP4	0	-	28381
ENSG00000179627	chr14	104800596	104804712	ZBTB42	0	+	4116
ENSG00000179632	chr8	144104461	144107611	MAF1	0	+	3150
ENSG00000179639	chr1	159289714	159308224	FCER1A	0	+	18510
ENSG00000179698	chr8	144107726	144118328	WDR97	0	+	10602
ENSG00000179715	chr12	47079603	47236662	PCED1B	0	+	157059
ENSG00000179761	chr17	28950513	29057216	PIPOX	0	+	106703
ENSG00000179772	chr20	31844303	31845604	FOXS1	0	-	1301
ENSG00000179776	chr16	66366622	66404784	CDH5	0	+	38162
ENSG00000179820	chr19	53864763	53876435	MYADM	0	+	11672
ENSG00000179832	chr8	144148016	144261927	MROH1	0	+	113911
ENSG00000179833	chr2	64631621	64751005	SERTAD2	0	-	119384
ENSG00000179841	chr14	64465499	64474503	AKAP5	0	+	9004
ENSG00000179855	chr19	3585478	3593541	GIPC3	0	+	8063
ENSG00000179859	chr17	7913339	7916289	RNF227	0	-	2950
ENSG00000179862	chr1	40861054	40862363	CITED4	0	-	1309
ENSG00000179869	chr7	48171458	48647497	ABCA13	0	+	476039
ENSG00000179886	chr8	143597831	143603224	TIGD5	0	+	5393
ENSG00000179889	chr16	14974591	15139339	PDXDC1	0	+	164748
ENSG00000179909	chr19	57696275	57709204	ZNF154	0	-	12929
ENSG00000179912	chr12	57253762	57431043	R3HDM2	0	-	177281
ENSG00000179913	chr19	17794828	17813576	B3GNT3	0	+	18748
ENSG00000179915	chr2	49918503	51225575	NRXN1	0	-	1307072
ENSG00000179918	chr16	30443631	30445874	SEPHS2	0	-	2243
ENSG00000179922	chr19	55620741	55624566	ZNF784	0	-	3825
ENSG00000179933	chr14	23095505	23100456	C14orf119	0	+	4951
ENSG00000179941	chr12	76344474	76348415	BBS10	0	-	3941
ENSG00000179943	chr19	55591376	55601970	FIZ1	0	-	10594
ENSG00000179950	chr8	143816344	143829352	PUF60	0	-	13008
ENSG00000179954	chr19	55488404	55519099	SSC5D	0	+	30695
ENSG00000179958	chr16	30423615	30430030	DCTPP1	0	-	6415
ENSG00000179965	chr16	30407414	30431108	ZNF771	0	+	23694
ENSG00000179981	chr18	75210755	75289950	TSHZ1	0	+	79195
ENSG00000179988	chr10	122954381	122997513	PSTK	0	+	43132
ENSG00000180008	chr14	55027230	55049489	SOCS4	0	+	22259
ENSG00000180011	chr18	75195113	75209139	ZADH2	0	-	14026
ENSG00000180035	chr16	30378106	30400108	ZNF48	0	+	22002
ENSG00000180044	chr3	160225422	160228213	C3orf80	0	+	2791
ENSG00000180071	chr9	38571358	38620596	ANKRD18A	0	-	49238
ENSG00000180089	chr19	55226638	55228784	TMEM86B	0	-	2146
ENSG00000180096	chr16	30378135	30395991	SEPTIN1	0	-	17856
ENSG00000180098	chr1	28553085	28578545	TRNAU1AP	0	+	25460
ENSG00000180104	chr5	443175	471937	EXOC3	0	+	28762
ENSG00000180113	chr6	46687875	46704319	TDRD6	0	+	16444
ENSG00000180138	chr13	37103259	37105664	CSNK1A1L	0	-	2405
ENSG00000180182	chrX	40648305	40735858	MED14	0	-	87553
ENSG00000180185	chr16	1826941	1840207	FAHD1	0	+	13266
ENSG00000180190	chr8	489803	545781	TDRP	0	-	55978
ENSG00000180198	chr1	28505943	28539300	RCC1	0	+	33357
ENSG00000180209	chr16	30370934	30377991	MYLPF	0	+	7057
ENSG00000180228	chr2	178431292	178451512	PRKRA	0	-	20220
ENSG00000180233	chr7	30284597	30367689	ZNRF2	0	+	83092
ENSG00000180263	chr12	95076749	95217482	FGD6	0	-	140733
ENSG00000180304	chr15	64687573	64703281	OAZ2	0	-	15708
ENSG00000180329	chr17	44673069	44689779	CCDC43	0	-	16710
ENSG00000180336	chr17	44656404	44690308	MEIOC	0	+	33904
ENSG00000180340	chr17	44557484	44561262	FZD2	0	+	3778
ENSG00000180346	chr4	89111533	89114901	TIGD2	0	+	3368
ENSG00000180347	chr7	31514090	31658720	ITPRID1	0	+	144630
ENSG00000180353	chr3	121631399	121660927	HCLS1	0	-	29528
ENSG00000180354	chr7	30134986	30162762	MTURN	0	+	27776
ENSG00000180357	chr15	64460578	64686068	ZNF609	0	+	225490
ENSG00000180370	chr3	196739857	196832647	PAK2	0	+	92790
ENSG00000180376	chr3	56557161	56621837	CCDC66	0	+	64676
ENSG00000180398	chr2	46901870	46941855	MCFD2	0	-	39985
ENSG00000180423	chr11	46602861	46617909	HARBI1	0	-	15048
ENSG00000180425	chr11	114391443	114400511	C11orf71	0	-	9068
ENSG00000180447	chr9	86944362	86947506	GAS1	0	-	3144
ENSG00000180448	chr19	1065923	1086628	ARHGAP45	0	+	20705
ENSG00000180479	chr19	37554782	37594792	ZNF571	0	-	40010
ENSG00000180481	chr12	75391089	75432688	GLIPR1L2	0	+	41599
ENSG00000180488	chr1	77779624	77879540	MIGA1	0	+	99916
ENSG00000180530	chr21	14961235	15065936	NRIP1	0	-	104701
ENSG00000180537	chr6	13924446	13980310	RNF182	0	+	55864
ENSG00000180543	chr8	97273488	97277928	TSPYL5	0	-	4440
ENSG00000180573	chr6	26124145	26139116	H2AC6	0	+	14971
ENSG00000180574	chr12	10505602	10523135	EIF2S3B	0	+	17533
ENSG00000180592	chr10	21513475	21526368	SKIDA1	0	-	12893
ENSG00000180596	chr6	26114873	26123926	H2BC4	0	-	9053
ENSG00000180611	chr3	192796815	192917856	MB21D2	0	-	121041
ENSG00000180616	chr17	73165010	73176633	SSTR2	0	+	11623
ENSG00000180626	chr17	5179535	5191868	ZNF594	0	-	12333
ENSG00000180628	chr10	91163012	91284337	PCGF5	0	+	121325
ENSG00000180644	chr10	70597348	70602759	PRF1	0	-	5411
ENSG00000180660	chr13	35473789	35476689	MAB21L1	0	-	2900
ENSG00000180667	chr1	207043849	207052980	YOD1	0	-	9131
ENSG00000180694	chr8	90621995	90791632	TMEM64	0	-	169637
ENSG00000180730	chr13	26044597	26052016	SHISA2	0	-	7419
ENSG00000180739	chr19	10512742	10517931	S1PR5	0	-	5189
ENSG00000180758	chr1	9100305	9129102	GPR157	0	-	28797
ENSG00000180773	chr11	93144174	93197991	SLC36A4	0	-	53817
ENSG00000180776	chr13	21372571	21459370	ZDHHC20	0	-	86799
ENSG00000180777	chr18	14728272	14854667	ANKRD30B	0	+	126395
ENSG00000180785	chr11	4643420	4655488	OR51E1	0	+	12068
ENSG00000180787	chr17	5078467	5096374	ZFP3	0	+	17907
ENSG00000180801	chr4	113900284	113979727	ARSJ	0	-	79443
ENSG00000180815	chrX	19360056	19515508	MAP3K15	0	-	155452
ENSG00000180817	chr10	70202835	70233911	PPA1	0	-	31076
ENSG00000180822	chr6	3231403	3303373	PSMG4	0	+	71970
ENSG00000180828	chr8	64580365	64583627	BHLHE22	0	+	3262
ENSG00000180875	chr1	240489573	240612155	GREM2	0	-	122582
ENSG00000180879	chrX	153793516	153798499	SSR4	0	+	4983
ENSG00000180881	chr12	75275979	75390928	CAPS2	0	-	114949
ENSG00000180884	chr19	34956354	34964229	ZNF792	0	-	7875
ENSG00000180891	chr17	57861243	57955412	CUEDC1	0	-	94169
ENSG00000180900	chr8	143790920	143815773	SCRIB	0	-	24853
ENSG00000180901	chr17	75032575	75065889	KCTD2	0	+	33314
ENSG00000180902	chr2	241734602	241768816	D2HGDH	0	+	34214
ENSG00000180914	chr3	8750381	8769628	OXTR	0	-	19247
ENSG00000180917	chr16	71281389	71289715	CMTR2	0	-	8326
ENSG00000180921	chr8	143723933	143738234	FAM83H	0	-	14301
ENSG00000180938	chr8	124973295	124979389	ZNF572	0	+	6094
ENSG00000180957	chr22	27851669	27920134	PITPNB	0	-	68465
ENSG00000180964	chrX	103252995	103255192	TCEAL8	0	-	2197
ENSG00000180992	chr6	44113451	44127452	MRPL14	0	-	14001
ENSG00000180998	chr14	52552836	52637713	GPR137C	0	+	84877
ENSG00000181004	chr4	122732702	122744942	BBS12	0	+	12240
ENSG00000181007	chr19	36383120	36418644	ZFP82	0	-	35524
ENSG00000181019	chr16	69706996	69726668	NQO1	0	-	19672
ENSG00000181026	chr15	88621337	88632281	AEN	0	+	10944
ENSG00000181027	chr19	46746046	46776988	FKRP	0	+	30942
ENSG00000181029	chr19	7680833	7687703	TRAPPC5	0	+	6870
ENSG00000181031	chr17	212389	386254	RPH3AL	0	-	173865
ENSG00000181035	chr19	19063994	19113030	SLC25A42	0	+	49036
ENSG00000181036	chr1	159800511	159816257	FCRL6	0	+	15746
ENSG00000181038	chr17	76726830	76733936	METTL23	0	+	7106
ENSG00000181045	chr17	80219699	80253500	SLC26A11	0	+	33801
ENSG00000181085	chr8	143716340	143722458	MAPK15	0	+	6118
ENSG00000181090	chr9	137618992	137870016	EHMT1	0	+	251024
ENSG00000181092	chr3	186842704	186858463	ADIPOQ	0	+	15759
ENSG00000181104	chr5	76716126	76735770	F2R	0	+	19644
ENSG00000181135	chr8	143684452	143713898	ZNF707	0	+	29446
ENSG00000181143	chr19	8848844	8981342	MUC16	0	-	132498
ENSG00000181163	chr5	171387116	171411810	NPM1	0	+	24694
ENSG00000181191	chrX	69160851	69165521	PJA1	0	-	4670
ENSG00000181192	chr10	12068954	12123221	DHTKD1	0	+	54267
ENSG00000181195	chr8	56436674	56446671	PENK	0	-	9997
ENSG00000181218	chr1	228434777	228457873	H2AW	0	-	23096
ENSG00000181220	chr7	149472696	149497817	ZNF746	0	-	25121
ENSG00000181222	chr17	7484366	7514616	POLR2A	0	+	30250
ENSG00000181234	chr12	128267170	128707911	TMEM132C	0	+	440741
ENSG00000181264	chr11	120325296	120333686	TLCD5	0	+	8390
ENSG00000181274	chr10	97332497	97334729	FRAT2	0	-	2232
ENSG00000181291	chr17	34579487	34639318	TMEM132E	0	+	59831
ENSG00000181315	chr6	26634383	26659752	ZNF322	0	-	25369
ENSG00000181333	chr11	94021354	94114208	HEPHL1	0	+	92854
ENSG00000181350	chr17	16441577	16492193	LRRC75A	0	-	50616
ENSG00000181374	chr17	34356480	34358610	CCL13	0	+	2130
ENSG00000181381	chr4	168356735	168537786	DDX60L	0	-	181051
ENSG00000181392	chr19	36003307	36008813	SYNE4	0	-	5506
ENSG00000181396	chr17	82389210	82418637	OGFOD3	0	-	29427
ENSG00000181404	chr9	14475	73865	WASHC1	0	-	59390
ENSG00000181409	chr17	81110487	81166221	AATK	0	-	55734
ENSG00000181444	chr7	149764182	149773588	ZNF467	0	-	9406
ENSG00000181449	chr3	181711925	181714436	SOX2	0	+	2511
ENSG00000181450	chr1	227563543	227677443	ZNF678	0	+	113900
ENSG00000181458	chr3	100492619	100577444	TMEM45A	0	+	84825
ENSG00000181467	chr3	153162226	153170627	RAP2B	0	+	8401
ENSG00000181472	chr6	151364115	151391559	ZBTB2	0	-	27444
ENSG00000181481	chr17	30970984	30999911	RNF135	0	+	28927
ENSG00000181513	chr17	45132600	45144181	ACBD4	0	+	11581
ENSG00000181523	chr17	80206716	80220923	SGSH	0	-	14207
ENSG00000181544	chrX	14835961	14873069	FANCB	0	-	37108
ENSG00000181555	chr3	47016428	47164113	SETD2	0	-	147685
ENSG00000181588	chr19	1554672	1568325	MEX3D	0	-	13653
ENSG00000181610	chr17	57834781	57850056	MRPS23	0	-	15275
ENSG00000181617	chr4	70226124	70235252	FDCSP	0	+	9128
ENSG00000181619	chr14	59429022	59465380	GPR135	0	-	36358
ENSG00000181625	chr16	29454501	29458219	SLX1B	0	+	3718
ENSG00000181631	chr3	151326312	151329549	P2RY13	0	-	3237
ENSG00000181634	chr9	114784652	114806039	TNFSF15	0	-	21387
ENSG00000181649	chr11	2928273	2929420	PHLDA2	0	-	1147
ENSG00000181652	chr7	151012209	151024499	ATG9B	0	-	12290
ENSG00000181656	chr1	100538139	100542021	GPR88	0	+	3882
ENSG00000181666	chr19	37312837	37369365	ZNF875	0	+	56528
ENSG00000181690	chr8	56160909	56211324	PLAG1	0	-	50415
ENSG00000181704	chrX	68498562	68537282	YIPF6	0	+	38720
ENSG00000181722	chr3	114314500	115147288	ZBTB20	0	-	832788
ENSG00000181744	chr3	143971823	144048719	DIPK2A	0	+	76896
ENSG00000181751	chr5	103258763	103278660	MACIR	0	+	19897
ENSG00000181754	chr1	109504178	109509738	AMIGO1	0	-	5560
ENSG00000181788	chr3	150741125	150763477	SIAH2	0	-	22352
ENSG00000181789	chr3	129249606	129277773	COPG1	0	+	28167
ENSG00000181790	chr8	142449430	142545009	ADGRB1	0	+	95579
ENSG00000181804	chr3	143265222	143848485	SLC9A9	0	-	583263
ENSG00000181817	chr1	36391238	36397908	LSM10	0	-	6670
ENSG00000181826	chr4	37590800	37686376	RELL1	0	-	95576
ENSG00000181827	chr15	56087280	56245082	RFX7	0	-	157802
ENSG00000181830	chr11	45804072	45813016	SLC35C1	0	+	8944
ENSG00000181847	chr3	114276913	114310288	TIGIT	0	+	33375
ENSG00000181852	chr12	56202179	56221933	RNF41	0	-	19754
ENSG00000181856	chr17	7281718	7288257	SLC2A4	0	+	6539
ENSG00000181873	chr1	228165804	228182257	IBA57	0	+	16453
ENSG00000181894	chr19	58126248	58155110	ZNF329	0	-	28862
ENSG00000181896	chr19	19668796	19683509	ZNF101	0	+	14713
ENSG00000181915	chr10	62804720	62808479	ADO	0	+	3759
ENSG00000181924	chr11	73872667	73876901	COA4	0	-	4234
ENSG00000181938	chr16	58295080	58406147	GINS3	0	+	111067
ENSG00000181982	chr4	24806117	24980204	CCDC149	0	-	174087
ENSG00000181991	chr15	88467453	88480776	MRPS11	0	+	13323
ENSG00000182004	chr1	203861599	203871152	SNRPE	0	+	9553
ENSG00000182010	chr10	62183035	62268844	RTKN2	0	-	85809
ENSG00000182013	chr19	46466491	46471563	PNMA8A	0	-	5072
ENSG00000182022	chr10	124007668	124093598	CHST15	0	-	85930
ENSG00000182054	chr15	90083045	90102477	IDH2	0	-	19432
ENSG00000182087	chr19	1009648	1021179	TMEM259	0	-	11531
ENSG00000182095	chr7	5306790	5425414	TNRC18	0	-	118624
ENSG00000182103	chr11	82729940	82733864	FAM181B	0	-	3924
ENSG00000182107	chr14	61277370	61281761	TMEM30B	0	-	4391
ENSG00000182108	chr16	10928891	10942468	DEXI	0	-	13577
ENSG00000182117	chr15	34341719	34343136	NOP10	0	-	1417
ENSG00000182118	chr1	231018958	231040254	FAM89A	0	-	21296
ENSG00000182134	chr1	151770107	151791416	TDRKH	0	-	21309
ENSG00000182141	chr19	21291160	21329425	ZNF708	0	-	38265
ENSG00000182149	chr16	71845996	71931199	IST1	0	+	85203
ENSG00000182150	chr9	95871264	96121154	ERCC6L2	0	+	249890
ENSG00000182154	chr9	137551879	137552555	MRPL41	0	+	676
ENSG00000182158	chr7	137874979	138002086	CREB3L2	0	-	127107
ENSG00000182162	chrX	1462581	1537185	P2RY8	0	-	74604
ENSG00000182162	chrY	1462581	1537185	P2RY8	0	-	74604
ENSG00000182168	chr4	95162504	95549206	UNC5C	0	-	386702
ENSG00000182173	chr17	75515944	75524735	TSEN54	0	+	8791
ENSG00000182175	chr15	93035271	93089211	RGMA	0	-	53940
ENSG00000182179	chr3	49805209	49813953	UBA7	0	-	8744
ENSG00000182180	chr10	73248843	73252693	MRPS16	0	-	3850
ENSG00000182185	chr14	67819779	68730218	RAD51B	0	+	910439
ENSG00000182195	chrX	141111605	141177129	LDOC1	0	-	65524
ENSG00000182196	chr12	122980060	122982913	ARL6IP4	0	+	2853
ENSG00000182197	chr8	117794490	118111826	EXT1	0	-	317336
ENSG00000182199	chr12	57229573	57234935	SHMT2	0	+	5362
ENSG00000182208	chr11	1469457	1501247	MOB2	0	-	31790
ENSG00000182218	chr14	99645129	99680569	HHIPL1	0	+	35440
ENSG00000182220	chrX	40579372	40606848	ATP6AP2	0	+	27476
ENSG00000182224	chr17	7857746	7862282	CYB5D1	0	+	4536
ENSG00000182240	chr21	41167801	41282530	BACE2	0	+	114729
ENSG00000182247	chr3	23203020	23591794	UBE2E2	0	+	388774
ENSG00000182253	chr15	99098217	99135593	SYNM	0	+	37376
ENSG00000182263	chr2	163593396	163736012	FIGN	0	-	142616
ENSG00000182272	chr11	369499	382117	B4GALNT4	0	+	12618
ENSG00000182287	chrX	15825806	15854931	AP1S2	0	-	29125
ENSG00000182307	chr8	145052465	145066685	C8orf33	0	+	14220
ENSG00000182310	chr19	51689128	51712387	SPACA6	0	+	23259
ENSG00000182318	chr19	58326994	58342332	ZSCAN22	0	+	15338
ENSG00000182324	chr19	48455574	48466980	KCNJ14	0	+	11406
ENSG00000182325	chr8	144355431	144359376	FBXL6	0	-	3945
ENSG00000182326	chr12	6988259	7071032	C1S	0	+	82773
ENSG00000182359	chr11	106051098	106077459	KBTBD3	0	-	26361
ENSG00000182362	chr21	46286342	46297751	YBEY	0	+	11409
ENSG00000182378	chrX	276322	303356	PLCXD1	0	+	27034
ENSG00000182378	chrY	276322	303356	PLCXD1	0	+	27034
ENSG00000182379	chr12	57216794	57226449	NXPH4	0	+	9655
ENSG00000182389	chr2	151832771	152099167	CACNB4	0	-	266396
ENSG00000182400	chr14	39147811	39170532	TRAPPC6B	0	-	22721
ENSG00000182405	chr15	34102083	34108686	PGBD4	0	+	6603
ENSG00000182446	chr17	81556887	81648465	NPLOC4	0	-	91578
ENSG00000182463	chr20	52972358	53495330	TSHZ2	0	+	522972
ENSG00000182472	chr19	38730187	38769904	CAPN12	0	-	39717
ENSG00000182473	chr17	76081016	76121576	EXOC7	0	-	40560
ENSG00000182481	chr17	68035636	68047364	KPNA2	0	+	11728
ENSG00000182484	chrX	156020826	156025710	WASH6P	0	+	4884
ENSG00000182484	chrY	57207346	57212230	WASH6P	0	+	4884
ENSG00000182492	chrX	153494980	153509546	BGN	0	+	14566
ENSG00000182504	chr3	101724593	101770562	CEP97	0	+	45969
ENSG00000182511	chr15	90883695	90895776	FES	0	+	12081
ENSG00000182512	chr14	95533503	95544724	GLRX5	0	+	11221
ENSG00000182518	chrX	55143102	55161310	FAM104B	0	-	18208
ENSG00000182534	chr17	76672551	76711004	MXRA7	0	-	38453
ENSG00000182541	chr22	31212239	31280080	LIMK2	0	+	67841
ENSG00000182544	chr12	53251251	53254406	MFSD5	0	+	3155
ENSG00000182551	chr2	3497366	3519531	ADI1	0	-	22165
ENSG00000182552	chr4	183639635	183659203	RWDD4	0	-	19568
ENSG00000182575	chr17	49575871	49583827	NXPH3	0	+	7956
ENSG00000182578	chr5	150053291	150113372	CSF1R	0	-	60081
ENSG00000182580	chr3	184561785	184582408	EPHB3	0	+	20623
ENSG00000182606	chr3	42013802	42225890	TRAK1	0	+	212088
ENSG00000182612	chr17	81637171	81648749	TSPAN10	0	+	11578
ENSG00000182621	chr20	8077251	8968360	PLCB1	0	+	891109
ENSG00000182628	chr17	59109857	59155260	SKA2	0	-	45403
ENSG00000182636	chr15	23685400	23687305	NDN	0	-	1905
ENSG00000182667	chr11	131370478	132336822	NTM	0	+	966344
ENSG00000182670	chr21	37073226	37203112	TTC3	0	+	129886
ENSG00000182685	chr16	2209253	2210905	BRICD5	0	-	1652
ENSG00000182700	chr5	140125937	140129392	IGIP	0	+	3455
ENSG00000182704	chr11	76782251	76798153	TSKU	0	+	15902
ENSG00000182718	chr15	60347134	60402883	ANXA2	0	-	55749
ENSG00000182732	chr14	71932429	72566530	RGS6	0	+	634101
ENSG00000182749	chr1	25861484	25875708	PAQR7	0	-	14224
ENSG00000182752	chr9	116153791	116402321	PAPPA	0	+	248530
ENSG00000182771	chr10	85599552	86366795	GRID1	0	-	767243
ENSG00000182782	chr12	122701293	122703357	HCAR2	0	-	2064
ENSG00000182791	chr11	66590176	66593063	CCDC87	0	-	2887
ENSG00000182795	chr1	207018522	207032756	C1orf116	0	-	14234
ENSG00000182809	chr14	105472962	105480162	CRIP2	0	+	7200
ENSG00000182810	chr16	68020916	68023232	DDX28	0	-	2316
ENSG00000182827	chr1	226144679	226186741	ACBD3	0	-	42062
ENSG00000182831	chr16	9091644	9121635	C16orf72	0	+	29991
ENSG00000182836	chr5	41306952	41510628	PLCXD3	0	-	203676
ENSG00000182853	chr17	4785285	4786433	VMO1	0	-	1148
ENSG00000182858	chr22	49900229	49918438	ALG12	0	-	18209
ENSG00000182866	chr1	32251239	32286165	LCK	0	+	34926
ENSG00000182871	chr21	45405165	45513720	COL18A1	0	+	108555
ENSG00000182872	chrX	47145221	47186813	RBM10	0	+	41592
ENSG00000182890	chrX	121047610	121050094	GLUD2	0	+	2484
ENSG00000182899	chr3	197950190	197956610	RPL35A	0	+	6420
ENSG00000182902	chr22	17563450	17590995	SLC25A18	0	+	27545
ENSG00000182903	chr4	425815	499156	ZNF721	0	-	73341
ENSG00000182916	chrX	103330229	103332326	TCEAL7	0	+	2097
ENSG00000182923	chr3	134485699	134587789	CEP63	0	+	102090
ENSG00000182934	chr11	126262938	126269144	SRPRA	0	-	6206
ENSG00000182944	chr22	29268009	29300525	EWSR1	0	+	32516
ENSG00000182952	chr6	26538366	26546933	HMGN4	0	+	8567
ENSG00000182963	chr17	44798448	44830816	GJC1	0	-	32368
ENSG00000182973	chr3	32685145	32773875	CNOT10	0	+	88730
ENSG00000182985	chr11	115169218	115504957	CADM1	0	-	335739
ENSG00000182986	chr19	52860851	52897693	ZNF320	0	-	36842
ENSG00000182993	chr12	14803666	14906586	C12orf60	0	+	102920
ENSG00000183010	chr17	81932384	81942412	PYCR1	0	-	10028
ENSG00000183011	chr17	7856685	7885238	NAA38	0	-	28553
ENSG00000183018	chr17	4498881	4539035	SPNS2	0	+	40154
ENSG00000183020	chr11	924881	1012245	AP2A2	0	+	87364
ENSG00000183023	chr2	40097270	40611053	SLC8A1	0	-	513783
ENSG00000183032	chr14	36677921	37172606	SLC25A21	0	-	494685
ENSG00000183036	chr21	39867438	39929397	PCP4	0	+	61959
ENSG00000183044	chr16	8674596	8784575	ABAT	0	+	109979
ENSG00000183049	chr10	12349547	12835545	CAMK1D	0	+	485998
ENSG00000183054	chr2	110513802	110577222	RGPD6	0	-	63420
ENSG00000183060	chr15	99715697	99733561	LYSMD4	0	-	17864
ENSG00000183066	chr22	41998725	42058456	WBP2NL	0	+	59731
ENSG00000183077	chr17	78187358	78207702	AFMID	0	+	20344
ENSG00000183087	chr13	113820549	113864076	GAS6	0	-	43527
ENSG00000183091	chr2	151485336	151734487	NEB	0	-	249151
ENSG00000183092	chr14	100537147	100587417	BEGAIN	0	-	50270
ENSG00000183098	chr13	93226807	94408020	GPC6	0	+	1181213
ENSG00000183111	chr5	149551947	149634968	ARHGEF37	0	+	83021
ENSG00000183117	chr8	2935353	4994972	CSMD1	0	-	2059619
ENSG00000183134	chr11	60850933	60855950	PTGDR2	0	-	5017
ENSG00000183137	chr6	109095110	109174418	CEP57L1	0	+	79308
ENSG00000183145	chr21	37006150	37019662	RIPPLY3	0	+	13512
ENSG00000183150	chr12	12660890	12696207	GPR19	0	-	35317
ENSG00000183153	chr17	40360652	40364737	GJD3	0	-	4085
ENSG00000183155	chr1	202878282	202889149	RABIF	0	-	10867
ENSG00000183160	chr12	108589851	108598320	TMEM119	0	-	8469
ENSG00000183161	chr11	22622533	22625823	FANCF	0	-	3290
ENSG00000183172	chr22	42079691	42084284	SMDT1	0	+	4593
ENSG00000183186	chr19	405445	409147	C2CD4C	0	-	3702
ENSG00000183196	chr16	75472052	75495445	CHST6	0	-	23393
ENSG00000183206	chr18	14507339	14543600	POTEC	0	-	36261
ENSG00000183207	chr19	48993562	49015970	RUVBL2	0	+	22408
ENSG00000183248	chr19	7868719	7874390	PRR36	0	-	5671
ENSG00000183255	chr21	44849585	44873903	PTTG1IP	0	-	24318
ENSG00000183258	chr5	177511577	177516961	DDX41	0	-	5384
ENSG00000183260	chr20	63861498	63862988	ABHD16B	0	+	1490
ENSG00000183281	chr2	87002559	87021852	PLGLB1	0	-	19293
ENSG00000183283	chr12	51238724	51271362	DAZAP2	0	+	32638
ENSG00000183287	chr18	59430939	59697662	CCBE1	0	-	266723
ENSG00000183291	chr1	86862445	86914424	SELENOF	0	-	51979
ENSG00000183307	chr22	17116297	17121367	TMEM121B	0	-	5070
ENSG00000183309	chr8	143636019	143656418	ZNF623	0	+	20399
ENSG00000183317	chr1	37713880	37765133	EPHA10	0	-	51253
ENSG00000183323	chr5	69280175	69332809	CCDC125	0	-	52634
ENSG00000183337	chrX	40049815	40177329	BCOR	0	-	127514
ENSG00000183340	chr11	96389989	96507574	JRKL	0	+	117585
ENSG00000183346	chr10	61662929	61766766	CABCOCO1	0	+	103837
ENSG00000183354	chr9	5881596	6008482	KIAA2026	0	-	126886
ENSG00000183386	chr1	37996770	38005606	FHL3	0	-	8836
ENSG00000183395	chr12	102196459	102197833	PMCH	0	-	1374
ENSG00000183397	chr19	3539171	3544030	C19orf71	0	+	4859
ENSG00000183401	chr19	11344684	11354944	CCDC159	0	+	10260
ENSG00000183421	chr21	41739369	41767089	RIPK4	0	-	27720
ENSG00000183426	chr16	14922802	14952060	NPIPA1	0	+	29258
ENSG00000183431	chr1	37956975	37990075	SF3A3	0	-	33100
ENSG00000183454	chr16	9753404	10182928	GRIN2A	0	-	429524
ENSG00000183474	chr5	69560191	69595221	GTF2H2C	0	+	35030
ENSG00000183475	chr15	100602589	100651701	ASB7	0	+	49112
ENSG00000183476	chr15	78077808	78104370	SH2D7	0	+	26562
ENSG00000183484	chr14	105049395	105065445	GPR132	0	-	16050
ENSG00000183486	chr21	41361999	41409393	MX2	0	+	47394
ENSG00000183495	chr12	131949942	132080460	EP400	0	+	130518
ENSG00000183496	chr15	82041778	82046119	MEX3B	0	-	4341
ENSG00000183508	chr1	117606048	117628389	TENT5C	0	+	22341
ENSG00000183513	chr2	98599314	98608515	COA5	0	-	9201
ENSG00000183520	chr1	38009258	38024820	UTP11	0	+	15562
ENSG00000183527	chr21	39174769	39183488	PSMG1	0	-	8719
ENSG00000183530	chr22	31676256	31750140	PRR14L	0	-	73884
ENSG00000183549	chr16	20409534	20441336	ACSM5	0	+	31802
ENSG00000183569	chr22	42553617	42574382	SERHL2	0	+	20765
ENSG00000183570	chr21	45643694	45942454	PCBP3	0	+	298760
ENSG00000183576	chr14	99397748	99480889	SETD3	0	-	83141
ENSG00000183578	chr15	51056598	51105276	TNFAIP8L3	0	-	48678
ENSG00000183579	chr22	28883572	29057488	ZNRF3	0	+	173916
ENSG00000183580	chr5	15500180	15939795	FBXL7	0	+	439615
ENSG00000183597	chr22	20017014	20067164	TANGO2	0	+	50150
ENSG00000183605	chr10	119140767	119165714	SFXN4	0	-	24947
ENSG00000183615	chr1	32247222	32248856	FAM167B	0	+	1634
ENSG00000183617	chr19	3762682	3768575	MRPL54	0	+	5893
ENSG00000183621	chr10	30820207	31031937	ZNF438	0	-	211730
ENSG00000183624	chr3	129278828	129306186	HMCES	0	+	27358
ENSG00000183647	chr19	57599885	57612722	ZNF530	0	+	12837
ENSG00000183648	chr14	92116122	92121917	NDUFB1	0	-	5795
ENSG00000183655	chr15	85759326	85794925	KLHL25	0	-	35599
ENSG00000183665	chr8	124450820	124462150	TRMT12	0	+	11330
ENSG00000183671	chr2	206175316	206218047	CMKLR2	0	-	42731
ENSG00000183682	chr1	39491636	39529869	BMP8A	0	+	38233
ENSG00000183684	chr17	81887835	81891586	ALYREF	0	-	3751
ENSG00000183688	chr17	439978	445939	RFLNB	0	-	5961
ENSG00000183690	chrX	44147872	44343672	EFHC2	0	-	195800
ENSG00000183696	chr7	48088628	48108736	UPP1	0	+	20108
ENSG00000183718	chr5	181254077	181261150	TRIM52	0	-	7073
ENSG00000183722	chr13	39209116	39603528	LHFPL6	0	-	394412
ENSG00000183723	chr16	66614750	66696743	CMTM4	0	-	81993
ENSG00000183726	chr1	25338317	25362361	TMEM50A	0	+	24044
ENSG00000183734	chr11	2268498	2270588	ASCL2	0	-	2090
ENSG00000183735	chr12	64452090	64502114	TBK1	0	+	50024
ENSG00000183741	chr22	38861422	38872249	CBX6	0	-	10827
ENSG00000183742	chr7	20134655	20217404	MACC1	0	-	82749
ENSG00000183751	chr16	1972053	1982929	TBL3	0	+	10876
ENSG00000183762	chr22	29073035	29168333	KREMEN1	0	+	95298
ENSG00000183763	chr3	49828601	49856574	TRAIP	0	-	27973
ENSG00000183765	chr22	28687743	28742422	CHEK2	0	-	54679
ENSG00000183773	chr22	20965108	20981360	AIFM3	0	+	16252
ENSG00000183778	chr21	39556442	39673137	B3GALT5	0	+	116695
ENSG00000183779	chr8	37695782	37700019	ZNF703	0	+	4237
ENSG00000183780	chr1	233904676	234324511	SLC35F3	0	+	419835
ENSG00000183793	chr16	15363628	15381047	NPIPA5	0	-	17419
ENSG00000183798	chr20	41359962	41366818	EMILIN3	0	-	6856
ENSG00000183801	chr11	7485388	7511377	OLFML1	0	+	25989
ENSG00000183808	chr8	93728155	93741017	RBM12B	0	-	12862
ENSG00000183813	chr3	32951644	32956349	CCR4	0	+	4705
ENSG00000183814	chr1	226231149	226309869	LIN9	0	-	78720
ENSG00000183826	chr6	38168451	38640148	BTBD9	0	-	471697
ENSG00000183828	chr14	105172938	105181323	NUDT14	0	-	8385
ENSG00000183837	chrX	153056409	153060467	PNMA3	0	+	4058
ENSG00000183840	chr2	132416805	132646582	GPR39	0	+	229777
ENSG00000183844	chr21	41304212	41357727	FAM3B	0	+	53515
ENSG00000183850	chr19	23075210	23147221	ZNF730	0	+	72011
ENSG00000183853	chr1	157993273	158100262	KIRREL1	0	+	106989
ENSG00000183856	chr1	156525405	156572604	IQGAP3	0	-	47199
ENSG00000183864	chr22	41433494	41446801	TOB2	0	-	13307
ENSG00000183876	chr5	150296343	150339307	ARSI	0	-	42964
ENSG00000183888	chr1	16004236	16008807	SRARP	0	+	4571
ENSG00000183889	chr16	16317444	16350590	ENSG00000183889	0	+	33146
ENSG00000183891	chr2	19896631	19901983	TTC32	0	-	5352
ENSG00000183908	chr11	57181747	57191717	LRRC55	0	+	9970
ENSG00000183914	chr17	7717744	7833742	DNAH2	0	+	115998
ENSG00000183943	chrX	3604340	3713649	PRKX	0	-	109309
ENSG00000183955	chr12	123384132	123409353	KMT5A	0	+	25221
ENSG00000183963	chr22	31064105	31104757	SMTN	0	+	40652
ENSG00000183971	chr16	2009926	2020755	NPW	0	+	10829
ENSG00000183977	chr3	19979961	20012267	PP2D1	0	-	32306
ENSG00000183978	chr17	42795147	42798704	COA3	0	-	3557
ENSG00000184005	chr1	76074746	76634603	ST6GALNAC3	0	+	559857
ENSG00000184007	chr1	31906421	31944856	PTP4A2	0	-	38435
ENSG00000184009	chr17	81509413	81523847	ACTG1	0	-	14434
ENSG00000184012	chr21	41464300	41531116	TMPRSS2	0	-	66816
ENSG00000184014	chr11	9138825	9265959	DENND5A	0	-	127134
ENSG00000184058	chr22	19756703	19783593	TBX1	0	+	26890
ENSG00000184060	chr17	30906344	30959322	ADAP2	0	+	52978
ENSG00000184076	chr22	29767369	29770413	UQCR10	0	+	3044
ENSG00000184083	chrX	54068324	54183281	FAM120C	0	-	114957
ENSG00000184110	chr16	28688558	28735727	EIF3C	0	+	47169
ENSG00000184113	chr22	19523024	19527545	CLDN5	0	-	4521
ENSG00000184144	chr1	205042937	205078289	CNTN2	0	+	35352
ENSG00000184156	chr8	132120859	132481095	KCNQ3	0	-	360236
ENSG00000184160	chr4	3766348	3768526	ADRA2C	0	+	2178
ENSG00000184162	chr19	19201409	19203414	NR2C2AP	0	-	2005
ENSG00000184164	chr22	49918167	49927540	CRELD2	0	+	9373
ENSG00000184178	chr4	52872982	53366066	SCFD2	0	-	493084
ENSG00000184185	chr17	21376357	21419870	KCNJ12	0	+	43513
ENSG00000184194	chrX	53048789	53080615	GPR173	0	+	31826
ENSG00000184203	chr3	195514428	195543386	PPP1R2	0	-	28958
ENSG00000184205	chrX	53082367	53088540	TSPYL2	0	+	6173
ENSG00000184206	chr15	84235773	84245358	GOLGA6L4	0	+	9585
ENSG00000184207	chr16	2211593	2214840	PGP	0	-	3247
ENSG00000184209	chr12	123458088	123473154	SNRNP35	0	+	15066
ENSG00000184216	chrX	154010506	154019902	IRAK1	0	-	9396
ENSG00000184220	chr3	99817837	100181732	CMSS1	0	+	363895
ENSG00000184226	chr13	66302834	67230445	PCDH9	0	-	927611
ENSG00000184227	chr14	73537143	73543796	ACOT1	0	+	6653
ENSG00000184232	chr11	120211032	120230334	OAF	0	+	19302
ENSG00000184254	chr15	100877714	100916626	ALDH1A3	0	+	38912
ENSG00000184260	chr1	149886918	149887411	H2AC20	0	+	493
ENSG00000184271	chr12	51186936	51218062	POU6F1	0	-	31126
ENSG00000184277	chr15	101621444	101652391	TM2D3	0	-	30947
ENSG00000184281	chr11	2400488	2403878	TSSC4	0	+	3390
ENSG00000184292	chr1	58575433	58577252	TACSTD2	0	-	1819
ENSG00000184304	chr14	29576479	30191898	PRKD1	0	-	615419
ENSG00000184305	chr4	90127394	91605295	CCSER1	0	+	1477901
ENSG00000184307	chr3	113947901	113965401	ZDHHC23	0	+	17500
ENSG00000184330	chr1	153416520	153423222	S100A7A	0	+	6702
ENSG00000184347	chr5	168661733	169301139	SLIT3	0	-	639406
ENSG00000184349	chr5	107376894	107670937	EFNA5	0	-	294043
ENSG00000184357	chr6	27866792	27867588	H1-5	0	-	796
ENSG00000184363	chr11	392614	404908	PKP3	0	+	12294
ENSG00000184368	chrX	20006713	20116907	MAP7D2	0	-	110194
ENSG00000184371	chr1	109910242	109930992	CSF1	0	+	20750
ENSG00000184378	chr3	169766921	169769561	ACTRT3	0	-	2640
ENSG00000184381	chr22	38111495	38214778	PLA2G6	0	-	103283
ENSG00000184384	chr11	95976598	96343195	MAML2	0	-	366597
ENSG00000184402	chr20	62143769	62182514	SS18L1	0	+	38745
ENSG00000184408	chr7	120273175	120750337	KCND2	0	+	477162
ENSG00000184428	chr8	143304384	143359979	TOP1MT	0	-	55595
ENSG00000184432	chr3	139353946	139389736	COPB2	0	-	35790
ENSG00000184436	chr22	20999104	21002196	THAP7	0	-	3092
ENSG00000184445	chr12	122527246	122626396	KNTC1	0	+	99150
ENSG00000184454	chr1	24556087	24609328	NCMAP	0	+	53241
ENSG00000184470	chr22	19875517	19941820	TXNRD2	0	-	66303
ENSG00000184481	chrX	71095851	71103532	FOXO4	0	+	7681
ENSG00000184489	chr8	141391995	141432454	PTP4A3	0	+	40459
ENSG00000184497	chr13	113759226	113816995	TMEM255B	0	+	57769
ENSG00000184500	chr3	93873051	93980003	PROS1	0	-	106952
ENSG00000184508	chr15	90929968	90935196	HDDC3	0	-	5228
ENSG00000184515	chrX	102153708	102155977	BEX5	0	-	2269
ENSG00000184517	chr16	75148494	75172236	ZFP1	0	+	23742
ENSG00000184545	chr11	1554051	1572271	DUSP8	0	-	18220
ENSG00000184557	chr17	78356778	78360077	SOCS3	0	-	3299
ENSG00000184564	chr13	85792790	85806683	SLITRK6	0	-	13893
ENSG00000184574	chr12	6618835	6635960	LPAR5	0	-	17125
ENSG00000184575	chr12	64404392	64451125	XPOT	0	+	46733
ENSG00000184584	chr5	139475533	139482935	STING1	0	-	7402
ENSG00000184588	chr1	65792514	66374579	PDE4B	0	+	582065
ENSG00000184601	chr14	104579764	104590515	C14orf180	0	+	10751
ENSG00000184602	chr16	11668455	11679152	SNN	0	+	10697
ENSG00000184613	chr12	44508275	44921848	NELL2	0	-	413573
ENSG00000184619	chr17	8356902	8376704	KRBA2	0	-	19802
ENSG00000184634	chrX	71118543	71144103	MED12	0	+	25560
ENSG00000184635	chr19	19900913	19963464	ZNF93	0	+	62551
ENSG00000184640	chr17	77280569	77500596	SEPTIN9	0	+	220027
ENSG00000184661	chr8	25459199	25507911	CDCA2	0	+	48712
ENSG00000184675	chrX	64185117	64205708	AMER1	0	-	20591
ENSG00000184677	chr1	22428838	22531157	ZBTB40	0	+	102319
ENSG00000184678	chr1	149884459	149886682	H2BC21	0	-	2223
ENSG00000184697	chr16	3014712	3020071	CLDN6	0	-	5359
ENSG00000184702	chr22	19714503	19724224	SEPTIN5	0	+	9721
ENSG00000184708	chr22	31436977	31496108	EIF4ENIF1	0	-	59131
ENSG00000184719	chr10	88273864	88584530	RNLS	0	-	310666
ENSG00000184730	chr16	28494643	28498964	APOBR	0	+	4321
ENSG00000184731	chr2	38814	46870	FAM110C	0	-	8056
ENSG00000184743	chr11	63624087	63671921	ATL3	0	-	47834
ENSG00000184752	chr12	94895297	95003748	NDUFA12	0	-	108451
ENSG00000184785	chrX	134990991	134992473	SMIM10	0	+	1482
ENSG00000184786	chr6	169740109	169751587	DYNLT2	0	-	11478
ENSG00000184787	chr21	44768580	44801826	UBE2G2	0	-	33246
ENSG00000184788	chrX	85092284	85243911	SATL1	0	-	151627
ENSG00000184792	chr22	30693782	30907824	OSBP2	0	+	214042
ENSG00000184811	chr17	1279662	1300978	TRARG1	0	+	21316
ENSG00000184828	chr18	48026672	48410752	ZBTB7C	0	-	384080
ENSG00000184831	chrX	23833353	23907938	APOO	0	-	74585
ENSG00000184838	chr5	120464300	120687332	PRR16	0	+	223032
ENSG00000184840	chr5	177592203	177597242	TMED9	0	+	5039
ENSG00000184857	chr16	8780384	8797642	TMEM186	0	-	17258
ENSG00000184860	chr16	81988855	82011481	SDR42E1	0	-	22626
ENSG00000184863	chr7	155644451	155781485	RBM33	0	+	137034
ENSG00000184867	chrX	101655281	101659850	ARMCX2	0	-	4569
ENSG00000184887	chr14	105248533	105251093	BTBD6	0	+	2560
ENSG00000184897	chr3	129314771	129316286	H1-10	0	-	1515
ENSG00000184898	chr2	151247940	151261863	RBM43	0	-	13923
ENSG00000184900	chr21	44805617	44818779	SUMO3	0	-	13162
ENSG00000184903	chr7	110662644	111562517	IMMP2L	0	-	899873
ENSG00000184905	chrX	102125679	102140426	TCEAL2	0	+	14747
ENSG00000184916	chr14	105140982	105168824	JAG2	0	-	27842
ENSG00000184922	chr17	45221444	45247319	FMNL1	0	+	25875
ENSG00000184923	chr10	87225448	87236908	NUTM2A	0	+	11460
ENSG00000184924	chr2	24789728	24793391	PTRHD1	0	-	3663
ENSG00000184925	chr9	136949551	136955497	LCN12	0	+	5946
ENSG00000184937	chr11	32387775	32435564	WT1	0	-	47789
ENSG00000184939	chr16	68530090	68576072	ZFP90	0	+	45982
ENSG00000184949	chr22	38578118	38656629	FAM227A	0	-	78511
ENSG00000184956	chr11	1012823	1036718	MUC6	0	-	23895
ENSG00000184967	chr12	132144457	132152473	NOC4L	0	+	8016
ENSG00000184979	chr22	18150170	18177397	USP18	0	+	27227
ENSG00000184983	chr22	42085526	42090884	NDUFA6	0	-	5358
ENSG00000184985	chr4	7192538	7742836	SORCS2	0	+	550298
ENSG00000184986	chr14	105526583	105530202	TMEM121	0	+	3619
ENSG00000184988	chr17	43211835	43220041	TMEM106A	0	+	8206
ENSG00000184990	chr14	104753147	104768494	SIVA1	0	+	15347
ENSG00000184992	chr12	124993645	125031231	BRI3BP	0	+	37586
ENSG00000185000	chr8	144314584	144326910	DGAT1	0	-	12326
ENSG00000185008	chr3	75906695	77649964	ROBO2	0	+	1743269
ENSG00000185009	chr10	74120255	74150842	AP3M1	0	-	30587
ENSG00000185010	chrX	154835788	155026940	F8	0	-	191152
ENSG00000185015	chr8	85220587	85284073	CA13	0	+	63486
ENSG00000185019	chr20	3107573	3160196	UBOX5	0	-	52623
ENSG00000185022	chr22	38200767	38216507	MAFF	0	+	15740
ENSG00000185024	chr14	105209286	105315589	BRF1	0	-	106303
ENSG00000185033	chr15	90160604	90229679	SEMA4B	0	+	69075
ENSG00000185043	chr15	90229975	90234047	CIB1	0	-	4072
ENSG00000185046	chr12	98726457	99984936	ANKS1B	0	-	1258479
ENSG00000185049	chr4	1982717	2041903	NELFA	0	-	59186
ENSG00000185052	chr20	19212642	19722926	SLC24A3	0	+	510284
ENSG00000185055	chr7	105565120	105600875	EFCAB10	0	-	35755
ENSG00000185070	chr14	85530144	85654428	FLRT2	0	+	124284
ENSG00000185088	chr15	63125872	63158021	RPS27L	0	-	32149
ENSG00000185090	chr1	37793847	37801137	MANEAL	0	+	7290
ENSG00000185100	chr14	104724229	104747325	ADSS1	0	+	23096
ENSG00000185101	chr11	417933	442011	ANO9	0	-	24078
ENSG00000185104	chr1	50437028	50960267	FAF1	0	-	523239
ENSG00000185112	chr3	194685883	194689037	FAM43A	0	+	3154
ENSG00000185122	chr8	144291591	144314720	HSF1	0	+	23129
ENSG00000185127	chr6	169702190	169704856	C6orf120	0	+	2666
ENSG00000185129	chr5	140107777	140125619	PURA	0	+	17842
ENSG00000185133	chr22	31122731	31134697	INPP5J	0	+	11966
ENSG00000185149	chr4	155208636	155217078	NPY2R	0	+	8442
ENSG00000185156	chr17	8797110	8799365	MFSD6L	0	-	2255
ENSG00000185158	chr17	32007872	32053504	LRRC37B	0	+	45632
ENSG00000185163	chr12	132136594	132144319	DDX51	0	-	7725
ENSG00000185164	chr16	18417325	18562211	NOMO2	0	-	144886
ENSG00000185187	chr11	405716	417455	SIGIRR	0	-	11739
ENSG00000185189	chr8	143833583	143840973	NRBP2	0	-	7390
ENSG00000185215	chr14	103121476	103137439	TNFAIP2	0	+	15963
ENSG00000185219	chr3	44431705	44477670	ZNF445	0	-	45965
ENSG00000185220	chr1	248906196	248919946	PGBD2	0	+	13750
ENSG00000185222	chrX	103356489	103358462	TCEAL9	0	+	1973
ENSG00000185236	chr19	8389981	8404434	RAB11B	0	+	14453
ENSG00000185238	chr11	20387558	20509338	PRMT3	0	+	121780
ENSG00000185245	chr17	4932277	4935023	GP1BA	0	+	2746
ENSG00000185246	chr14	45084107	45116282	PRPF39	0	+	32175
ENSG00000185250	chr6	109390215	109441171	PPIL6	0	-	50956
ENSG00000185252	chr22	20394115	20408461	ZNF74	0	+	14346
ENSG00000185261	chr5	94150851	94618604	KIAA0825	0	-	467753
ENSG00000185262	chr17	76265348	76271298	UBALD2	0	+	5950
ENSG00000185267	chr10	14819245	14838575	CDNF	0	-	19330
ENSG00000185272	chr21	14216130	14228372	RBM11	0	+	12242
ENSG00000185274	chr7	71132144	71713600	GALNT17	0	+	581456
ENSG00000185278	chr1	173868082	173903549	ZBTB37	0	+	35467
ENSG00000185290	chr7	56114681	56116417	NUPR2	0	-	1736
ENSG00000185291	chrX	1336616	1382689	IL3RA	0	+	46073
ENSG00000185291	chrY	1336616	1382689	IL3RA	0	+	46073
ENSG00000185298	chr17	81666737	81673904	CCDC137	0	+	7167
ENSG00000185303	chr10	79555852	79560407	SFTPA2	0	-	4555
ENSG00000185304	chr2	87755960	87825796	RGPD2	0	-	69836
ENSG00000185305	chr5	53883942	54310582	ARL15	0	-	426640
ENSG00000185324	chr16	89680737	89696354	CDK10	0	+	15617
ENSG00000185338	chr16	11254417	11256204	SOCS1	0	-	1787
ENSG00000185339	chr22	30607003	30627271	TCN2	0	+	20268
ENSG00000185340	chr22	29306582	29312785	GAS2L1	0	+	6203
ENSG00000185344	chr12	123712353	123761755	ATP6V0A2	0	+	49402
ENSG00000185345	chr6	161347417	162727775	PRKN	0	-	1380358
ENSG00000185347	chr14	105489855	105499575	TEDC1	0	+	9720
ENSG00000185352	chr13	96090107	96839562	HS6ST3	0	+	749455
ENSG00000185359	chr17	81683326	81703138	HGS	0	+	19812
ENSG00000185361	chr19	4639516	4655568	TNFAIP8L1	0	+	16052
ENSG00000185386	chr22	50263713	50270767	MAPK11	0	-	7054
ENSG00000185404	chr2	230327184	230403732	SP140L	0	+	76548
ENSG00000185418	chr15	101653596	101724473	TARS3	0	-	70877
ENSG00000185420	chr1	245749342	246507312	SMYD3	0	-	757970
ENSG00000185432	chr12	50923472	50932510	METTL7A	0	+	9038
ENSG00000185436	chr1	24154168	24187959	IFNLR1	0	-	33791
ENSG00000185442	chr15	92617448	92809884	FAM174B	0	-	192436
ENSG00000185453	chr19	48170680	48197620	ZSWIM9	0	+	26940
ENSG00000185475	chr11	62787402	62790400	TMEM179B	0	+	2998
ENSG00000185477	chr4	89236383	89307800	GPRIN3	0	-	71417
ENSG00000185479	chr12	52446651	52452146	KRT6B	0	-	5495
ENSG00000185480	chr12	102120183	102197520	PARPBP	0	+	77337
ENSG00000185483	chr1	63774017	64181498	ROR1	0	+	407481
ENSG00000185504	chr17	81539885	81553961	FAAP100	0	-	14076
ENSG00000185507	chr11	612553	615983	IRF7	0	-	3430
ENSG00000185515	chrX	155071420	155123077	BRCC3	0	+	51657
ENSG00000185518	chr15	91099950	91302565	SV2B	0	+	202615
ENSG00000185522	chr11	554850	560738	LMNTD2	0	-	5888
ENSG00000185532	chr10	50990888	52298423	PRKG1	0	+	1307535
ENSG00000185551	chr15	96325938	96340263	NR2F2	0	+	14325
ENSG00000185559	chr14	100725705	100738224	DLK1	0	+	12519
ENSG00000185561	chr17	1702816	1710377	TLCD2	0	-	7561
ENSG00000185565	chr3	115802363	117139389	LSAMP	0	-	1337026
ENSG00000185567	chr14	104937244	104978374	AHNAK2	0	-	41130
ENSG00000185585	chr9	124777133	124814885	OLFML2A	0	+	37752
ENSG00000185591	chr12	53380176	53416446	SP1	0	+	36270
ENSG00000185608	chr22	19432545	19436075	MRPL40	0	+	3530
ENSG00000185614	chr3	49803261	49805030	INKA1	0	+	1769
ENSG00000185619	chr4	705748	770640	PCGF3	0	+	64892
ENSG00000185621	chr3	197960200	198043720	LMLN	0	+	83520
ENSG00000185624	chr17	81843159	81860856	P4HB	0	-	17697
ENSG00000185627	chr11	236966	252984	PSMD13	0	+	16018
ENSG00000185630	chr1	164555584	164899296	PBX1	0	+	343712
ENSG00000185633	chr12	57234903	57240715	NDUFA4L2	0	-	5812
ENSG00000185634	chr15	48823741	48963919	SHC4	0	-	140178
ENSG00000185640	chr12	52821408	52834311	KRT79	0	-	12903
ENSG00000185650	chr14	68787660	68796253	ZFP36L1	0	-	8593
ENSG00000185651	chr22	21549447	21624034	UBE2L3	0	+	74587
ENSG00000185652	chr12	5432108	5521536	NTF3	0	+	89428
ENSG00000185658	chr21	39184176	39321559	BRWD1	0	-	137383
ENSG00000185664	chr12	55954105	55973317	PMEL	0	-	19212
ENSG00000185669	chr16	88677688	88686507	SNAI3	0	-	8819
ENSG00000185670	chr11	62748319	62754184	ZBTB3	0	-	5865
ENSG00000185686	chr22	22547701	22559361	PRAME	0	-	11660
ENSG00000185697	chr8	66562175	66614247	MYBL1	0	-	52072
ENSG00000185716	chr16	22007638	22087534	MOSMO	0	+	79896
ENSG00000185721	chr22	31399604	31530634	DRG1	0	+	131030
ENSG00000185722	chr17	4163821	4263995	ANKFY1	0	-	100174
ENSG00000185728	chr8	63168553	63212786	YTHDF3	0	+	44233
ENSG00000185730	chr8	143289676	143299952	ZNF696	0	+	10276
ENSG00000185739	chr16	4189374	4242080	SRL	0	-	52706
ENSG00000185745	chr10	89392546	89406487	IFIT1	0	+	13941
ENSG00000185753	chrX	40626921	40647561	CXorf38	0	-	20640
ENSG00000185760	chr6	72621792	73198853	KCNQ5	0	+	577061
ENSG00000185761	chr19	1505022	1513604	ADAMTSL5	0	-	8582
ENSG00000185774	chr4	20728606	21948772	KCNIP4	0	-	1220166
ENSG00000185787	chr15	78810487	78898139	MORF4L1	0	+	87652
ENSG00000185798	chr3	196554177	196568674	WDR53	0	-	14497
ENSG00000185800	chr19	45782947	45792845	DMWD	0	-	9898
ENSG00000185803	chr8	144333957	144361286	SLC52A2	0	+	27329
ENSG00000185808	chr21	37062846	37073170	PIGP	0	-	10324
ENSG00000185811	chr7	50304068	50405101	IKZF1	0	+	101033
ENSG00000185813	chr17	81900958	81911432	PCYT2	0	-	10474
ENSG00000185818	chr4	2059327	2069089	NAT8L	0	+	9762
ENSG00000185825	chrX	153700492	153724565	BCAP31	0	-	24073
ENSG00000185829	chr17	46516702	46579691	ARL17A	0	-	62989
ENSG00000185838	chr22	19783223	19854939	GNB1L	0	-	71716
ENSG00000185842	chr1	224896262	225399292	DNAH14	0	+	503030
ENSG00000185864	chr16	21834569	21880827	NPIPB4	0	-	46258
ENSG00000185869	chr19	36888124	36916291	ZNF829	0	-	28167
ENSG00000185875	chr10	25016612	25026664	THNSL1	0	+	10052
ENSG00000185880	chr15	44728988	44767829	TRIM69	0	+	38841
ENSG00000185896	chr13	113297239	113323672	LAMP1	0	+	26433
ENSG00000185900	chr8	43093498	43131180	POMK	0	+	37682
ENSG00000185905	chr16	29742463	29745990	C16orf54	0	-	3527
ENSG00000185909	chr3	49171598	49176486	KLHDC8B	0	+	4888
ENSG00000185917	chr21	36034541	36079389	SETD4	0	-	44848
ENSG00000185920	chr9	95442980	95517057	PTCH1	0	-	74077
ENSG00000185924	chr17	1934677	2025334	RTN4RL1	0	-	90657
ENSG00000185946	chr1	103525691	103555239	RNPC3	0	+	29548
ENSG00000185947	chr16	31873807	31917357	ZNF267	0	+	43550
ENSG00000185950	chr13	109752695	109786583	IRS2	0	-	33888
ENSG00000185963	chr9	92711363	92764833	BICD2	0	-	53470
ENSG00000185973	chrX	155489011	155719098	TMLHE	0	-	230087
ENSG00000185989	chr13	113977783	114132623	RASA3	0	-	154840
ENSG00000186001	chr3	197791226	197888436	LRCH3	0	+	97210
ENSG00000186007	chr1	205381378	205455954	LEMD1	0	-	74576
ENSG00000186017	chr19	36445119	36489902	ZNF566	0	-	44783
ENSG00000186020	chr19	36534774	36605276	ZNF529	0	-	70502
ENSG00000186063	chr1	222668013	222713210	AIDA	0	-	45197
ENSG00000186073	chr15	36579626	36810248	CDIN1	0	+	230622
ENSG00000186074	chr17	74694311	74712978	CD300LF	0	-	18667
ENSG00000186081	chr12	52514575	52520530	KRT5	0	-	5955
ENSG00000186086	chr1	108450282	108471920	NBPF6	0	+	21638
ENSG00000186088	chr7	77310751	77416349	GSAP	0	-	105598
ENSG00000186104	chr11	14877440	14892231	CYP2R1	0	-	14791
ENSG00000186105	chr5	62578819	62581446	LRRC70	0	+	2627
ENSG00000186106	chr8	100509752	100559784	ANKRD46	0	-	50032
ENSG00000186111	chr19	3630183	3700468	PIP5K1C	0	-	70285
ENSG00000186130	chr9	122908056	122913323	ZBTB6	0	-	5267
ENSG00000186132	chr2	119302225	119366834	C2orf76	0	-	64609
ENSG00000186141	chr1	145824088	145844402	POLR3C	0	+	20314
ENSG00000186153	chr16	78099400	79212667	WWOX	0	+	1113267
ENSG00000186160	chr1	47067231	47118318	CYP4Z1	0	+	51087
ENSG00000186166	chr11	118998138	119015793	CENATAC	0	+	17655
ENSG00000186174	chr11	118893875	118925926	BCL9L	0	-	32051
ENSG00000186184	chr13	27620742	27744237	POLR1D	0	+	123495
ENSG00000186185	chr17	44924709	44947773	KIF18B	0	-	23064
ENSG00000186187	chr16	74999024	75110994	ZNRF1	0	+	111970
ENSG00000186188	chr10	93566665	93604480	FFAR4	0	+	37815
ENSG00000186193	chr9	137062127	137070557	SAPCD2	0	-	8430
ENSG00000186197	chr1	236348257	236502915	EDARADD	0	+	154658
ENSG00000186204	chr19	15673018	15697174	CYP4F12	0	+	24156
ENSG00000186212	chr4	76894152	76898144	SOWAHB	0	-	3992
ENSG00000186222	chr4	6716174	6717664	BLOC1S4	0	+	1490
ENSG00000186260	chr16	14071319	14266773	MRTFB	0	+	195454
ENSG00000186265	chr3	112463966	112499472	BTLA	0	-	35506
ENSG00000186280	chr11	94973709	94999519	KDM4D	0	+	25810
ENSG00000186281	chr2	96021946	96039451	GPAT2	0	-	17505
ENSG00000186283	chr1	179082070	179098023	TOR3A	0	+	15953
ENSG00000186298	chr12	110719680	110742939	PPP1CC	0	-	23259
ENSG00000186300	chr19	2841437	2860471	ZNF555	0	+	19034
ENSG00000186310	chrX	93670930	93673578	NAP1L3	0	-	2648
ENSG00000186314	chr5	145471799	145835369	PRELID2	0	-	363570
ENSG00000186318	chr11	117285232	117316259	BACE1	0	-	31027
ENSG00000186340	chr6	169215780	169254050	THBS2	0	-	38270
ENSG00000186350	chr9	134317098	134440585	RXRA	0	+	123487
ENSG00000186352	chr4	185396021	185400628	ANKRD37	0	+	4607
ENSG00000186364	chr1	145845630	145848954	NUDT17	0	+	3324
ENSG00000186376	chrX	135248920	135344109	ZNF75D	0	-	95189
ENSG00000186377	chr1	47023669	47050751	CYP4X1	0	+	27082
ENSG00000186395	chr17	40818117	40822614	KRT10	0	-	4497
ENSG00000186407	chr17	74609885	74623738	CD300E	0	-	13853
ENSG00000186409	chr1	42463221	42657190	CCDC30	0	+	193969
ENSG00000186416	chrX	119588337	119606443	NKRF	0	-	18106
ENSG00000186417	chr15	51341655	51408005	GLDN	0	+	66350
ENSG00000186432	chr3	160495007	160565571	KPNA4	0	-	70564
ENSG00000186439	chr6	123216339	123637093	TRDN	0	-	420754
ENSG00000186446	chr3	44729596	44737083	ZNF501	0	+	7487
ENSG00000186448	chr3	44584888	44648471	ZNF197	0	+	63583
ENSG00000186458	chr20	257724	261096	DEFB132	0	+	3372
ENSG00000186462	chrX	73212299	73214851	NAP1L2	0	-	2552
ENSG00000186468	chr5	82273320	82278396	RPS23	0	-	5076
ENSG00000186469	chr14	51826195	51979342	GNG2	0	+	153147
ENSG00000186470	chr6	26365159	26378320	BTN3A2	0	+	13161
ENSG00000186472	chr7	82754012	83162930	PCLO	0	-	408918
ENSG00000186474	chr19	51029092	51035230	KLK12	0	-	6138
ENSG00000186480	chr7	155297776	155310235	INSIG1	0	+	12459
ENSG00000186496	chr18	35366694	35377337	ZNF396	0	-	10643
ENSG00000186501	chr1	27322145	27336400	TMEM222	0	+	14255
ENSG00000186517	chr1	161046946	161069970	ARHGAP30	0	-	23024
ENSG00000186522	chr2	109542799	109614143	SEPTIN10	0	-	71344
ENSG00000186523	chr8	12182096	12194133	FAM86B1	0	-	12037
ENSG00000186526	chr19	15615218	15630639	CYP4F8	0	+	15421
ENSG00000186529	chr19	15640897	15662825	CYP4F3	0	+	21928
ENSG00000186532	chr17	1779485	1830634	SMYD4	0	-	51149
ENSG00000186564	chr1	47438044	47440691	FOXD2	0	+	2647
ENSG00000186566	chr17	44395281	44503430	GPATCH8	0	-	108149
ENSG00000186575	chr22	29603556	29698598	NF2	0	+	95042
ENSG00000186577	chr6	34246381	34249108	SMIM29	0	-	2727
ENSG00000186591	chr7	129830732	129952960	UBE2H	0	-	122228
ENSG00000186603	chr1	45326895	45328710	HPDL	0	+	1815
ENSG00000186625	chr6	149594873	149648972	KATNA1	0	-	54099
ENSG00000186628	chr15	82755362	82806070	FSD2	0	-	50708
ENSG00000186635	chr11	72685069	72793599	ARAP1	0	-	108530
ENSG00000186638	chr9	34252380	34329268	KIF24	0	-	76888
ENSG00000186642	chr11	72576141	72674591	PDE2A	0	-	98450
ENSG00000186648	chr14	24052009	24069729	CARMIL3	0	+	17720
ENSG00000186665	chr17	67991099	67996469	C17orf58	0	-	5370
ENSG00000186666	chr12	49836043	49843106	BCDIN3D	0	-	7063
ENSG00000186684	chr2	127183832	127220313	CYP27C1	0	-	36481
ENSG00000186687	chr5	131170944	131205428	LYRM7	0	+	34484
ENSG00000186710	chr12	113149724	113159276	CFAP73	0	+	9552
ENSG00000186714	chr11	32602721	32794662	CCDC73	0	-	191941
ENSG00000186716	chr22	23179704	23318037	BCR	0	+	138333
ENSG00000186765	chr17	81528377	81537130	FSCN2	0	+	8753
ENSG00000186767	chrX	63347228	63351332	SPIN4	0	-	4104
ENSG00000186787	chrX	57118551	57121548	SPIN2B	0	-	2997
ENSG00000186792	chr3	50292831	50299405	HYAL3	0	-	6574
ENSG00000186806	chr19	51331536	51342139	VSIG10L	0	-	10603
ENSG00000186810	chrX	71615916	71618511	CXCR3	0	-	2595
ENSG00000186812	chr18	35241030	35267133	ZNF397	0	+	26103
ENSG00000186814	chr18	35251058	35290245	ZSCAN30	0	-	39187
ENSG00000186815	chr12	113221050	113298585	TPCN1	0	+	77535
ENSG00000186818	chr19	54643889	54670359	LILRB4	0	+	26470
ENSG00000186827	chr1	1211340	1214153	TNFRSF4	0	-	2813
ENSG00000186832	chr17	41609778	41615899	KRT16	0	-	6121
ENSG00000186834	chr17	45148475	45152099	HEXIM1	0	+	3624
ENSG00000186847	chr17	41582279	41586895	KRT14	0	-	4616
ENSG00000186854	chr2	84821650	84907008	TRABD2A	0	-	85358
ENSG00000186862	chr10	101007679	101032295	PDZD7	0	-	24616
ENSG00000186866	chr21	45263928	45287898	POFUT2	0	-	23970
ENSG00000186868	chr17	45894527	46028334	MAPT	0	+	133807
ENSG00000186871	chrX	72204657	72239027	ERCC6L	0	-	34370
ENSG00000186889	chr2	62500218	62511894	TMEM17	0	-	11676
ENSG00000186891	chr1	1203508	1206592	TNFRSF18	0	-	3084
ENSG00000186907	chr11	57460528	57477534	RTN4RL2	0	+	17006
ENSG00000186908	chr12	76764103	76853696	ZDHHC17	0	+	89593
ENSG00000186910	chr14	94442464	94452800	SERPINA11	0	-	10336
ENSG00000186919	chr17	76071961	76083666	ZACN	0	+	11705
ENSG00000186951	chr22	46150521	46243755	PPARA	0	+	93234
ENSG00000186952	chr5	110289233	110738956	TMEM232	0	-	449723
ENSG00000186976	chr22	43528744	43812337	EFCAB6	0	-	283593
ENSG00000186994	chr19	8322584	8343262	KANK3	0	-	20678
ENSG00000186998	chr22	29205896	29259597	EMID1	0	+	53701
ENSG00000187017	chr1	6424776	6461367	ESPN	0	+	36591
ENSG00000187024	chr9	127690348	127724873	PTRH1	0	-	34525
ENSG00000187045	chr22	37065436	37109713	TMPRSS6	0	-	44277
ENSG00000187049	chr11	61392393	61398866	TMEM216	0	+	6473
ENSG00000187051	chr22	39529093	39532761	RPS19BP1	0	-	3668
ENSG00000187066	chr11	65084979	65089375	TMEM262	0	-	4396
ENSG00000187068	chr3	185076838	185153060	C3orf70	0	-	76222
ENSG00000187079	chr11	12674421	12944737	TEAD1	0	+	270316
ENSG00000187091	chr3	38007496	38029642	PLCD1	0	-	22146
ENSG00000187097	chr14	73958010	74019399	ENTPD5	0	-	61389
ENSG00000187098	chr3	69739456	69968336	MITF	0	+	228880
ENSG00000187105	chr14	73478484	73558947	HEATR4	0	-	80463
ENSG00000187109	chr12	76036585	76084735	NAP1L1	0	-	48150
ENSG00000187116	chr19	54307070	54313166	LILRA5	0	-	6096
ENSG00000187118	chr3	28241584	28325142	CMC1	0	+	83558
ENSG00000187122	chr10	96998038	97185959	SLIT1	0	-	187921
ENSG00000187123	chr2	149329985	149474138	LYPD6	0	+	144153
ENSG00000187134	chr10	4963253	4983283	AKR1C1	0	+	20030
ENSG00000187144	chr1	16387117	16437424	SPATA21	0	-	50307
ENSG00000187147	chr1	44405194	44651724	RNF220	0	+	246530
ENSG00000187164	chr10	116881477	117126586	SHTN1	0	-	245109
ENSG00000187186	chr9	34664163	34666112	ENSG00000187186	0	-	1949
ENSG00000187187	chr19	39984134	40021038	ZNF546	0	+	36904
ENSG00000187189	chr6	116249964	116254075	TSPYL4	0	-	4111
ENSG00000187193	chr16	56682470	56684196	MT1X	0	+	1726
ENSG00000187210	chr9	76419850	76651203	GCNT1	0	+	231353
ENSG00000187231	chr2	179101678	179264832	SESTD1	0	-	163154
ENSG00000187239	chr9	129887187	130043194	FNBP1	0	-	156007
ENSG00000187240	chr11	103109410	103479863	DYNC2H1	0	+	370453
ENSG00000187243	chrX	52061827	52069219	MAGED4B	0	-	7392
ENSG00000187244	chr19	44809071	44821421	BCAM	0	+	12350
ENSG00000187257	chr7	77696459	77783022	RSBN1L	0	+	86563
ENSG00000187260	chr7	151375909	151410727	WDR86	0	-	34818
ENSG00000187288	chr3	9866711	9880255	CIDEC	0	-	13544
ENSG00000187325	chrX	78129748	78139650	TAF9B	0	-	9902
ENSG00000187372	chr5	141213919	141218979	PCDHB13	0	+	5060
ENSG00000187391	chr7	78017055	79453667	MAGI2	0	-	1436612
ENSG00000187398	chr11	24496970	25082638	LUZP2	0	+	585668
ENSG00000187446	chr15	41230839	41281887	CHP1	0	+	51048
ENSG00000187474	chr19	51795157	51826190	FPR3	0	+	31033
ENSG00000187479	chr11	43925342	43943878	C11orf96	0	+	18536
ENSG00000187486	chr11	17365172	17389331	KCNJ11	0	-	24159
ENSG00000187498	chr13	110148963	110307157	COL4A1	0	-	158194
ENSG00000187513	chr1	34792999	34795747	GJA4	0	+	2748
ENSG00000187514	chr2	231706895	231713551	PTMA	0	+	6656
ENSG00000187522	chr10	14838306	14871741	HSPA14	0	+	33435
ENSG00000187527	chr3	193274789	193378820	ATP13A5	0	-	104031
ENSG00000187533	chr4	70133616	70176799	PRR27	0	+	43183
ENSG00000187535	chr16	1510427	1612072	IFT140	0	-	101645
ENSG00000187554	chr1	223109404	223143248	TLR5	0	-	33844
ENSG00000187555	chr16	8892097	8975328	USP7	0	-	83231
ENSG00000187566	chr6	18120440	18122677	NHLRC1	0	-	2237
ENSG00000187583	chr1	966482	975865	PLEKHN1	0	+	9383
ENSG00000187595	chr17	42025576	42098479	ZNF385C	0	-	72903
ENSG00000187601	chrX	55452127	55453566	MAGEH1	0	+	1439
ENSG00000187605	chr2	73984910	74108176	TET3	0	+	123266
ENSG00000187608	chr1	1001138	1014540	ISG15	0	+	13402
ENSG00000187609	chr9	137306896	137423211	EXD3	0	-	116315
ENSG00000187624	chr17	410325	431062	C17orf97	0	+	20737
ENSG00000187626	chr6	28241697	28252269	ZKSCAN4	0	-	10572
ENSG00000187627	chr2	86907953	87013976	RGPD1	0	+	106023
ENSG00000187630	chr14	23969874	24006408	DHRS4L2	0	+	36534
ENSG00000187634	chr1	923923	944575	SAMD11	0	+	20652
ENSG00000187642	chr1	975204	982093	PERM1	0	-	6889
ENSG00000187676	chr13	31199975	31332276	B3GLCT	0	+	132301
ENSG00000187678	chr5	142310427	142326455	SPRY4	0	-	16028
ENSG00000187688	chr17	16415571	16437003	TRPV2	0	+	21432
ENSG00000187699	chr2	189879609	190203484	C2orf88	0	+	323875
ENSG00000187720	chr15	71096952	71783383	THSD4	0	+	686431
ENSG00000187730	chr1	2019329	2030758	GABRD	0	+	11429
ENSG00000187733	chr1	103745323	103758726	AMY1C	0	+	13403
ENSG00000187735	chr8	53966552	54022456	TCEA1	0	-	55904
ENSG00000187741	chr16	89737549	89816657	FANCA	0	-	79108
ENSG00000187742	chr9	89318500	89359663	SECISBP2	0	+	41163
ENSG00000187758	chr4	99276369	99291003	ADH1A	0	-	14634
ENSG00000187764	chr9	89360787	89498130	SEMA4D	0	-	137343
ENSG00000187775	chr17	78423697	78577396	DNAH17	0	-	153699
ENSG00000187778	chr12	49556544	49568145	MCRS1	0	-	11601
ENSG00000187790	chr14	45135930	45200890	FANCM	0	+	64960
ENSG00000187792	chr22	23738682	23751112	ZNF70	0	-	12430
ENSG00000187796	chr9	136361903	136373681	CARD9	0	-	11778
ENSG00000187800	chr1	156893698	156916429	PEAR1	0	+	22731
ENSG00000187801	chr1	40450102	40463718	ZFP69B	0	+	13616
ENSG00000187815	chr1	40477290	40496343	ZFP69	0	+	19053
ENSG00000187824	chr17	10699015	10730023	TMEM220	0	-	31008
ENSG00000187837	chr6	26055740	26056470	H1-2	0	-	730
ENSG00000187840	chr8	38030534	38060365	EIF4EBP1	0	+	29831
ENSG00000187860	chr22	30356635	30378673	CCDC157	0	+	22038
ENSG00000187867	chr19	14053363	14062076	PALM3	0	-	8713
ENSG00000187889	chr1	56718789	56819696	FYB2	0	-	100907
ENSG00000187908	chr10	122560665	122643736	DMBT1	0	+	83071
ENSG00000187942	chr1	21812265	21825225	LDLRAD2	0	+	12960
ENSG00000187954	chr8	144449582	144465667	CYHR1	0	-	16085
ENSG00000187955	chr8	120059780	120373573	COL14A1	0	+	313793
ENSG00000187957	chr2	229357629	229714555	DNER	0	-	356926
ENSG00000187959	chr17	73248449	73262352	CPSF4L	0	-	13903
ENSG00000187961	chr1	960584	965719	KLHL17	0	+	5135
ENSG00000187994	chr19	38867830	38878275	RINL	0	-	10445
ENSG00000188001	chr3	188947214	189325304	TPRG1	0	+	378090
ENSG00000188021	chrX	56563627	56567868	UBQLN2	0	+	4241
ENSG00000188026	chr12	123470054	123533719	RILPL1	0	-	63665
ENSG00000188033	chr19	12576100	12640098	ZNF490	0	-	63998
ENSG00000188039	chr19	16719847	16817963	NWD1	0	+	98116
ENSG00000188042	chr2	234493041	234497081	ARL4C	0	-	4040
ENSG00000188060	chr1	28592200	28595449	RAB42	0	+	3249
ENSG00000188064	chr22	45920366	45977162	WNT7B	0	-	56796
ENSG00000188070	chr11	63759892	63768775	ZFTA	0	-	8883
ENSG00000188092	chr1	147928393	147993592	GPR89B	0	+	65199
ENSG00000188095	chr15	89760591	89778754	MESP2	0	+	18163
ENSG00000188107	chr6	63719980	65707226	EYS	0	-	1987246
ENSG00000188112	chr6	42101119	42142620	C6orf132	0	-	41501
ENSG00000188130	chr22	50245450	50261716	MAPK12	0	-	16266
ENSG00000188153	chrX	108439838	108697545	COL4A5	0	+	257707
ENSG00000188157	chr1	1020120	1056118	AGRN	0	+	35998
ENSG00000188158	chrX	17375200	17735994	NHS	0	+	360794
ENSG00000188163	chr9	137243584	137247770	FAM166A	0	-	4186
ENSG00000188171	chr19	20619939	20661596	ZNF626	0	-	41657
ENSG00000188175	chr7	93188534	93226469	HEPACAM2	0	-	37935
ENSG00000188177	chr2	112275597	112340063	ZC3H6	0	+	64466
ENSG00000188186	chr7	100148912	100155944	LAMTOR4	0	+	7032
ENSG00000188191	chr7	549197	727650	PRKAR1B	0	-	178453
ENSG00000188199	chr10	79703227	79714681	NUTM2B	0	+	11454
ENSG00000188211	chr11	17351800	17377341	NCR3LG1	0	+	25541
ENSG00000188223	chr19	35745678	35754519	ENSG00000188223	0	+	8841
ENSG00000188227	chr19	37506939	37548762	ZNF793	0	+	41823
ENSG00000188229	chr9	137241287	137243707	TUBB4B	0	+	2420
ENSG00000188234	chr10	45825594	45853875	AGAP4	0	-	28281
ENSG00000188243	chr13	75525214	75549439	COMMD6	0	-	24225
ENSG00000188257	chr1	19975431	19980416	PLA2G2A	0	-	4985
ENSG00000188266	chr15	78507564	78537372	HYKK	0	+	29808
ENSG00000188277	chr15	40769980	40772449	C15orf62	0	+	2469
ENSG00000188282	chr2	218034960	218090581	RUFY4	0	+	55621
ENSG00000188283	chr19	37217926	37248740	ZNF383	0	+	30814
ENSG00000188290	chr1	998962	1000172	HES4	0	-	1210
ENSG00000188295	chr1	247099962	247104372	ZNF669	0	-	4410
ENSG00000188312	chr9	92325953	92620529	CENPP	0	+	294576
ENSG00000188313	chr3	146515180	146544856	PLSCR1	0	-	29676
ENSG00000188316	chr10	116849499	116911788	ENO4	0	+	62289
ENSG00000188322	chr16	28259246	28323849	SBK1	0	+	64603
ENSG00000188338	chr3	50205246	50221486	SLC38A3	0	+	16240
ENSG00000188342	chr13	45120510	45284893	GTF2F2	0	+	164383
ENSG00000188343	chr8	93698561	93731527	CIBAR1	0	+	32966
ENSG00000188352	chr9	20658309	20995955	FOCAD	0	+	337646
ENSG00000188368	chr19	42302098	42310814	PRR19	0	+	8716
ENSG00000188372	chr7	76397518	76442071	ZP3	0	+	44553
ENSG00000188375	chr12	31791185	31792298	H3-5	0	-	1113
ENSG00000188385	chr10	132036336	132184858	JAKMIP3	0	+	148522
ENSG00000188389	chr2	241849884	241858894	PDCD1	0	-	9010
ENSG00000188404	chr1	169690665	169711702	SELL	0	-	21037
ENSG00000188419	chrX	85861180	86047561	CHM	0	-	186381
ENSG00000188452	chr2	181535041	181680665	CERKL	0	-	145624
ENSG00000188467	chr15	48120990	48142672	SLC24A5	0	+	21682
ENSG00000188483	chr9	129175552	129178261	IER5L	0	-	2709
ENSG00000188486	chr11	119093874	119095465	H2AX	0	-	1591
ENSG00000188493	chr19	40740856	40751553	C19orf54	0	-	10697
ENSG00000188501	chr15	66547179	66565979	LCTL	0	-	18800
ENSG00000188505	chr19	39196964	39201884	NCCRP1	0	+	4920
ENSG00000188508	chr19	35487324	35495558	KRTDAP	0	-	8234
ENSG00000188517	chr4	108808725	109302752	COL25A1	0	-	494027
ENSG00000188522	chr17	18968789	19004764	FAM83G	0	-	35975
ENSG00000188529	chr1	23964347	23980927	SRSF10	0	-	16580
ENSG00000188536	chr16	172876	173710	HBA2	0	+	834
ENSG00000188542	chr2	240560054	240565256	DUSP28	0	+	5202
ENSG00000188549	chr15	40331452	40340939	CCDC9B	0	-	9487
ENSG00000188554	chr17	43170481	43211689	NBR1	0	+	41208
ENSG00000188559	chr20	20389530	20712644	RALGAPA2	0	-	323114
ENSG00000188566	chr9	137205685	137219361	NDOR1	0	+	13676
ENSG00000188573	chr5	168529305	168530634	FBLL1	0	+	1329
ENSG00000188596	chr12	96489571	96875555	CFAP54	0	+	385984
ENSG00000188610	chr1	121167646	121185539	FAM72B	0	-	17893
ENSG00000188611	chr10	50182778	50279720	ASAH2	0	-	96942
ENSG00000188613	chr10	119029714	119033730	NANOS1	0	+	4016
ENSG00000188636	chr22	44492583	44498233	RTL6	0	-	5650
ENSG00000188641	chr1	97077743	97995000	DPYD	0	-	917257
ENSG00000188643	chr1	153606886	153613145	S100A16	0	-	6259
ENSG00000188647	chr9	69709522	69760011	PTAR1	0	-	50489
ENSG00000188659	chr15	82262810	82284930	SAXO2	0	+	22120
ENSG00000188672	chr1	25362249	25430192	RHCE	0	-	67943
ENSG00000188677	chr22	43999211	44172939	PARVB	0	+	173728
ENSG00000188690	chr10	125784980	125823258	UROS	0	-	38278
ENSG00000188706	chrX	129803288	129843909	ZDHHC9	0	-	40621
ENSG00000188725	chr5	61157704	61162468	SMIM15	0	-	4764
ENSG00000188732	chr7	23680130	23703249	FAM221A	0	+	23119
ENSG00000188735	chr12	121712752	121783001	TMEM120B	0	+	70249
ENSG00000188738	chr2	185738804	185833290	FSIP2	0	+	94486
ENSG00000188747	chr9	137423350	137434406	NOXA1	0	+	11056
ENSG00000188760	chr2	219543663	219550595	TMEM198	0	+	6932
ENSG00000188763	chr7	73433778	73436120	FZD9	0	+	2342
ENSG00000188766	chr19	38388421	38399587	SPRED3	0	+	11166
ENSG00000188783	chr1	203475806	203491352	PRELP	0	+	15546
ENSG00000188786	chr1	37809574	37859592	MTF1	0	-	50018
ENSG00000188803	chr17	11241213	11564063	SHISA6	0	+	322850
ENSG00000188807	chr1	9588911	9614877	TMEM201	0	+	25966
ENSG00000188811	chr13	39038306	39050109	NHLRC3	0	+	11803
ENSG00000188818	chr5	795605	858973	ZDHHC11	0	-	63368
ENSG00000188820	chr6	116461370	116463771	CALHM6	0	+	2401
ENSG00000188827	chr16	3581181	3611606	SLX4	0	-	30425
ENSG00000188833	chr9	137434364	137441816	ENTPD8	0	-	7452
ENSG00000188846	chr3	40457292	40468587	RPL14	0	+	11295
ENSG00000188859	chr1	166057426	166167001	FAM78B	0	-	109575
ENSG00000188868	chr19	12317477	12333720	ZNF563	0	-	16243
ENSG00000188869	chr15	81331088	81374213	TMC3	0	-	43125
ENSG00000188878	chr17	75909574	75941140	FBF1	0	-	31566
ENSG00000188883	chr7	139452690	139483673	KLRG2	0	-	30983
ENSG00000188895	chr17	40121971	40136917	MSL1	0	+	14946
ENSG00000188906	chr12	40196744	40369285	LRRK2	0	+	172541
ENSG00000188910	chr1	34781214	34786369	GJB3	0	+	5155
ENSG00000188916	chr10	127135426	127196591	INSYN2A	0	-	61165
ENSG00000188917	chrX	101009346	101052116	TRMT2B	0	-	42770
ENSG00000188921	chr9	20999509	21031640	HACD4	0	-	32131
ENSG00000188931	chr1	161364733	161367876	CFAP126	0	-	3143
ENSG00000188938	chr9	93431441	93453581	FAM120AOS	0	-	22140
ENSG00000188959	chr9	110190048	110208159	C9orf152	0	-	18111
ENSG00000188976	chr1	944203	959309	NOC2L	0	-	15106
ENSG00000188986	chr9	137255327	137273542	NELFB	0	+	18215
ENSG00000188994	chr6	87152833	87265943	ZNF292	0	+	113110
ENSG00000188997	chr11	78171249	78188626	KCTD21	0	-	17377
ENSG00000189001	chr19	35523367	35528351	SBSN	0	-	4984
ENSG00000189007	chr6	143422832	143450695	ADAT2	0	-	27863
ENSG00000189042	chr19	36687612	36727701	ZNF567	0	+	40089
ENSG00000189043	chr7	10931943	10940153	NDUFA4	0	-	8210
ENSG00000189046	chr12	109088188	109093631	ALKBH2	0	-	5443
ENSG00000189050	chr17	59952240	59964761	RNFT1	0	-	12521
ENSG00000189056	chr7	103471381	103989658	RELN	0	-	518277
ENSG00000189057	chr11	59107185	59127412	FAM111B	0	+	20227
ENSG00000189058	chr3	195568705	195584033	APOD	0	-	15328
ENSG00000189060	chr22	37805229	37807432	H1-0	0	+	2203
ENSG00000189064	chrX	49589496	49596824	GAGE2A	0	+	7328
ENSG00000189067	chr16	11547722	11636381	LITAF	0	-	88659
ENSG00000189077	chr7	75986831	75994656	TMEM120A	0	-	7825
ENSG00000189079	chr12	45729706	45908040	ARID2	0	+	178334
ENSG00000189091	chr16	70523791	70577670	SF3B3	0	+	53879
ENSG00000189120	chr17	47844908	47855874	SP6	0	-	10966
ENSG00000189129	chr10	80131682	80145359	PLAC9	0	+	13677
ENSG00000189143	chr7	73799542	73832690	CLDN4	0	+	33148
ENSG00000189144	chr19	37735833	37817300	ZNF573	0	-	81467
ENSG00000189157	chr4	76214040	76283783	FAM47E	0	+	69743
ENSG00000189159	chr17	75135248	75168281	JPT1	0	-	33033
ENSG00000189164	chr19	37371061	37393066	ZNF527	0	+	22005
ENSG00000189171	chr1	153618787	153631360	S100A13	0	-	12573
ENSG00000189180	chr10	38010650	38065088	ZNF33A	0	+	54438
ENSG00000189184	chr4	137518918	137532494	PCDH18	0	-	13576
ENSG00000189190	chr19	52749942	52786807	ZNF600	0	-	36865
ENSG00000189195	chr1	92080305	92184725	BTBD8	0	+	104420
ENSG00000189221	chrX	43654907	43746817	MAOA	0	+	91910
ENSG00000189227	chr15	67521131	67530146	C15orf61	0	+	9015
ENSG00000189241	chr6	116267760	116279930	TSPYL1	0	-	12170
ENSG00000189266	chr1	23956839	23963462	PNRC2	0	+	6623
ENSG00000189280	chr1	34755047	34758512	GJB5	0	+	3465
ENSG00000189283	chr3	59747277	61251459	FHIT	0	-	1504182
ENSG00000189292	chr2	279558	288851	ALKAL2	0	-	9293
ENSG00000189298	chr6	28349947	28369172	ZKSCAN3	0	+	19225
ENSG00000189306	chr22	42508344	42519796	RRP7A	0	-	11452
ENSG00000189308	chr4	82909973	83012926	LIN54	0	-	102953
ENSG00000189334	chr1	153614255	153616986	S100A14	0	-	2731
ENSG00000189337	chr1	13892792	15118043	KAZN	0	+	1225251
ENSG00000189339	chr1	1659529	1692795	SLC35E2B	0	-	33266
ENSG00000189362	chr2	190504338	190534722	NEMP2	0	-	30384
ENSG00000189369	chrX	51743442	51746232	GSPT2	0	+	2790
ENSG00000189377	chr19	42428278	42442946	CXCL17	0	-	14668
ENSG00000189403	chr13	30456704	30617597	HMGB1	0	-	160893
ENSG00000189409	chr1	1632163	1635263	MMP23B	0	+	3100
ENSG00000189420	chrX	153411472	153426481	ZFP92	0	+	15009
ENSG00000189431	chr11	13009316	13012119	RASSF10	0	+	2803
ENSG00000196072	chr10	100273280	100286680	BLOC1S2	0	-	13400
ENSG00000196074	chr20	59863564	59933655	SYCP2	0	-	70091
ENSG00000196083	chr3	190514051	190659750	IL1RAP	0	+	145699
ENSG00000196090	chr20	42072752	43189970	PTPRT	0	-	1117218
ENSG00000196091	chr12	101568353	101686028	MYBPC1	0	+	117675
ENSG00000196092	chr9	36833269	37034268	PAX5	0	-	200999
ENSG00000196109	chr19	22179089	22215801	ZNF676	0	-	36712
ENSG00000196110	chr19	9291140	9309838	ZNF699	0	-	18698
ENSG00000196116	chr9	97412096	97496125	TDRD7	0	+	84029
ENSG00000196118	chr16	30757423	30762221	CCDC189	0	-	4798
ENSG00000196123	chr16	67175599	67184040	KIAA0895L	0	-	8441
ENSG00000196126	chr6	32578769	32589848	HLA-DRB1	0	-	11079
ENSG00000196132	chr20	64102394	64242253	MYT1	0	+	139859
ENSG00000196139	chr10	5035354	5107686	AKR1C3	0	+	72332
ENSG00000196141	chr2	200305881	200482264	SPATS2L	0	+	176383
ENSG00000196150	chr8	144876497	144902168	ZNF250	0	-	25671
ENSG00000196151	chr2	159235798	159286703	WDSUB1	0	-	50905
ENSG00000196152	chr9	127424374	127445372	ZNF79	0	+	20998
ENSG00000196154	chr1	153543613	153550136	S100A4	0	-	6523
ENSG00000196155	chr16	67277510	67289499	PLEKHG4	0	+	11989
ENSG00000196159	chr4	125314918	125492932	FAT4	0	+	178014
ENSG00000196169	chr17	74326210	74355820	KIF19	0	+	29610
ENSG00000196172	chr19	23739195	23758891	ZNF681	0	-	19696
ENSG00000196177	chr10	123008979	123058290	ACADSB	0	+	49311
ENSG00000196182	chr1	36339624	36385924	STK40	0	-	46300
ENSG00000196187	chr1	225845536	225882380	TMEM63A	0	-	36844
ENSG00000196189	chr1	156147366	156177752	SEMA4A	0	+	30386
ENSG00000196196	chr9	35906202	35907136	HRCT1	0	+	934
ENSG00000196199	chr13	19633659	19673441	MPHOSPH8	0	+	39782
ENSG00000196208	chr2	11482341	11642788	GREB1	0	+	160447
ENSG00000196214	chr19	52269587	52296046	ZNF766	0	+	26459
ENSG00000196218	chr19	38433691	38595273	RYR1	0	+	161582
ENSG00000196220	chr3	8980591	9363053	SRGAP3	0	-	382462
ENSG00000196227	chr20	59933764	59948680	FAM217B	0	+	14916
ENSG00000196228	chr2	108239968	108265351	SULT1C3	0	+	25383
ENSG00000196230	chr6	30717435	30725538	TUBB	0	+	8103
ENSG00000196233	chr10	96832254	96995956	LCOR	0	+	163702
ENSG00000196235	chr19	39436156	39476670	SUPT5H	0	+	40514
ENSG00000196236	chr22	40857077	40932815	XPNPEP3	0	+	75738
ENSG00000196247	chr7	64666099	64711577	ZNF107	0	+	45478
ENSG00000196262	chr7	44796680	44824564	PPIA	0	+	27884
ENSG00000196263	chr19	56507850	56530221	ZNF471	0	+	22371
ENSG00000196267	chr19	52153864	52171643	ZNF836	0	-	17779
ENSG00000196284	chr6	44809317	45377953	SUPT3H	0	-	568636
ENSG00000196290	chr2	200889327	200903938	NIF3L1	0	+	14611
ENSG00000196296	chr16	28878405	28904466	ATP2A1	0	+	26061
ENSG00000196305	chr9	92210207	92293854	IARS1	0	-	83647
ENSG00000196313	chr7	72879349	72951440	POM121	0	+	72091
ENSG00000196323	chr11	130226677	130314917	ZBTB44	0	-	88240
ENSG00000196329	chr7	150722253	150750033	GIMAP5	0	+	27780
ENSG00000196338	chrX	71144821	71175255	NLGN3	0	+	30434
ENSG00000196352	chr1	207321532	207386804	CD55	0	+	65272
ENSG00000196357	chr19	36182276	36246257	ZNF565	0	-	63981
ENSG00000196358	chr9	132162058	132244526	NTNG2	0	+	82468
ENSG00000196363	chr9	134135365	134159968	WDR5	0	+	24603
ENSG00000196365	chr19	5691834	5720572	LONP1	0	-	28738
ENSG00000196367	chr7	98877933	99050831	TRRAP	0	+	172898
ENSG00000196368	chrX	51490011	51496592	NUDT11	0	-	6581
ENSG00000196369	chr1	144887265	145095528	SRGAP2B	0	-	208263
ENSG00000196372	chr10	5638867	5666595	ASB13	0	-	27728
ENSG00000196378	chr8	144772224	144787345	ZNF34	0	-	15121
ENSG00000196387	chr12	133080474	133107526	ZNF140	0	+	27052
ENSG00000196388	chr17	4988130	4997610	INCA1	0	-	9480
ENSG00000196391	chr15	90352284	90369146	ZNF774	0	+	16862
ENSG00000196396	chr20	50510321	50585241	PTPN1	0	+	74920
ENSG00000196405	chr14	99971449	100144236	EVL	0	+	172787
ENSG00000196407	chr1	151847101	151853712	THEM5	0	-	6611
ENSG00000196408	chr16	1978917	1984192	NOXO1	0	-	5275
ENSG00000196411	chr7	100802565	100827523	EPHB4	0	-	24958
ENSG00000196417	chr19	53389793	53430413	ZNF765	0	+	40620
ENSG00000196418	chr1	247121975	247172020	ZNF124	0	-	50045
ENSG00000196419	chr22	41621163	41664048	XRCC6	0	+	42885
ENSG00000196421	chr20	64034344	64039962	C20orf204	0	+	5618
ENSG00000196422	chr9	135479079	135488893	PPP1R26	0	+	9814
ENSG00000196427	chr1	108222464	108244081	NBPF4	0	-	21617
ENSG00000196428	chr3	150408298	150466422	TSC22D2	0	+	58124
ENSG00000196436	chr16	74376306	74392115	NPIPB15	0	+	15809
ENSG00000196437	chr19	37411155	37469275	ZNF569	0	-	58120
ENSG00000196440	chrX	101418287	101533459	ARMCX4	0	+	115172
ENSG00000196449	chr1	37802945	37808208	YRDC	0	-	5263
ENSG00000196453	chr7	149431363	149461062	ZNF777	0	-	29699
ENSG00000196455	chr3	130678934	130746829	PIK3R4	0	-	67895
ENSG00000196456	chr7	150368790	150398630	ZNF775	0	+	29840
ENSG00000196459	chrX	13712244	13734635	TRAPPC2	0	-	22391
ENSG00000196465	chr12	56152256	56159647	MYL6B	0	+	7391
ENSG00000196470	chr16	48356364	48448402	SIAH1	0	-	92038
ENSG00000196476	chr20	270863	290778	C20orf96	0	-	19915
ENSG00000196482	chr1	216503246	217137755	ESRRG	0	-	634509
ENSG00000196498	chr12	124324415	124567589	NCOR2	0	-	243174
ENSG00000196503	chr4	56505209	56524959	ARL9	0	+	19750
ENSG00000196504	chr2	152651593	152717997	PRPF40A	0	-	66404
ENSG00000196505	chr1	117863485	117929621	GDAP2	0	-	66136
ENSG00000196507	chrX	103607451	103629690	TCEAL3	0	+	22239
ENSG00000196510	chr12	110372900	110403730	ANAPC7	0	-	30830
ENSG00000196511	chr7	144451941	144836395	TPK1	0	-	384454
ENSG00000196517	chr1	43991500	44031467	SLC6A9	0	-	39967
ENSG00000196526	chr4	7758714	7939926	AFAP1	0	-	181212
ENSG00000196535	chr17	29071122	29180398	MYO18A	0	-	109276
ENSG00000196542	chr3	161344798	161372880	SPTSSB	0	-	28082
ENSG00000196544	chr17	8188345	8190180	BORCS6	0	-	1835
ENSG00000196547	chr15	90902218	90922584	MAN2A2	0	+	20366
ENSG00000196549	chr3	155024124	155183704	MME	0	+	159580
ENSG00000196550	chr1	206186179	206204414	FAM72A	0	-	18235
ENSG00000196557	chr16	1153106	1221771	CACNA1H	0	+	68665
ENSG00000196562	chr20	47656348	47786616	SULF2	0	-	130268
ENSG00000196569	chr6	128883138	129516566	LAMA2	0	+	633428
ENSG00000196576	chr22	50274979	50307646	PLXNB2	0	-	32667
ENSG00000196581	chr1	4654609	4792534	AJAP1	0	+	137925
ENSG00000196584	chr7	152644776	152676141	XRCC2	0	-	31365
ENSG00000196586	chr6	75749201	75919537	MYO6	0	+	170336
ENSG00000196588	chr22	40410281	40636719	MRTFA	0	-	226438
ENSG00000196591	chr6	113933028	114011308	HDAC2	0	-	78280
ENSG00000196597	chr9	96816269	96875623	ZNF782	0	-	59354
ENSG00000196604	chr2	130073535	130129222	POTEF	0	-	55687
ENSG00000196605	chr19	9751993	9793180	ZNF846	0	-	41187
ENSG00000196611	chr11	102789401	102798160	MMP1	0	-	8759
ENSG00000196616	chr4	99304971	99352760	ADH1B	0	-	47789
ENSG00000196620	chr4	68646597	68670652	UGT2B15	0	-	24055
ENSG00000196628	chr18	55222185	55664787	TCF4	0	-	442602
ENSG00000196632	chrX	54192823	54358642	WNK3	0	-	165819
ENSG00000196636	chr7	97117698	97181763	SDHAF3	0	+	64065
ENSG00000196639	chr3	11137093	11263557	HRH1	0	+	126464
ENSG00000196642	chr9	136807943	136841187	RABL6	0	+	33244
ENSG00000196646	chr19	12163064	12189871	ZNF136	0	+	26807
ENSG00000196652	chr7	99504662	99534700	ZKSCAN5	0	+	30038
ENSG00000196653	chr3	44712643	44723831	ZNF502	0	+	11188
ENSG00000196655	chr11	119018763	119025454	TRAPPC4	0	+	6691
ENSG00000196659	chr2	177548998	177552796	TTC30B	0	-	3798
ENSG00000196663	chr14	102362941	102502477	TECPR2	0	+	139536
ENSG00000196664	chrX	12867072	12890361	TLR7	0	+	23289
ENSG00000196670	chr5	180847611	180861285	ZFP62	0	-	13674
ENSG00000196678	chr16	20780193	20900349	ERI2	0	-	120156
ENSG00000196683	chr7	22812628	22822849	TOMM7	0	-	10221
ENSG00000196684	chr19	16134028	16158575	HSH2D	0	+	24547
ENSG00000196693	chr10	42574185	42638570	ZNF33B	0	-	64385
ENSG00000196700	chr20	63956704	63969930	ZNF512B	0	-	13226
ENSG00000196704	chr17	68205481	68257712	AMZ2	0	+	52231
ENSG00000196705	chr19	21142024	21196053	ZNF431	0	+	54029
ENSG00000196712	chr17	31094927	31382116	NF1	0	+	287189
ENSG00000196715	chr7	65873074	65959563	VKORC1L1	0	+	86489
ENSG00000196724	chr19	57921882	57935402	ZNF418	0	-	13520
ENSG00000196730	chr9	87497228	87708634	DAPK1	0	+	211406
ENSG00000196735	chr6	32628179	32647062	HLA-DQA1	0	+	18883
ENSG00000196739	chr9	114155537	114312511	COL27A1	0	+	156974
ENSG00000196743	chr5	151212150	151270440	GM2A	0	+	58290
ENSG00000196747	chr6	27808173	27808667	H2AC13	0	+	494
ENSG00000196748	chr6	35776594	35779552	CLPSL2	0	+	2958
ENSG00000196754	chr1	153561108	153567890	S100A2	0	-	6782
ENSG00000196776	chr3	108043091	108091862	CD47	0	-	48771
ENSG00000196781	chr9	81583683	81689547	TLE1	0	-	105864
ENSG00000196782	chr4	139716753	140154184	MAML3	0	-	437431
ENSG00000196787	chr6	27133043	27133535	H2AC11	0	+	492
ENSG00000196792	chr14	30893799	31026401	STRN3	0	-	132602
ENSG00000196793	chr10	43556344	43574618	ZNF239	0	-	18274
ENSG00000196812	chr6	28107689	28130082	ZSCAN16	0	+	22393
ENSG00000196814	chr9	126326829	126507041	MVB12B	0	+	180212
ENSG00000196821	chr6	34587288	34696859	ILRUN	0	-	109571
ENSG00000196826	chr19	12461559	12551474	ENSG00000196826	0	-	89915
ENSG00000196834	chr2	130459455	130509707	POTEI	0	-	50252
ENSG00000196839	chr20	44619522	44652233	ADA	0	-	32711
ENSG00000196843	chr2	96536743	96552634	ARID5A	0	+	15891
ENSG00000196850	chr12	110533245	110583318	PPTC7	0	-	50073
ENSG00000196862	chr2	107826892	107892544	RGPD4	0	+	65652
ENSG00000196865	chr10	113854661	113917194	NHLRC2	0	+	62533
ENSG00000196867	chr19	56538948	56556808	ZFP28	0	+	17860
ENSG00000196872	chr2	98793846	98936259	CRACDL	0	-	142413
ENSG00000196873	chr9	68232003	68300035	CBWD3	0	+	68032
ENSG00000196876	chr12	51590266	51812864	SCN8A	0	+	222598
ENSG00000196878	chr1	209614870	209652425	LAMB3	0	-	37555
ENSG00000196890	chr1	228458103	228463104	H2BU1	0	+	5001
ENSG00000196911	chr6	116681187	116741867	KPNA5	0	+	60680
ENSG00000196912	chr2	97492663	97589877	ANKRD36B	0	-	97214
ENSG00000196914	chr11	120336413	120489937	ARHGEF12	0	+	153524
ENSG00000196917	chr12	122726076	122730844	HCAR1	0	-	4768
ENSG00000196923	chr5	177483394	177497606	PDLIM7	0	-	14212
ENSG00000196924	chrX	154348524	154374634	FLNA	0	-	26110
ENSG00000196932	chr10	61406642	61453381	TMEM26	0	-	46739
ENSG00000196935	chr12	63844700	64162217	SRGAP1	0	+	317517
ENSG00000196937	chr7	121348878	121396364	FAM3C	0	-	47486
ENSG00000196943	chr14	24299850	24309124	NOP9	0	+	9274
ENSG00000196950	chr2	195575977	195737702	SLC39A10	0	+	161725
ENSG00000196954	chr11	104942866	104969366	CASP4	0	-	26500
ENSG00000196961	chr19	49767001	49807114	AP2A1	0	+	40113
ENSG00000196968	chr10	73772276	73780251	FUT11	0	+	7975
ENSG00000196972	chrX	135094985	135098712	SMIM10L2B	0	-	3727
ENSG00000196975	chr2	69644425	69827112	ANXA4	0	+	182687
ENSG00000196976	chrX	154477775	154479281	LAGE3	0	-	1506
ENSG00000196981	chr3	122411846	122416062	WDR5B	0	-	4216
ENSG00000196993	chr16	28751787	28772807	NPIPB9	0	+	21020
ENSG00000196998	chrX	49074433	49101170	WDR45	0	-	26737
ENSG00000197006	chr16	21597218	21657471	METTL9	0	+	60253
ENSG00000197008	chr7	64794388	64833681	ZNF138	0	+	39293
ENSG00000197013	chr19	21496682	21556270	ZNF429	0	+	59588
ENSG00000197016	chr19	56567468	56588911	ZNF470	0	+	21443
ENSG00000197019	chr19	40421589	40425992	SERTAD1	0	-	4403
ENSG00000197020	chr19	21722771	21767579	ZNF100	0	-	44808
ENSG00000197021	chrX	149929527	149938700	EOLA2	0	-	9173
ENSG00000197024	chr7	149126416	149183042	ZNF398	0	+	56626
ENSG00000197037	chr7	99616946	99632408	ZSCAN25	0	+	15462
ENSG00000197043	chr5	151100706	151157785	ANXA6	0	-	57079
ENSG00000197044	chr19	11767000	11784078	ZNF441	0	+	17078
ENSG00000197045	chr14	54474484	54489026	GMFB	0	-	14542
ENSG00000197046	chr18	45825675	45844094	SIGLEC15	0	+	18419
ENSG00000197050	chr19	37007857	37130368	ZNF420	0	+	122511
ENSG00000197056	chr1	35032172	35115859	ZMYM1	0	+	83687
ENSG00000197063	chr17	81918270	81927735	MAFG	0	-	9465
ENSG00000197070	chr9	137605685	137615360	ARRDC1	0	+	9675
ENSG00000197077	chr22	24952716	25197448	KIAA1671	0	+	244732
ENSG00000197081	chr6	159969082	160113507	IGF2R	0	+	144425
ENSG00000197093	chr7	100159244	100168617	GAL3ST4	0	-	9373
ENSG00000197102	chr14	101964573	102056443	DYNC1H1	0	+	91870
ENSG00000197106	chr1	110150494	110202202	SLC6A17	0	+	51708
ENSG00000197111	chr12	53452102	53481162	PCBP2	0	+	29060
ENSG00000197119	chr14	100291116	100306547	SLC25A29	0	-	15431
ENSG00000197121	chr2	196833004	196927796	PGAP1	0	-	94792
ENSG00000197122	chr20	37344685	37406050	SRC	0	+	61365
ENSG00000197124	chr19	19997058	20039505	ZNF682	0	-	42447
ENSG00000197134	chr19	22052430	22091480	ZNF257	0	+	39050
ENSG00000197136	chr11	65615776	65637439	PCNX3	0	+	21663
ENSG00000197140	chr8	39106990	39284917	ADAM32	0	+	177927
ENSG00000197142	chr10	112374116	112428379	ACSL5	0	+	54263
ENSG00000197147	chr1	89524829	89597861	LRRC8B	0	+	73032
ENSG00000197150	chr7	151028422	151047782	ABCB8	0	+	19360
ENSG00000197153	chr6	27890315	27893106	H3C12	0	-	2791
ENSG00000197157	chr7	127652194	128092609	SND1	0	+	440415
ENSG00000197162	chr16	30573740	30585769	ZNF785	0	-	12029
ENSG00000197168	chr13	52033611	52129092	NEK5	0	-	95481
ENSG00000197170	chr17	67337916	67366605	PSMD12	0	-	28689
ENSG00000197172	chrX	152766136	152769716	MAGEA6	0	-	3580
ENSG00000197181	chr8	22275316	22357568	PIWIL2	0	+	82252
ENSG00000197183	chr20	32443059	32585333	NOL4L	0	-	142274
ENSG00000197191	chr9	137224635	137226315	CYSRT1	0	+	1680
ENSG00000197208	chr5	132294394	132344190	SLC22A4	0	+	49796
ENSG00000197223	chr2	68041130	68110948	C1D	0	-	69818
ENSG00000197226	chr5	179862066	179907897	TBC1D9B	0	-	45831
ENSG00000197238	chr6	27824092	27824480	H4C11	0	+	388
ENSG00000197245	chr1	26159079	26163962	FAM110D	0	+	4883
ENSG00000197249	chr14	94376747	94390693	SERPINA1	0	-	13946
ENSG00000197253	chr16	1227272	1230184	TPSB2	0	-	2912
ENSG00000197256	chr19	11164270	11197791	KANK2	0	-	33521
ENSG00000197261	chr6	49550666	49561907	C6orf141	0	+	11241
ENSG00000197265	chr8	30578318	30658236	GTF2E2	0	-	79918
ENSG00000197275	chr8	94371960	94475115	RAD54B	0	-	103155
ENSG00000197279	chr6	28080568	28089563	ZNF165	0	+	8995
ENSG00000197283	chr6	33419661	33453689	SYNGAP1	0	+	34028
ENSG00000197296	chr20	44302840	44311202	FITM2	0	-	8362
ENSG00000197299	chr15	90717346	90816166	BLM	0	+	98820
ENSG00000197302	chr16	31713229	31794869	ZNF720	0	+	81640
ENSG00000197312	chr1	15617458	15669044	DDI2	0	+	51586
ENSG00000197321	chr10	29457338	29736959	SVIL	0	-	279621
ENSG00000197323	chr1	114392790	114511203	TRIM33	0	-	118413
ENSG00000197324	chr14	22871740	22881713	LRP10	0	+	9973
ENSG00000197329	chr2	64092652	64144420	PELI1	0	-	51768
ENSG00000197345	chr11	68891276	68903835	MRPL21	0	-	12559
ENSG00000197355	chr9	137077517	137084539	UAP1L1	0	+	7022
ENSG00000197360	chr19	22391019	22532485	ZNF98	0	-	141466
ENSG00000197361	chr15	63597353	63602428	FBXL22	0	+	5075
ENSG00000197362	chr7	149069641	149090782	ZNF786	0	-	21141
ENSG00000197363	chr8	144798876	144811169	ZNF517	0	+	12293
ENSG00000197372	chr19	23525631	23687220	ZNF675	0	-	161589
ENSG00000197375	chr5	132369710	132395613	SLC22A5	0	+	25903
ENSG00000197380	chr19	46647551	46661182	DACT3	0	-	13631
ENSG00000197381	chr21	45073853	45226560	ADARB1	0	+	152707
ENSG00000197385	chr3	31981750	31991723	ZNF860	0	+	9973
ENSG00000197386	chr4	3041363	3243957	HTT	0	+	202594
ENSG00000197405	chr19	47290023	47322066	C5AR1	0	+	32043
ENSG00000197406	chr14	101561351	101563452	DIO3	0	+	2101
ENSG00000197408	chr19	40991282	41018398	CYP2B6	0	+	27116
ENSG00000197410	chr4	154231742	154491799	DCHS2	0	-	260057
ENSG00000197415	chr3	157259742	157533619	VEPH1	0	-	273877
ENSG00000197429	chr1	45694324	45750653	IPP	0	-	56329
ENSG00000197442	chr6	136557046	136792477	MAP3K5	0	-	235431
ENSG00000197444	chr10	49734641	49762379	OGDHL	0	-	27738
ENSG00000197448	chr7	143244093	143270854	GSTK1	0	+	26761
ENSG00000197451	chr5	178204533	178211163	HNRNPAB	0	+	6630
ENSG00000197457	chr20	63639705	63657682	STMN3	0	-	17977
ENSG00000197461	chr7	497258	520296	PDGFA	0	-	23038
ENSG00000197467	chr10	69801880	69964275	COL13A1	0	+	162395
ENSG00000197479	chr5	141199610	141203779	PCDHB11	0	+	4169
ENSG00000197483	chr19	55476617	55484487	ZNF628	0	+	7870
ENSG00000197496	chr20	46709649	46736347	SLC2A10	0	+	26698
ENSG00000197497	chr19	53159213	53193386	ZNF665	0	-	34173
ENSG00000197498	chr6	110982015	111028263	RPF2	0	+	46248
ENSG00000197506	chr9	84275457	84340758	SLC28A3	0	-	65301
ENSG00000197520	chr1	222737202	222751004	FAM177B	0	+	13802
ENSG00000197530	chr1	1615454	1630605	MIB2	0	+	15151
ENSG00000197535	chr15	52307281	52529132	MYO5A	0	-	221851
ENSG00000197540	chr19	544034	549924	GZMM	0	+	5890
ENSG00000197548	chr3	11272309	11557665	ATG7	0	+	285356
ENSG00000197555	chr14	71320449	71741229	SIPA1L1	0	+	420780
ENSG00000197557	chr2	177612999	177618742	TTC30A	0	-	5743
ENSG00000197562	chr16	589357	629272	RAB40C	0	+	39915
ENSG00000197563	chr18	61905255	62187118	PIGN	0	-	281863
ENSG00000197565	chrX	108155607	108439497	COL4A6	0	-	283890
ENSG00000197566	chr17	16620734	16653856	ZNF624	0	-	33122
ENSG00000197586	chr20	25195693	25228075	ENTPD6	0	+	32382
ENSG00000197594	chr6	131808016	131895155	ENPP1	0	+	87139
ENSG00000197599	chr16	1434383	1444556	CCDC154	0	-	10173
ENSG00000197601	chr11	13668668	13732346	FAR1	0	+	63678
ENSG00000197603	chr5	37106228	37249376	CPLANE1	0	-	143148
ENSG00000197614	chr12	8637346	8662888	MFAP5	0	-	25542
ENSG00000197619	chr19	51991332	52008230	ZNF615	0	-	16898
ENSG00000197620	chrX	149540355	149550510	EOLA1	0	+	10155
ENSG00000197622	chr1	151050971	151070325	CDC42SE1	0	-	19354
ENSG00000197629	chr11	59208510	59212927	MPEG1	0	-	4417
ENSG00000197635	chr2	161992245	162074394	DPP4	0	-	82149
ENSG00000197646	chr9	5510531	5571282	PDCD1LG2	0	+	60751
ENSG00000197653	chr12	123762188	123935720	DNAH10	0	+	173532
ENSG00000197694	chr9	128552558	128633662	SPTAN1	0	+	81104
ENSG00000197696	chr15	84655129	84658563	NMB	0	-	3434
ENSG00000197702	chr11	12377563	12535356	PARVA	0	+	157793
ENSG00000197705	chr18	32672673	32773023	KLHL14	0	-	100350
ENSG00000197712	chr4	38867677	38945739	FAM114A1	0	+	78062
ENSG00000197713	chr2	210002565	210022260	RPE	0	+	19695
ENSG00000197714	chr19	57280051	57294069	ZNF460	0	+	14018
ENSG00000197724	chr9	93576584	93679587	PHF2	0	+	103003
ENSG00000197728	chr12	56041351	56044697	RPS26	0	+	3346
ENSG00000197746	chr10	71816298	71851251	PSAP	0	-	34953
ENSG00000197747	chr1	151982915	151993859	S100A10	0	-	10944
ENSG00000197748	chr10	104129888	104232364	CFAP43	0	-	102476
ENSG00000197753	chr6	35797206	35845397	LHFPL5	0	+	48191
ENSG00000197756	chr2	216498825	216579180	RPL37A	0	+	80355
ENSG00000197763	chr3	126571779	126655124	TXNRD3	0	-	83345
ENSG00000197766	chr19	859664	863641	CFD	0	+	3977
ENSG00000197771	chr10	119829404	119892556	MCMBP	0	-	63152
ENSG00000197774	chr16	1772810	1781708	EME2	0	+	8898
ENSG00000197776	chr14	49693105	49753150	KLHDC1	0	+	60045
ENSG00000197779	chrX	47836902	48002561	ZNF81	0	+	165659
ENSG00000197780	chr1	109062496	109076012	TAF13	0	-	13516
ENSG00000197782	chr19	40069152	40090943	ZNF780A	0	-	21791
ENSG00000197785	chr1	1512162	1534685	ATAD3A	0	+	22523
ENSG00000197798	chr11	126211724	126262984	FAM118B	0	+	51260
ENSG00000197808	chr19	36636618	36666853	ZNF461	0	-	30235
ENSG00000197816	chr9	97307304	97378751	CCDC180	0	+	71447
ENSG00000197818	chr20	49812713	49892242	SLC9A8	0	+	79529
ENSG00000197822	chr5	69492292	69558104	OCLN	0	+	65812
ENSG00000197837	chr12	14767999	14771131	H4-16	0	-	3132
ENSG00000197838	chr19	41088451	41096195	CYP2A13	0	+	7744
ENSG00000197841	chr19	34734155	34745378	ZNF181	0	+	11223
ENSG00000197852	chr1	111680630	111755824	INKA2	0	-	75194
ENSG00000197857	chr19	12224686	12294883	ZNF44	0	-	70197
ENSG00000197858	chr8	144082590	144086216	GPAA1	0	+	3626
ENSG00000197859	chr9	133532164	133575519	ADAMTSL2	0	+	43355
ENSG00000197860	chr5	65665928	65723035	SGTB	0	-	57107
ENSG00000197863	chr19	36817428	36850787	ZNF790	0	-	33359
ENSG00000197872	chr2	16549459	16666331	CYRIA	0	-	116872
ENSG00000197879	chr17	1464186	1492686	MYO1C	0	-	28500
ENSG00000197885	chr3	23889951	23946591	NKIRAS1	0	-	56640
ENSG00000197888	chr4	68537173	68576413	UGT2B17	0	-	39240
ENSG00000197892	chr8	29067278	29263124	KIF13B	0	-	195846
ENSG00000197893	chr10	113588714	113664070	NRAP	0	-	75356
ENSG00000197894	chr4	99070978	99088801	ADH5	0	-	17823
ENSG00000197903	chr6	27146361	27146855	H2BC12	0	-	494
ENSG00000197905	chr12	2959330	3040676	TEAD4	0	+	81346
ENSG00000197912	chr16	89490719	89557766	SPG7	0	+	67047
ENSG00000197928	chr19	53235381	53254898	ZNF677	0	-	19517
ENSG00000197930	chr14	52639915	52695900	ERO1A	0	-	55985
ENSG00000197933	chr19	11721265	11739009	ZNF823	0	-	17744
ENSG00000197935	chr6	28994785	29005316	ZNF311	0	-	10531
ENSG00000197937	chr19	53124072	53159075	ZNF347	0	-	35003
ENSG00000197943	chr16	81739097	81962685	PLCG2	0	+	223588
ENSG00000197948	chr5	141639302	141651418	FCHSD1	0	-	12116
ENSG00000197951	chr19	56595300	56626481	ZNF71	0	+	31181
ENSG00000197956	chr1	153534599	153536244	S100A6	0	-	1645
ENSG00000197958	chr9	127447674	127451406	RPL12	0	-	3732
ENSG00000197959	chr1	171817887	172418466	DNM3	0	+	600579
ENSG00000197961	chr19	9560329	9584504	ZNF121	0	-	24175
ENSG00000197965	chr1	167721192	167791919	MPZL1	0	+	70727
ENSG00000197969	chr9	77177445	77421537	VPS13A	0	+	244092
ENSG00000197971	chr18	76978827	77133683	MBP	0	-	154856
ENSG00000197976	chrX	1591604	1602520	AKAP17A	0	+	10916
ENSG00000197976	chrY	1591604	1602520	AKAP17A	0	+	10916
ENSG00000197977	chr6	10980759	11044305	ELOVL2	0	-	63546
ENSG00000197978	chr15	82429816	82439153	GOLGA6L9	0	+	9337
ENSG00000197982	chr1	37806979	37809454	C1orf122	0	+	2475
ENSG00000197991	chr13	61409858	61427849	ENSG00000197991	0	-	17991
ENSG00000198000	chr9	92297358	92325636	NOL8	0	-	28278
ENSG00000198001	chr12	43758944	43789543	IRAK4	0	+	30599
ENSG00000198003	chr19	11420604	11435782	ODAD3	0	-	15178
ENSG00000198015	chr12	93467514	93516214	MRPL42	0	+	48700
ENSG00000198019	chr1	121087345	121097161	FCGR1B	0	+	9816
ENSG00000198026	chr20	45948660	45972203	ZNF335	0	-	23543
ENSG00000198034	chrX	72255679	72277248	RPS4X	0	-	21569
ENSG00000198039	chr7	64870172	64930981	ZNF273	0	+	60809
ENSG00000198040	chr12	133037292	133063304	ZNF84	0	+	26012
ENSG00000198042	chr8	33485182	33501262	MAK16	0	+	16080
ENSG00000198046	chr19	56439325	56478065	ZNF667	0	-	38740
ENSG00000198053	chr20	1894167	1940592	SIRPA	0	+	46425
ENSG00000198055	chr5	177403204	177442901	GRK6	0	+	39697
ENSG00000198060	chr10	92291167	92353964	MARCHF5	0	+	62797
ENSG00000198064	chr16	30222937	30254510	NPIPB13	0	-	31573
ENSG00000198074	chr7	134527567	134541412	AKR1B10	0	+	13845
ENSG00000198075	chr2	108377911	108388989	SULT1C4	0	+	11078
ENSG00000198077	chr19	40875439	40882752	CYP2A7	0	-	7313
ENSG00000198081	chr18	5289019	5297053	ZBTB14	0	-	8034
ENSG00000198087	chr6	47477789	47627263	CD2AP	0	+	149474
ENSG00000198088	chrX	107123427	107206433	NUP62CL	0	-	83006
ENSG00000198105	chr10	37776526	37858106	ZNF248	0	-	81580
ENSG00000198108	chr5	129904465	130186634	CHSY3	0	+	282169
ENSG00000198113	chr9	137277726	137282641	TOR4A	0	+	4915
ENSG00000198121	chr9	110873263	111038470	LPAR1	0	-	165207
ENSG00000198125	chr22	35606764	35637951	MB	0	-	31187
ENSG00000198130	chr2	190189735	190344193	HIBCH	0	-	154458
ENSG00000198133	chr14	67447084	67533739	TMEM229B	0	-	86655
ENSG00000198142	chr2	109614364	109618990	SOWAHC	0	+	4626
ENSG00000198146	chr15	34978341	34988287	ZNF770	0	-	9946
ENSG00000198156	chr16	28342555	28363508	NPIPB6	0	-	20953
ENSG00000198157	chrX	81113699	81201913	HMGN5	0	-	88214
ENSG00000198160	chr1	66924895	66988619	MIER1	0	+	63724
ENSG00000198162	chr1	117367449	117528872	MAN1A2	0	+	161423
ENSG00000198168	chr11	22813799	22830299	SVIP	0	-	16500
ENSG00000198169	chr8	144720907	144756417	ZNF251	0	-	35510
ENSG00000198171	chr20	3190350	3204685	DDRGK1	0	-	14335
ENSG00000198176	chr13	113584721	113641473	TFDP1	0	+	56752
ENSG00000198182	chr19	37696371	37719761	ZNF607	0	-	23390
ENSG00000198183	chr20	33235995	33243311	BPIFA1	0	+	7316
ENSG00000198185	chr20	46499630	46513559	ZNF334	0	-	13929
ENSG00000198189	chr4	87336515	87391188	HSD17B11	0	-	54673
ENSG00000198198	chr1	43389882	43454247	SZT2	0	+	64365
ENSG00000198203	chr2	108288639	108309915	SULT1C2	0	+	21276
ENSG00000198205	chrX	57905430	57910458	ZXDA	0	-	5028
ENSG00000198208	chr14	74903951	74923302	RPS6KL1	0	-	19351
ENSG00000198218	chr3	49029707	49094363	QRICH1	0	-	64656
ENSG00000198223	chrX	1268800	1310381	CSF2RA	0	+	41581
ENSG00000198223	chrY	1268800	1310381	CSF2RA	0	+	41581
ENSG00000198225	chr6	63211446	63213024	FKBP1C	0	+	1578
ENSG00000198231	chr17	63773603	63819317	DDX42	0	+	45714
ENSG00000198242	chr17	28719985	28724359	RPL23A	0	+	4374
ENSG00000198246	chr10	71319259	71381423	SLC29A3	0	+	62164
ENSG00000198252	chr14	52730166	52774989	STYX	0	+	44823
ENSG00000198258	chr19	9827892	9830115	UBL5	0	+	2223
ENSG00000198265	chr17	67070444	67245989	HELZ	0	-	175545
ENSG00000198270	chr12	111931282	112013185	TMEM116	0	-	81903
ENSG00000198276	chr20	63939829	63956416	UCKL1	0	-	16587
ENSG00000198286	chr7	2906142	3043867	CARD11	0	-	137725
ENSG00000198298	chr10	43606419	43617904	ZNF485	0	+	11485
ENSG00000198301	chr4	75940950	75990962	SDAD1	0	-	50012
ENSG00000198315	chr6	28141883	28159460	ZKSCAN8	0	+	17577
ENSG00000198324	chr12	111360651	111369121	PHETA1	0	-	8470
ENSG00000198331	chr11	125883614	125900646	HYLS1	0	+	17032
ENSG00000198342	chr19	12345944	12365905	ZNF442	0	-	19961
ENSG00000198346	chr19	53467733	53496255	ZNF813	0	+	28522
ENSG00000198355	chr22	49960768	49964072	PIM3	0	+	3304
ENSG00000198356	chr19	12737139	12748323	GET3	0	+	11184
ENSG00000198363	chr8	61500556	61714640	ASPH	0	-	214084
ENSG00000198369	chr2	65310851	65432637	SPRED2	0	-	121786
ENSG00000198373	chr16	69762328	69941741	WWP2	0	+	179413
ENSG00000198380	chr2	69319780	69387250	GFPT1	0	-	67470
ENSG00000198382	chr11	75815210	76144232	UVRAG	0	+	329022
ENSG00000198393	chr12	132986365	133032952	ZNF26	0	+	46587
ENSG00000198399	chr2	24202864	24360536	ITSN2	0	-	157672
ENSG00000198408	chr10	101784443	101818465	OGA	0	-	34022
ENSG00000198417	chr16	56657731	56660698	MT1F	0	+	2967
ENSG00000198420	chr7	143851375	143902198	TCAF1	0	-	50823
ENSG00000198429	chr19	11887782	11914329	ZNF69	0	+	26547
ENSG00000198431	chr12	104215779	104350307	TXNRD1	0	+	134528
ENSG00000198435	chr9	137299631	137302271	NRARP	0	-	2640
ENSG00000198440	chr19	56397966	56436035	ZNF583	0	+	38069
ENSG00000198453	chr19	36916329	36998700	ZNF568	0	+	82371
ENSG00000198455	chrX	57592011	57597477	ZXDB	0	+	5466
ENSG00000198464	chr19	52297169	52325922	ZNF480	0	+	28753
ENSG00000198466	chr19	57849859	57865117	ZNF587	0	+	15258
ENSG00000198467	chr9	35681992	35690056	TPM2	0	-	8064
ENSG00000198478	chr6	79631329	79703655	SH3BGRL2	0	+	72326
ENSG00000198482	chr19	52527652	52564464	ZNF808	0	+	36812
ENSG00000198483	chr1	145866560	145885866	ANKRD35	0	-	19306
ENSG00000198492	chr1	28736621	28769775	YTHDF2	0	+	33154
ENSG00000198498	chr4	163494442	163520539	TMA16	0	+	26097
ENSG00000198502	chr6	32517353	32530287	HLA-DRB5	0	-	12934
ENSG00000198513	chr14	50532509	50634017	ATL1	0	+	101508
ENSG00000198515	chr4	47935977	48016681	CNGA1	0	-	80704
ENSG00000198517	chr7	1530702	1543043	MAFK	0	+	12341
ENSG00000198520	chr1	44674692	44725591	ARMH1	0	+	50899
ENSG00000198521	chr19	21804946	21852125	ZNF43	0	-	47179
ENSG00000198522	chr2	27628247	27651511	GPN1	0	+	23264
ENSG00000198523	chr6	118548296	118561716	PLN	0	+	13420
ENSG00000198535	chr15	62066977	62070917	C2CD4A	0	+	3940
ENSG00000198538	chr19	52797408	52857600	ZNF28	0	-	60192
ENSG00000198542	chr13	101452593	101720856	ITGBL1	0	+	268263
ENSG00000198551	chr19	11559374	11619161	ZNF627	0	+	59787
ENSG00000198554	chr14	54938949	55027105	WDHD1	0	-	88156
ENSG00000198556	chr7	99472890	99503650	ZNF789	0	+	30760
ENSG00000198576	chr8	142611049	142614479	ARC	0	-	3430
ENSG00000198585	chr3	131381671	131388830	NUDT16	0	+	7159
ENSG00000198586	chr2	170990823	171231314	TLK1	0	-	240491
ENSG00000198589	chr4	150264435	151015727	LRBA	0	-	751292
ENSG00000198598	chr12	131828393	131851783	MMP17	0	+	23390
ENSG00000198604	chr14	34752731	34875647	BAZ1A	0	-	122916
ENSG00000198610	chr10	5195462	5218949	AKR1C4	0	+	23487
ENSG00000198612	chr2	237085882	237100474	COPS8	0	+	14592
ENSG00000198624	chr5	151181052	151224093	CCDC69	0	-	43041
ENSG00000198625	chr1	204516379	204558120	MDM4	0	+	41741
ENSG00000198626	chr1	237042184	237833988	RYR2	0	+	791804
ENSG00000198642	chr9	21329665	21335404	KLHL9	0	-	5739
ENSG00000198643	chr3	58633946	58666834	FAM3D	0	-	32888
ENSG00000198648	chr2	167954020	168247595	STK39	0	-	293575
ENSG00000198650	chr16	71565660	71577092	TAT	0	-	11432
ENSG00000198663	chr6	36871870	36928964	C6orf89	0	+	57094
ENSG00000198668	chr14	90396502	90408268	CALM1	0	+	11766
ENSG00000198673	chr12	61708273	62279150	TAFA2	0	-	570877
ENSG00000198677	chr5	95461755	95554977	TTC37	0	-	93222
ENSG00000198680	chr9	25676969	25678444	TUSC1	0	-	1475
ENSG00000198681	chrX	153179284	153183880	MAGEA1	0	+	4596
ENSG00000198682	chr10	87659613	87747705	PAPSS2	0	+	88092
ENSG00000198689	chrX	135973841	136047269	SLC9A6	0	+	73428
ENSG00000198690	chr15	30890559	30943108	FAN1	0	+	52549
ENSG00000198691	chr1	93992834	94121148	ABCA4	0	-	128314
ENSG00000198700	chr1	201829149	201884291	IPO9	0	+	55142
ENSG00000198707	chr12	88049016	88142099	CEP290	0	-	93083
ENSG00000198715	chr1	156290089	156295689	GLMP	0	-	5600
ENSG00000198718	chr14	44962190	45074431	TOGARAM1	0	+	112241
ENSG00000198719	chr6	170282206	170306565	DLL1	0	-	24359
ENSG00000198720	chr17	29589769	29614761	ANKRD13B	0	+	24992
ENSG00000198721	chr6	4115693	4135597	ECI2	0	-	19904
ENSG00000198722	chr9	35161992	35405338	UNC13B	0	+	243346
ENSG00000198728	chr10	102106489	102120368	LDB1	0	-	13879
ENSG00000198729	chr6	150143044	150250392	PPP1R14C	0	+	107348
ENSG00000198730	chr11	10751246	10801625	CTR9	0	+	50379
ENSG00000198732	chr14	69854131	70032366	SMOC1	0	+	178235
ENSG00000198734	chr1	169511951	169586588	F5	0	-	74637
ENSG00000198736	chr16	1938229	1943199	MSRB1	0	-	4970
ENSG00000198740	chr17	49289206	49362473	ZNF652	0	-	73267
ENSG00000198742	chr7	99027440	99144108	SMURF1	0	-	116668
ENSG00000198746	chr1	26890488	26900467	GPATCH3	0	-	9979
ENSG00000198752	chr14	102932380	103057549	CDC42BPB	0	-	125169
ENSG00000198753	chrX	153764196	153779346	PLXNB3	0	+	15150
ENSG00000198755	chr6	35468401	35470785	RPL10A	0	+	2384
ENSG00000198756	chr1	183929854	184037729	COLGALT2	0	-	107875
ENSG00000198759	chrX	13569601	13633575	EGFL6	0	+	63974
ENSG00000198768	chr20	58459101	58515399	APCDD1L	0	-	56298
ENSG00000198771	chr1	167630093	167708696	RCSD1	0	+	78603
ENSG00000198774	chr12	85800703	85836409	RASSF9	0	-	35706
ENSG00000198780	chr5	74777574	74866966	FAM169A	0	-	89392
ENSG00000198783	chr17	34961540	34963777	ZNF830	0	+	2237
ENSG00000198788	chr11	1074875	1110511	MUC2	0	+	35636
ENSG00000198791	chr8	17224966	17246878	CNOT7	0	-	21912
ENSG00000198792	chr22	38219291	38273010	TMEM184B	0	-	53719
ENSG00000198793	chr1	11106535	11262551	MTOR	0	-	156016
ENSG00000198794	chr15	74957219	75021495	SCAMP5	0	+	64276
ENSG00000198795	chr18	25061924	25352190	ZNF521	0	-	290266
ENSG00000198796	chr18	58481247	58629091	ALPK2	0	-	147844
ENSG00000198797	chr1	177170958	177282422	BRINP2	0	+	111464
ENSG00000198799	chr1	113073198	113132260	LRIG2	0	+	59062
ENSG00000198805	chr14	20468954	20477089	PNP	0	+	8135
ENSG00000198807	chr14	36657568	36679362	PAX9	0	+	21794
ENSG00000198814	chrX	30653359	30731462	GK	0	+	78103
ENSG00000198815	chr1	42176539	42335877	FOXJ3	0	-	159338
ENSG00000198816	chr19	7515292	7521025	ZNF358	0	+	5733
ENSG00000198818	chr6	166319728	166342576	SFT2D1	0	-	22848
ENSG00000198821	chr1	167430640	167518610	CD247	0	-	87970
ENSG00000198824	chr13	114314482	114337626	CHAMP1	0	+	23144
ENSG00000198825	chr10	119726042	119829147	INPP5F	0	+	103105
ENSG00000198829	chr3	151873643	151884619	SUCNR1	0	+	10976
ENSG00000198830	chr1	26472440	26476642	HMGN2	0	+	4202
ENSG00000198832	chr22	31104772	31120069	SELENOM	0	-	15297
ENSG00000198833	chr6	89326625	89352722	UBE2J1	0	-	26097
ENSG00000198835	chr1	228149930	228159826	GJC2	0	+	9896
ENSG00000198836	chr3	193593144	193697811	OPA1	0	+	104667
ENSG00000198837	chr1	153929501	153946718	DENND4B	0	-	17217
ENSG00000198838	chr15	33310962	33866121	RYR3	0	+	555159
ENSG00000198839	chr7	112206695	112343934	ZNF277	0	+	137239
ENSG00000198843	chr3	150602875	150630436	SELENOT	0	+	27561
ENSG00000198844	chr17	8310241	8322514	ARHGEF15	0	+	12273
ENSG00000198846	chr8	58805412	59119147	TOX	0	-	313735
ENSG00000198848	chr16	55802851	55833337	CES1	0	-	30486
ENSG00000198851	chr11	118304730	118316175	CD3E	0	+	11445
ENSG00000198853	chr9	35490111	35561898	RUSC2	0	+	71787
ENSG00000198855	chr12	108515277	108525837	FICD	0	+	10560
ENSG00000198856	chr4	108650585	108667820	OSTC	0	+	17235
ENSG00000198858	chr19	896503	913245	R3HDM4	0	-	16742
ENSG00000198860	chr1	184051651	184123978	TSEN15	0	+	72327
ENSG00000198862	chr21	28928144	28992956	LTN1	0	-	64812
ENSG00000198863	chr17	42980565	42995142	RUNDC1	0	+	14577
ENSG00000198865	chr5	42756818	42802439	CCDC152	0	+	45621
ENSG00000198870	chr9	133376366	133406096	STKLD1	0	+	29730
ENSG00000198873	chr10	119207571	119459745	GRK5	0	+	252174
ENSG00000198874	chr7	66995173	67239514	TYW1	0	+	244341
ENSG00000198876	chr9	34086387	34127399	DCAF12	0	-	41012
ENSG00000198879	chr10	7158624	7411488	SFMBT2	0	-	252864
ENSG00000198885	chr2	96325317	96330517	ITPRIPL1	0	+	5200
ENSG00000198887	chr9	70258978	70354873	SMC5	0	+	95895
ENSG00000198890	chr1	107056674	107067636	PRMT6	0	+	10962
ENSG00000198892	chr1	201888680	201892587	SHISA4	0	+	3907
ENSG00000198898	chr7	116811070	116922049	CAPZA2	0	+	110979
ENSG00000198900	chr20	41028822	41124487	TOP1	0	+	95665
ENSG00000198909	chr17	63622415	63696305	MAP3K3	0	+	73890
ENSG00000198911	chr22	41833079	41907307	SREBF2	0	+	74228
ENSG00000198912	chr1	3889125	3900293	C1orf174	0	-	11168
ENSG00000198915	chr10	43194535	43267065	RASGEF1A	0	-	72530
ENSG00000198918	chrX	119786504	119791630	RPL39	0	-	5126
ENSG00000198919	chr3	108589705	108694840	DZIP3	0	+	105135
ENSG00000198920	chr17	6578147	6640711	KIAA0753	0	-	62564
ENSG00000198924	chr10	113834725	113854383	DCLRE1A	0	-	19658
ENSG00000198929	chr1	162069691	162370475	NOS1AP	0	+	300784
ENSG00000198930	chrX	152727484	152733735	CSAG1	0	-	6251
ENSG00000198931	chr16	88809339	88811937	APRT	0	-	2598
ENSG00000198932	chrX	102651092	102659083	GPRASP1	0	+	7991
ENSG00000198933	chr17	47694161	47712052	TBKBP1	0	+	17891
ENSG00000198934	chrX	76427710	76431342	MAGEE1	0	+	3632
ENSG00000198937	chr6	37482938	37499893	CCDC167	0	-	16955
ENSG00000198939	chr5	178895898	178933212	ZFP2	0	+	37314
ENSG00000198944	chr5	132813302	132816786	SOWAHA	0	+	3484
ENSG00000198945	chr6	130013699	130141449	L3MBTL3	0	+	127750
ENSG00000198947	chrX	31097677	33339609	DMD	0	-	2241932
ENSG00000198948	chr4	169986597	170033031	MFAP3L	0	-	46434
ENSG00000198951	chr22	42058334	42070842	NAGA	0	-	12508
ENSG00000198952	chr1	156249224	156282825	SMG5	0	-	33601
ENSG00000198954	chr10	68988803	69043544	KIFBP	0	+	54741
ENSG00000198959	chr20	38127385	38166578	TGM2	0	-	39193
ENSG00000198960	chrX	101615118	101618001	ARMCX6	0	-	2883
ENSG00000198961	chr5	109334713	109409974	PJA2	0	-	75261
ENSG00000198963	chr9	74497335	74693177	RORB	0	+	195842
ENSG00000198964	chr10	50305586	50625163	SGMS1	0	-	319577
ENSG00000203485	chr14	104681146	104722535	INF2	0	+	41389
ENSG00000203499	chr8	143734139	143790645	IQANK1	0	+	56506
ENSG00000203666	chr1	244969682	245127164	EFCAB2	0	+	157482
ENSG00000203667	chr1	244835616	244845057	COX20	0	+	9441
ENSG00000203685	chr1	226548764	226609230	STUM	0	+	60466
ENSG00000203697	chr1	223538007	223665723	CAPN8	0	-	127716
ENSG00000203705	chr1	212791828	212816830	TATDN3	0	+	25002
ENSG00000203710	chr1	207496147	207641765	CR1	0	+	145618
ENSG00000203724	chr1	197902630	197907367	C1orf53	0	+	4737
ENSG00000203727	chr6	147508690	147737547	SAMD5	0	+	228857
ENSG00000203747	chr1	161541759	161550737	FCGR3A	0	-	8978
ENSG00000203760	chr6	126340115	126348875	CENPW	0	+	8760
ENSG00000203772	chr10	133420666	133424625	SPRN	0	-	3959
ENSG00000203778	chr6	112087591	112102790	FAM229B	0	+	15199
ENSG00000203780	chr10	125896564	126009592	FANK1	0	+	113028
ENSG00000203782	chr1	153259687	153262124	LORICRIN	0	+	2437
ENSG00000203797	chr6	110391771	110415575	DDO	0	-	23804
ENSG00000203805	chr10	120457227	120592065	PLPP4	0	+	134838
ENSG00000203811	chr1	149840687	149841208	H3C14	0	-	521
ENSG00000203814	chr1	149782689	149812373	H2BC18	0	-	29684
ENSG00000203852	chr1	149852608	149853125	H3C15	0	+	517
ENSG00000203859	chr1	119414931	119423035	HSD3B2	0	+	8104
ENSG00000203867	chr10	110644336	110839468	RBM20	0	+	195132
ENSG00000203879	chrX	154436913	154443467	GDI1	0	+	6554
ENSG00000203880	chr20	64255695	64287821	PCMTD2	0	+	32126
ENSG00000203883	chr20	64047582	64049639	SOX18	0	-	2057
ENSG00000203943	chr1	84298366	84389957	SAMD13	0	+	91591
ENSG00000203950	chrX	135050932	135052196	RTL8A	0	-	1264
ENSG00000203952	chrX	134237047	134246207	CCDC160	0	+	9160
ENSG00000203965	chr1	63523372	63572693	EFCAB7	0	+	49321
ENSG00000203995	chr1	52842511	52894998	ZYG11A	0	+	52487
ENSG00000204052	chr6	43506969	43510686	LRRC73	0	-	3717
ENSG00000204060	chr1	41361922	41383590	FOXO6	0	+	21668
ENSG00000204071	chrX	102140476	102142970	TCEAL6	0	-	2494
ENSG00000204084	chr1	37860697	37947057	INPP5B	0	-	86360
ENSG00000204103	chr20	40685848	40689236	MAFB	0	-	3388
ENSG00000204104	chr2	238320441	238400897	TRAF3IP1	0	+	80456
ENSG00000204116	chrX	73563197	73687111	CHIC1	0	+	123914
ENSG00000204120	chr2	232697299	232860605	GIGYF2	0	+	163306
ENSG00000204128	chr2	231037523	231049719	C2orf72	0	+	12196
ENSG00000204130	chr10	68341107	68407294	RUFY2	0	-	66187
ENSG00000204131	chrX	71910845	72161750	NHSL2	0	+	250905
ENSG00000204136	chr9	121444991	121499844	GGTA1	0	-	54853
ENSG00000204138	chr1	28369582	28500364	PHACTR4	0	+	130782
ENSG00000204140	chr6	35781019	35793675	CLPSL1	0	+	12656
ENSG00000204147	chr10	50739318	50816495	ASAH2B	0	+	77177
ENSG00000204160	chr1	26826688	26857604	ZDHHC18	0	+	30916
ENSG00000204161	chr10	49154725	49188585	TMEM273	0	-	33860
ENSG00000204172	chr10	47501854	47523638	AGAP9	0	-	21784
ENSG00000204175	chr10	46541736	46556658	GPRIN2	0	-	14922
ENSG00000204176	chr10	46578217	46594173	SYT15	0	+	15956
ENSG00000204178	chr1	25430858	25500209	MACO1	0	+	69351
ENSG00000204179	chr10	46911396	47002488	PTPN20	0	+	91092
ENSG00000204186	chr2	206274663	206314427	ZDBF2	0	+	39764
ENSG00000204217	chr2	202376327	202567751	BMPR2	0	+	191424
ENSG00000204219	chr1	23380909	23424748	TCEA3	0	-	43839
ENSG00000204220	chr6	33289302	33298401	PFDN6	0	+	9099
ENSG00000204227	chr6	33208500	33212722	RING1	0	+	4222
ENSG00000204228	chr6	33204655	33206831	HSD17B8	0	+	2176
ENSG00000204231	chr6	33193588	33200665	RXRB	0	-	7077
ENSG00000204237	chr17	81665036	81666635	OXLD1	0	-	1599
ENSG00000204248	chr6	33162681	33192499	COL11A2	0	-	29818
ENSG00000204252	chr6	33004182	33009591	HLA-DOA	0	-	5409
ENSG00000204256	chr6	32968594	32981505	BRD2	0	+	12911
ENSG00000204257	chr6	32948613	32969094	HLA-DMA	0	-	20481
ENSG00000204262	chr2	189031898	189225312	COL5A2	0	-	193414
ENSG00000204264	chr6	32840717	32844679	PSMB8	0	-	3962
ENSG00000204271	chrX	56818298	56995827	SPIN3	0	-	177529
ENSG00000204272	chrX	56729241	56819179	NBDY	0	+	89938
ENSG00000204287	chr6	32439878	32445046	HLA-DRA	0	+	5168
ENSG00000204291	chr9	98943179	99070792	COL15A1	0	+	127613
ENSG00000204301	chr6	32194843	32224067	NOTCH4	0	-	29224
ENSG00000204304	chr6	32184733	32190202	PBX2	0	-	5469
ENSG00000204305	chr6	32180968	32184322	AGER	0	-	3354
ENSG00000204308	chr6	32178405	32180793	RNF5	0	+	2388
ENSG00000204310	chr6	32168212	32178096	AGPAT1	0	-	9884
ENSG00000204311	chr2	178451346	178462102	PJVK	0	+	10756
ENSG00000204314	chr6	32148359	32153083	PRRT1	0	-	4724
ENSG00000204315	chr6	32128707	32130288	FKBPL	0	-	1581
ENSG00000204323	chr17	75633434	75641404	SMIM5	0	+	7970
ENSG00000204334	chr2	170783786	170798971	ERICH2	0	+	15185
ENSG00000204335	chr2	170715337	170718078	SP5	0	+	2741
ENSG00000204348	chr6	31969810	31972290	DXO	0	-	2480
ENSG00000204351	chr6	31959117	31969751	SKIV2L	0	+	10634
ENSG00000204356	chr6	31952087	31959038	NELFE	0	-	6951
ENSG00000204366	chr6	31899613	31902086	ZBTB12	0	-	2473
ENSG00000204371	chr6	31879759	31897687	EHMT2	0	-	17928
ENSG00000204379	chrX	52495808	52500812	XAGE1A	0	+	5004
ENSG00000204381	chr11	111540280	111561745	LAYN	0	+	21465
ENSG00000204382	chrX	52512077	52520803	XAGE1B	0	-	8726
ENSG00000204385	chr6	31863192	31879046	SLC44A4	0	-	15854
ENSG00000204386	chr6	31857659	31862905	NEU1	0	-	5246
ENSG00000204388	chr6	31827738	31830254	HSPA1B	0	+	2516
ENSG00000204389	chr6	31815543	31817946	HSPA1A	0	+	2403
ENSG00000204390	chr6	31809619	31815283	HSPA1L	0	-	5664
ENSG00000204392	chr6	31797396	31806966	LSM2	0	-	9570
ENSG00000204394	chr6	31777518	31795752	VARS1	0	-	18234
ENSG00000204396	chr6	31765590	31777328	VWA7	0	-	11738
ENSG00000204397	chr11	105041326	105101431	CARD16	0	-	60105
ENSG00000204406	chr2	148021011	148516971	MBD5	0	+	495960
ENSG00000204421	chr6	31718648	31721746	LY6G6C	0	-	3098
ENSG00000204422	chr6	31686962	31714072	ENSG00000204422	0	-	27110
ENSG00000204428	chr6	31676684	31684040	LY6G5C	0	-	7356
ENSG00000204438	chr6	31661228	31666283	GPANK1	0	-	5055
ENSG00000204439	chr6	31658298	31660778	C6orf47	0	-	2480
ENSG00000204442	chr13	107163510	107867496	NALF1	0	-	703986
ENSG00000204444	chr6	31652416	31658210	APOM	0	+	5794
ENSG00000204463	chr6	31639028	31652705	BAG6	0	-	13677
ENSG00000204469	chr6	31620715	31637771	PRRC2A	0	+	17056
ENSG00000204472	chr6	31615217	31617021	AIF1	0	+	1804
ENSG00000204482	chr6	31586124	31588909	LST1	0	+	2785
ENSG00000204498	chr6	31546870	31558829	NFKBIL1	0	+	11959
ENSG00000204514	chr19	57848731	57889074	ZNF814	0	-	40343
ENSG00000204516	chr6	31494881	31511124	MICB	0	+	16243
ENSG00000204520	chr6	31399784	31415315	MICA	0	+	15531
ENSG00000204524	chr19	57240632	57262728	ZNF805	0	+	22096
ENSG00000204525	chr6	31268749	31272130	HLA-C	0	-	3381
ENSG00000204536	chr6	31142439	31158238	CCHCR1	0	-	15799
ENSG00000204539	chr6	31115087	31120446	CDSN	0	-	5359
ENSG00000204540	chr6	31114750	31140092	PSORS1C1	0	+	25342
ENSG00000204542	chr6	31111223	31112575	C6orf15	0	-	1352
ENSG00000204560	chr6	30653119	30673006	DHX16	0	-	19887
ENSG00000204564	chr6	30647039	30653210	C6orf136	0	+	6171
ENSG00000204568	chr6	30617840	30626395	MRPS18B	0	+	8555
ENSG00000204569	chr6	30600413	30618612	PPP1R10	0	-	18199
ENSG00000204574	chr6	30571393	30597179	ABCF1	0	+	25786
ENSG00000204576	chr6	30557280	30563723	PRR3	0	+	6443
ENSG00000204577	chr19	54216278	54223506	LILRB3	0	-	7228
ENSG00000204580	chr6	30876421	30900156	DDR1	0	+	23735
ENSG00000204590	chr6	30541381	30556489	GNL1	0	-	15108
ENSG00000204592	chr6	30489509	30494194	HLA-E	0	+	4685
ENSG00000204611	chr19	52113091	52139938	ZNF616	0	-	26847
ENSG00000204618	chr6	30070266	30075849	RNF39	0	-	5583
ENSG00000204619	chr6	30066709	30070333	PPP1R11	0	+	3624
ENSG00000204624	chr1	11479155	11537551	DISP3	0	+	58396
ENSG00000204628	chr5	181236897	181248096	RACK1	0	-	11199
ENSG00000204632	chr6	29826967	29831125	HLA-G	0	+	4158
ENSG00000204634	chr2	101007228	101252866	TBC1D8	0	-	245638
ENSG00000204642	chr6	29722775	29738528	HLA-F	0	+	15753
ENSG00000204644	chr6	29672483	29681155	ZFP57	0	-	8672
ENSG00000204681	chr6	29555629	29633976	GABBR1	0	-	78347
ENSG00000204710	chr11	65170154	65173244	SPDYC	0	+	3090
ENSG00000204713	chr6	28903002	28923988	TRIM27	0	-	20986
ENSG00000204740	chr10	19048801	19790401	MALRD1	0	+	741600
ENSG00000204764	chr5	170861870	171300015	RANBP17	0	+	438145
ENSG00000204767	chr5	169861303	169980495	INSYN2B	0	-	119192
ENSG00000204815	chr17	41930617	41966503	ODAD4	0	+	35886
ENSG00000204839	chr8	143566192	143572772	MROH6	0	-	6580
ENSG00000204842	chr12	111443485	111599676	ATXN2	0	-	156191
ENSG00000204851	chr19	46486906	46495879	PNMA8B	0	-	8973
ENSG00000204852	chr12	110614027	110663431	TCTN1	0	+	49404
ENSG00000204856	chr12	110468415	110490385	FAM216A	0	+	21970
ENSG00000204859	chr1	6579994	6589280	ZBTB48	0	+	9286
ENSG00000204866	chr19	46143106	46161298	IGFL2	0	+	18192
ENSG00000204899	chr13	72708367	72727629	MZT1	0	-	19262
ENSG00000204920	chr19	43967862	43998326	ZNF155	0	+	30464
ENSG00000204922	chr11	62670273	62673686	UQCC3	0	+	3413
ENSG00000204923	chr2	68459422	68467294	FBXO48	0	-	7872
ENSG00000204936	chr19	43353686	43363172	CD177	0	+	9486
ENSG00000204946	chr7	149262171	149297302	ZNF783	0	+	35131
ENSG00000204947	chr7	149102784	149126324	ZNF425	0	-	23540
ENSG00000204950	chr11	61508749	61511018	LRRC10B	0	+	2269
ENSG00000204954	chr12	103940763	103965708	C12orf73	0	-	24945
ENSG00000204956	chr5	141330514	141512975	PCDHGA1	0	+	182461
ENSG00000204970	chr5	140786136	141012347	PCDHA1	0	+	226211
ENSG00000204977	chr13	49995888	50020481	TRIM13	0	+	24593
ENSG00000204991	chr16	89818179	89871319	SPIRE2	0	+	53140
ENSG00000205002	chr8	116938207	116944487	AARD	0	+	6280
ENSG00000205045	chr17	35464249	35537678	SLFN12L	0	-	73429
ENSG00000205060	chr7	134289332	134316930	SLC35B4	0	-	27598
ENSG00000205076	chr19	38770968	38773517	LGALS7	0	-	2549
ENSG00000205078	chr16	77199408	77213215	SYCE1L	0	+	13807
ENSG00000205084	chr16	75536741	75556289	TMEM231	0	-	19548
ENSG00000205089	chr5	132747426	132754403	CCNI2	0	+	6977
ENSG00000205133	chr8	92883532	93017673	TRIQK	0	-	134141
ENSG00000205138	chr19	35995188	35996312	SDHAF1	0	+	1124
ENSG00000205189	chr8	80485619	80526265	ZBTB10	0	+	40646
ENSG00000205208	chr4	158666675	158672255	C4orf46	0	-	5580
ENSG00000205213	chr11	27365961	27472790	LGR4	0	-	106829
ENSG00000205221	chr2	36696690	36814794	VIT	0	+	118104
ENSG00000205236	chr7	102582523	102642869	ENSG00000205236	0	-	60346
ENSG00000205238	chr7	102551221	102563538	SPDYE2	0	+	12317
ENSG00000205250	chr16	67192155	67198918	E2F4	0	+	6763
ENSG00000205268	chr8	65714334	65842322	PDE7A	0	-	127988
ENSG00000205269	chr6	11537749	11583524	TMEM170B	0	+	45775
ENSG00000205302	chr5	122775079	122834543	SNX2	0	+	59464
ENSG00000205307	chr7	100572228	100573900	SAP25	0	-	1672
ENSG00000205309	chr17	17303335	17347663	NT5M	0	+	44328
ENSG00000205336	chr16	57610652	57665580	ADGRG1	0	+	54928
ENSG00000205339	chr11	9384652	9448127	IPO7	0	+	63475
ENSG00000205352	chr12	53441678	53446645	PRR13	0	+	4967
ENSG00000205356	chr7	98214624	98252232	TECPR1	0	-	37608
ENSG00000205362	chr16	56638666	56640087	MT1A	0	+	1421
ENSG00000205363	chr15	73735458	73753351	INSYN1	0	-	17893
ENSG00000205364	chr16	56632659	56633981	MT1M	0	+	1322
ENSG00000205413	chr7	93099513	93118023	SAMD9	0	-	18510
ENSG00000205420	chr12	52487176	52493257	KRT6A	0	-	6081
ENSG00000205423	chr16	50024410	50037088	CNEP1R1	0	+	12678
ENSG00000205426	chr12	52285913	52291534	KRT81	0	-	5621
ENSG00000205476	chr14	99500190	99604207	CCDC85C	0	-	104017
ENSG00000205502	chr15	62163535	62165285	C2CD4B	0	-	1750
ENSG00000205517	chr19	11384341	11419328	RGL3	0	-	34987
ENSG00000205531	chr11	2944431	2992377	NAP1L4	0	-	47946
ENSG00000205542	chrX	12975110	12977227	TMSB4X	0	+	2117
ENSG00000205571	chr5	70049638	70078522	SMN2	0	+	28884
ENSG00000205572	chr5	70025247	70043113	SERF1B	0	+	17866
ENSG00000205581	chr21	39342315	39349647	HMGN1	0	-	7332
ENSG00000205593	chr22	50309030	50327012	DENND6B	0	-	17982
ENSG00000205609	chr16	28379579	28403841	EIF3CL	0	-	24262
ENSG00000205629	chr16	25111731	25178231	LCMT1	0	+	66500
ENSG00000205639	chr2	24010081	24063321	MFSD2B	0	+	53240
ENSG00000205643	chr22	46244011	46250311	CDPF1	0	-	6300
ENSG00000205659	chr14	74084956	74201493	LIN52	0	+	116537
ENSG00000205670	chr21	34375480	34416961	SMIM11A	0	+	41481
ENSG00000205683	chr14	72609034	72894101	DPF3	0	-	285067
ENSG00000205707	chr12	25195216	25209645	ETFRF1	0	+	14429
ENSG00000205710	chr17	4899418	4902934	C17orf107	0	+	3516
ENSG00000205726	chr21	33642400	33899861	ITSN1	0	+	257461
ENSG00000205730	chr16	19113932	19121629	ITPRIPL2	0	+	7697
ENSG00000205744	chr19	6467207	6482557	DENND1C	0	-	15350
ENSG00000205765	chr5	41904188	41921636	C5orf51	0	+	17448
ENSG00000205777	chrX	49599020	49608538	GAGE1	0	+	9518
ENSG00000205795	chr2	10056473	10080944	CYS1	0	-	24471
ENSG00000205808	chr9	4662294	4665258	PLPP6	0	+	2964
ENSG00000205838	chr5	34838833	34899456	TTC23L	0	+	60623
ENSG00000205863	chr13	23891099	23897502	C1QTNF9B	0	-	6403
ENSG00000205867	chr11	1597177	1598294	KRTAP5-2	0	-	1117
ENSG00000205903	chr7	6637318	6658279	ZNF316	0	+	20961
ENSG00000205923	chr16	2530035	2531417	CEMP1	0	-	1382
ENSG00000205937	chr16	2253116	2268397	RNPS1	0	-	15281
ENSG00000205978	chr14	24399003	24419283	NYNRIN	0	+	20280
ENSG00000205981	chr3	180983697	180989774	DNAJC19	0	-	6077
ENSG00000206052	chr18	69400888	69849087	DOK6	0	+	448199
ENSG00000206053	chr16	1678256	1702280	JPT2	0	+	24024
ENSG00000206073	chr18	63637259	63644256	SERPINB4	0	-	6997
ENSG00000206075	chr18	63476958	63505085	SERPINB5	0	+	28127
ENSG00000206077	chr5	710355	784729	ZDHHC11B	0	-	74374
ENSG00000206140	chr22	21466423	21471269	TMEM191C	0	+	4846
ENSG00000206172	chr16	176680	177522	HBA1	0	+	842
ENSG00000206190	chr15	25677273	25865184	ATP10A	0	-	187911
ENSG00000206199	chr3	149761100	149968385	ANKUB1	0	-	207285
ENSG00000206203	chr22	19131308	19132622	TSSK2	0	+	1314
ENSG00000206384	chr3	130517177	130677044	COL6A6	0	+	159867
ENSG00000206418	chr18	8609437	8639383	RAB12	0	+	29946
ENSG00000206432	chr18	5882072	5895955	TMEM200C	0	-	13883
ENSG00000206503	chr6	29941260	29945884	HLA-A	0	+	4624
ENSG00000206527	chr3	123490820	123585053	HACD2	0	-	94233
ENSG00000206530	chr3	113286930	113441610	CFAP44	0	-	154680
ENSG00000206535	chr3	100401532	100456319	LNP1	0	+	54787
ENSG00000206538	chr3	86876388	86991149	VGLL3	0	-	114761
ENSG00000206560	chr3	15667236	15859771	ANKRD28	0	-	192535
ENSG00000206561	chr3	15450133	15521751	COLQ	0	-	71618
ENSG00000206562	chr3	15381275	15440566	METTL6	0	-	59291
ENSG00000211445	chr5	151020591	151028988	GPX3	0	+	8397
ENSG00000211448	chr14	80197526	80387757	DIO2	0	-	190231
ENSG00000211452	chr1	53891239	53911086	DIO1	0	+	19847
ENSG00000211455	chr12	27243968	27325959	STK38L	0	+	81991
ENSG00000211456	chr3	45689056	45745409	SACM1L	0	+	56353
ENSG00000211460	chr2	121737103	121767853	TSN	0	+	30750
ENSG00000211584	chr12	47753916	47782751	SLC48A1	0	+	28835
ENSG00000212123	chr19	5782960	5784746	PRR22	0	-	1786
ENSG00000212710	chr18	22413599	22417915	CTAGE1	0	-	4316
ENSG00000212747	chrX	135020513	135022542	RTL8B	0	-	2029
ENSG00000212864	chr9	137220247	137222240	RNF208	0	-	1993
ENSG00000212916	chr1	232805416	232809929	MAP10	0	+	4513
ENSG00000212993	chr8	127322183	127420066	POU5F1B	0	+	97883
ENSG00000213020	chr19	52702813	52735073	ZNF611	0	-	32260
ENSG00000213047	chr1	197504748	197775696	DENND1B	0	-	270948
ENSG00000213064	chr1	168225938	168253021	SFT2D2	0	+	27083
ENSG00000213066	chr6	166999317	167094789	CEP43	0	+	95472
ENSG00000213096	chr19	24033405	24129968	ZNF254	0	+	96563
ENSG00000213123	chr3	196291219	196318299	DYNLT2B	0	-	27080
ENSG00000213160	chr2	169694488	169776989	KLHL23	0	+	82501
ENSG00000213171	chr1	151800264	151805419	LINGO4	0	-	5155
ENSG00000213190	chr1	151060397	151069544	MLLT11	0	+	9147
ENSG00000213199	chr7	151048292	151052756	ASIC3	0	+	4464
ENSG00000213204	chr6	87408012	87511634	ENSG00000213204	0	+	103622
ENSG00000213213	chr9	136796338	136807741	CCDC183	0	+	11403
ENSG00000213214	chr7	144186083	144195879	ARHGEF35	0	-	9796
ENSG00000213281	chr1	114704469	114716771	NRAS	0	-	12302
ENSG00000213316	chr5	179793980	179796647	LTC4S	0	+	2667
ENSG00000213339	chr19	10701430	10713437	QTRT1	0	+	12007
ENSG00000213341	chr10	100188300	100229596	CHUK	0	-	41296
ENSG00000213347	chr5	177301461	177312757	MXD3	0	-	11296
ENSG00000213366	chr1	109668022	109709551	GSTM2	0	+	41529
ENSG00000213390	chr10	97222173	97292673	ARHGAP19	0	-	70500
ENSG00000213397	chrX	153447668	153495516	HAUS7	0	-	47848
ENSG00000213401	chrX	152733757	152737669	MAGEA12	0	+	3912
ENSG00000213420	chr7	100169606	100177381	GPC2	0	-	7775
ENSG00000213445	chr11	65638101	65650918	SIPA1	0	+	12817
ENSG00000213523	chr5	140537340	140557677	SRA1	0	-	20337
ENSG00000213551	chr10	73183362	73247255	DNAJC9	0	-	63893
ENSG00000213585	chr5	133971871	134004975	VDAC1	0	-	33104
ENSG00000213588	chr6	33453970	33457544	ZBTB9	0	+	3574
ENSG00000213619	chr11	47565336	47584562	NDUFS3	0	+	19226
ENSG00000213626	chr2	30231534	30323730	LBH	0	+	92196
ENSG00000213648	chr16	29459913	29464966	SULT1A4	0	+	5053
ENSG00000213658	chr16	28984826	28990784	LAT	0	+	5958
ENSG00000213672	chr3	48673844	48686364	NCKIPSD	0	-	12520
ENSG00000213694	chr9	88990863	89005155	S1PR3	0	+	14292
ENSG00000213719	chr6	31730581	31739763	CLIC1	0	-	9182
ENSG00000213741	chr14	49570984	49599164	RPS29	0	-	28180
ENSG00000213759	chr4	69199951	69214748	UGT2B11	0	-	14797
ENSG00000213762	chr19	57614233	57624724	ZNF134	0	+	10491
ENSG00000213780	chr6	30908207	30914106	GTF2H4	0	+	5899
ENSG00000213799	chr19	53333749	53356906	ZNF845	0	+	23157
ENSG00000213853	chr16	10528422	10580632	EMP2	0	-	52210
ENSG00000213859	chr17	7351889	7354944	KCTD11	0	+	3055
ENSG00000213889	chr19	45488777	45502513	PPM1N	0	+	13736
ENSG00000213903	chr14	24311450	24318036	LTB4R	0	+	6586
ENSG00000213918	chr16	3611728	3680143	DNASE1	0	+	68415
ENSG00000213937	chr16	3012923	3014505	CLDN9	0	+	1582
ENSG00000213949	chr5	52787916	52959209	ITGA1	0	+	171293
ENSG00000213965	chr19	32691821	32713792	NUDT19	0	+	21971
ENSG00000213967	chr19	23914876	23945159	ZNF726	0	+	30283
ENSG00000213988	chr19	20077994	20127076	ZNF90	0	+	49082
ENSG00000213995	chr13	110615545	110639996	NAXD	0	+	24451
ENSG00000214013	chr15	42273201	42353666	GANC	0	+	80465
ENSG00000214021	chr3	9808086	9855138	TTLL3	0	+	47052
ENSG00000214026	chr11	1947278	1984522	MRPL23	0	+	37244
ENSG00000214029	chr12	133104779	133130274	ZNF891	0	-	25495
ENSG00000214046	chr19	16630751	16660442	SMIM7	0	-	29691
ENSG00000214050	chr8	28348287	28490278	FBXO16	0	-	141991
ENSG00000214063	chr11	842812	867116	TSPAN4	0	+	24304
ENSG00000214087	chr17	81681187	81683797	ARL16	0	-	2610
ENSG00000214113	chr6	5103629	5260950	LYRM4	0	-	157321
ENSG00000214128	chr7	138797952	138838101	TMEM213	0	+	40149
ENSG00000214140	chr17	76527586	76553578	PRCD	0	+	25992
ENSG00000214160	chr3	184242301	184249548	ALG3	0	-	7247
ENSG00000214193	chr1	36306368	36329340	SH3D21	0	+	22972
ENSG00000214194	chr7	113116718	113118560	SMIM30	0	-	1842
ENSG00000214212	chr19	10836575	10869790	C19orf38	0	+	33215
ENSG00000214253	chr7	101239458	101252316	FIS1	0	-	12858
ENSG00000214279	chr10	133453928	133523558	SCART1	0	+	69630
ENSG00000214290	chr11	111298546	111308735	COLCA2	0	+	10189
ENSG00000214300	chr7	100307702	100322196	SPDYE3	0	+	14494
ENSG00000214309	chr7	100126785	100128495	MBLAC1	0	+	1710
ENSG00000214357	chr5	172641263	172691540	NEURL1B	0	+	50277
ENSG00000214376	chr11	93818232	93850618	VSTM5	0	-	32386
ENSG00000214413	chr10	110898730	110919201	BBIP1	0	-	20471
ENSG00000214456	chr19	4522531	4535224	PLIN5	0	-	12693
ENSG00000214517	chr11	74171267	74254703	PPME1	0	+	83436
ENSG00000214562	chr10	87357720	87370695	NUTM2D	0	+	12975
ENSG00000214575	chr15	82543201	82648861	CPEB1	0	-	105660
ENSG00000214595	chr2	54723499	54972025	EML6	0	+	248526
ENSG00000214654	chr9	120792403	120801787	B3GALT9	0	+	9384
ENSG00000214655	chr10	73785606	73801797	ZSWIM8	0	+	16191
ENSG00000214756	chr11	62665309	62668496	CSKMT	0	+	3187
ENSG00000214827	chrX	155064034	155147937	MTCP1	0	-	83903
ENSG00000214940	chr16	18317942	18336736	NPIPA8	0	-	18794
ENSG00000214941	chr17	15976560	15999717	ZSWIM7	0	-	23157
ENSG00000214944	chr5	73626158	73941993	ARHGEF28	0	+	315835
ENSG00000214960	chr7	16087525	16502504	CRPPA	0	-	414979
ENSG00000214967	chr16	16379055	16393954	NPIPA7	0	+	14899
ENSG00000215018	chr7	7356203	7535873	COL28A1	0	-	179670
ENSG00000215021	chr12	6965327	6970780	PHB2	0	-	5453
ENSG00000215041	chr17	7315628	7329393	NEURL4	0	-	13765
ENSG00000215114	chr8	58411359	58451501	UBXN2B	0	+	40142
ENSG00000215126	chr9	41131306	41199261	CBWD6	0	-	67955
ENSG00000215182	chr11	1157953	1201138	MUC5AC	0	+	43185
ENSG00000215183	chr9	35752990	35756613	MSMP	0	-	3623
ENSG00000215187	chr9	35561831	35563899	FAM166B	0	-	2068
ENSG00000215217	chr5	7830378	7851151	C5orf49	0	-	20773
ENSG00000215218	chr5	6448859	6496723	UBE2QL1	0	+	47864
ENSG00000215252	chr15	34525095	34588503	GOLGA8B	0	-	63408
ENSG00000215271	chr14	23272422	23299447	HOMEZ	0	-	27025
ENSG00000215301	chrX	41333348	41364472	DDX3X	0	+	31124
ENSG00000215305	chr20	2840703	2866732	VPS16	0	+	26029
ENSG00000215375	chr4	673580	682033	MYL5	0	+	8453
ENSG00000215421	chr18	74597870	75065671	ZNF407	0	+	467801
ENSG00000215472	chr18	49481681	49492479	RPL17-C18orf32	0	-	10798
ENSG00000215712	chr6	157289025	157323601	TMEM242	0	-	34576
ENSG00000215717	chr1	109090764	109096934	TMEM167B	0	+	6170
ENSG00000215784	chr1	145095974	145112696	FAM72D	0	+	16722
ENSG00000215788	chr1	6460786	6466175	TNFRSF25	0	-	5389
ENSG00000215817	chr1	219608010	219613145	ZC3H11B	0	-	5135
ENSG00000215910	chr1	11761787	11789585	C1orf167	0	+	27798
ENSG00000215912	chr1	2635976	2801717	TTC34	0	-	165741
ENSG00000215915	chr1	1449689	1470163	ATAD3C	0	+	20474
ENSG00000216937	chr10	32446140	32882874	CCDC7	0	+	436734
ENSG00000218336	chr4	182143987	182803024	TENM3	0	+	659037
ENSG00000218739	chr2	37196488	37216193	CEBPZOS	0	+	19705
ENSG00000218891	chr19	55576774	55580848	ZNF579	0	-	4074
ENSG00000219438	chr22	48489553	48850912	TAFA5	0	+	361359
ENSG00000219481	chr1	16562319	16613562	NBPF1	0	-	51243
ENSG00000219545	chr7	7640711	7968020	UMAD1	0	+	327309
ENSG00000219607	chr6	5085341	5089487	PPP1R3G	0	+	4146
ENSG00000219626	chr2	24076526	24169640	FAM228B	0	+	93114
ENSG00000220205	chr17	8159149	8163546	VAMP2	0	-	4397
ENSG00000221818	chr8	25841725	26045413	EBF2	0	-	203688
ENSG00000221821	chr6	42890265	42890821	C6orf226	0	-	556
ENSG00000221829	chr9	35073835	35079942	FANCG	0	-	6107
ENSG00000221838	chr7	100101549	100110345	AP4M1	0	+	8796
ENSG00000221843	chr2	27537386	27582720	C2orf16	0	+	45334
ENSG00000221866	chr7	132123340	132648688	PLXNA4	0	-	525348
ENSG00000221867	chrX	152698767	152702347	MAGEA3	0	+	3580
ENSG00000221869	chr8	47736913	47738164	CEBPD	0	-	1251
ENSG00000221874	chr19	52928475	52962823	ZNF816-ZNF321P	0	-	34348
ENSG00000221886	chr5	160393148	160400054	ZBED8	0	-	6906
ENSG00000221890	chr22	38818452	38844028	NPTXR	0	-	25576
ENSG00000221909	chr7	99546300	99558536	FAM200A	0	-	12236
ENSG00000221914	chr8	26291508	26372680	PPP2R2A	0	+	81172
ENSG00000221916	chr19	49118402	49119143	C19orf73	0	-	741
ENSG00000221923	chr19	52369917	52385795	ZNF880	0	+	15878
ENSG00000221932	chr11	124919244	124920677	HEPN1	0	+	1433
ENSG00000221944	chr2	232543883	232550557	TIGD1	0	-	6674
ENSG00000221947	chr8	70669339	70790371	XKR9	0	+	121032
ENSG00000221955	chr3	125082636	125212864	SLC12A8	0	-	130228
ENSG00000221963	chr22	35648446	35668404	APOL6	0	+	19958
ENSG00000221968	chr11	61873519	61892051	FADS3	0	-	18532
ENSG00000221978	chr1	1385711	1399335	CCNL2	0	-	13624
ENSG00000221983	chr19	18571730	18577550	UBA52	0	+	5820
ENSG00000221994	chrX	47983356	48071658	ZNF630	0	-	88302
ENSG00000222009	chr1	44808482	44815585	BTBD19	0	+	7103
ENSG00000222011	chr7	102748971	102809225	FAM185A	0	+	60254
ENSG00000222014	chr2	129979666	129982738	RAB6C	0	+	3072
ENSG00000222038	chr2	130611440	130658037	POTEJ	0	+	46597
ENSG00000223496	chr16	70246778	70251940	EXOSC6	0	-	5162
ENSG00000223501	chr6	33250272	33272047	VPS52	0	-	21775
ENSG00000223572	chr15	43692886	43699222	CKMT1A	0	+	6336
ENSG00000223573	chr19	5558167	5578349	TINCR	0	-	20182
ENSG00000223802	chr19	18868545	18896727	CERS1	0	-	28182
ENSG00000223865	chr6	33075990	33089696	HLA-DPB1	0	+	13706
ENSG00000224051	chr1	1324756	1328896	CPTP	0	+	4140
ENSG00000224383	chr17	63998351	64004305	PRR29	0	+	5954
ENSG00000224389	chr6	32014795	32035418	C4B	0	+	20623
ENSG00000224420	chr19	49689594	49690575	ADM5	0	+	981
ENSG00000224531	chr6	11093834	11138733	SMIM13	0	+	44899
ENSG00000224578	chr16	51553436	51647132	HNRNPA1P48	0	+	93696
ENSG00000224712	chr16	14708944	14726338	NPIPA3	0	+	17394
ENSG00000224877	chr17	81239305	81241310	NDUFAF8	0	+	2005
ENSG00000224916	chr19	44942238	44949565	APOC4-APOC2	0	+	7327
ENSG00000224940	chr7	128350325	128361685	PRRT4	0	-	11360
ENSG00000225190	chr17	45435900	45490749	PLEKHM1	0	-	54849
ENSG00000225526	chr3	12514934	12561059	MKRN2OS	0	-	46125
ENSG00000225556	chr1	151837819	151840557	C2CD4D	0	-	2738
ENSG00000225614	chr16	88382959	88440757	ZNF469	0	+	57798
ENSG00000225663	chr17	81822361	81833302	MCRIP1	0	-	10941
ENSG00000225697	chr3	48625723	48635493	SLC26A6	0	-	9770
ENSG00000225828	chr1	32361270	32364278	FAM229A	0	-	3008
ENSG00000225830	chr10	49454168	49539538	ERCC6	0	-	85370
ENSG00000225921	chr6	13615335	13632739	NOL7	0	+	17404
ENSG00000225968	chr7	1665745	1747946	ELFN1	0	+	82201
ENSG00000226124	chr2	199760544	199851192	FTCDNL1	0	-	90648
ENSG00000226174	chr14	105398538	105450106	TEX22	0	+	51568
ENSG00000226479	chr2	120217479	120223400	TMEM185B	0	-	5921
ENSG00000226650	chr5	155013755	155018141	KIF4B	0	+	4386
ENSG00000226742	chr18	79964582	79970822	HSBP1L1	0	+	6240
ENSG00000226763	chr19	43596617	43614498	SRRM5	0	+	17881
ENSG00000226784	chrX	77967949	77969638	PGAM4	0	-	1689
ENSG00000226887	chr4	52722618	52751586	ERVMER34-1	0	-	28968
ENSG00000227051	chr14	96039362	96093971	C14orf132	0	+	54609
ENSG00000227057	chr6	33279108	33289247	WDR46	0	-	10139
ENSG00000227124	chr3	75678660	75785583	ZNF717	0	-	106923
ENSG00000227268	chr10	87859158	87863533	KLLN	0	-	4375
ENSG00000227345	chr10	49818279	49970203	PARG	0	-	151924
ENSG00000227471	chr7	134549110	134579875	AKR1B15	0	+	30765
ENSG00000227500	chr19	1905372	1926013	SCAMP4	0	+	20641
ENSG00000227507	chr6	31580525	31582522	LTB	0	-	1997
ENSG00000228049	chr7	102665368	102671629	POLR2J2	0	-	6261
ENSG00000228144	chr12	66123917	66169985	ENSG00000228144	0	-	46068
ENSG00000228278	chr9	114329869	114333251	ORM2	0	+	3382
ENSG00000228300	chr19	1275530	1279244	FAM174C	0	+	3714
ENSG00000228474	chr2	27070472	27071654	OST4	0	-	1182
ENSG00000228486	chr2	97664217	97703066	C2orf92	0	+	38849
ENSG00000228570	chr10	79826739	79850878	NUTM2E	0	+	24139
ENSG00000228594	chr1	1598012	1600135	FNDC10	0	-	2123
ENSG00000228672	chr5	139390592	139395104	PROB1	0	-	4512
ENSG00000228696	chr17	46274784	46361797	ARL17B	0	-	87013
ENSG00000228716	chr5	80626226	80654983	DHFR	0	-	28757
ENSG00000229117	chr12	56116590	56117967	RPL41	0	+	1377
ENSG00000229314	chr9	114323098	114326479	ORM1	0	+	3381
ENSG00000229453	chr3	48306842	48333661	SPINK8	0	-	26819
ENSG00000229474	chr15	44665732	44711323	PATL2	0	-	45591
ENSG00000229544	chr10	124445243	124450035	NKX1-2	0	-	4792
ENSG00000229676	chr19	22634324	22667671	ZNF492	0	+	33347
ENSG00000229809	chr16	30569672	30572734	ZNF688	0	-	3062
ENSG00000229894	chr4	165277812	165279679	GK3P	0	-	1867
ENSG00000230124	chr1	180269653	180502954	ACBD6	0	-	233301
ENSG00000230626	chr7	129126518	129130793	ENSG00000230626	0	+	4275
ENSG00000230667	chr1	92074533	92075411	SETSIP	0	-	878
ENSG00000230873	chr6	17102050	17131378	STMND1	0	+	29328
ENSG00000231389	chr6	33064569	33080775	HLA-DPA1	0	-	16206
ENSG00000231500	chr6	33272075	33276511	RPS18	0	+	4436
ENSG00000231767	chr1	192716132	192716653	RPS27AP5	0	+	521
ENSG00000231852	chr6	32038327	32041644	CYP21A2	0	+	3317
ENSG00000231887	chr12	10824960	11171608	PRH1	0	-	346648
ENSG00000231925	chr6	33299694	33314254	TAPBP	0	-	14560
ENSG00000231989	chr5	156850295	156852528	PPP1R2B	0	+	2233
ENSG00000232040	chr6	28570535	28616212	ZBED9	0	-	45677
ENSG00000232112	chr3	48440257	48444208	TMA7	0	+	3951
ENSG00000232119	chrX	120594010	120621159	MCTS1	0	+	27149
ENSG00000232434	chr9	136842478	136848801	AJM1	0	+	6323
ENSG00000232593	chrX	53094145	53170914	KANTR	0	+	76769
ENSG00000232629	chr6	32756098	32763532	HLA-DQB2	0	-	7434
ENSG00000232653	chr15	32593456	32607310	GOLGA8N	0	+	13854
ENSG00000232810	chr6	31575565	31578336	TNF	0	+	2771
ENSG00000233024	chr16	18358086	18379331	NPIPA9	0	-	21245
ENSG00000233041	chr15	40351033	40356434	PHGR1	0	+	5401
ENSG00000233087	chr2	131360492	131364168	RAB6D	0	-	3676
ENSG00000233276	chr3	49357176	49358353	GPX1	0	-	1177
ENSG00000233381	chr12	31615023	31652095	AK4P3	0	-	37072
ENSG00000233493	chr19	55379244	55384292	TMEM238	0	-	5048
ENSG00000233608	chr2	238848032	238910534	TWIST2	0	+	62502
ENSG00000233822	chr6	27838545	27855709	H2BC15	0	+	17164
ENSG00000233927	chr19	8321158	8323340	RPS28	0	+	2182
ENSG00000233954	chr1	15807169	15809348	UQCRHL	0	-	2179
ENSG00000234127	chr6	30184455	30213427	TRIM26	0	-	28972
ENSG00000234284	chr5	179023804	179035064	ZNF879	0	+	11260
ENSG00000234289	chr21	43565182	43565648	H2BS1	0	+	466
ENSG00000234444	chr7	64307459	64356634	ZNF736	0	+	49175
ENSG00000234465	chr19	43575801	43583964	PINLYP	0	+	8163
ENSG00000234511	chr5	170232447	170252575	C5orf58	0	+	20128
ENSG00000234545	chr7	92560758	92590393	FAM133B	0	-	29635
ENSG00000234602	chr5	55219564	55227315	MCIDAS	0	-	7751
ENSG00000234616	chr8	142657460	142681968	JRK	0	-	24508
ENSG00000234719	chr16	11927259	11976643	NPIPB2	0	-	49384
ENSG00000234745	chr6	31353872	31357188	HLA-B	0	-	3316
ENSG00000234857	chr11	62690275	62727384	HNRNPUL2-BSCL2	0	-	37109
ENSG00000235098	chr1	1418420	1421769	ANKRD65	0	-	3349
ENSG00000235106	chr9	134025481	134034666	BRD3OS	0	+	9185
ENSG00000235109	chr6	28324693	28356271	ZSCAN31	0	-	31578
ENSG00000235162	chr12	105235290	105396097	C12orf75	0	+	160807
ENSG00000235169	chr1	3772749	3775982	SMIM1	0	+	3233
ENSG00000235173	chr8	144137774	144140851	HGH1	0	+	3077
ENSG00000235376	chr10	103245887	103248016	RPEL1	0	+	2129
ENSG00000235387	chr9	35909490	35937153	SPAAR	0	+	27663
ENSG00000235453	chr9	32551144	32568621	SMIM27	0	+	17477
ENSG00000235568	chr22	42380407	42432403	NFAM1	0	-	51996
ENSG00000235718	chr11	119338942	119346705	MFRP	0	-	7763
ENSG00000235750	chr1	175156986	175192999	KIAA0040	0	-	36013
ENSG00000235863	chr6	33277123	33284832	B3GALT4	0	+	7709
ENSG00000235961	chrX	153072454	153075019	PNMA6A	0	+	2565
ENSG00000236104	chr6	33314406	33317942	ZBTB22	0	-	3536
ENSG00000236287	chr11	10812074	10858796	ZBED5	0	-	46722
ENSG00000236334	chr1	148482548	148483302	PPIAL4G	0	-	754
ENSG00000236383	chr17	43216941	43305397	CCDC200	0	-	88456
ENSG00000236444	chr13	30422488	30429758	UBE2L5	0	+	7270
ENSG00000236609	chr7	6615610	6624290	ZNF853	0	+	8680
ENSG00000236699	chr4	105552620	105708093	ARHGEF38	0	+	155473
ENSG00000236761	chr6	131708441	131711017	CTAGE9	0	-	2576
ENSG00000236782	chr1	26169516	26171831	ZNF593OS	0	-	2315
ENSG00000237172	chr16	67148104	67150998	B3GNT9	0	-	2894
ENSG00000237190	chr5	134402065	134411881	CDKN2AIPNL	0	-	9816
ENSG00000237289	chr15	43593054	43604901	CKMT1B	0	+	11847
ENSG00000237330	chr1	1070967	1074306	RNF223	0	-	3339
ENSG00000237440	chr19	20535825	20565809	ZNF737	0	-	29984
ENSG00000237441	chr6	33291654	33298942	RGL2	0	-	7288
ENSG00000237489	chr10	130020025	130110830	C10orf143	0	-	90805
ENSG00000237515	chr16	12901598	13240416	SHISA9	0	+	338818
ENSG00000237541	chr6	32741391	32747198	HLA-DQA2	0	+	5807
ENSG00000237649	chr6	33391823	33409896	KIFC1	0	+	18073
ENSG00000237651	chr2	61145068	61164828	C2orf74	0	+	19760
ENSG00000237765	chr4	15681662	15690447	FAM200B	0	+	8785
ENSG00000237988	chr6	29550407	29557721	OR2I1P	0	+	7314
ENSG00000238083	chr17	46511511	46555650	LRRC37A2	0	+	44139
ENSG00000238227	chr9	136114581	136118875	TMEM250	0	-	4294
ENSG00000239382	chr19	36009120	36014239	ALKBH6	0	-	5119
ENSG00000239388	chr3	57268342	57292685	ASB14	0	-	24343
ENSG00000239713	chr22	39077067	39087743	APOBEC3G	0	+	10676
ENSG00000239887	chr1	162378841	162386812	C1orf226	0	+	7971
ENSG00000239961	chr19	54333185	54339162	LILRA4	0	-	5977
ENSG00000239998	chr19	54572920	54590287	LILRA2	0	+	17367
ENSG00000240065	chr6	32844136	32859851	PSMB9	0	+	15715
ENSG00000240204	chr7	129502531	129512918	SMKR1	0	+	10387
ENSG00000240230	chr7	898778	975549	COX19	0	-	76771
ENSG00000240344	chr2	200870907	200889303	PPIL3	0	-	18396
ENSG00000240445	chr17	18667629	18682314	FOXO3B	0	-	14685
ENSG00000240583	chr7	30911853	30925517	AQP1	0	+	13664
ENSG00000240694	chr8	26504701	26514092	PNMA2	0	-	9391
ENSG00000241058	chr10	18545561	18659285	NSUN6	0	-	113724
ENSG00000241127	chr7	39566385	39610320	YAE1	0	+	43935
ENSG00000241489	chrX	149477104	149540926	ENSG00000241489	0	-	63822
ENSG00000241852	chr8	22599599	22604150	C8orf58	0	+	4551
ENSG00000241878	chr22	31618491	31662221	PISD	0	-	43730
ENSG00000241945	chr21	44107373	44131181	PWP2	0	+	23808
ENSG00000241962	chr2	99141485	99322741	ENSG00000241962	0	+	181256
ENSG00000241973	chr22	20707691	20859417	PI4KA	0	-	151726
ENSG00000242114	chr22	30425623	30429054	MTFP1	0	+	3431
ENSG00000242173	chr16	280450	283010	ARHGDIG	0	+	2560
ENSG00000242265	chr7	94656325	94669695	PEG10	0	+	13370
ENSG00000242366	chr2	233617633	233773300	UGT1A8	0	+	155667
ENSG00000242372	chr20	35278907	35284985	EIF6	0	-	6078
ENSG00000242485	chr1	1401909	1407293	MRPL20	0	-	5384
ENSG00000242732	chrX	72127110	72131901	RTL5	0	-	4791
ENSG00000242802	chr7	4775615	4794397	AP5Z1	0	+	18782
ENSG00000243156	chr22	17787649	18024561	MICAL3	0	-	236912
ENSG00000243207	chr19	10106223	10114780	PPAN-P2RY11	0	+	8557
ENSG00000243317	chr7	135662496	135693418	STMP1	0	+	30922
ENSG00000243449	chr4	2041995	2043964	C4orf48	0	+	1969
ENSG00000243566	chr7	76510525	76516522	UPK3B	0	+	5997
ENSG00000243660	chr10	43436841	43483181	ZNF487	0	+	46340
ENSG00000243710	chr1	43172330	43254358	CFAP57	0	+	82028
ENSG00000243716	chr16	22479121	22536521	NPIPB5	0	+	57400
ENSG00000243896	chr7	144257663	144264792	OR2A7	0	-	7129
ENSG00000243927	chr21	34073224	34143034	MRPS6	0	+	69810
ENSG00000243943	chr2	27582969	27623217	ZNF512	0	+	40248
ENSG00000243955	chr6	52791371	52803860	GSTA1	0	-	12489
ENSG00000244038	chr1	20651767	20661544	DDOST	0	-	9777
ENSG00000244045	chr17	28357642	28363683	TMEM199	0	+	6041
ENSG00000244115	chr9	111631386	111670229	DNAJC25-GNG10	0	+	38843
ENSG00000244234	chr5	178184505	178187371	GMCL2	0	-	2866
ENSG00000244414	chr1	196819731	196832189	CFHR1	0	+	12458
ENSG00000244482	chr19	54236592	54242791	LILRA6	0	-	6199
ENSG00000244617	chr2	69960089	69961631	ASPRV1	0	-	1542
ENSG00000244731	chr6	31982057	32002681	C4A	0	+	20624
ENSG00000244734	chr11	5225464	5229395	HBB	0	-	3931
ENSG00000244754	chr13	32432417	32538885	N4BP2L2	0	-	106468
ENSG00000245848	chr19	33299934	33302534	CEBPA	0	-	2600
ENSG00000246705	chr12	14774405	14778002	H2AJ	0	+	3597
ENSG00000246922	chr15	65092760	65115200	UBAP1L	0	-	22440
ENSG00000247077	chr12	132710819	132722734	PGAM5	0	+	11915
ENSG00000247315	chr20	297570	300321	ZCCHC3	0	+	2751
ENSG00000247595	chr11	18588781	18610255	SPTY2D1OS	0	+	21474
ENSG00000247596	chr3	52228612	52246788	TWF2	0	-	18176
ENSG00000247626	chr2	197705369	197708395	MARS2	0	+	3026
ENSG00000247746	chrX	55484616	55489848	USP51	0	-	5232
ENSG00000248167	chr6	30328907	30346854	TRIM39-RPP21	0	+	17947
ENSG00000248333	chr1	1635225	1659012	CDK11B	0	-	23787
ENSG00000248405	chr22	44702233	44862706	PRR5-ARHGAP8	0	+	160473
ENSG00000248485	chr1	161258745	161285450	PCP4L1	0	+	26705
ENSG00000248592	chr3	52833121	52897562	STIMATE-MUSTN1	0	-	64441
ENSG00000248643	chr11	66616626	66646469	RBM14-RBM4	0	+	29843
ENSG00000248672	chr2	159771851	159904710	LY75-CD302	0	-	132859
ENSG00000248710	chr3	160227454	160449829	ENSG00000248710	0	-	222375
ENSG00000248712	chr11	119190250	119196769	CCDC153	0	-	6519
ENSG00000248746	chr11	66546395	66563334	ACTN3	0	+	16939
ENSG00000248871	chr17	7549099	7561601	TNFSF12-TNFSF13	0	+	12502
ENSG00000248905	chr15	32765544	33194714	FMN1	0	-	429170
ENSG00000249115	chr19	35612735	35625355	HAUS5	0	+	12620
ENSG00000249209	chr21	33584687	33931607	ENSG00000249209	0	-	346920
ENSG00000249240	chr15	64841883	64930920	ENSG00000249240	0	+	89037
ENSG00000249242	chr4	82483170	82562357	TMEM150C	0	-	79187
ENSG00000249319	chr7	66087761	66152277	ENSG00000249319	0	+	64516
ENSG00000249437	chr5	70968166	71025339	NAIP	0	-	57173
ENSG00000249471	chr19	58451611	58457833	ZNF324B	0	+	6222
ENSG00000249624	chr21	33229892	33297160	ENSG00000249624	0	+	67268
ENSG00000249751	chr5	139448560	139462743	ECSCR	0	-	14183
ENSG00000249773	chr7	55887277	55955239	ENSG00000249773	0	+	67962
ENSG00000249884	chr2	86505668	86721122	RNF103-CHMP3	0	-	215454
ENSG00000249967	chr10	97584374	97673910	ENSG00000249967	0	+	89536
ENSG00000249992	chr3	45224466	45226287	TMEM158	0	-	1821
ENSG00000250021	chr15	89834308	89912882	ARPIN-AP3S2	0	-	78574
ENSG00000250264	chr6	32813767	32838822	ENSG00000250264	0	-	25055
ENSG00000250305	chr8	12945642	13031503	TRMT9B	0	+	85861
ENSG00000250312	chr4	124501	202303	ZNF718	0	+	77802
ENSG00000250317	chr4	25861830	25929813	SMIM20	0	+	67983
ENSG00000250349	chrX	37349330	38687674	ENSG00000250349	0	+	1338344
ENSG00000250479	chr22	23765834	23767972	CHCHD10	0	-	2138
ENSG00000250565	chr2	46490750	46542577	ATP6V1E2	0	-	51827
ENSG00000250644	chr11	1734821	1763954	ENSG00000250644	0	-	29133
ENSG00000250722	chr5	42799880	42887392	SELENOP	0	-	87512
ENSG00000250741	chr2	18555545	18589564	NT5C1B-RDH14	0	-	34019
ENSG00000251192	chrX	46497725	46545457	ZNF674	0	-	47732
ENSG00000251201	chr5	115578642	115626161	TMED7-TICAM2	0	-	47519
ENSG00000251246	chr1	155063748	155086807	ENSG00000251246	0	+	23059
ENSG00000251247	chr19	36850361	36913029	ZNF345	0	+	62668
ENSG00000251322	chr22	50674415	50733298	SHANK3	0	+	58883
ENSG00000251349	chr9	100442271	100577636	MSANTD3-TMEFF1	0	+	135365
ENSG00000251357	chr22	23862188	23895223	ENSG00000251357	0	+	33035
ENSG00000251369	chr19	57535257	57559863	ZNF550	0	-	24606
ENSG00000251493	chr5	73444827	73448777	FOXD1	0	-	3950
ENSG00000251503	chr1	10430102	10452153	CENPS-CORT	0	+	22051
ENSG00000251537	chr17	15571491	15651653	ENSG00000251537	0	-	80162
ENSG00000251569	chr2	169479480	169525922	ENSG00000251569	0	+	46442
ENSG00000253250	chr8	90958471	90985238	C8orf88	0	-	26767
ENSG00000253276	chr7	106654360	106661158	CCDC71L	0	-	6798
ENSG00000253304	chr1	29119429	29123903	TMEM200B	0	-	4474
ENSG00000253309	chr13	51335773	51364735	SERPINE3	0	+	28962
ENSG00000253313	chr1	43281877	43285617	C1orf210	0	-	3740
ENSG00000253352	chr22	30969245	30979395	TUG1	0	+	10150
ENSG00000253368	chr1	26993692	27000886	TRNP1	0	+	7194
ENSG00000253506	chr17	61590421	61591219	NACA2	0	-	798
ENSG00000253626	chr10	79512533	79516440	EIF5AL1	0	+	3907
ENSG00000253710	chr13	52012391	52079232	ALG11	0	+	66841
ENSG00000253719	chr12	74537835	74545430	ATXN7L3B	0	+	7595
ENSG00000253729	chr8	47773111	47960178	PRKDC	0	-	187067
ENSG00000253958	chr8	8701937	8704096	CLDN23	0	+	2159
ENSG00000254004	chr19	36510687	36528271	ZNF260	0	-	17584
ENSG00000254087	chr8	55879835	56014169	LYN	0	+	134334
ENSG00000254206	chr16	29381354	29404029	NPIPB11	0	-	22675
ENSG00000254402	chr8	144522388	144527033	LRRC24	0	-	4645
ENSG00000254445	chr11	111912736	111926871	HSPB2-C11orf52	0	+	14135
ENSG00000254469	chr11	71865504	71928654	ENSG00000254469	0	-	63150
ENSG00000254470	chr11	65773898	65780976	AP5B1	0	-	7078
ENSG00000254535	chr4	134196333	134201789	PABPC4L	0	-	5456
ENSG00000254536	chr10	133380017	133420271	ENSG00000254536	0	+	40254
ENSG00000254553	chr1	32465057	32600792	ENSG00000254553	0	+	135735
ENSG00000254692	chr14	24189157	24213473	ENSG00000254692	0	-	24316
ENSG00000254709	chr22	22887780	22896111	IGLL5	0	+	8331
ENSG00000254726	chr1	156072013	156082465	MEX3A	0	-	10452
ENSG00000254788	chr16	66552587	66579135	CKLF-CMTM1	0	+	26548
ENSG00000254806	chr20	45363200	45410610	SYS1-DBNDD2	0	+	47410
ENSG00000254827	chr11	2887344	2903575	SLC22A18AS	0	-	16231
ENSG00000254852	chr16	14748066	14765413	NPIPA2	0	+	17347
ENSG00000254858	chr19	18193218	18196948	MPV17L2	0	+	3730
ENSG00000254870	chr6	31530219	31546608	ATP6V1G2-DDX39B	0	-	16389
ENSG00000254959	chr7	30752137	30892081	INMT-MINDY4	0	+	139944
ENSG00000254979	chr11	57387365	57424059	ENSG00000254979	0	-	36694
ENSG00000254986	chr11	66480013	66509657	DPP3	0	+	29644
ENSG00000254995	chr20	58651434	58715410	STX16-NPEPL1	0	+	63976
ENSG00000254996	chr5	140401908	140549569	ANKHD1-EIF4EBP3	0	+	147661
ENSG00000254999	chr3	10115675	10127190	BRK1	0	+	11515
ENSG00000255071	chr11	18231423	18248635	SAA2-SAA4	0	-	17212
ENSG00000255072	chr4	88520998	88523776	PIGY	0	-	2778
ENSG00000255073	chr11	58579172	58624639	ZFP91-CNTF	0	+	45467
ENSG00000255104	chr17	15699552	15745940	ZNF286A-TBC1D26	0	+	46388
ENSG00000255152	chr6	31740020	31764851	MSH5-SAPCD1	0	+	24831
ENSG00000255245	chr11	117820163	117876667	FXYD6-FXYD2	0	-	56504
ENSG00000255292	chr11	112086903	112193805	ENSG00000255292	0	+	106902
ENSG00000255302	chr15	48878134	48880173	EID1	0	+	2039
ENSG00000255330	chr6	127438406	127519001	ENSG00000255330	0	-	80595
ENSG00000255346	chr15	68930525	69062762	NOX5	0	+	132237
ENSG00000255398	chr12	122714756	122716811	HCAR3	0	-	2055
ENSG00000255432	chr11	62649694	62665178	ENSG00000255432	0	-	15484
ENSG00000255439	chr16	31083439	31094956	ENSG00000255439	0	-	11517
ENSG00000255508	chr11	62559603	62591531	ENSG00000255508	0	-	31928
ENSG00000255524	chr16	28637654	28658744	NPIPB8	0	+	21090
ENSG00000255526	chr14	24213955	24232352	NEDD8-MDP1	0	-	18397
ENSG00000255663	chr11	114400682	114443932	ENSG00000255663	0	+	43250
ENSG00000255690	chr7	28953358	28958330	TRIL	0	-	4972
ENSG00000255730	chr19	41350853	41425001	ENSG00000255730	0	+	74148
ENSG00000255819	chr12	10372353	10410146	KLRC4-KLRK1	0	-	37793
ENSG00000255823	chr11	10507894	10509186	MTRNR2L8	0	-	1292
ENSG00000255833	chr5	135444226	135452351	TIFAB	0	-	8125
ENSG00000255835	chr1	225886696	225924278	ENSG00000255835	0	-	37582
ENSG00000255872	chr9	37588413	38068687	ENSG00000255872	0	-	480274
ENSG00000255974	chr19	40843541	40850447	CYP2A6	0	-	6906
ENSG00000256043	chr4	155921580	155953912	CTSO	0	-	32332
ENSG00000256061	chr15	55410525	55508234	DNAAF4	0	-	97709
ENSG00000256087	chr19	52031378	52095738	ZNF432	0	-	64360
ENSG00000256229	chr19	20167214	20200488	ZNF486	0	+	33274
ENSG00000256235	chr5	150778757	150796734	SMIM3	0	+	17977
ENSG00000256269	chr11	119084866	119093834	HMBS	0	+	8968
ENSG00000256294	chr19	44112181	44134822	ZNF225	0	+	22641
ENSG00000256407	chr1	54132686	54200073	ENSG00000256407	0	-	67387
ENSG00000256514	chr11	67351572	67373584	ENSG00000256514	0	-	22012
ENSG00000256525	chr17	64477785	64497054	POLG2	0	-	19269
ENSG00000256537	chr12	11171194	11176016	SMIM10L1	0	+	4822
ENSG00000256591	chr11	61429220	61485822	ENSG00000256591	0	+	56602
ENSG00000256618	chr17	22523415	22524663	MTRNR2L1	0	+	1248
ENSG00000256646	chr7	42909273	42932214	ENSG00000256646	0	-	22941
ENSG00000256683	chr19	51964340	51986856	ZNF350	0	-	22516
ENSG00000256771	chr19	19865882	19894674	ZNF253	0	+	28792
ENSG00000256806	chr17	6651762	6693202	C17orf100	0	+	41440
ENSG00000256825	chr12	133130984	133202369	ENSG00000256825	0	+	71385
ENSG00000256861	chr12	122207779	122266423	ENSG00000256861	0	-	58644
ENSG00000256870	chr12	101155493	101210238	SLC5A8	0	-	54745
ENSG00000257017	chr16	72054505	72061055	HP	0	+	6550
ENSG00000257046	chr12	20815674	21090245	SLCO1B3-SLCO1B7	0	+	274571
ENSG00000257093	chr7	141656728	141702166	DENND11	0	-	45438
ENSG00000257103	chr19	34172504	34229288	LSM14A	0	+	56784
ENSG00000257184	chr7	27163535	27180013	ENSG00000257184	0	-	16478
ENSG00000257207	chr2	110402934	110473075	ENSG00000257207	0	-	70141
ENSG00000257335	chr7	141907813	142106747	MGAM	0	+	198934
ENSG00000257390	chr12	55757275	55827546	ENSG00000257390	0	-	70271
ENSG00000257524	chr9	127867850	127906022	ENSG00000257524	0	-	38172
ENSG00000257529	chrX	101391011	101412297	RPL36A-HNRNPH2	0	+	21286
ENSG00000257591	chr19	12142090	12156734	ZNF625	0	-	14644
ENSG00000257704	chr19	47274885	47275723	INAFM1	0	+	838
ENSG00000257743	chr7	142111718	142222324	MGAM2	0	+	110606
ENSG00000257923	chr7	101815904	102283958	CUX1	0	+	468054
ENSG00000257950	chr17	3663063	3696194	P2RX5-TAX1BP3	0	-	33131
ENSG00000258064	chr12	71674204	71698968	ENSG00000258064	0	+	24764
ENSG00000258102	chr12	116548105	116576606	MAP1LC3B2	0	+	28501
ENSG00000258227	chr7	141927357	141947007	CLEC5A	0	-	19650
ENSG00000258311	chr12	55716036	55724703	ENSG00000258311	0	+	8667
ENSG00000258388	chr6	32153845	32171978	PPT2-EGFL8	0	+	18133
ENSG00000258465	chr1	160216800	160285130	ENSG00000258465	0	-	68330
ENSG00000258466	chr14	67659820	67690367	ENSG00000258466	0	-	30547
ENSG00000258472	chr17	28455752	28614185	ENSG00000258472	0	-	158433
ENSG00000258529	chr11	111786286	111879425	ENSG00000258529	0	-	93139
ENSG00000258539	chr10	124617080	124791727	ENSG00000258539	0	-	174647
ENSG00000258555	chr22	24270898	24442356	SPECC1L-ADORA2A	0	+	171458
ENSG00000258588	chr11	5596725	5644398	TRIM6-TRIM34	0	+	47673
ENSG00000258643	chr14	23306833	23326175	BCL2L2-PABPN1	0	+	19342
ENSG00000258653	chr14	73851971	73932278	ENSG00000258653	0	+	80307
ENSG00000258674	chr19	19516227	19536076	ENSG00000258674	0	+	19849
ENSG00000258691	chr14	96204844	96263929	ENSG00000258691	0	+	59085
ENSG00000258724	chr8	10725399	10839847	PINX1	0	-	114448
ENSG00000258728	chr9	34646631	34661886	ENSG00000258728	0	+	15255
ENSG00000258790	chr14	35122549	35317474	ENSG00000258790	0	+	194925
ENSG00000258818	chr14	20684560	20701216	RNASE4	0	+	16656
ENSG00000258881	chr2	70939318	70995336	ENSG00000258881	0	-	56018
ENSG00000258890	chr17	64506865	64542461	CEP95	0	+	35596
ENSG00000258947	chr16	89921392	89938761	TUBB3	0	+	17369
ENSG00000258984	chr2	237967014	238099412	UBE2F-SCLY	0	+	132398
ENSG00000258986	chr14	104474678	104605647	TMEM179	0	-	130969
ENSG00000259024	chr17	15436021	15563561	TVP23C-CDRT4	0	-	127540
ENSG00000259030	chr1	74198235	74544393	FPGT-TNNI3K	0	+	346158
ENSG00000259040	chr6	7881522	8064364	BLOC1S5-TXNDC5	0	-	182842
ENSG00000259066	chr14	93184973	93218586	ENSG00000259066	0	+	33613
ENSG00000259112	chr11	78016971	78079865	NDUFC2-KCTD14	0	-	62894
ENSG00000259132	chr14	22946270	22982258	ENSG00000259132	0	-	35988
ENSG00000259305	chr8	123226189	123274284	ZHX1-C8orf76	0	-	48095
ENSG00000259316	chr15	64181180	64381440	ENSG00000259316	0	-	200260
ENSG00000259330	chr15	40323692	40326715	INAFM2	0	+	3023
ENSG00000259332	chr15	79845150	79923754	ST20-MTHFS	0	-	78604
ENSG00000259399	chr20	36574553	36612384	TGIF2-RAB5IF	0	+	37831
ENSG00000259431	chr14	23555988	23560271	THTPA	0	+	4283
ENSG00000259529	chr14	24147548	24166452	ENSG00000259529	0	+	18904
ENSG00000259784	chr16	2513965	2527955	ENSG00000259784	0	+	13990
ENSG00000259956	chr3	51391285	51397908	RBM15B	0	+	6623
ENSG00000260027	chr17	48607232	48633572	HOXB7	0	-	26340
ENSG00000260097	chr7	102345746	102356444	SPDYE6	0	-	10698
ENSG00000260170	chr15	45587351	45676314	ENSG00000260170	0	+	88963
ENSG00000260238	chr1	156212982	156243332	PMF1-BGLAP	0	+	30350
ENSG00000260287	chr17	36323884	36334759	TBC1D3G	0	+	10875
ENSG00000260314	chr10	17809348	17911164	MRC1	0	+	101816
ENSG00000260342	chr16	18788063	18801519	ENSG00000260342	0	-	13456
ENSG00000260428	chr8	144266453	144268481	SCX	0	+	2028
ENSG00000260456	chr16	87083562	87317420	C16orf95	0	-	233858
ENSG00000260537	chr16	70299194	70372582	ENSG00000260537	0	+	73388
ENSG00000260729	chr15	72284727	72375981	ENSG00000260729	0	-	91254
ENSG00000260851	chr16	66469812	66517312	ENSG00000260851	0	-	47500
ENSG00000260903	chr20	31968151	32003387	XKR7	0	+	35236
ENSG00000260916	chr15	55340032	55408510	CCPG1	0	-	68478
ENSG00000261052	chr16	30199228	30204310	SULT1A3	0	+	5082
ENSG00000261115	chr7	141074064	141480380	TMEM178B	0	+	406316
ENSG00000261150	chr8	143857324	143878467	EPPK1	0	-	21143
ENSG00000261221	chr19	55605647	55617269	ZNF865	0	+	11622
ENSG00000261236	chr8	144262045	144291438	BOP1	0	-	29393
ENSG00000261371	chr17	64319415	64413776	PECAM1	0	-	94361
ENSG00000261408	chr17	75979231	76005999	TEN1-CDK3	0	+	26768
ENSG00000261459	chr16	30525923	30534852	ENSG00000261459	0	-	8929
ENSG00000261609	chr16	81314944	81390809	GAN	0	+	75865
ENSG00000261652	chr15	55408495	55418798	C15orf65	0	+	10303
ENSG00000261701	chr16	72063148	72077246	HPR	0	+	14098
ENSG00000261740	chr16	29443230	29454651	BOLA2-SMG1P6	0	-	11421
ENSG00000261793	chr9	137168854	137171984	ENSG00000261793	0	-	3130
ENSG00000261796	chr3	129087575	129161036	ISY1-RAB43	0	-	73461
ENSG00000261832	chr16	28456371	28492098	ENSG00000261832	0	-	35727
ENSG00000261884	chr16	67929614	67936017	ENSG00000261884	0	-	6403
ENSG00000262302	chr17	7246829	7262089	ENSG00000262302	0	-	15260
ENSG00000262304	chr17	3585149	3636249	ENSG00000262304	0	-	51100
ENSG00000262406	chr11	102862736	102874982	MMP12	0	-	12246
ENSG00000262481	chr17	7389734	7404097	TMEM256-PLSCR3	0	-	14363
ENSG00000262560	chr15	43772617	43799133	ENSG00000262560	0	-	26516
ENSG00000262633	chr17	46923133	47049932	ENSG00000262633	0	+	126799
ENSG00000262655	chr11	13962723	14268133	SPON1	0	+	305410
ENSG00000262660	chr17	81703371	81720539	ENSG00000262660	0	+	17168
ENSG00000262919	chrX	153587925	153600045	CCNQ	0	-	12120
ENSG00000263001	chr7	74650231	74760692	GTF2I	0	+	110461
ENSG00000263002	chr19	44141554	44160313	ZNF234	0	+	18759
ENSG00000263020	chr6	31666102	31673546	ENSG00000263020	0	+	7444
ENSG00000263353	chr1	120889771	120890530	PPIAL4A	0	+	759
ENSG00000263465	chr11	95066919	95071225	SRSF8	0	+	4306
ENSG00000263513	chr1	143955287	143971986	FAM72C	0	-	16699
ENSG00000263528	chr1	206470476	206496889	IKBKE	0	+	26413
ENSG00000263639	chr10	46033307	46048180	MSMB	0	-	14873
ENSG00000263715	chr17	45620344	45835826	LINC02210-CRHR1	0	+	215482
ENSG00000263874	chr17	38925168	38929384	LINC00672	0	+	4216
ENSG00000263956	chr1	148102047	148152322	NBPF11	0	-	50275
ENSG00000263961	chr1	206053173	206102449	RHEX	0	+	49276
ENSG00000264058	chr17	40627356	40665141	ENSG00000264058	0	-	37785
ENSG00000264187	chr17	17202649	17237185	ENSG00000264187	0	-	34536
ENSG00000264230	chr10	46375627	46391784	ANXA8L1	0	+	16157
ENSG00000264324	chr2	74211604	74363377	ENSG00000264324	0	-	151773
ENSG00000264364	chr17	58083419	58095542	DYNLL2	0	+	12123
ENSG00000264522	chr1	149937812	150010726	OTUD7B	0	-	72914
ENSG00000264545	chr9	21802636	22029594	ENSG00000264545	0	+	226958
ENSG00000264668	chr8	143247110	143276403	ENSG00000264668	0	+	29293
ENSG00000264813	chr17	63484823	63521848	ENSG00000264813	0	+	37025
ENSG00000265107	chr1	147756199	147773362	GJA5	0	-	17163
ENSG00000265118	chr17	31305213	31318831	ENSG00000265118	0	-	13618
ENSG00000265190	chr10	47460162	47484158	ANXA8	0	-	23996
ENSG00000265354	chr10	45972489	46003742	TIMM23	0	+	31253
ENSG00000265491	chr1	145738868	145824095	RNF115	0	-	85227
ENSG00000265590	chr21	32402511	32612865	CFAP298-TCP10L	0	-	210354
ENSG00000265808	chr1	120150898	120176520	SEC22B	0	-	25622
ENSG00000265972	chr1	145992435	145996579	TXNIP	0	-	4144
ENSG00000266028	chr1	206203346	206464436	SRGAP2	0	+	261090
ENSG00000266074	chr17	81395457	81466332	BAHCC1	0	+	70875
ENSG00000266086	chr17	57989038	58007246	ENSG00000266086	0	-	18208
ENSG00000266094	chr1	206507531	206589448	RASSF5	0	+	81917
ENSG00000266173	chr17	63682336	63741986	STRADA	0	-	59650
ENSG00000266202	chr17	27798806	27893365	ENSG00000266202	0	-	94559
ENSG00000266302	chr17	16690261	16804453	ENSG00000266302	0	+	114192
ENSG00000266338	chr1	144421390	144461676	NBPF15	0	-	40286
ENSG00000266412	chr10	46005088	46030623	NCOA4	0	-	25535
ENSG00000266472	chr1	150293861	150308979	MRPS21	0	+	15118
ENSG00000266524	chr10	47300197	47313577	GDF10	0	+	13380
ENSG00000266714	chr17	75587800	75626849	MYO15B	0	+	39049
ENSG00000266964	chr19	35138824	35143109	FXYD1	0	+	4285
ENSG00000267001	chr19	2717769	2740048	ENSG00000267001	0	-	22279
ENSG00000267022	chr19	44025354	44087318	ENSG00000267022	0	+	61964
ENSG00000267041	chr19	36714383	36772825	ZNF850	0	-	58442
ENSG00000267059	chr19	1578339	1605445	ENSG00000267059	0	-	27106
ENSG00000267120	chr19	35739252	35745432	ENSG00000267120	0	-	6180
ENSG00000267127	chr18	80034346	80097088	ENSG00000267127	0	+	62742
ENSG00000267140	chr18	35443871	35497940	ENSG00000267140	0	-	54069
ENSG00000267179	chr19	11925075	11979290	ENSG00000267179	0	+	54215
ENSG00000267228	chr18	47108188	47176345	ENSG00000267228	0	-	68157
ENSG00000267261	chr17	42119674	42154916	ENSG00000267261	0	-	35242
ENSG00000267281	chr12	53506691	53625979	ATF7-NPFF	0	-	119288
ENSG00000267314	chr19	5904841	5914707	ENSG00000267314	0	+	9866
ENSG00000267360	chr19	37093019	37210512	ENSG00000267360	0	-	117493
ENSG00000267618	chr17	35011349	35121493	ENSG00000267618	0	-	110144
ENSG00000267680	chr19	44094361	44109886	ZNF224	0	+	15525
ENSG00000267699	chr18	50968019	51058144	ENSG00000267699	0	+	90125
ENSG00000267740	chr19	5866171	5903787	ENSG00000267740	0	-	37616
ENSG00000267795	chr16	4788397	4796491	SMIM22	0	+	8094
ENSG00000267881	chr19	41708657	41756737	ENSG00000267881	0	+	48080
ENSG00000268043	chr1	146938744	146996202	NBPF12	0	+	57458
ENSG00000268083	chr19	38817471	38840178	ENSG00000268083	0	-	22707
ENSG00000268089	chrX	152637895	152657542	GABRQ	0	+	19647
ENSG00000268104	chrX	116436606	116461458	SLC6A14	0	+	24852
ENSG00000268173	chr19	18153158	18178117	ENSG00000268173	0	+	24959
ENSG00000268193	chr19	18907013	18934397	ENSG00000268193	0	-	27384
ENSG00000268350	chrX	52926402	52995472	FAM156A	0	-	69070
ENSG00000268361	chr19	43554692	43593036	ENSG00000268361	0	-	38344
ENSG00000268400	chr19	7629796	7643048	ENSG00000268400	0	+	13252
ENSG00000268500	chr19	51610960	51646889	SIGLEC5	0	-	35929
ENSG00000268533	chr19	57394183	57438457	ENSG00000268533	0	+	44274
ENSG00000268643	chr19	42234583	42255132	ENSG00000268643	0	-	20549
ENSG00000268797	chr19	40801297	40898282	ENSG00000268797	0	+	96985
ENSG00000269026	chr19	57682045	57753575	ENSG00000269026	0	+	71530
ENSG00000269028	chr3	96617188	96618236	MTRNR2L12	0	-	1048
ENSG00000269113	chr1	47760528	47997385	TRABD2B	0	-	236857
ENSG00000269179	chr19	49909501	49958391	ENSG00000269179	0	-	48890
ENSG00000269226	chrX	104063871	104076212	TMSB15B	0	-	12341
ENSG00000269307	chr19	17267418	17282966	ENSG00000269307	0	+	15548
ENSG00000269313	chrX	49162564	49168483	MAGIX	0	+	5919
ENSG00000269335	chrX	154541199	154565046	IKBKG	0	+	23847
ENSG00000269404	chr19	50418938	50431314	SPIB	0	+	12376
ENSG00000269469	chr19	49462752	49486231	ENSG00000269469	0	+	23479
ENSG00000269547	chr19	38915404	38949855	ENSG00000269547	0	-	34451
ENSG00000269556	chrX	149596556	149631912	TMEM185A	0	-	35356
ENSG00000269699	chr19	56774547	56840731	ZIM2	0	-	66184
ENSG00000269713	chr1	149054027	149103561	NBPF9	0	-	49534
ENSG00000269741	chr19	50996018	51009581	ENSG00000269741	0	-	13563
ENSG00000269743	chrX	104099214	104157009	SLC25A53	0	-	57795
ENSG00000269897	chr10	22316388	22329542	COMMD3-BMI1	0	+	13154
ENSG00000270011	chr19	9324174	9382617	ZNF559-ZNF177	0	+	58443
ENSG00000270149	chr1	160997957	161038962	ENSG00000270149	0	-	41005
ENSG00000270170	chr3	196942674	196943543	NCBP2AS2	0	+	869
ENSG00000270181	chr13	102799110	102875994	BIVM-ERCC5	0	+	76884
ENSG00000270276	chr1	149854045	149861159	H4C15	0	-	7114
ENSG00000270299	chr20	646626	675800	ENSG00000270299	0	-	29174
ENSG00000270316	chr10	102854272	102901899	BORCS7-ASMT	0	+	47627
ENSG00000270629	chr1	148531385	148679742	NBPF14	0	-	148357
ENSG00000270647	chr17	35809482	35864615	TAF15	0	+	55133
ENSG00000270757	chr2	197500413	197550726	HSPE1-MOB4	0	+	50313
ENSG00000270800	chr6	34284887	34426071	RPS10-NUDT3	0	-	141184
ENSG00000270882	chr1	149832657	149839767	H4C14	0	+	7110
ENSG00000270885	chr17	35731639	35743521	RASL10B	0	+	11882
ENSG00000271079	chr7	143571801	143574387	CTAGE15	0	+	2586
ENSG00000271092	chr1	95117923	95247225	TLCD4-RWDD3	0	+	129302
ENSG00000271321	chr7	143755089	143757696	CTAGE6	0	-	2607
ENSG00000271425	chr1	146064711	146229000	NBPF10	0	-	164289
ENSG00000271447	chr17	35756249	35795707	MMP28	0	-	39458
ENSG00000271503	chr17	35871491	35880793	CCL5	0	-	9302
ENSG00000271601	chr1	145933423	145958017	LIX1L	0	-	24594
ENSG00000271605	chr17	64449037	64468643	MILR1	0	+	19606
ENSG00000271723	chr1	54641786	54742308	MROH7-TTC4	0	+	100522
ENSG00000271741	chr1	34981533	35031741	ENSG00000271741	0	-	50208
ENSG00000271793	chr6	85504776	85678733	ENSG00000271793	0	-	173957
ENSG00000271810	chr1	112702614	112711433	ENSG00000271810	0	-	8819
ENSG00000271949	chr1	89633140	89933250	ENSG00000271949	0	+	300110
ENSG00000272031	chr1	145959441	145964575	ANKRD34A	0	-	5134
ENSG00000272047	chr6	158168350	158199344	GTF2H5	0	+	30994
ENSG00000272104	chr3	50350892	50367923	ENSG00000272104	0	+	17031
ENSG00000272162	chr6	10747794	10930423	ENSG00000272162	0	+	182629
ENSG00000272333	chr19	35717973	35738880	KMT2B	0	+	20907
ENSG00000272391	chr7	75416786	75486299	POM121C	0	-	69513
ENSG00000272398	chr6	106969831	106975627	CD24	0	-	5796
ENSG00000272410	chr3	10249372	10285796	ENSG00000272410	0	+	36424
ENSG00000272442	chr6	44273194	44378957	ENSG00000272442	0	+	105763
ENSG00000272602	chr4	53286	88208	ZNF595	0	+	34922
ENSG00000272636	chr17	142789	181650	DOC2B	0	-	38861
ENSG00000272647	chr7	99558695	99607810	ENSG00000272647	0	+	49115
ENSG00000272674	chr5	141182387	141186226	PCDHB16	0	+	3839
ENSG00000272772	chr5	134167170	134226071	ENSG00000272772	0	-	58901
ENSG00000272822	chr12	48903503	48957365	ENSG00000272822	0	-	53862
ENSG00000272886	chr3	53283429	53347586	DCP1A	0	-	64157
ENSG00000272897	chr20	35632340	35674544	ENSG00000272897	0	-	42204
ENSG00000272899	chr7	128866330	128872047	ATP6V1FNB	0	+	5717
ENSG00000272916	chr10	73796514	73811651	ENSG00000272916	0	-	15137
ENSG00000272968	chr7	4983718	5073221	RBAK-RBAKDN	0	+	89503
ENSG00000273003	chr11	65014182	65040570	ARL2-SNX15	0	+	26388
ENSG00000273049	chr12	53985845	54034888	ENSG00000273049	0	+	49043
ENSG00000273088	chr1	155169409	155187272	ENSG00000273088	0	-	17863
ENSG00000273136	chr1	120723949	120842110	NBPF26	0	+	118161
ENSG00000273154	chr20	63708864	63739103	ENSG00000273154	0	+	30239
ENSG00000273167	chr13	23979700	24321031	ENSG00000273167	0	+	341331
ENSG00000273217	chr5	131425891	131796983	ENSG00000273217	0	-	371092
ENSG00000273259	chr14	94592058	94624646	ENSG00000273259	0	+	32588
ENSG00000273269	chr2	47065941	47176511	ENSG00000273269	0	-	110570
ENSG00000273291	chr3	42809446	43055871	ENSG00000273291	0	+	246425
ENSG00000273294	chr5	33987174	34124528	C1QTNF3-AMACR	0	-	137354
ENSG00000273398	chr2	68131238	68261230	ENSG00000273398	0	-	129992
ENSG00000273513	chr17	37924415	37935365	TBC1D3K	0	+	10950
ENSG00000273542	chr6	27831174	27831560	H4C12	0	-	386
ENSG00000273559	chr17	38800441	38825355	CWC25	0	-	24914
ENSG00000273590	chr21	7744951	7777853	SMIM11B	0	+	32902
ENSG00000273604	chr17	38671703	38674957	EPOP	0	-	3254
ENSG00000273611	chr17	36486629	36499310	ZNHIT3	0	+	12681
ENSG00000273734	chr19	2269525	2341172	ENSG00000273734	0	+	71647
ENSG00000273749	chr15	22867052	22981063	CYFIP1	0	-	114011
ENSG00000273802	chr6	26216200	26216688	H2BC8	0	-	488
ENSG00000273820	chrX	49879484	49882558	USP27X	0	+	3074
ENSG00000273983	chr6	26270918	26271413	H3C8	0	-	495
ENSG00000274049	chr2	74455088	74460884	INO80B-WBP1	0	+	5796
ENSG00000274070	chr7	74964705	75031528	CASTOR2	0	+	66823
ENSG00000274180	chr17	21238870	21253410	NATD1	0	-	14540
ENSG00000274211	chr17	38351844	38405593	SOCS7	0	+	53749
ENSG00000274226	chr17	36377531	36388435	TBC1D3H	0	-	10904
ENSG00000274276	chr21	6444869	6468040	CBSL	0	-	23171
ENSG00000274286	chr2	96112876	96116571	ADRA2B	0	-	3695
ENSG00000274290	chr6	26172059	26184655	H2BC6	0	+	12596
ENSG00000274322	chr20	1317571	1393096	ENSG00000274322	0	-	75525
ENSG00000274349	chr9	66856426	66932141	ZNF658	0	+	75715
ENSG00000274386	chr1	42784991	42816619	TMEM269	0	+	31628
ENSG00000274419	chr17	38003976	38014902	TBC1D3D	0	+	10926
ENSG00000274512	chr17	37978155	37989060	TBC1D3L	0	-	10905
ENSG00000274523	chr7	75027122	75074228	RCC1L	0	-	47106
ENSG00000274559	chr21	5972924	5973383	ENSG00000274559	0	-	459
ENSG00000274611	chr17	38181659	38192555	TBC1D3	0	-	10896
ENSG00000274750	chr6	26224199	26227473	H3C6	0	+	3274
ENSG00000274808	chr17	36165683	36176636	TBC1D3B	0	-	10953
ENSG00000274810	chr3	132558142	132722459	NPHP3-ACAD11	0	-	164317
ENSG00000274933	chr17	36253456	36264553	TBC1D3I	0	-	11097
ENSG00000274944	chr1	38864501	38881617	ENSG00000274944	0	-	17116
ENSG00000275004	chr22	22484421	22508742	ZNF280B	0	-	24321
ENSG00000275023	chr17	38705273	38729795	MLLT6	0	+	24522
ENSG00000275052	chr2	55547292	55618880	PPP4R3B	0	-	71588
ENSG00000275066	chr17	37514807	37609472	SYNRG	0	-	94665
ENSG00000275074	chr8	22106874	22109419	NUDT18	0	-	2545
ENSG00000275111	chr2	95165432	95184317	ZNF2	0	+	18885
ENSG00000275183	chr19	54461732	54463778	LENG9	0	-	2046
ENSG00000275302	chr17	36103827	36105621	CCL4	0	+	1794
ENSG00000275342	chr8	8317736	8386439	PRAG1	0	-	68703
ENSG00000275385	chr17	36064272	36072032	CCL18	0	+	7760
ENSG00000275395	chr19	39863323	39934626	FCGBP	0	-	71303
ENSG00000275464	chr21	5130871	5154658	ENSG00000275464	0	-	23787
ENSG00000275674	chr15	90266317	90314499	ENSG00000275674	0	+	48182
ENSG00000275688	chr17	35983656	36001621	CCL15-CCL14	0	-	17965
ENSG00000275700	chr17	36948925	37056871	AATF	0	+	107946
ENSG00000275713	chr6	26251614	26252075	H2BC9	0	+	461
ENSG00000275740	chr5	146203550	146339251	ENSG00000275740	0	+	135701
ENSG00000275774	chr1	13115488	13116854	HNRNPCL2	0	-	1366
ENSG00000275832	chr17	38419280	38512385	ARHGAP23	0	+	93105
ENSG00000275835	chr15	22983192	23039572	TUBGCP5	0	-	56380
ENSG00000275895	chr21	6484623	6499261	U2AF1L5	0	-	14638
ENSG00000275896	chr7	142760398	142774564	PRSS2	0	+	14166
ENSG00000275993	chr21	6111131	6123778	SIK1B	0	+	12647
ENSG00000276023	chr17	37489891	37513501	DUSP14	0	+	23610
ENSG00000276043	chr19	4903080	4962154	UHRF1	0	+	59074
ENSG00000276045	chr12	121626550	121642677	ORAI1	0	+	16127
ENSG00000276070	chr17	36210924	36212878	CCL4L2	0	+	1954
ENSG00000276085	chr17	36194869	36196758	CCL3L3	0	-	1889
ENSG00000276180	chr6	27139282	27139678	H4C9	0	+	396
ENSG00000276231	chr17	8802722	8867677	PIK3R6	0	-	64955
ENSG00000276234	chr17	37406886	37479725	TADA2A	0	+	72839
ENSG00000276293	chr17	38765691	38800126	PIP4K2B	0	-	34435
ENSG00000276600	chr1	205976740	206003461	RAB7B	0	-	26721
ENSG00000276644	chr13	71437966	71867204	DACH1	0	-	429238
ENSG00000276966	chr6	26204610	26205021	H4C5	0	+	411
ENSG00000277075	chr6	26216975	26217483	H2AC8	0	+	508
ENSG00000277117	chr21	5022493	5040666	ENSG00000277117	0	+	18173
ENSG00000277149	chr7	72558744	72828200	TYW1B	0	-	269456
ENSG00000277150	chrX	155456914	155458620	F8A3	0	-	1706
ENSG00000277161	chr17	36534987	36539310	PIGW	0	+	4323
ENSG00000277224	chr6	26199516	26199988	H2BC7	0	+	472
ENSG00000277258	chr17	38733898	38749817	PCGF2	0	-	15919
ENSG00000277363	chr17	38530031	38605952	SRCIN1	0	-	75921
ENSG00000277443	chr6	113857345	113863475	MARCKS	0	+	6130
ENSG00000277494	chr8	143213218	143217170	GPIHBP1	0	+	3952
ENSG00000277632	chr17	36088256	36090169	CCL3	0	-	1913
ENSG00000277639	chr16	53035690	53052873	ENSG00000277639	0	-	17183
ENSG00000277758	chr10	47744717	47763592	ENSG00000277758	0	-	18875
ENSG00000277791	chr17	38752741	38764225	PSMB3	0	+	11484
ENSG00000277957	chr17	7563287	7578715	SENP3-EIF4A1	0	+	15428
ENSG00000277972	chr17	38730341	38735605	CISD3	0	+	5264
ENSG00000278053	chr17	37609739	37643446	DDX52	0	-	33707
ENSG00000278139	chr1	46043661	46176488	P3R3URF-PIK3R3	0	-	132827
ENSG00000278259	chr17	36495636	36543435	MYO19	0	-	47799
ENSG00000278299	chr17	38057693	38068634	TBC1D3C	0	-	10941
ENSG00000278311	chr17	36544912	36589848	GGNBP2	0	+	44936
ENSG00000278318	chr19	44417519	44448578	ZNF229	0	-	31059
ENSG00000278535	chr17	36591879	36600804	DHRS11	0	+	8925
ENSG00000278540	chr17	37084992	37406836	ACACA	0	-	321844
ENSG00000278599	chr17	38127951	38138868	TBC1D3E	0	+	10917
ENSG00000278619	chr17	36601583	36608964	MRM1	0	+	7381
ENSG00000278662	chr15	82339993	82349475	GOLGA6L10	0	-	9482
ENSG00000278828	chr6	27810051	27811300	H3C10	0	+	1249
ENSG00000278845	chr17	38297023	38323217	MRPL45	0	+	26194
ENSG00000279073	chr9	137031241	137040436	ENSG00000279073	0	-	9195
ENSG00000280071	chr21	5079294	5128413	GATD3B	0	-	49119
ENSG00000280148	chr6	143857318	143938471	ENSG00000280148	0	+	81153
ENSG00000280433	chr21	5155499	5165472	ENSG00000280433	0	-	9973
ENSG00000280537	chr2	219075329	219170827	ENSG00000280537	0	-	95498
ENSG00000280571	chr3	42705756	42804518	ENSG00000280571	0	-	98762
ENSG00000280670	chr1	45493866	45500079	CCDC163	0	-	6213
ENSG00000280778	chr1	145927258	145977811	ENSG00000280778	0	+	50553
ENSG00000280987	chr5	139273752	139331671	MATR3	0	+	57919
ENSG00000281039	chr7	30497077	30550761	ENSG00000281039	0	-	53684
ENSG00000281883	chr13	43883800	44028526	ENSG00000281883	0	+	144726
ENSG00000281938	chr5	131807143	132011637	ENSG00000281938	0	-	204494
ENSG00000282218	chr6	117318211	117573571	ENSG00000282218	0	-	255360
ENSG00000282246	chr10	13610047	13655929	ENSG00000282246	0	+	45882
ENSG00000282278	chr4	53377839	54295272	ENSG00000282278	0	+	917433
ENSG00000282988	chr6	26195595	26199293	ENSG00000282988	0	-	3698
ENSG00000283154	chr3	158962235	159897629	IQCJ-SCHIP1	0	+	935394
ENSG00000283189	chr3	49416777	49429314	ENSG00000283189	0	-	12537
ENSG00000283199	chr13	113953705	113974076	C13orf46	0	-	20371
ENSG00000283201	chr19	23222755	23274221	ENSG00000283201	0	-	51466
ENSG00000283208	chr13	76992078	77129589	ENSG00000283208	0	+	137511
ENSG00000283239	chr8	1763888	1958627	KBTBD11-OT1	0	+	194739
ENSG00000283463	chrX	149929573	149931287	HSFX4	0	+	1714
ENSG00000283496	chr10	133309410	133352529	ZNF511-PRAP1	0	+	43119
ENSG00000283515	chr19	58228914	58315183	ENSG00000283515	0	+	86269
ENSG00000283528	chr7	143639230	143647646	TCAF2C	0	-	8416
ENSG00000283632	chr19	45212370	45245407	EXOC3L2	0	-	33037
ENSG00000283697	chrX	149548210	149549924	HSFX3	0	-	1714
