Chr	Start	End	Name	Score	Strand	Length
chrX	100627108	100639991	TSPAN6	0	-	12883
chrX	100584936	100599885	TNMD	0	+	14949
chr20	50934867	50959140	DPM1	0	-	24273
chr1	169662007	169854080	C1orf112	0	+	192073
chr1	27612064	27635185	FGR	0	-	23121
chr1	196652043	196747504	CFH	0	+	95461
chr6	143494812	143511720	FUCA2	0	-	16908
chr6	53497341	53616970	GCLC	0	-	119629
chr1	24415802	24472976	NIPAL3	0	+	57174
chr6	46129989	46146688	ENPP4	0	+	16699
chr3	50155045	50189075	SEMA3F	0	+	34030
chr7	92245974	92401383	ANKIB1	0	+	155409
chr12	911736	990053	RAD52	0	-	78317
chr4	17577198	17607972	LAP3	0	+	30774
chrX	2691187	2741309	CD99	0	+	50122
chrY	2691187	2741309	CD99	0	+	50122
chr4	11393150	11429564	HS3ST1	0	-	36414
chr7	150824627	150861504	AOC1	0	+	36877
chr17	38869859	38921770	LASP1	0	+	51911
chr17	48103357	48123601	SNX11	0	+	20244
chrX	117897813	118117340	KLHL13	0	-	219527
chr2	72129238	72147862	CYP26B1	0	-	18624
chr7	8113184	8262687	ICA1	0	-	149503
chr2	201700267	201782112	ALS2	0	-	81845
chr2	201182898	201229406	CASP10	0	+	46508
chr2	201116154	201176687	CFLAR	0	+	60533
chr2	187464230	187565760	TFPI	0	-	101530
chr8	17296794	17413528	MTMR7	0	-	116734
chr8	17497088	17570573	SLC7A2	0	+	73485
chr17	28364356	28404049	SARM1	0	+	39693
chr3	129555214	129606676	PLXND1	0	-	51462
chr1	33007940	33080996	AK2	0	-	73056
chr4	15778275	15853232	CD38	0	+	74957
chr12	2794970	2805423	FKBP4	0	+	10453
chr1	23019443	23083689	KDM1A	0	+	64246
chr3	49940007	50100045	RBM6	0	+	160038
chr17	3860315	3894891	CAMKK1	0	-	34576
chr7	93232340	93361123	VPS50	0	+	128783
chr19	35754566	35758079	HSPB6	0	-	3513
chr19	35774532	35788822	ARHGAP33	0	+	14290
chr16	23581014	23596316	NDUFAB1	0	-	15302
chr7	95583499	95596516	PDK4	0	-	13017
chr3	50341110	50345732	ZMYND10	0	-	4622
chrX	25003694	25016420	ARX	0	-	12726
chr7	96120220	96322147	SLC25A13	0	-	201927
chr7	116953238	117230176	ST7	0	+	276938
chr17	47117703	47189422	CDC27	0	-	71719
chr17	7225342	7234517	DVL2	0	-	9175
chr16	2852730	2858170	PRSS22	0	-	5440
chr19	18831959	18868230	UPF1	0	+	36271
chr7	26667068	26995239	SKAP2	0	-	328171
chrX	119468422	119471396	SLC25A5	0	+	2974
chr4	109560209	109688719	MCUB	0	+	128510
chr7	27181157	27185232	HOXA11	0	-	4075
chr17	5440917	5468982	DHX33	0	-	28065
chr17	43640389	43661922	MEOX1	0	-	21533
chr7	11370365	11832198	THSD7A	0	-	461833
chr12	47661249	47706030	RPAP3	0	-	44781
chr16	20610243	20797581	ACSM3	0	+	187338
chr16	20806429	20849665	REXO5	0	+	43236
chr16	57428187	57447420	CIAPIN1	0	-	19233
chr9	35104112	35116341	FAM214B	0	-	12229
chr17	48026167	48038030	COPZ2	0	-	11863
chr7	107044705	107161811	PRKAR2B	0	+	117106
chrX	11758159	11775772	MSL3	0	+	17613
chr16	3725054	3880713	CREBBP	0	-	155659
chr17	58301228	58328795	TSPOAP1	0	-	27567
chr2	75652000	75710985	GCFC2	0	-	58985
chr2	74421678	74425755	WDR54	0	+	4077
chr7	87345664	87399794	CROT	0	+	54130
chr7	87401696	87480435	ABCB4	0	-	78739
chr7	75842602	75888926	RHBDD2	0	+	46324
chr16	981770	986979	SOX8	0	+	5209
chr6	82169986	82247754	IBTK	0	-	77768
chr11	3339261	3379222	ZNF195	0	-	39961
chr13	77042474	77327094	MYCBP2	0	-	284620
chr16	30472658	30523567	ITGAL	0	+	50909
chr17	50055968	50090481	ITGA3	0	+	34513
chrX	24149173	24216255	ZFX	0	+	67082
chrX	120426148	120469365	LAMP2	0	-	43217
chr16	19501693	19522123	GDE1	0	-	20430
chr19	18572220	18607741	CRLF1	0	-	35521
chr17	47807372	47821834	OSBPL7	0	-	14462
chr17	32927910	32945106	TMEM98	0	+	17196
chr17	7288263	7294639	YBX2	0	-	6376
chr17	45263119	45317029	MAP3K14	0	-	53910
chr11	17392498	17476894	ABCC8	0	-	84396
chr17	35578046	35726413	AP2B1	0	+	148367
chr16	3263800	3301401	ZNF263	0	+	37601
chr16	57372477	57385044	CX3CL1	0	+	12567
chr17	50543058	50555852	SPATA20	0	+	12794
chr17	50560715	50627474	CACNA1G	0	+	66759
chr14	70722526	70809534	MAP3K9	0	-	87008
chr7	39623565	39708120	RALA	0	+	84555
chr7	98291650	98401090	BAIAP2L1	0	-	109440
chr7	140084746	140176983	KDM7A	0	-	92237
chr7	13891229	13991425	ETV1	0	-	100196
chr7	141551278	141655244	AGK	0	+	103966
chr11	68008578	68029282	ALDH3B1	0	+	20704
chr1	54779712	54801323	TTC22	0	-	21611
chr7	77798792	77957503	PHTF2	0	+	158711
chr2	241356285	241494841	FARP2	0	+	138556
chr19	3594507	3606875	TBXA2R	0	-	12368
chr7	112422887	112481017	IFRD1	0	+	58130
chr17	14069490	14231736	COX10	0	+	162246
chr7	74453790	74602605	GTF2IRD1	0	+	148815
chr7	38722974	38932394	VPS41	0	-	209420
chr17	12789498	12991643	ARHGAP44	0	+	202145
chr7	12570577	12660182	SCIN	0	+	89605
chrX	2903972	2929349	ARSD	0	-	25377
chrX	7898247	7927739	PNPLA4	0	-	29492
chr12	1688574	1788674	ADIPOR2	0	+	100100
chr5	134286350	134371047	CDKL3	0	-	84697
chr16	2817180	2826304	PRSS21	0	+	9124
chr19	45079288	45305284	MARK4	0	+	225996
chr4	15963076	16084378	PROM1	0	-	121302
chr19	17933015	17943991	CCDC124	0	+	10976
chr19	41549518	41586844	CEACAM21	0	+	37326
chr17	2593210	2685615	PAFAH1B1	0	+	92405
chr17	28614446	28645454	KIAA0100	0	-	31008
chr17	9910606	10198606	GAS7	0	-	288000
chr19	3777970	3802129	MATK	0	-	24159
chr17	63938554	63972918	SCN4A	0	-	34364
chr1	112523514	112620825	ST7L	0	-	97311
chr16	58059	76355	RHBDF1	0	-	18296
chr16	188969	229463	LUC7L	0	-	40494
chr3	50362613	50504244	CACNA2D2	0	-	141631
chr16	1333638	1349441	BAIAP3	0	+	15803
chr16	566995	584109	PIGQ	0	+	17114
chr16	1612337	1677908	CRAMP1	0	+	65571
chr6	35473597	35497079	TEAD3	0	-	23482
chr1	6634168	6701924	DNAJC11	0	-	67756
chr1	171090901	171117819	FMO3	0	+	26918
chr6	16129086	16148248	MYLIP	0	+	19162
chr1	23506438	23531233	E2F2	0	-	24795
chr6	170535120	170553307	PSMB1	0	-	18187
chrX	47571901	47619857	SYN1	0	-	47956
chr6	15246069	15522042	JARID2	0	+	275973
chrX	18425583	18653629	CDKL5	0	+	228046
chr1	1702379	1724357	CDK11A	0	-	21978
chr1	1751232	1780457	NADK	0	-	29225
chr6	50818723	50847619	TFAP2B	0	+	28896
chr3	38039205	38124025	DLEC1	0	+	84820
chr7	6161776	6272644	CYTH3	0	-	110868
chr7	87934143	88202889	ADAM22	0	+	268746
chr7	106090505	106112576	SYPL1	0	-	22071
chr17	63432304	63446354	CYB561	0	-	14050
chr17	50962174	51120868	SPAG9	0	-	158694
chr3	48636463	48662886	CELSR3	0	-	26423
chr7	122064583	122144308	AASS	0	-	79725
chr12	6310436	6328506	PLEKHG6	0	+	18070
chr19	4343527	4360086	MPND	0	+	16559
chr12	16347142	16609259	MGST1	0	+	262117
chr12	106991364	107093549	CRY1	0	-	102185
chr19	12995475	13098796	NFIX	0	+	103321
chr8	133454848	133571940	ST3GAL1	0	-	117092
chr16	3046062	3060726	MMP25	0	+	14664
chr16	3065297	3082192	IL32	0	+	16895
chr16	2088708	2135898	PKD1	0	-	47190
chr17	40019097	40061215	MED24	0	-	42118
chr2	36968383	37084372	HEATR5B	0	-	115989
chr3	169966635	169998373	SEC62	0	+	31738
chr8	56067254	56074510	RPS20	0	-	7256
chr1	114716913	114758676	CSDE1	0	-	41763
chr7	157138916	157269370	UBE3C	0	+	130454
chrX	124375903	124963817	TENM1	0	-	587914
chr1	18630846	18748866	PAX7	0	+	118020
chr1	11026523	11047239	MASP2	0	-	20716
chr6	150368892	150405969	IYD	0	+	37077
chr1	27725961	27763116	FAM76A	0	+	37155
chr1	209756032	209782320	TRAF3IP3	0	+	26288
chr14	77274956	77320883	POMT2	0	-	45927
chr6	142147162	142224685	VTA1	0	+	77523
chr7	73593194	73624543	MLXIPL	0	-	31349
chr7	73440406	73522293	BAZ1B	0	-	81887
chr6	13621498	13711835	RANBP9	0	-	90337
chr6	36354091	36387800	ETV7	0	-	33709
chr1	231337104	231355023	SPRTN	0	+	17919
chr1	171781660	171814023	METTL13	0	+	32363
chr17	32350132	32381885	ZNF207	0	+	31753
chr3	48599002	48610976	UQCRC1	0	-	11974
chr7	38178245	38230670	STARD3NL	0	+	52425
chr12	6199715	6238271	CD9	0	+	38556
chr12	6493356	6531955	NCAPD2	0	+	38599
chr12	6538961	6556073	IFFO1	0	-	17112
chr19	45668221	45683722	GIPR	0	+	15501
chr3	52410660	52423641	PHF7	0	+	12981
chr3	52433035	52445103	SEMA3G	0	-	12068
chr3	52455118	52493068	NISCH	0	+	37950
chr3	52495338	52524495	STAB1	0	+	29157
chr16	3222325	3236221	ZNF200	0	-	13896
chr12	6786858	6820799	CD4	0	+	33941
chr12	6873569	6914241	LRRC23	0	+	40672
chrX	101349447	101390796	BTK	0	-	41349
chr6	26087281	26098343	HFE	0	+	11062
chr1	41027200	41242154	SCMH1	0	-	214954
chr6	111660332	111873452	FYN	0	-	213120
chr6	142751469	142956698	HIVEP2	0	-	205229
chr1	171248471	171285978	FMO1	0	+	37507
chr1	23743448	23762059	ELOA	0	+	18611
chr1	23791145	23795539	LYPLA2	0	+	4394
chr1	11806096	11848079	CLCN6	0	+	41983
chr17	62627670	62693597	MRC2	0	+	65927
chr17	51153590	51171744	NME1-NME2	0	+	18154
chr12	3077355	3286564	TSPAN9	0	+	209209
chr14	93237550	93333092	BTBD7	0	-	95542
chrX	8528874	8732137	ANOS1	0	-	203263
chr19	15380050	15419141	AKAP8L	0	-	39091
chr17	51177425	51260163	MBTD1	0	-	82738
chr17	51260546	51297936	UTP18	0	+	37390
chr7	5620047	5781696	RNF216	0	-	161649
chr19	797075	812327	PTBP1	0	+	15252
chr11	61513714	61581148	SYT7	0	-	67434
chr3	45388561	45554726	LARS2	0	+	166165
chr11	17077730	17207986	PIK3C2A	0	-	130256
chr19	43646095	43670547	PLAUR	0	-	24452
chr19	15419978	15449956	WIZ	0	-	29978
chr9	122940833	123104866	RABGAP1	0	+	164033
chr12	91140484	91183217	DCN	0	-	42733
chr19	45692403	45703989	QPCTL	0	+	11586
chr19	46347087	46392981	PPP5C	0	+	45894
chr2	39249266	39437301	MAP4K3	0	-	188035
chr19	35904401	35908295	TYROBP	0	-	3894
chr17	43044295	43170245	BRCA1	0	-	125950
chr19	45407334	45478828	ERCC1	0	-	71494
chr19	35319261	35347361	CD22	0	+	28100
chr3	50267558	50277546	SEMA3B	0	+	9988
chrX	21839617	21885423	MBTPS2	0	+	45806
chrX	49174802	49186528	PRICKLE3	0	-	11726
chr3	46435645	46485234	LTF	0	-	49589
chr8	28600469	28755599	EXTL3	0	+	155130
chr6	53267398	53349179	ELOVL5	0	-	81781
chr10	45374176	45446119	ALOX5	0	+	71943
chr12	53708517	53727745	CALCOCO1	0	-	19228
chr14	50418501	50561126	MAP4K5	0	-	142625
chr2	31234152	31269451	EHD3	0	+	35299
chr19	39971165	39981764	PSMC4	0	+	10599
chr4	6575189	6623362	MAN2B2	0	+	48173
chr17	44319625	44324870	SLC25A39	0	-	5245
chr16	29820394	29848039	MVP	0	+	27645
chr7	151341772	151378449	NUB1	0	+	36677
chr6	83193357	83198935	RWDD2A	0	+	5578
chr2	200853009	200864691	CLK1	0	-	11682
chr12	106357748	106510198	POLR3B	0	+	152450
chr14	76786009	76826246	ANGEL1	0	-	40237
chr5	141958328	141990292	RNF14	0	+	31964
chr12	31073860	31104799	DDX11	0	+	30939
chr12	12974870	13000265	HEBP1	0	-	25395
chr12	12891559	12917937	GPRC5A	0	+	26378
chrX	150361422	150514178	MAMLD1	0	+	152756
chr11	60971680	61020377	CD6	0	+	48697
chr4	1712858	1745171	TACC3	0	+	32313
chr6	96521595	96555276	UFL1	0	+	33681
chr8	143437659	143541447	ZC3H3	0	-	103788
chr11	65180566	65212006	CAPN1	0	+	31440
chr3	132317369	132368298	ACP3	0	+	50929
chr4	41990502	42090461	SLC30A9	0	+	99959
chr1	149928651	149936879	MTMR11	0	-	8228
chr14	91271323	91417844	CCDC88C	0	-	146521
chr12	42157104	42238349	YAF2	0	-	81245
chr10	134465	254637	ZMYND11	0	+	120172
chrX	48676596	48691427	WAS	0	+	14831
chr16	89613308	89638456	DPEP1	0	+	25148
chr22	17734138	17774770	BID	0	-	40632
chr5	139293674	139331677	MATR3	0	+	38003
chr7	44512535	44541330	NPC1L1	0	-	28795
chr17	50346126	50363138	XYLT2	0	+	17012
chr2	109792758	109857705	RGPD5	0	+	64947
chr7	44379119	44490658	NUDCD3	0	-	111539
chr6	136999971	137045180	IL20RA	0	-	45209
chr3	52694486	52706032	GLT8D1	0	-	11546
chr3	130850595	131016712	ATP2C1	0	+	166117
chr12	102395874	102481744	IGF1	0	-	85870
chrX	48458537	48470260	SLC38A5	0	-	11723
chr18	9475009	9538114	RALBP1	0	+	63105
chr4	70704204	70808619	RUFY3	0	+	104415
chr12	40692439	41072415	CNTN1	0	+	379976
chr2	218382029	218396894	SLC11A1	0	+	14865
chr3	149517235	149736714	WWTR1	0	-	219479
chr2	177392746	177567024	AGPS	0	+	174278
chrX	119538149	119565409	STEEP1	0	-	27260
chr1	160115759	160143591	ATP1A2	0	+	27832
chr2	32628032	32821051	TTC27	0	+	193019
chr19	56375846	56393538	ZNF582	0	-	17692
chr11	124747474	124752255	VSIG2	0	-	4781
chr11	118606440	118658031	PHLDB1	0	+	51591
chr2	118942194	118994660	MARCO	0	+	52466
chr20	54153446	54173986	CYP24A1	0	-	20540
chr11	45095806	45235110	PRDM11	0	+	139304
chr11	45240302	45286341	SYT13	0	-	46039
chr8	48917598	48921740	SNAI2	0	-	4142
chr5	150401637	150412969	CD74	0	-	11332
chr7	81699010	81770438	HGF	0	-	71428
chr8	37784191	37844896	ADGRA2	0	+	60705
chr20	52051663	52204308	ZFP64	0	-	152645
chr14	60734742	60969965	MNAT1	0	+	235223
chr14	54566117	54793315	SAMD4A	0	+	227198
chr1	24899511	24965121	RUNX3	0	-	65610
chr11	94415570	94493885	MRE11	0	-	78315
chr11	73646178	73662819	PLEKHB1	0	+	16641
chr6	2832332	2841959	SERPINB1	0	-	9627
chr2	32063556	32157637	SPAST	0	+	94081
chr14	78170373	79868291	NRXN3	0	+	1697918
chr11	3087107	3166739	OSBPL5	0	-	79632
chr15	34851782	34969742	AQR	0	-	117960
chr2	210477682	210679107	CPS1	0	+	201425
chrX	136146702	136211359	FHL1	0	+	64657
chr20	56468585	56519449	RTF2	0	+	50864
chr5	161847063	161899981	GABRA1	0	+	52918
chr19	54953130	55001142	NLRP2	0	+	48012
chr8	141207166	141308305	SLC45A4	0	-	101139
chr12	120533480	120577588	RNF10	0	+	44108
chr14	102317377	102342702	ZNF839	0	+	25325
chr11	123358428	123627774	GRAMD1B	0	+	269346
chr11	494512	507300	RNH1	0	-	12788
chr2	206114817	206159509	NDUFS1	0	-	44692
chr8	52622458	52745843	RB1CC1	0	-	123385
chr9	99979185	100099052	ERP44	0	-	119867
chr3	52198086	52214327	ALAS1	0	+	16241
chr11	102317450	102339403	BIRC3	0	+	21953
chr13	42272152	42323261	AKAP11	0	+	51109
chr1	193090866	193106114	GLRX2	0	-	15248
chr14	61762420	61796428	SNAPC1	0	+	34008
chr12	15911302	16037381	DERA	0	+	126079
chr12	15882387	15903478	STRAP	0	+	21091
chr10	99782640	99852594	ABCC2	0	+	69954
chr6	35297818	35321771	DEF6	0	+	23953
chr1	150149183	150164720	PLEKHO1	0	+	15537
chr1	93885199	93909456	GCLM	0	-	24257
chr6	42564029	42693505	UBR2	0	+	129476
chr19	47713422	47743134	EHD2	0	+	29712
chr1	68474152	68497221	DEPDC1	0	-	23069
chr6	138773769	138793319	CCDC28A	0	+	19550
chr6	89364616	89412273	RRAGD	0	-	47657
chr6	122399551	122433119	HSF2	0	+	33568
chr20	35771974	35950370	PHF20	0	+	178396
chr12	56752161	56787790	HSD17B6	0	+	35629
chr11	47248300	47269033	NR1H3	0	+	20733
chr22	50525752	50530032	TYMP	0	-	4280
chr22	50508224	50524780	NCAPH2	0	+	16556
chr6	107867756	107958208	SEC63	0	-	90452
chr1	32108056	32176563	KPNA6	0	+	68507
chr10	17228241	17237593	VIM	0	+	9352
chr20	63659300	63698684	RTEL1-TNFRSF6B	0	+	39384
chr6	166922113	166957191	RNASET2	0	-	35078
chr11	35138882	35232402	CD44	0	+	93520
chr20	51003656	51023107	KCNG1	0	-	19451
chr6	161129967	161274061	AGPAT4	0	-	144094
chr1	160739057	160754821	SLAMF7	0	+	15764
chr6	26402237	26415208	BTN3A1	0	+	12971
chr13	23730189	23889400	MIPEP	0	-	159211
chr14	61187559	61550976	PRKCH	0	+	363417
chr6	137197485	137219449	IFNGR1	0	-	21964
chr5	177600132	177610330	B4GALT7	0	+	10198
chr2	57907629	58159920	VRK2	0	+	252291
chr1	12166991	12209228	TNFRSF1B	0	+	42237
chr12	95217746	95302799	VEZT	0	+	85053
chr19	42086110	42196585	POU2F2	0	-	110475
chr15	64094123	64146090	SNX1	0	+	51967
chr12	27332836	27425289	ARNTL2	0	+	92453
chr6	136256627	136289851	BCLAF1	0	-	33224
chr14	69398015	69462390	SLC39A9	0	+	64375
chr8	41653220	41896762	ANK1	0	-	243542
chr4	87799554	87812435	IBSP	0	+	12881
chr17	5282265	5386340	RABEP1	0	+	104075
chrX	150980509	150990771	HMGB3	0	+	10262
chr11	47778087	47848555	NUP160	0	-	70468
chr6	33572547	33580293	BAK1	0	-	7746
chr2	212999691	213152427	IKZF2	0	-	152736
chr17	44345246	44353106	GRN	0	+	7860
chr5	137937960	138051961	FAM13B	0	-	114001
chr3	119294383	119420714	ARHGAP31	0	+	126331
chr6	49463370	49493107	CENPQ	0	+	29737
chr1	109213918	109238182	SARS1	0	+	24264
chr19	5916139	5978142	RANBP3	0	-	62003
chr14	58298504	58373887	ARID4A	0	+	75383
chr2	3188925	3377830	EIPR1	0	-	188905
chr19	7534004	7561764	PNPLA6	0	+	27760
chr13	20567138	20691444	IFT88	0	+	124306
chr16	5033702	5087379	ALG1	0	+	53677
chr12	122471599	122501073	ZCCHC8	0	-	29474
chr14	65410592	65744121	FUT8	0	+	333529
chr4	67612652	67701155	UBA6	0	-	88503
chr11	78215293	78418348	GAB2	0	-	203055
chr17	42458844	42522582	ATP6V0A1	0	+	63738
chr15	68054309	68198603	PIAS1	0	+	144294
chr3	27372721	27484420	SLC4A7	0	-	111699
chr15	28884483	29118315	APBA2	0	+	233832
chr17	21284672	21315232	MAP2K3	0	+	30560
chr6	143450805	143490616	PEX3	0	+	39811
chr16	75566375	75577881	GABARAPL2	0	+	11506
chr2	217730	266398	SH3YL1	0	-	48668
chr2	70295975	70302090	FAM136A	0	-	6115
chr10	73995193	74121363	VCL	0	+	126170
chr5	60596912	60700190	DEPDC1B	0	-	103278
chr15	63907036	64072033	DAPK2	0	-	164997
chr8	58583508	58659853	NSMAF	0	-	76345
chr1	244408494	244451909	ADSS2	0	-	43415
chr4	67558727	67607337	STAP1	0	+	48610
chr17	78852977	78925387	TIMP2	0	-	72410
chr4	39287456	39366375	RFC1	0	-	78919
chr3	100260992	100325251	TBC1D23	0	+	64259
chr2	224470150	224585397	CUL3	0	-	115247
chr8	2045046	2165552	MYOM2	0	+	120506
chr1	77562416	77683419	ZZZ3	0	-	121003
chr11	119355215	119381711	USP2	0	-	26496
chr17	42659284	42667006	TUBG2	0	+	7722
chr5	172958729	172969771	RPL26L1	0	+	11042
chr5	180601506	180649624	FLT4	0	-	48118
chr5	6599239	6633291	NSUN2	0	-	34052
chr1	16246840	16352480	FBXO42	0	-	105640
chr19	13764522	13774282	MRI1	0	+	9760
chr4	177430774	177442437	AGA	0	-	11663
chr4	25160663	25279204	PI4K2B	0	+	118541
chr4	13568738	13627725	BOD1L1	0	-	58987
chr5	163503114	163519354	MAT2B	0	+	16240
chr4	165873237	166104457	TLL1	0	+	231220
chr16	67873052	67884499	EDC4	0	+	11447
chr5	14143342	14532128	TRIO	0	+	388786
chr5	83471618	83582303	VCAN	0	+	110685
chr16	10944564	11182186	CLEC16A	0	+	237622
chr8	16107878	16567490	MSR1	0	-	459612
chr16	68737292	68835537	CDH1	0	+	98245
chr5	55307989	55425579	MTREX	0	+	117590
chr5	13690328	14011818	DNAH5	0	-	321490
chr5	80408013	80483379	ZFYVE16	0	+	75366
chr16	67518418	67546788	RIPOR1	0	+	28370
chr5	41142116	41261438	C6	0	-	119322
chr5	34656328	34832612	RAI14	0	+	176284
chr19	49859882	49878351	PNKP	0	-	18469
chr16	71637835	71724701	PHLPP2	0	-	86866
chr5	169583636	169604778	SPDL1	0	+	21142
chr8	73420369	73747708	STAU2	0	-	327339
chr1	19312326	19329300	SLC66A1	0	+	16974
chr22	20241415	20283246	RTN4R	0	-	41831
chr17	7235029	7239722	PHF23	0	-	4693
chr2	98444854	98594392	INPP4A	0	+	149538
chr18	54717860	54895516	RAB27B	0	+	177656
chr15	78540405	78552417	PSMA4	0	+	12012
chr13	108596152	109208005	MYO16	0	+	611853
chr3	194640791	194672463	LSG1	0	-	31672
chr3	51942345	51948867	PARP3	0	+	6522
chr9	115019575	115118257	TNC	0	-	98682
chr20	50586108	50691542	RIPOR3	0	-	105434
chr14	89954939	90044764	TDP1	0	+	89825
chr2	85394753	85418432	CAPG	0	-	23679
chr19	46838136	46850846	AP2S1	0	-	12710
chr8	132866958	133134903	TG	0	+	267945
chr8	24294069	24359014	ADAM28	0	+	64945
chr11	129375848	129452279	BARX2	0	+	76431
chr3	182938074	182985953	DCUN1D1	0	-	47879
chr5	134524312	134583230	JADE2	0	+	58918
chr13	99981784	99986765	ZIC2	0	+	4981
chr5	170246233	170297815	LCP2	0	-	51582
chr1	39838110	39883511	TRIT1	0	-	45401
chr10	114043866	114046904	ADRB1	0	+	3038
chr5	138610967	138935034	CTNNA1	0	+	324067
chrX	18892298	18984114	PHKA2	0	-	91816
chr9	17134982	17503923	CNTLN	0	+	368941
chr3	89107621	89482134	EPHA3	0	+	374513
chr9	125234853	125241382	HSPA5	0	-	6529
chr18	31498177	31549008	DSG2	0	+	50831
chrX	14006726	14029893	GEMIN8	0	-	23167
chrX	13770939	13938638	GPM6B	0	-	167699
chrX	142202342	142205290	MAGEC2	0	-	2948
chr8	67952046	68237032	PREX2	0	+	284986
chr10	1049538	1132384	WDR37	0	+	82846
chr5	113513694	113595285	YTHDC2	0	+	81591
chrX	16587999	16712936	CTPS2	0	-	124937
chr8	53715543	53843558	ATP6V1H	0	-	128015
chr15	52581317	52709817	FAM214A	0	-	128500
chr4	35948221	36244514	ARAP2	0	-	296293
chr1	186311652	186375693	TPR	0	-	64041
chr3	149162410	149221829	CP	0	-	59419
chr16	27550133	27780344	KATNIP	0	+	230211
chr6	15522807	15663058	DTNBP1	0	-	140251
chr12	5531869	5946232	ANO2	0	-	414363
chr12	4487735	4538508	C12orf4	0	-	50773
chrX	17737449	17754988	SCML1	0	+	17539
chrX	10015254	10144474	WWC3	0	+	129220
chrX	11117651	11665920	ARHGAP6	0	-	548269
chr4	17629306	17781621	FAM184B	0	-	152315
chr3	47850690	48089272	MAP4	0	-	238582
chr11	113797874	113875570	USP28	0	-	77696
chr7	18086949	19002416	HDAC9	0	+	915467
chr5	176647387	176659054	TSPAN17	0	+	11667
chr4	15469865	15601552	CC2D2A	0	+	131687
chr8	102204502	102238961	RRM2B	0	-	34459
chr7	127346790	127431924	ZNF800	0	-	85134
chr16	11976734	12574287	SNX29	0	+	597553
chr6	42206807	42217861	MRPS10	0	-	11054
chr11	77660009	77820869	RSF1	0	-	160860
chr1	12230030	12512047	VPS13D	0	+	282017
chr10	10798397	11336675	CELF2	0	+	538278
chr9	93451685	93566112	FAM120A	0	+	114427
chr2	135531455	135725270	R3HDM1	0	+	193815
chr1	40300489	40317813	COL9A2	0	-	17324
chr12	88492793	88580851	KITLG	0	-	88058
chr5	60866454	60945073	ERCC8	0	-	78619
chr5	65148738	65481920	ADAMTS6	0	-	333182
chr1	9234774	9271337	H6PD	0	+	36563
chr1	7771296	7781432	VAMP3	0	+	10136
chr1	7784291	7845177	PER3	0	+	60886
chr1	7915871	7943165	TNFRSF9	0	-	27294
chr2	32946953	33399509	LTBP1	0	+	452556
chr7	74027789	74069907	ELN	0	+	42118
chr7	74231499	74254458	RFC2	0	-	22959
chr6	156776020	157210779	ARID1B	0	+	434759
chr5	1317752	1345099	CLPTM1L	0	-	27347
chr18	58044226	58401540	NEDD4L	0	+	357314
chrX	49269793	49301461	PPP1R3F	0	+	31668
chr5	74640023	74722647	HEXB	0	+	82624
chrX	74732856	74925472	NEXMIF	0	-	192616
chr7	144355288	144380632	ARHGEF5	0	+	25344
chr7	26152198	26187137	NFE2L3	0	+	34939
chr6	13786557	13814568	MCUR1	0	-	28011
chr12	50175788	50283520	LIMA1	0	-	107732
chr12	51047962	51060424	LETMD1	0	+	12462
chr12	51391317	51515763	SLC4A8	0	+	124446
chr9	131009174	131094473	LAMC3	0	+	85299
chr1	70852353	71047816	PTGER3	0	-	195463
chr5	180233143	180292099	MAPK9	0	-	58956
chr5	178237476	178590393	COL23A1	0	-	352917
chr16	75228181	75268053	BCAR1	0	-	39872
chr11	6211345	6234711	FHIP1B	0	-	23366
chr16	56932142	56944864	HERPUD1	0	+	12722
chr15	40694774	40732340	RAD51	0	+	37566
chr3	121431431	121545988	POLQ	0	-	114557
chr3	138652698	138834928	PIK3CB	0	-	182230
chr16	88643289	88651054	CYBA	0	-	7765
chr5	175917873	176034680	THOC3	0	-	116807
chr12	123152320	123244014	MPHOSPH9	0	-	91694
chr12	19129733	19376400	PLEKHA5	0	+	246667
chr16	31131433	31135727	PRSS8	0	-	4294
chr1	114769479	114780685	SIKE1	0	-	11206
chr10	97356358	97426076	RRP12	0	-	69718
chr4	165327667	165343164	MSMO1	0	+	15497
chr11	43358920	43494933	TTC17	0	+	136013
chr11	44260440	44310139	ALX4	0	-	49699
chr5	133196455	133612541	FSTL4	0	-	416086
chr14	89124871	89619149	FOXN3	0	-	494278
chr1	19303965	19312144	AKR7A2	0	-	8179
chr1	19251805	19260128	MRTO4	0	+	8323
chr19	17215346	17219829	USE1	0	+	4483
chr3	183178041	183428778	MCF2L2	0	-	250737
chr18	23689453	23956222	LAMA3	0	+	266769
chr14	57268924	57298742	AP5M1	0	+	29818
chr4	25377263	25418498	ANAPC4	0	+	41235
chr11	2444684	2849105	KCNQ1	0	+	404421
chr1	36224432	36305357	THRAP3	0	+	80925
chr9	137048107	137054061	ENTPD2	0	-	5954
chr1	235131634	235328219	ARID4B	0	-	196585
chr2	219289623	219309648	PTPRN	0	-	20025
chr1	210328252	210676296	HHAT	0	+	348044
chr1	10210570	10381603	KIF1B	0	+	171033
chr6	1609915	1613897	FOXC1	0	+	3982
chr22	46762617	47175699	TBC1D22A	0	+	413082
chr14	63761899	64226433	SYNE2	0	+	464534
chr20	51596514	51768390	ATP9A	0	-	171876
chr11	74696429	74731426	CHRDL2	0	-	34997
chr11	73400487	73598189	FAM168A	0	-	197702
chr11	73376399	73397474	RELT	0	+	21075
chr14	87837820	87993665	GALC	0	-	155845
chr2	202265736	202303661	NOP58	0	+	37925
chr7	150944961	150978321	KCNH2	0	-	33360
chr7	148697914	148801110	CUL1	0	+	103196
chr5	153990148	154038936	FAM114A2	0	-	48788
chr6	149218641	149411613	TAB2	0	+	192972
chr6	149566294	149591748	GINM1	0	+	25454
chr2	37099210	37157522	EIF2AK2	0	-	58312
chr17	78787381	78841441	USP36	0	-	54060
chr7	152134922	152436644	KMT2C	0	-	301722
chr2	56183990	56386172	CCDC85A	0	+	202182
chr2	20248691	20352234	PUM2	0	-	103543
chr10	100969458	100987515	MRPL43	0	-	18057
chr4	169729470	169757944	HPF1	0	-	28474
chr5	32354350	32444740	ZFR	0	-	90390
chrX	130202707	130268899	ZNF280C	0	-	66192
chr22	44881162	45010005	PHF21B	0	-	128843
chr9	120902393	120929173	TRAF1	0	-	26780
chr9	122844556	122905359	RC3H2	0	-	60803
chr3	53846568	53865794	IL17RB	0	+	19226
chr6	111555381	111606906	TRAF3IP2	0	-	51525
chrX	2828822	2882820	GYG2	0	+	53998
chr3	98795941	98901695	DCBLD2	0	-	105754
chr1	179293714	179358680	SOAT1	0	+	64966
chr12	32790755	32896777	PKP2	0	-	106022
chr13	113105788	113120685	F7	0	+	14897
chr10	5765223	5842132	GDI2	0	-	76909
chr6	106045423	106325791	ATG5	0	-	280368
chr12	94567122	94650557	TMCC3	0	-	83435
chr1	23778418	23788232	PITHD1	0	+	9814
chr2	42494569	42756947	MTA3	0	+	262378
chr3	182793503	182921629	ATP11B	0	+	128126
chr1	183186238	183245127	LAMC2	0	+	58889
chr7	90466424	91210590	CDK14	0	+	744166
chr12	79773563	79935460	PPP1R12A	0	-	161897
chr15	78959906	79090780	RASGRF1	0	-	130874
chr7	44217150	44334577	CAMK2B	0	-	117427
chr1	16740273	16972964	CROCC	0	+	232691
chr16	22297375	22335101	POLR3E	0	+	37726
chr1	203626787	203744081	ATP2B4	0	+	117294
chr1	203795623	203854999	ZC3H11A	0	+	59376
chr5	97160867	97183247	RIOK2	0	-	22380
chr1	53851719	53889798	YIPF1	0	-	38079
chr1	53765478	53838463	NDC1	0	-	72985
chr3	186105668	186362234	DGKG	0	-	256566
chr16	2911931	2951208	FLYWCH1	0	+	39277
chr16	1363205	1414751	UNKL	0	-	51546
chr7	139777051	140020325	TBXAS1	0	+	243274
chr7	140023749	140062951	PARP12	0	-	39202
chr10	95605941	95656711	ALDH18A1	0	-	50770
chr1	234391313	234479179	TARBP1	0	-	87866
chr4	151670504	151761007	GATB	0	-	90503
chr2	69897688	69942945	MXD1	0	+	45257
chr12	96278261	96400480	CDK17	0	-	122219
chr12	7919230	7936187	SLC2A3	0	-	16957
chr10	102402617	102421539	PSD	0	-	18922
chr18	79679803	79754503	CTDP1	0	+	74700
chr12	10699089	10723323	YBX3	0	-	24234
chr12	10618923	10674318	STYK1	0	-	55395
chr12	752579	911452	WNK1	0	+	158873
chr10	68721012	68792377	CCAR1	0	+	71365
chr20	62804835	62814000	OGFR	0	+	9165
chr19	3136033	3163749	GNA15	0	+	27716
chr1	26787054	26800659	PIGV	0	+	13605
chr1	29236516	29326813	PTPRU	0	+	90297
chr1	31259568	31296788	SNRNP40	0	-	37220
chr1	102876467	103108872	COL11A1	0	-	232405
chr11	32892811	32993316	QSER1	0	+	100505
chr6	166364919	166383013	MPC1	0	-	18094
chr12	24810024	24949101	BCAT1	0	-	139077
chr12	47782722	47833132	HDAC7	0	-	50410
chr8	20246165	20303963	LZTS1	0	-	57798
chr5	123089241	123194266	PRDM6	0	+	105025
chr20	35615829	35621094	SPAG4	0	+	5265
chr2	182909115	183038858	NCKAP1	0	-	129743
chr12	27710822	27756295	MRPS35	0	+	45473
chr4	155758992	155807811	GUCY1B1	0	+	48819
chr12	131711081	131799738	SFSWAP	0	+	88657
chr3	195863364	195911945	TNK2	0	-	48581
chr12	62466817	62600476	MON2	0	+	133659
chr16	68636189	68727468	CDH3	0	+	91279
chr5	57173948	57264679	GPBP1	0	+	90731
chr11	75759512	75801535	DGAT2	0	+	42023
chr20	46366050	46432985	ELMO2	0	-	66935
chr10	86435256	86521792	WAPL	0	-	86536
chr17	59707192	59842255	VMP1	0	+	135063
chr17	60443158	60526242	APPBP2	0	-	83084
chr19	50384204	50418018	POLD1	0	+	33814
chr12	53006282	53042215	EIF4B	0	+	35933
chr19	49289638	49325215	SLC6A16	0	-	35577
chr19	47608196	47703277	BICRA	0	+	95081
chr19	48619291	48630717	SPHK2	0	+	11426
chr19	48615328	48619184	RPL18	0	-	3856
chr19	48637946	48646187	CA11	0	-	8241
chr19	55452985	55462343	ISOC2	0	-	9358
chr19	55654146	55674716	U2AF2	0	+	20570
chr19	55675226	55709858	EPN1	0	+	34632
chr19	39391303	39400641	MED29	0	+	9338
chrX	153334147	153360110	ZNF275	0	+	25963
chrX	150692971	150765108	MTMR1	0	+	72137
chr2	240435663	240468076	GPC1	0	+	32413
chr14	77800109	77935014	ADCK1	0	+	134905
chr16	1795620	1827157	HAGH	0	-	31537
chr2	201233443	201287711	CASP8	0	+	54268
chr4	41359607	41700044	LIMCH1	0	+	340437
chr12	26905181	26938326	INTS13	0	-	33145
chr12	26971579	27014434	TM7SF3	0	-	42855
chr17	49990005	49995224	DLX3	0	-	5219
chr20	44714844	44728509	CCN5	0	+	13665
chr16	84368527	84464187	ATP2C2	0	+	95660
chr17	49495293	49515008	NGFR	0	+	19715
chr11	125955796	126063335	CDON	0	-	107539
chr8	119730774	119832863	TAF2	0	-	102089
chr7	128954180	129055173	TNPO3	0	-	100993
chr19	19145569	19192158	BORCS8-MEF2B	0	-	46589
chr19	19192229	19201869	RFXANK	0	+	9640
chr19	19119169	19138513	TMEM161A	0	-	19344
chr19	19623655	19628930	LPAR2	0	-	5275
chr19	18990888	19034023	SUGP2	0	-	43135
chr5	128083766	128189677	SLC12A2	0	+	105911
chr5	122843439	123029354	SNX24	0	+	185915
chr20	46894624	47188844	EYA2	0	+	294220
chr19	1026586	1039068	CNN2	0	+	12482
chr19	1039997	1065572	ABCA7	0	+	25575
chr5	122311354	122464219	SNCAIP	0	+	152865
chr15	83016423	83067252	BTBD1	0	-	50829
chr12	29149016	29341121	FAR2	0	+	192105
chr20	53936777	54070594	BCAS1	0	-	133817
chr1	111200771	111243440	CHI3L2	0	+	42669
chr19	1107637	1174268	SBNO2	0	-	66631
chr2	189784085	189877629	PMS1	0	+	93544
chr2	187341964	187448460	CALCRL	0	-	106496
chr6	34889255	35091406	ANKS1A	0	+	202151
chr6	35258909	35295985	ZNF76	0	+	37076
chr16	2025356	2039026	SLC9A3R2	0	+	13670
chr16	2039815	2047866	NTHL1	0	-	8051
chr6	34792083	34877514	UHRF1BP1	0	+	85431
chr1	109548615	109600195	GNAI3	0	+	51580
chr13	97953658	98024296	IPO5	0	+	70638
chr10	124397303	124418976	OAT	0	-	21673
chr1	88684222	88836255	PKN2	0	+	152033
chr19	984332	998438	WDR18	0	+	14106
chr17	9021510	9244000	NTN1	0	+	222490
chr10	13161558	13211110	MCM10	0	+	49552
chr12	56076799	56103505	ERBB3	0	+	26706
chr3	123968521	123992178	ROPN1	0	-	23657
chr2	196967017	197311173	ANKRD44	0	-	344156
chr16	75596868	75623300	ADAT1	0	-	26432
chr3	123067025	123225227	PDIA5	0	+	158202
chr6	37257772	37332970	TBC1D22B	0	+	75198
chr3	120596328	120602507	NDUFB4	0	+	6179
chr1	15836095	15940456	SPEN	0	+	104361
chr3	123610049	123884332	MYLK	0	-	274283
chr2	186486253	186509361	ZC3H15	0	+	23108
chr17	12020829	12143830	MAP2K4	0	+	123001
chr1	212363928	212414901	PACC1	0	-	50973
chr10	103967140	104029233	SLK	0	+	62093
chr6	83859656	83967423	CYB5R4	0	+	107767
chr10	104031286	104085880	COL17A1	0	-	54594
chr10	104268873	104304950	GSTO2	0	+	36077
chr10	12129637	12169961	SEC61A2	0	+	40324
chr10	6427143	6580301	PRKCQ	0	-	153158
chr19	2997639	3047635	TLE2	0	-	49996
chr2	238426742	238452250	ASB1	0	+	25508
chr10	14518557	14774897	FAM107B	0	-	256340
chr6	83210402	83431051	ME1	0	-	220649
chr4	37891084	38139175	TBC1D1	0	+	248091
chr7	39950121	40099580	CDK13	0	+	149459
chrX	46599251	46759118	SLC9A7	0	-	159867
chr12	8032716	8055517	FOXJ2	0	+	22801
chr1	42682418	42703805	YBX1	0	+	21387
chr19	10416773	10469630	PDE4A	0	+	52857
chr1	212285410	212361853	PPP2R5A	0	+	76443
chr19	7958573	8005659	ELAVL1	0	-	47086
chr1	43300982	43323108	TIE1	0	+	22126
chr12	50504985	50748657	DIP2B	0	+	243672
chr12	50085200	50100707	SMARCD1	0	+	15507
chr1	40691648	40771603	NFYC	0	+	79955
chr1	42430329	42456253	ZMYND12	0	-	25924
chr5	470456	524449	SLC9A3	0	-	53993
chr2	232878701	233013256	NGEF	0	-	134555
chr1	197084121	197146694	ASPM	0	-	62573
chr1	160541095	160579516	CD84	0	-	38421
chr1	43363398	43368074	ELOVL1	0	-	4676
chr11	47354860	47378547	SPI1	0	-	23687
chr6	30058899	30064909	POLR1H	0	+	6010
chr11	30384493	30586872	MPPED2	0	-	202379
chr3	101648889	101677135	ZBTB11	0	-	28246
chr14	92044496	92106621	ATXN3	0	-	62125
chr14	92794305	92839947	GOLGA5	0	+	45642
chr10	121478332	121598458	FGFR2	0	-	120126
chr5	129094749	129114028	ISOC1	0	+	19279
chr14	99737693	99942060	EML1	0	+	204367
chr6	125986479	126203817	TRMT11	0	+	217338
chr14	104138587	104180894	KIF26A	0	+	42307
chr14	96279195	96363341	ATG2B	0	-	84146
chr8	67173511	67343781	ARFGEF1	0	-	170270
chr8	134477788	134713049	ZFAT	0	-	235261
chr7	100177563	100221488	STAG3	0	+	43925
chr18	57544377	57586732	FECH	0	-	42355
chr15	71822291	72118577	MYO9A	0	-	296286
chr10	3066333	3137718	PFKP	0	+	71385
chr10	1039152	1049119	IDI1	0	-	9967
chr2	230415942	230545606	SP100	0	+	129664
chr10	3775996	3785281	KLF6	0	-	9285
chr15	73051710	73305205	NEO1	0	+	253495
chr8	70573218	70608416	TRAM1	0	-	35198
chrX	72578814	72714319	PHKA1	0	-	135505
chr12	6328757	6342114	TNFRSF1A	0	-	13357
chr17	39173453	39197703	CACNB1	0	-	24250
chr1	92508696	92792404	EVI5	0	-	283708
chr15	73978926	73994622	STOML1	0	-	15696
chr15	72199029	72231819	PKM	0	-	32790
chr5	55256055	55307694	DHX29	0	-	51639
chr1	93866284	93879918	DNTTIP2	0	-	13634
chr16	8621683	8649654	METTL22	0	+	27971
chr15	43403061	43510728	TP53BP1	0	-	107667
chrX	54920462	54931431	TRO	0	+	10969
chr1	218285293	218337983	RRP15	0	+	52690
chr3	49359139	49412998	RHOA	0	-	53859
chr17	43483865	43610338	DHX8	0	+	126473
chr1	2050411	2185395	PRKCZ	0	+	134984
chr1	220094132	220148041	IARS2	0	+	53909
chr12	78863993	79452008	SYT1	0	+	588015
chr12	77324641	78213010	NAV3	0	+	888369
chrX	153785766	153794512	IDH3G	0	-	8746
chr16	4796968	4802880	ROGDI	0	-	5912
chrX	153802166	153830565	PDZD4	0	-	28399
chr18	20946906	21111813	ROCK1	0	-	164907
chr16	67028984	67101058	CBFB	0	+	72074
chrX	24465244	24550466	PDK3	0	+	85222
chr2	239048168	239401654	HDAC4	0	-	353486
chr3	50329782	50340980	RASSF1	0	-	11198
chr4	1793293	1808872	FGFR3	0	+	15579
chr17	43006740	43014456	IFI35	0	+	7716
chr17	60041008	60078922	HEATR6	0	-	37914
chr17	42561467	42566277	COASY	0	+	4810
chr17	42667914	42676994	PLEKHH3	0	-	9080
chr15	99565417	99716488	MEF2A	0	+	151071
chrX	48922024	48958386	OTUD5	0	-	36362
chrX	49028726	49043410	TFE3	0	-	14684
chrX	109624244	109733403	ACSL4	0	-	109159
chr10	132537787	132783480	INPP5A	0	+	245693
chrX	49113407	49123735	GPKOW	0	-	10328
chrX	48973720	49002264	GRIPAP1	0	-	28544
chrX	48476021	48486364	FTSJ1	0	+	10343
chr17	59155732	59206709	PRR11	0	+	50977
chr2	86213993	86338083	REEP1	0	-	124090
chr13	112690038	112887168	ATP11A	0	+	197130
chr2	86020216	86106155	POLR1A	0	-	85939
chr2	20032650	20051628	LAPTM4A	0	-	18978
chr2	46916157	47076137	TTC7A	0	+	159980
chr3	48688003	48740353	IP6K2	0	-	52350
chr2	48529925	48776517	STON1-GTF2A1L	0	+	246592
chr2	45388680	45612165	SRBD1	0	-	223485
chr11	64726911	64745456	RASGRP2	0	-	18545
chr19	38878555	38899862	SIRT2	0	-	21307
chr11	64917553	64934475	PPP2R5B	0	+	16922
chr11	64746389	64759974	PYGM	0	-	13585
chr5	135027734	135034813	PITX1	0	-	7079
chr5	66596380	67169593	MAST4	0	+	573213
chr6	46852522	46954943	ADGRF5	0	-	102421
chr17	73334384	73644445	SDK2	0	-	310061
chr1	229440259	229508341	NUP133	0	-	68082
chr1	205712822	205750182	NUCKS1	0	-	37360
chr16	46656132	46689518	VPS35	0	-	33386
chr16	46955362	46973674	DNAJA2	0	-	18312
chr19	44747705	44760044	BCL3	0	+	12339
chr12	21797389	21942543	ABCC9	0	-	145154
chr11	68683779	68691175	GAL	0	+	7396
chr12	9664969	9699553	CLEC2D	0	+	34584
chrX	44523639	44542859	FUNDC1	0	-	19220
chrX	43766610	43882450	MAOB	0	-	115840
chr15	60488284	61229302	RORA	0	-	741018
chr1	91680343	91906335	TGFBR3	0	-	225992
chr1	6412418	6424670	HES2	0	-	12252
chr3	141876124	141926549	ATP1B3	0	+	50425
chr15	55826922	55993660	NEDD4	0	-	166738
chr15	51952106	52067375	MAPK6	0	+	115269
chr15	52115100	52191392	GNB5	0	-	76292
chr15	55202966	55319113	RAB27A	0	-	116147
chr22	17137511	17165287	HDHD5	0	-	27776
chr22	19449911	19479202	UFD1	0	-	29291
chr11	576470	612222	PHRF1	0	+	35752
chr9	108866898	108934328	ELP1	0	-	67430
chr11	17208153	17349980	NUCB2	0	+	141827
chr9	109375466	109498313	PTPN3	0	-	122847
chr14	64746283	64879907	SPTB	0	-	133624
chr4	99816827	99870190	DAPP1	0	+	53363
chr5	44300247	44389706	FGF10	0	-	89459
chr9	105244622	105439171	SLC44A1	0	+	194549
chr14	56488354	56650606	TMEM260	0	+	162252
chr17	2059839	2303785	SMG6	0	-	243946
chr14	57200507	57268905	EXOC5	0	-	68398
chr22	19179473	19291719	CLTCL1	0	-	112246
chr19	676392	683392	FSTL3	0	+	7000
chr22	19036282	19122454	DGCR2	0	-	86172
chr19	647526	663233	RNF126	0	-	15707
chr17	2384073	2401104	MNT	0	-	17031
chr3	126437601	126475891	ZXDC	0	-	38290
chr17	76712832	76726799	JMJD6	0	-	13967
chr8	42338454	42371808	POLB	0	+	33354
chr17	76624761	76643786	ST6GALNAC1	0	-	19025
chr9	35736866	35749228	GBA2	0	-	12362
chr5	150485818	150558211	NDST1	0	+	72393
chr7	97851677	97872542	ASNS	0	-	20865
chr8	42152946	42171673	AP3M2	0	+	18727
chr17	76565377	76586956	ST6GALNAC2	0	-	21579
chr8	100685816	100722809	PABPC1	0	-	36993
chr16	58113592	58129381	CFAP20	0	-	15789
chr16	58157907	58198106	CSNK2A2	0	-	40199
chr14	88465778	88555007	PTPN21	0	-	89229
chr1	44850522	44986722	EIF2B3	0	-	136200
chr5	150357629	150400308	TCOF1	0	+	42679
chr1	22025511	22101360	CDC42	0	+	75849
chr7	24796540	24981634	OSBPL3	0	-	185094
chr1	22563489	22603595	EPHA8	0	+	40106
chr3	8775402	8963773	RAD18	0	-	188371
chr12	89588049	89709300	ATP2B1	0	-	121251
chr2	105744912	105894274	NCK2	0	+	149362
chr2	101696850	101894690	MAP4K4	0	+	197840
chr2	98619106	98731132	MGAT4A	0	-	112026
chr4	10074339	10116949	WDR1	0	-	42610
chr7	17790761	17940501	SNX13	0	-	149740
chr4	147732063	148072776	ARHGAP10	0	+	340713
chr6	166409364	166906451	RPS6KA2	0	-	497087
chr7	120950763	120977216	ING3	0	+	26453
chr14	76761468	76783015	VASH1	0	+	21547
chr3	8501807	8574668	LMCD1	0	+	72861
chr7	73683025	73705161	BUD23	0	+	22136
chr14	81471547	81533853	SEL1L	0	-	62306
chr5	892884	919357	TRIP13	0	+	26473
chrX	154428633	154436516	ATP6AP1	0	+	7883
chr19	1609290	1652615	TCF3	0	-	43325
chr2	12716910	12742734	TRIB2	0	+	25824
chr19	1407569	1435687	DAZAP1	0	+	28118
chr3	149030127	149086554	HLTF	0	-	56427
chrX	154444141	154450654	FAM50A	0	+	6513
chrX	154506159	154516242	FAM3A	0	-	10083
chr2	170178145	170655171	MYO3B	0	+	477026
chr2	171522247	171558129	CYBRD1	0	+	35882
chr18	66501083	66604138	CDH19	0	-	103055
chr6	170575295	170584692	PDCD2	0	-	9397
chr12	84859491	84913629	SLC6A15	0	-	54138
chr19	14091688	14118084	PRKACA	0	-	26396
chr19	14147743	14206187	ADGRL1	0	-	58444
chr14	68874128	68979440	ACTN1	0	-	105312
chr14	67727374	67816590	ZFYVE26	0	-	89216
chrX	84058346	84188199	RPS6KA6	0	-	129853
chr17	19215615	19336715	EPN2	0	+	121100
chr2	130356045	130375405	PTPN18	0	+	19360
chr2	127638381	127681786	LIMS2	0	-	43405
chr2	219434843	219493629	SPEG	0	+	58786
chr3	196027183	196082096	TFRC	0	-	54913
chr5	132875395	132963634	AFF4	0	-	88239
chr10	58334979	58370751	UBE2D1	0	+	35772
chr14	67240713	67336061	PALS1	0	+	95348
chr10	60869438	61001440	RHOBTB1	0	-	132002
chrX	53374149	53422728	SMC1A	0	-	48579
chrX	53431258	53434370	HSD17B10	0	-	3112
chr11	63838928	63911020	MARK2	0	+	72092
chr5	163460203	163491941	HMMR	0	+	31738
chr12	132822187	132956304	CHFR	0	-	134117
chr5	132190147	132295315	P4HA2	0	-	105168
chr1	161663143	161678654	FCGR2B	0	+	15511
chr16	68084751	68229259	NFATC3	0	+	144508
chr5	172042079	172188224	STK10	0	-	146145
chr5	171861549	172006873	FBXW11	0	-	145324
chr17	7336529	7351477	ACAP1	0	+	14948
chr4	5748084	5893086	CRMP1	0	-	145002
chr17	5471254	5486811	DERL2	0	-	15557
chr3	113532555	113629575	SIDT1	0	+	97020
chr11	10573091	10693988	IRAG1	0	-	120897
chr19	16661139	16690023	TMEM38A	0	+	28884
chr19	16197854	16245906	AP1M1	0	+	48052
chr19	44643798	44666162	PVR	0	+	22364
chr12	124776856	124882668	SCARB1	0	-	105812
chr3	127598410	127622436	MCM2	0	+	24026
chr22	50170731	50180295	PANX2	0	+	9564
chr22	50201011	50217616	SELENOO	0	+	16605
chr3	189631389	189897276	TP63	0	+	265887
chr4	112285509	112442621	ALPK1	0	+	157112
chr17	75525080	75575209	LLGL2	0	+	50129
chr15	84980440	85139145	PDE8A	0	+	158705
chrX	10156975	10237660	CLCN4	0	+	80685
chr17	35128730	35142304	NLE1	0	-	13574
chr17	39904595	39919854	GSDMB	0	-	15259
chr12	280057	389320	KDM5A	0	-	109263
chr3	135965728	136147894	PPP2R3A	0	+	182166
chr14	52857268	52952435	FERMT2	0	-	95167
chr2	169064789	169096167	DHRS9	0	+	31378
chr1	186671791	186680922	PTGS2	0	-	9131
chr3	185643130	185825042	IGF2BP2	0	-	181912
chr3	185282941	185489094	MAP3K13	0	+	206153
chr3	186930325	187078553	ST6GAL1	0	+	148228
chr17	47733236	47746122	TBX21	0	+	12886
chr13	31846713	32299125	FRY	0	+	452412
chr11	85957175	86069882	PICALM	0	-	112707
chr17	46590669	46757464	NSF	0	+	166795
chr2	120735623	120992653	GLI2	0	+	257030
chr2	121337776	121649476	CLASP1	0	-	311700
chr19	15159038	15200995	NOTCH3	0	-	41957
chr11	77514936	77637794	CLNS1A	0	-	122858
chr4	6320578	6563600	PPP2R2C	0	-	243022
chr19	49340595	49362457	TEAD2	0	-	21862
chr11	86244753	86278813	EED	0	+	34060
chr11	18468336	18526951	TSG101	0	-	58615
chr17	3802158	3846246	NCBP3	0	-	44088
chr17	3923870	3964464	ATP2A3	0	-	40594
chr15	63321378	63381846	CA12	0	-	60468
chr3	127689062	128052190	MGLL	0	-	363128
chr12	95657807	95791189	NTN4	0	-	133382
chr2	218658764	218663443	BCS1L	0	+	4679
chr12	106063345	106138954	NUAK1	0	-	75609
chr15	65442463	65517704	DPP8	0	-	75241
chr18	58862600	58986480	ZNF532	0	+	123880
chr17	1633858	1645744	SCARF1	0	-	11886
chr18	59327823	59359265	LMAN1	0	-	31442
chr15	65530418	65578349	HACD3	0	+	47931
chr17	4004445	4143030	ZZEF1	0	-	138585
chr1	8861000	8879190	ENO1	0	-	18190
chr15	48178438	48304078	SLC12A1	0	+	125640
chr19	4641374	4670362	MYDGF	0	-	28988
chr19	17323223	17334855	ANO8	0	-	11632
chr6	112070663	112087529	TUBE1	0	-	16866
chr1	17539698	17697874	ARHGEF10L	0	+	158176
chr12	108129288	108250537	WSCD2	0	+	121249
chr10	69403903	69416918	TACR2	0	-	13015
chr15	66336191	66386746	TIPIN	0	-	50555
chr7	88205115	88226993	SRI	0	-	21878
chr1	20806292	21177285	EIF4G3	0	-	370993
chr12	102073103	102120120	NUP37	0	-	47017
chr7	83955777	84492724	SEMA3A	0	-	536947
chr22	46296870	46330810	GTSE1	0	+	33940
chr7	80742538	80922359	SEMA3C	0	-	179821
chr22	46267961	46294008	TTC38	0	+	26047
chr11	108116695	108147603	ACAT1	0	+	30908
chr22	46576012	46679790	GRAMD4	0	+	103778
chr22	46360834	46537620	CELSR1	0	-	176786
chr2	71276561	71435069	ZNF638	0	+	158508
chr7	87833568	87876360	SLC25A40	0	-	42792
chr18	74148523	74160531	TIMM21	0	+	12008
chr2	70607618	70768225	ADD2	0	-	160607
chr11	69771022	69775341	FGF4	0	-	4319
chr1	178094104	178484147	RASAL2	0	+	390043
chr14	103385377	103503831	MARK3	0	+	118454
chr12	98593591	98606379	SLC25A3	0	+	12788
chr3	172039578	172401669	FNDC3B	0	+	362091
chr2	28392448	28417317	FOSL2	0	+	24869
chr17	66964707	67033398	CACNG4	0	+	68691
chr4	48497357	48780322	FRYL	0	-	282965
chr2	97756333	97995948	TMEM131	0	-	239615
chr7	5592816	5606655	FSCN1	0	+	13839
chr7	5526409	5563902	ACTB	0	-	37493
chr18	36187497	36272157	MOCOS	0	+	84660
chr3	171600404	171810950	PLD1	0	-	210546
chr19	36054649	36105108	WDR62	0	+	50459
chr3	197042560	197299330	DLG1	0	-	256770
chr3	128693669	128825942	RAB7A	0	+	132273
chr7	107580246	107629170	BCAP29	0	+	48924
chr10	100486646	100519864	SEC31B	0	-	33218
chr12	108522214	108561400	SART3	0	-	39186
chr2	143091362	143768352	ARHGAP15	0	+	676990
chr10	100735396	100829944	PAX2	0	+	94548
chr1	169921326	170085208	KIFAP3	0	-	163882
chr2	135839626	135876443	MCM6	0	-	36817
chr12	56521820	56596193	RBMS2	0	+	74373
chr3	47381011	47413435	PTPN23	0	+	32424
chr3	36993350	37050846	MLH1	0	+	57496
chr12	109097597	109110992	UNG	0	+	13395
chr1	171314183	171342084	FMO4	0	+	27901
chr1	173714941	173786692	KLHL20	0	+	71751
chr1	208022242	208244384	PLXNA2	0	-	222142
chr8	80034745	80231232	TPD52	0	-	196487
chr12	109116587	109268226	ACACB	0	+	151639
chr17	28744011	28750956	TRAF4	0	+	6945
chr8	80967810	81112068	PAG1	0	-	144258
chr19	33080899	33130542	GPATCH1	0	+	49643
chr19	10333776	10339661	ICAM3	0	-	5885
chr10	103087185	103277605	NT5C2	0	-	190420
chrX	133300103	133415489	GPC4	0	-	115386
chrX	132369317	132489968	MBNL3	0	-	120651
chr19	7595863	7618304	CAMSAP3	0	+	22441
chr1	21596221	21669357	RAP1GAP	0	-	73136
chr19	7619525	7629545	XAB2	0	-	10020
chr19	41883173	41930150	ARHGEF1	0	+	46977
chr19	7903843	7914478	MAP2K7	0	+	10635
chr2	233354494	233472104	DGKD	0	+	117610
chr3	24687887	25597932	RARB	0	+	910045
chr3	25597984	25664907	TOP2B	0	-	66923
chr10	96518110	96587452	TM9SF3	0	-	69342
chr10	102394110	102402524	NFKB2	0	+	8414
chr1	202331657	202341980	UBE2T	0	-	10323
chr1	202348699	202592706	PPP1R12B	0	+	244007
chr2	182716255	182794464	DNAJC10	0	+	78209
chr16	27459555	27549913	GTF3C1	0	-	90358
chr16	27313668	27364778	IL4R	0	+	51110
chr1	77695987	77759852	USP33	0	-	63865
chrX	110944285	111227361	PAK3	0	+	283076
chrX	111245099	111270483	CAPN6	0	-	25384
chrX	111293779	111412429	DCX	0	-	118650
chr19	40750637	40765389	SNRPA	0	+	14752
chr10	22345445	22454224	SPAG6	0	+	108779
chr2	171687409	171750158	DYNC1I2	0	+	62749
chr10	26438341	26567803	APBB1IP	0	+	129462
chr19	4174109	4182566	SIRT6	0	-	8457
chr11	74493851	74669117	POLD3	0	+	175266
chr1	236664141	236764631	ACTN2	0	+	100490
chr1	19338775	19485539	CAPZB	0	-	146764
chr1	236142505	236221865	GPR137B	0	+	79360
chrX	119399336	119454478	SLC25A43	0	+	55142
chr8	38400215	38468834	FGFR1	0	-	68619
chr22	45344063	45413619	SMC1B	0	-	69556
chr22	45502238	45601135	FBLN1	0	+	98897
chr10	15513954	15719922	ITGA8	0	-	205968
chr20	24949269	24959928	CST7	0	+	10659
chr2	209424047	209734118	MAP2	0	+	310071
chr7	38383704	38631420	AMPH	0	-	247716
chr3	183015218	183116075	MCCC1	0	-	100857
chr3	183122215	183163839	LAMP3	0	-	41624
chr2	162170684	162245151	FAP	0	-	74467
chr10	20779973	21293011	NEBL	0	-	513038
chr11	76860859	77026797	ACER3	0	+	165938
chr4	39698109	39782792	UBE2K	0	+	84683
chr18	41955234	42087830	PIK3C3	0	+	132596
chr4	40056850	40158252	N4BP2	0	+	101402
chr12	2877223	2941138	TULP3	0	+	63915
chr6	157981863	158099176	SYNJ2	0	+	117313
chr5	7396138	7830081	ADCY2	0	+	433943
chr14	101761798	101927989	PPP2R5C	0	+	166191
chr1	1785285	1891117	GNB1	0	-	105832
chr6	12290361	12297194	EDN1	0	+	6833
chr10	21524646	21743630	MLLT10	0	+	218984
chr7	100400826	100428992	ZCWPW1	0	-	28166
chr7	31052308	31111479	ADCYAP1R1	0	+	59171
chrX	78945332	78963727	P2RY10	0	+	18395
chrX	79360384	79367667	ITM2A	0	-	7283
chr8	42391624	42405937	VDAC3	0	+	14313
chr8	17922968	18029948	PCM1	0	+	106980
chr17	77959240	78108835	TNRC6C	0	+	149595
chr20	33490075	33650036	CBFA2T2	0	+	159961
chr9	119153458	119369435	BRINP1	0	-	215977
chr20	34363241	34540748	ITCH	0	+	177507
chr20	34704339	34713439	TP53INP2	0	+	9100
chr1	1216909	1232067	SDF4	0	-	15158
chr20	33007704	33023703	BPIFB2	0	+	15999
chr1	3652516	3736201	TP73	0	+	83685
chr11	1274371	1309654	TOLLIP	0	-	35283
chr7	43926436	43956136	UBE2D4	0	+	29700
chr18	596988	650334	CLUL1	0	+	53346
chr8	91954967	92103286	RUNX1T1	0	-	148319
chr2	178463664	178478600	FKBP7	0	-	14936
chr2	178194481	178402893	OSBPL6	0	+	208412
chr5	36596588	36688334	SLC1A3	0	+	91746
chr2	216107464	216206303	XRCC5	0	+	98839
chr2	230203110	230313215	SP140	0	+	110105
chr1	46557407	46616843	MKNK1	0	-	59436
chr2	217799588	218033982	TNS1	0	-	234394
chr19	1815248	1848483	REXO1	0	-	33235
chr10	70147289	70170523	SAR1A	0	-	23234
chr1	100345001	100520277	CDC14A	0	+	175276
chr12	47734363	47771040	RAPGEF3	0	-	36677
chr19	42507304	42561234	CEACAM1	0	-	53930
chr12	48042897	48106079	SENP1	0	-	63182
chr19	42268537	42295797	CIC	0	+	27260
chr19	42401514	42427388	LIPE	0	-	25874
chr8	11795573	11839304	FDFT1	0	+	43731
chrX	67949349	68433913	OPHN1	0	-	484564
chr16	29790727	29805385	KIF22	0	+	14658
chr6	25652201	25701783	SCGN	0	+	49582
chr6	25279078	25620530	CARMIL1	0	+	341452
chr2	15591178	15634346	DDX1	0	+	43168
chr19	10718055	10833488	DNM2	0	+	115433
chr6	130839347	131063322	EPB41L2	0	-	223975
chr6	71886550	72403145	RIMS1	0	+	516595
chr6	132296055	132401475	MOXD1	0	-	105420
chr6	132445867	132513198	STX7	0	-	67331
chr22	50767501	50783667	RABL2B	0	-	16166
chr19	10486125	10503558	KEAP1	0	-	17433
chr19	55181247	55209506	PTPRH	0	-	28259
chr20	46345980	46364458	SLC35C2	0	-	18478
chr3	97822011	97944984	CRYBG3	0	+	122973
chr9	3218297	3526004	RFX3	0	-	307707
chr12	71754863	71800286	RAB21	0	+	45423
chr4	71062667	71572087	SLC4A4	0	+	509420
chr9	1980290	2193624	SMARCA2	0	+	213334
chr6	108984309	109094846	SESN1	0	-	110537
chrX	107825755	107931637	MID2	0	+	105882
chr19	9959561	10010504	COL5A3	0	-	50943
chr16	30698209	30741409	SRCAP	0	+	43200
chr9	2720469	2844095	PUM3	0	-	123626
chr7	135361795	135510127	CNOT4	0	-	148332
chr14	73136418	73223691	PSEN1	0	+	87273
chr20	36996349	37095997	RBL1	0	-	99648
chr20	36306336	36528637	DLGAP4	0	+	222301
chr11	133896438	133956968	IGSF9B	0	-	60530
chr18	2571557	2616635	NDC80	0	+	45078
chr15	50908672	51005895	AP4E1	0	+	97223
chr1	113761832	113812476	RSBN1	0	-	50644
chr1	113390515	113685923	MAGI3	0	+	295408
chr4	74097040	74099196	CXCL2	0	-	2156
chr4	73431138	73456174	AFP	0	+	25036
chr2	227002714	227164453	COL4A4	0	-	161739
chr5	134114681	134151865	TCF7	0	+	37184
chr6	108041409	108165854	OSTM1	0	-	124445
chr18	65750252	65890337	CDH7	0	+	140085
chr3	101574180	101594465	PCNP	0	+	20285
chr14	69191498	69244020	EXD2	0	+	52522
chr14	67619920	67651708	ARG2	0	+	31788
chr5	88717117	88904257	MEF2C	0	-	187140
chr1	198638457	198757476	PTPRC	0	+	119019
chr1	201283452	201332993	PKP1	0	+	49541
chr2	196133583	196176503	STK17B	0	-	42920
chr9	96490241	96619843	CDC14B	0	-	129602
chr9	96754553	96778129	ZNF510	0	-	23576
chr2	169127109	169362534	LRP2	0	-	235425
chr19	19785839	19821751	ZNF506	0	-	35912
chr1	161749758	161757238	DUSP12	0	+	7480
chr12	125065434	125143333	AACS	0	+	77899
chr5	141923855	141942047	DELE1	0	+	18192
chr7	122318411	122886759	CADPS2	0	-	568348
chr5	141121818	141125623	PCDHB4	0	+	3805
chr1	53916574	53945699	HSPB11	0	-	29125
chr18	62715541	62980433	PHLPP1	0	+	264892
chr18	57646426	57803315	ATP8B1	0	-	156889
chr1	67307364	67398724	IL12RB2	0	+	91360
chr7	151238764	151277896	SMARCD3	0	-	39132
chr5	37379285	37753435	WDR70	0	+	374150
chr5	39105252	39274528	FYB1	0	-	169276
chr2	201387858	201480846	STRADB	0	+	92988
chr2	200810594	200827338	BZW1	0	+	16744
chr11	101029624	101129813	PGR	0	-	100189
chr18	50879080	50954257	ME2	0	+	75177
chr5	31532287	31555053	C5orf22	0	+	22766
chr2	134918235	134959342	CCNT2	0	+	41107
chr6	70412941	70561174	FAM135A	0	+	148233
chr18	5392381	5630700	EPB41L3	0	-	238319
chr2	164653624	164843679	COBLL1	0	-	190055
chrX	70444835	70505490	DLG3	0	+	60655
chr1	215005775	215237090	KCNK2	0	+	231315
chr1	210232796	210246631	SERTAD4	0	+	13835
chr1	211326615	211374946	TRAF5	0	+	48331
chr5	154941073	154969411	MRPL22	0	+	28338
chr5	154887411	154938211	GEMIN5	0	-	50800
chr17	48048329	48061545	NFE2L1	0	+	13216
chr3	122909082	123028605	SEMA5B	0	-	119523
chr3	119821321	120094994	GSK3B	0	-	273673
chr3	124761948	124901418	ITGB5	0	-	139470
chr12	990509	1495933	ERC1	0	+	505424
chr2	61476032	61538741	XPO1	0	-	62709
chr16	23603160	23641310	PALB2	0	-	38150
chr6	83067666	83171350	DOP1A	0	+	103684
chr6	80106647	80346270	BCKDHB	0	+	239623
chr8	41929479	42051994	KAT6A	0	-	122515
chr9	86287733	86354454	TUT7	0	-	66721
chr17	19770829	19867936	ULK2	0	-	97107
chr8	101492439	101669726	GRHL2	0	+	177287
chr5	72816312	72916733	TNPO1	0	+	100421
chr1	11934205	11975538	PLOD1	0	+	41333
chr17	3714628	3801188	ITGAE	0	-	86560
chr13	72752169	72782096	DIS3	0	-	29927
chr13	72782133	73016461	PIBF1	0	+	234328
chr13	60396457	60573878	TDRD3	0	+	177421
chr13	44939249	44989471	NUFIP1	0	-	50222
chr13	32586452	32778019	PDS5B	0	+	191567
chr5	41730065	41870425	OXCT1	0	-	140360
chrX	55717749	55758774	RRAGB	0	+	41025
chr12	90963682	91005026	EPYC	0	-	41344
chr16	50742050	50801935	CYLD	0	+	59885
chr19	58479512	58512413	SLC27A5	0	-	32901
chr19	58467056	58475436	ZNF324	0	+	8380
chr19	57769655	57819939	ZNF586	0	+	50284
chr19	57191500	57222846	ZNF264	0	+	31346
chr19	58386400	58394806	RPS5	0	+	8406
chr4	186587794	186726722	FAT1	0	-	138928
chr4	68310387	68350090	YTHDC1	0	-	39703
chr3	87227271	87255556	CHMP2B	0	+	28285
chr1	40344850	40423326	SMAP2	0	+	78476
chr1	39692182	39763914	PPIE	0	+	71732
chr1	40258041	40294180	ZMPSTE24	0	+	36139
chr2	96184859	96208827	STARD7	0	-	23968
chr4	56907876	56966808	REST	0	+	58932
chr12	108778191	108857590	SSH1	0	-	79399
chr11	67583742	67586656	GSTP1	0	+	2914
chr11	130068147	130144811	APLP2	0	+	76664
chr12	13044381	13142521	FAM234B	0	+	98140
chr12	14784582	14803486	WBP11	0	-	18904
chr1	32221077	32245397	EIF3I	0	+	24320
chr1	31179745	31239887	NKAIN1	0	-	60142
chr1	31652263	31704319	COL16A1	0	-	52056
chr1	32179675	32198285	TXLNA	0	+	18610
chr2	24491254	24770702	NCOA1	0	+	279448
chr2	27042364	27070622	AGBL5	0	+	28258
chr2	25042076	25159135	EFR3B	0	+	117059
chr2	25926598	25982749	KIF3C	0	-	56151
chr2	26034084	26137454	RAB10	0	+	103370
chr2	26190635	26244672	HADHA	0	-	54037
chr2	26970637	27027219	MAPRE3	0	+	56582
chr2	27217369	27243943	CAD	0	+	26574
chr11	33703010	33736479	CD59	0	-	33469
chr11	44564427	44620358	CD82	0	+	55931
chrX	129981107	130058071	BCORL1	0	+	76964
chrX	77504880	77786233	ATRX	0	-	281353
chr9	134903232	134917912	FCN1	0	-	14680
chr3	169773396	169789716	MYNN	0	+	16320
chr3	169083499	169663775	MECOM	0	-	580276
chr5	78360611	78480739	SCAMP1	0	+	120128
chr6	105273218	105454062	PREP	0	-	180844
chr6	104728094	104859919	HACE1	0	-	131825
chr18	12947133	12987536	SEH1L	0	+	40403
chr1	108970214	109042113	WDR47	0	-	71899
chr1	111414319	111427735	OVGP1	0	-	13416
chr1	108134043	108200849	SLC25A24	0	-	66806
chr6	160991727	161117385	MAP3K4	0	+	125658
chr7	100367530	100400096	PILRA	0	+	32566
chr1	159927039	159945613	IGSF9	0	-	18574
chr7	87503017	87713323	ABCB1	0	-	210306
chr16	3129777	3142804	ZNF213	0	+	13027
chr7	134442356	134459284	AKR1B1	0	-	16928
chr11	70398404	70436584	CTTN	0	+	38180
chr11	76186325	76210736	WNT11	0	-	24411
chr2	55236595	55269347	MTIF2	0	-	32752
chr1	51287258	51345116	TTC39A	0	-	57858
chr1	51354263	51519266	EPS15	0	-	165003
chr1	52372829	52404423	ORC1	0	-	31594
chr2	233210051	233295674	ATG16L1	0	+	85623
chr2	233475520	233566782	USP40	0	-	91262
chr1	46188683	46220305	POMGNT1	0	-	31622
chr1	45786987	46036122	MAST2	0	+	249135
chr9	33025273	33039907	DNAJA1	0	+	14634
chr9	33104082	33167356	B4GALT1	0	-	63274
chr9	33264879	33282070	CHMP5	0	+	17191
chr9	33290512	33371157	NFX1	0	+	80645
chr11	49145092	49208638	FOLH1	0	-	63546
chr7	6022247	6059175	EIF2AK1	0	-	36928
chr7	37683843	37951936	EPDR1	0	+	268093
chr7	26291862	26374383	SNX10	0	+	82521
chr10	13317428	13348298	SEPHS1	0	-	30870
chr5	151504092	151591331	FAT2	0	-	87239
chr5	150690792	150701077	RBM22	0	-	10285
chr12	123584533	123598582	TMED2	0	+	14049
chr15	80059568	80138393	ZFAND6	0	+	78825
chr16	82035004	82098534	HSD17B2	0	+	63530
chrX	16786432	16844519	TXLNG	0	+	58087
chrX	18675909	18827921	PPEF1	0	+	152012
chr7	74199652	74229834	LAT2	0	+	30182
chrX	53532096	53686728	HUWE1	0	-	154632
chr11	113733187	113773735	ZW10	0	-	40548
chr11	89324353	89498187	NOX4	0	-	173834
chr4	8366282	8440723	ACOX3	0	-	74441
chr11	95821766	95925315	MTMR2	0	-	103549
chr19	48872421	48876058	PPP1R15A	0	+	3637
chr19	48813018	48836510	HSD17B14	0	-	23492
chr7	100867387	100873454	TRIP6	0	+	6067
chr7	100889994	100896974	ACHE	0	-	6980
chr19	48965309	48966879	FTL	0	+	1570
chr7	100875103	100888664	SRRT	0	+	13561
chr19	48954815	48961798	BAX	0	+	6983
chr17	28041737	28196381	NLK	0	+	154644
chr5	179110853	179345461	ADAMTS2	0	-	234608
chr4	68447463	68497604	TMPRSS11E	0	+	50141
chr17	44191805	44200113	ATXN7L3	0	-	8308
chr5	176905005	177022633	UIMC1	0	-	117628
chr16	56961923	56983845	CETP	0	+	21922
chr16	55389700	55506691	MMP2	0	+	116991
chr16	55509072	55586666	LPCAT2	0	+	77594
chr16	56191390	56357444	GNAO1	0	+	166054
chr4	2793071	2841098	SH3BP2	0	+	48027
chr4	2937933	2963406	NOP14	0	-	25473
chr4	2843844	2930076	ADD1	0	+	86232
chr14	50237563	50312229	L2HGDH	0	-	74666
chr14	52430596	52552522	TXNDC16	0	-	121926
chr14	52004809	52069059	NID2	0	-	64250
chr2	69829660	69881384	GMCL1	0	+	51724
chr11	66050729	66069308	SF3B2	0	+	18579
chr12	27780048	27803040	KLHL42	0	+	22992
chr20	58839718	58911192	GNAS	0	+	71474
chr12	32679200	32745650	DNM1L	0	+	66450
chr12	27958084	27972733	PTHLH	0	-	14649
chr20	56629306	56639283	TFAP2C	0	+	9977
chr20	56369389	56392337	AURKA	0	-	22948
chr20	56412112	56460387	CASS4	0	+	48275
chrX	15384799	15493564	PIR	0	-	108765
chr19	5993164	6199572	RFX2	0	-	206408
chr17	62423875	62453385	METTL2A	0	+	29510
chr19	48552172	48599425	SULT2B1	0	+	47253
chr1	63367575	63438553	ALG6	0	+	70978
chr19	54137749	54155681	CNOT3	0	+	17932
chr2	119759922	119984899	PTPN4	0	+	224977
chr2	117814691	117832377	DDX18	0	+	17686
chr19	6413102	6424811	KHSRP	0	-	11709
chr19	3094362	3123999	GNA11	0	+	29637
chr1	23428563	23484568	ASAP3	0	-	56005
chr20	35115364	35147336	EDEM2	0	-	31972
chr20	32762385	32809356	DNMT3B	0	+	46971
chr20	31739271	31801805	TPX2	0	+	62534
chr20	36091504	36232799	EPB41L1	0	+	141295
chr13	98683801	98752672	SLC15A1	0	-	68871
chr13	98793429	99086625	DOCK9	0	-	293196
chr13	110878540	110915069	ANKRD10	0	-	36529
chr13	94574054	94596242	TGDS	0	-	22188
chr3	50674927	51384198	DOCK3	0	+	709271
chr16	57447425	57461270	COQ9	0	+	13845
chr3	12733528	12769457	TMEM40	0	-	35929
chr18	6729716	6915716	ARHGAP28	0	+	186000
chr14	103733195	103847575	PPP1R13B	0	-	114380
chr20	3471018	3651118	ATRN	0	+	180100
chr20	4120980	4187747	SMOX	0	+	66767
chr20	3686970	3712600	SIGLEC1	0	-	25630
chr20	1442162	1473842	NSFL1C	0	-	31680
chr20	3227417	3239559	SLC4A11	0	-	12142
chr20	3249306	3407669	DNAAF9	0	-	158363
chr20	2481817	2524702	ZNF343	0	-	42885
chr20	2692874	2760108	EBF4	0	+	67234
chr20	2794074	2800627	CPXM1	0	-	6553
chr20	3846799	3876123	MAVS	0	+	29324
chr20	3162617	3173549	LZTS3	0	-	10932
chr20	21303331	21389825	XRN2	0	+	86494
chr20	21125983	21246622	KIZ	0	+	120639
chr12	120469850	120498493	DYNLL1	0	+	28643
chr12	117038923	117099479	TESC	0	-	60556
chr20	1629152	1657779	SIRPG	0	-	28627
chr12	111842228	111902222	MAPKAPK5	0	+	59994
chr12	121132819	121188032	P2RX7	0	+	55213
chr20	13714322	13784919	ESF1	0	-	70597
chr20	18486540	18497225	RBBP9	0	-	10685
chr12	121308245	121399896	ANAPC5	0	-	91651
chr20	4852356	5010293	SLC23A2	0	-	157937
chr12	113298759	113359493	SLC8B1	0	-	60734
chr20	5068232	5113103	TMEM230	0	-	44871
chr20	18383367	18467281	DZANK1	0	-	83914
chr12	121429096	121581023	KDM2B	0	-	151927
chr20	20052514	20360703	CFAP61	0	+	308189
chr20	13389392	13638932	TASP1	0	-	249540
chr12	112905856	112933219	OAS1	0	+	27363
chr12	120127202	120194715	GCN1	0	-	67513
chr12	120196699	120201235	RPLP0	0	-	4536
chr12	120210439	120265771	PXN	0	-	55332
chr12	120302316	120313249	SIRT4	0	+	10933
chr20	16272104	16573448	KIF16B	0	-	301344
chr20	5937228	5950558	TRMT6	0	-	13330
chr20	5911510	5925353	CHGB	0	+	13843
chr12	118136124	118145584	PEBP1	0	+	9460
chr12	114353911	114408442	TBX5	0	-	54531
chr12	111642146	111685956	BRAP	0	-	43810
chr12	112013348	112023449	ERP29	0	+	10101
chr16	31180138	31191605	FUS	0	+	11467
chrX	70133447	70166324	IGBP1	0	+	32877
chr19	35154730	35169881	FXYD5	0	+	15151
chr19	34677639	34686397	ZNF302	0	+	8758
chr19	34994784	35026471	GRAMD1A	0	+	31687
chrX	66162671	66268867	HEPH	0	+	106196
chr16	4510669	4538828	CDIP1	0	-	28159
chr11	62624826	62646726	GANAB	0	-	21900
chr19	19629476	19643657	GMIP	0	-	14181
chrX	107061885	107118823	RBM41	0	-	56938
chr17	78214186	78225636	BIRC5	0	+	11450
chr12	6772512	6778455	LAG3	0	+	5943
chr12	6747996	6767475	MLF2	0	-	19479
chr14	94048287	94081202	DDX24	0	-	32915
chr12	8076939	8097881	NECAP1	0	+	20942
chr19	4182689	4224814	ANKRD24	0	+	42125
chr10	125836337	125896436	DHX32	0	-	60099
chr14	102592649	102730561	RCOR1	0	+	137912
chr14	76151916	76254342	GPATCH2L	0	+	102426
chr19	40592883	40629818	LTBP4	0	+	36935
chr19	40447765	40465764	BLVRB	0	-	17999
chr1	27098809	27166981	SLC9A1	0	-	68172
chr9	92000087	92115413	SPTLC1	0	-	115326
chr14	96501433	96567116	PAPOLA	0	+	65683
chr3	51957454	51974016	PCBP4	0	-	16562
chr1	192575763	192580024	RGS1	0	+	4261
chr16	30092314	30096915	YPEL3	0	-	4601
chr7	141002610	141015228	MRPS33	0	-	12618
chr1	26900238	26946871	NUDC	0	+	46633
chr4	1289887	1340147	MAEA	0	+	50260
chr19	10271093	10286615	ICAM1	0	+	15522
chr12	66189195	66254622	IRAK3	0	+	65427
chr12	69348381	69354234	LYZ	0	+	5853
chr1	20499448	20508151	MUL1	0	-	8703
chr16	4257186	4273075	TFAP4	0	-	15889
chr15	65117379	65133808	PDCD7	0	-	16429
chr15	64963022	64990310	SPG21	0	-	27288
chr3	189956728	190122437	P3H2	0	-	165709
chr3	184380073	184390736	CHRD	0	+	10663
chr16	425649	523011	RAB11FIP3	0	+	97362
chr1	39560709	39576790	PABPC4	0	-	16081
chr19	8206736	8262421	CERS4	0	+	55685
chr1	21678298	21783606	USP48	0	-	105308
chrX	68829021	68842160	EFNB1	0	+	13139
chr16	70114332	70162537	PDPR	0	+	48205
chr16	74447427	74607144	GLG1	0	-	159717
chrX	70290104	70420886	KIF4A	0	+	130782
chr16	24610209	24827632	TNRC6A	0	+	217423
chr19	39412669	39428415	PLEKHG2	0	+	15746
chr19	55485188	55487568	NAT14	0	+	2380
chr12	122983480	123151090	PITPNM2	0	-	167610
chr4	55853648	55905086	EXOC1	0	+	51438
chr12	76351797	76559809	OSBPL8	0	-	208012
chr7	76461676	76505995	DTX2	0	+	44319
chr2	32224453	32265732	NLRC4	0	-	41279
chr7	105439661	105522271	PUS7	0	-	82610
chr7	108147623	108456717	NRCAM	0	-	309094
chr7	107923799	108003213	LAMB1	0	-	79414
chr7	107660828	107717809	SLC26A4	0	+	56981
chr7	107765467	107803225	SLC26A3	0	-	37758
chr18	56651343	57029811	WDR7	0	+	378468
chr16	16149565	16223522	ABCC6	0	-	73957
chr2	172427354	172506459	ITGA6	0	+	79105
chr2	172735274	173052893	RAPGEF4	0	+	317619
chr2	173075435	173268015	MAP3K20	0	+	192580
chr1	241497511	241519799	FH	0	-	22288
chr4	25747433	25863760	SEL1L3	0	-	116327
chr3	133746040	133796641	TF	0	+	50601
chr3	133573686	133590261	CDV3	0	+	16575
chr17	18108756	18179802	MYO15A	0	+	71046
chr17	18183078	18209954	ALKBH5	0	+	26876
chr17	5499427	5619424	NLRP1	0	-	119997
chr17	6451263	6556555	PITPNM3	0	-	105292
chr17	4959226	4967817	SPAG7	0	-	8591
chr16	46689643	46698394	ORC6	0	+	8751
chr8	76681239	76867281	ZFHX4	0	+	186042
chr7	130018287	130051451	ZC3HC1	0	-	33164
chr6	153004459	153131282	RGS17	0	-	126823
chr17	44011188	44023946	TMEM101	0	-	12758
chr3	112332347	112362812	CD200	0	+	30465
chr3	112596797	112649530	CCDC80	0	-	52733
chr14	24136163	24138967	PSME1	0	+	2804
chr14	23412740	23435660	MYH7	0	-	22920
chr14	23125295	23183674	SLC7A8	0	-	58379
chr14	20446401	20455089	OSGEP	0	-	8688
chr14	23346314	23352912	SLC22A17	0	-	6598
chr14	30622291	30737694	SCFD1	0	+	115403
chr14	30559158	30620064	G2E3	0	+	60906
chr14	31100117	31207804	HECTD1	0	-	107687
chr14	21209136	21269494	HNRNPC	0	-	60358
chr14	21351476	21384019	SUPT16H	0	-	32543
chr14	21476597	21499175	TOX4	0	+	22578
chr14	39114285	39136973	GEMIN2	0	+	22688
chr14	24249114	24264432	TGM1	0	-	15318
chr14	24239643	24242674	TINF2	0	-	3031
chr5	116443555	116574823	SEMA6A	0	-	131268
chr15	50552473	50686797	TRPM7	0	-	134324
chr15	41557675	41583589	TYRO3	0	+	25914
chr15	43826980	43868412	WDR76	0	+	41432
chr15	42491233	42545356	SNAP23	0	+	54123
chr1	118883046	118989556	TBX15	0	-	106510
chr1	119648411	119744218	PHGDH	0	+	95807
chr20	62816244	62841159	COL9A3	0	+	24915
chr6	158765741	158819368	EZR	0	-	53627
chr1	35869808	35930532	AGO1	0	+	60724
chr1	36084094	36088275	TEKT2	0	+	4181
chr1	35720218	35769978	CLSPN	0	-	49760
chr17	75827225	75844552	UNC13D	0	-	17327
chr17	76735865	76781449	MFSD11	0	+	45584
chr8	26514031	26658178	DPYSL2	0	+	144147
chr1	218345336	218444619	TGFB2	0	+	99283
chr1	217426992	217631090	GPATCH2	0	-	204098
chr22	45163925	45188017	NUP50	0	+	24092
chr22	19479457	19520612	CDC45	0	+	41155
chr22	17178790	17258235	ADA2	0	-	79445
chr6	127288712	127343609	ECHDC1	0	-	54897
chr3	37052626	37183689	LRRFIP2	0	-	131063
chr3	42547969	42601080	SEC22C	0	-	53111
chr3	38346760	38421348	XYLB	0	+	74588
chrX	48801377	48824982	HDAC6	0	+	23605
chr5	170763350	170814047	GABRP	0	+	50697
chr17	40287879	40304657	CDC6	0	+	16778
chrX	75156388	75304885	UPRT	0	+	148497
chr5	138187650	138213343	CDC23	0	-	25693
chr12	53307456	53324864	AAAS	0	-	17408
chr12	54230942	54280133	CBX5	0	-	49191
chr1	171185249	171212686	FMO2	0	+	27437
chr1	172532349	172611833	SUCO	0	+	79484
chr2	47403067	47663146	MSH2	0	+	260079
chr5	56815549	56896152	MAP3K1	0	+	80603
chr19	12763003	12872740	HOOK2	0	-	109737
chr11	118572390	118603033	ARCN1	0	+	30643
chr9	109171974	109321059	EPB41L4B	0	-	149085
chr9	105694541	105776629	TMEM38B	0	+	82088
chr9	120815496	120842951	PSMD5	0	-	27455
chr9	122370530	122395703	PTGS1	0	+	25173
chr9	128947699	129007096	NUP188	0	+	59397
chr9	127738317	127778710	SH2D3C	0	-	40393
chr9	98199011	98255649	TBC1D2	0	-	56638
chr9	114402080	114505473	WHRN	0	-	103393
chr10	100232298	100267680	CWF19L1	0	-	35382
chr10	91923770	92031437	BTAF1	0	+	107667
chr10	96189171	96271587	BLNK	0	-	82416
chr10	96364608	96513926	TLL2	0	-	149318
chr10	93073475	93077885	CYP26A1	0	+	4410
chr10	114179270	114232304	TDRD1	0	+	53034
chr10	95311771	95561414	SORBS1	0	-	249643
chr10	97865000	98030828	CRTAC1	0	-	165828
chr10	28677510	28682932	BAMBI	0	+	5422
chr10	28532493	28623112	WAC	0	+	90619
chr16	1256059	1259008	TPSD1	0	+	2949
chr6	12008762	12164999	HIVEP1	0	+	156237
chr6	41158506	41163186	TREM2	0	-	4680
chr6	49727376	49744437	CRISP3	0	-	17061
chr6	35573585	35728583	FKBP5	0	-	154998
chr6	35832966	35921342	SRPK1	0	-	88376
chr6	36196744	36232790	BRPF3	0	+	36046
chr6	41736711	41754109	PGC	0	-	17398
chr6	52671113	52686588	TMEM14A	0	+	15475
chr6	52362123	52529886	EFHC1	0	+	167763
chr6	44246166	44253888	HSP90AB1	0	+	7722
chr6	44387706	44450425	CDC5L	0	+	62719
chr6	33620365	33696574	ITPR3	0	+	76209
chr6	27450743	27473118	ZNF184	0	-	22375
chr6	7541617	7586714	DSP	0	+	45097
chr10	67884656	67918390	SIRT1	0	+	33734
chr9	26947039	27066134	IFT74	0	+	119095
chr9	4984390	5129948	JAK2	0	+	145558
chr9	130713016	130887675	ABL1	0	+	174659
chr1	6264269	6393767	ACOT7	0	-	129498
chr1	86704570	86748184	SH3GLB1	0	+	43614
chr1	91500851	91525764	CDC7	0	+	24913
chr1	85156889	85201016	SYDE2	0	-	44127
chr9	75890644	76362975	PCSK5	0	+	472331
chr10	100347233	100364826	SCD	0	+	17593
chr10	114431112	114768061	ABLIM1	0	-	336949
chr10	27504174	27543207	RAB18	0	+	39033
chr10	33177492	33336262	NRP1	0	-	158770
chr10	24848614	24952606	PRTFDC1	0	-	103992
chr1	99646113	99694541	PALMD	0	+	48428
chr10	69451465	69507666	TSPAN15	0	+	56201
chr10	70052544	70112282	MACROH2A2	0	+	59738
chr10	50067888	50133509	WASHC2A	0	+	65621
chr19	18097778	18151692	MAST3	0	+	53914
chr19	58561931	58573575	MZF1	0	-	11644
chr19	17226213	17229219	OCEL1	0	+	3006
chr19	17075777	17214537	MYO9B	0	+	138760
chr19	38319845	38332076	KCNK6	0	+	12231
chr19	38335775	38370943	CATSPERG	0	+	35168
chr19	38374550	38383824	PSMD8	0	+	9274
chr16	30923055	30948783	FBXL19	0	+	25728
chr16	30989256	31010638	STX1B	0	-	21382
chr16	30985207	30989147	HSD3B7	0	+	3940
chr16	30957754	30984664	SETD1A	0	+	26910
chr16	30833626	30894302	BCL7C	0	-	60676
chr19	1259384	1274880	CIRBP	0	+	15496
chr19	1241746	1244825	ATP5F1D	0	+	3079
chr19	8444767	8489114	HNRNPM	0	+	44347
chr19	8413270	8439017	MARCHF2	0	+	25747
chr19	14566078	14572066	NDUFB7	0	-	5988
chr19	14517085	14565980	TECR	0	+	48895
chr19	531760	542092	CDC34	0	+	10332
chr19	751112	764318	MISP	0	+	13206
chr14	104865268	104896747	CEP170B	0	+	31479
chr19	617221	633537	POLRMT	0	-	16316
chr19	589881	617159	HCN2	0	+	27278
chr11	560404	564025	RASSF7	0	+	3621
chr19	2476122	2478259	GADD45B	0	+	2137
chr19	708935	748329	PALM	0	+	39394
chr19	2037465	2051244	MKNK2	0	-	13779
chr22	19969896	20016823	ARVCF	0	-	46927
chr22	20115938	20127355	RANBP1	0	+	11417
chr22	20129456	20148007	ZDHHC8	0	+	18551
chr22	20441519	20495844	KLHL22	0	-	54325
chr22	20495913	20587632	MED15	0	+	91719
chr22	20917407	20953747	CRKL	0	+	36340
chr22	20982269	20999032	LZTR1	0	+	16763
chr22	23768226	23784316	MMP11	0	+	16090
chr22	17359949	17558151	CECR2	0	+	198202
chr22	23786931	23838009	SMARCB1	0	+	51078
chr22	21028718	21032840	SLC7A4	0	-	4122
chr22	17628855	17730855	BCL2L13	0	+	102000
chr22	30262829	30266851	OSM	0	-	4022
chr22	24011192	24178628	CABIN1	0	+	167436
chr22	30291990	30326947	TBC1D10A	0	-	34957
chr22	24181487	24189106	SUSD2	0	+	7619
chr22	30331988	30356919	SF3A1	0	-	24931
chr22	24219654	24245108	GGT5	0	-	25454
chr22	30368811	30421771	RNF215	0	-	52960
chr22	21697536	21735794	YPEL1	0	-	38258
chr22	30576625	30607083	PES1	0	-	30458
chr22	21759657	21867680	MAPK1	0	-	108023
chr22	21919425	21952848	PPM1F	0	-	33423
chr22	30635781	30669016	SLC35E4	0	+	33235
chr22	21957025	21982813	TOP3B	0	-	25788
chr22	37282027	37315341	CYTH4	0	+	33314
chr22	19130279	19144684	ESS2	0	-	14405
chr22	37469063	37486393	MFNG	0	-	17330
chr22	37490362	37519542	CARD10	0	-	29180
chr22	19175581	19178739	SLC25A1	0	-	3158
chr22	25564675	25729294	GRK3	0	+	164619
chr22	31134807	31140508	PLA2G3	0	-	5701
chr22	37570248	37582616	LGALS2	0	-	12368
chr22	37608725	37633564	GGA1	0	+	24839
chr22	19330698	19447450	HIRA	0	-	116752
chr22	26169462	26383597	SEZ6L	0	+	214135
chr22	37675636	37679802	LGALS1	0	+	4166
chr22	26443423	26483837	HPS4	0	-	40414
chr22	31281594	31292534	PIK3IP1	0	-	10940
chr22	31325804	31346346	PATZ1	0	-	20542
chr22	37697048	37776556	TRIOBP	0	+	79508
chr22	26491225	26512505	TFIP11	0	-	21280
chr22	37807905	37817176	GCAT	0	+	9271
chr22	22644614	22647898	GGTLC2	0	+	3284
chr22	37848868	37889407	EIF3L	0	+	40539
chr22	41673933	41690504	SNU13	0	-	16571
chr22	37905657	37942822	MICALL1	0	+	37165
chr22	37952607	38041915	POLR2F	0	+	89308
chr22	41800679	41832164	CCDC134	0	+	31485
chr22	38056311	38075701	PICK1	0	+	19390
chr22	27978014	28679840	TTC28	0	-	701826
chr22	41938737	41947152	CENPM	0	-	8415
chr22	41969443	41998221	SEPTIN3	0	+	28778
chr22	32043261	32113029	SLC5A1	0	+	69768
chr22	42126499	42130865	CYP2D6	0	-	4366
chr22	38483438	38507660	DDX17	0	-	24222
chr22	42160013	42343616	TCF20	0	-	183603
chr22	38656636	38673850	CBY1	0	+	17214
chr22	38681957	38685421	TOMM22	0	+	3464
chr22	23059415	23145021	RSPH14	0	-	85606
chr22	28794555	28800597	XBP1	0	-	6042
chr22	32387582	32412248	RTCB	0	-	24666
chr22	38685543	38701556	JOSD1	0	-	16013
chr22	32474676	32498829	FBXO7	0	+	24153
chr22	23145366	23165663	RAB36	0	+	20297
chr22	50343304	50445090	PPP6R2	0	+	101786
chr22	38733290	38794143	SUN2	0	-	60853
chr22	42615730	42720870	CYB5R3	0	-	105140
chr22	50502949	50507702	LMF2	0	-	4753
chr22	42835412	43015149	PACSIN2	0	-	179737
chr22	43039516	43089419	TTLL1	0	-	49903
chr22	29327680	29388583	AP1B1	0	-	60903
chr22	35257452	35295807	HMGXB4	0	+	38355
chr22	35299275	35347992	TOM1	0	+	48717
chr22	29480218	29491390	NEFH	0	+	11172
chr22	50578959	50601455	CHKB	0	-	22496
chr22	43110750	43129712	BIK	0	+	18962
chr22	35380361	35394214	HMOX1	0	+	13853
chr22	43132209	43143398	MCAT	0	-	11189
chr22	29505879	29555216	THOC5	0	-	49337
chr22	35400134	35425431	MCM5	0	+	25297
chr22	50622754	50628173	ARSA	0	-	5419
chr22	43151547	43163242	TSPO	0	+	11695
chr22	35540831	35553999	RASD2	0	+	13168
chr22	43166622	43187134	TTLL12	0	-	20512
chr22	39120167	39152680	CBX7	0	-	32513
chr22	39223359	39244982	PDGFB	0	-	21623
chr22	39312882	39320389	RPL3	0	-	7507
chr22	29730956	29767011	ZMAT5	0	-	36055
chr22	35738736	36028824	RBFOX2	0	-	290088
chr22	39349925	39385575	SYNGR1	0	+	35650
chr22	39399778	39437060	TAB1	0	+	37282
chr22	29788609	29838304	ASCC2	0	-	49695
chr22	29883169	30030868	MTMR3	0	+	147699
chr22	39499432	39518132	MIEF1	0	+	18700
chr22	36189124	36204840	APOL4	0	-	15716
chr22	36253071	36267530	APOL1	0	+	14459
chr22	36281280	36388010	MYH9	0	-	106730
chr22	39570753	39689735	CACNA1I	0	+	118982
chr22	36467046	36481640	TXN2	0	-	14594
chr22	36487190	36507221	FOXRED2	0	-	20031
chr22	39901084	39973721	GRAP2	0	+	72637
chr22	36510855	36529184	EIF3D	0	-	18329
chr22	40044817	40335808	TNRC6B	0	+	290991
chr22	36758202	36776256	IFT27	0	-	18054
chr22	36800684	36819479	PVALB	0	-	18795
chr22	45192244	45240894	KIAA0930	0	-	48650
chr22	36860988	36878017	NCF4	0	+	17029
chr22	36913628	36940439	CSF2RB	0	+	26811
chr22	40769630	40819399	SLC25A17	0	-	49769
chr22	45284949	45295874	UPK3A	0	+	10925
chr22	45308968	45341955	FAM118A	0	+	32987
chr22	37051739	37063390	KCTD17	0	+	11651
chr22	40824535	40856639	ST13	0	-	32104
chr22	37125843	37175054	IL2RB	0	-	49211
chr22	40951347	40973309	RBX1	0	+	21962
chr22	41092592	41180077	EP300	0	+	87485
chr22	41205282	41231271	L3MBTL2	0	+	25989
chr22	41244779	41286187	RANGAP1	0	-	41408
chr22	41301525	41360147	ZC3H7B	0	+	58622
chr22	41447830	41529273	ACO2	0	+	81443
chr22	46330875	46357340	TRMU	0	+	26465
chr22	41598028	41621043	DESI1	0	-	23015
chr22	46684410	46738252	CERK	0	-	53842
chr22	49773283	49827873	BRD1	0	-	54590
chr22	49853844	49890080	ZBED4	0	+	36236
chr22	50059391	50085426	MLC1	0	-	26035
chr14	22598290	22612963	ABHD4	0	+	14673
chr14	24429286	24441843	KHNYN	0	+	12557
chr14	24573518	24576250	CTSG	0	-	2732
chr14	24606480	24609699	GZMH	0	-	3219
chr14	24630954	24634267	GZMB	0	-	3313
chr14	22893204	22919182	RBM23	0	-	25978
chr14	22920525	22929408	PRMT5	0	-	8883
chr14	49643555	49688422	POLE2	0	-	44867
chr14	50108632	50116600	VCPKMT	0	-	7968
chr14	50117130	50231578	SOS2	0	-	114448
chr14	50326265	50416461	CDKL1	0	-	90196
chr14	50719763	50831162	NIN	0	-	111399
chr14	50857891	50944483	PYGL	0	-	86592
chr14	50975262	51096061	TRIM9	0	-	120799
chr14	52707178	52728590	PSMC6	0	+	21412
chr14	52775193	52791668	GNPNAT1	0	-	16475
chr14	53036745	53153323	DDHD1	0	-	116578
chr14	54396849	54420218	CDKN3	0	+	23369
chr14	54423561	54441391	CNIH1	0	-	17830
chr14	54509812	54539292	CGRRF1	0	+	29480
chr14	67386984	67412167	PLEK2	0	-	25183
chr14	67581955	67600286	PIGH	0	-	18331
chr14	77320996	77331597	GSTZ1	0	+	10601
chr14	58427385	58551297	KIAA0586	0	+	123912
chr14	77335029	77377094	TMED8	0	-	42065
chr14	59188646	59371405	DAAM1	0	+	182759
chr14	77505997	77616637	SPTLC2	0	-	110640
chr14	92513781	92688994	RIN3	0	+	175213
chr14	92703807	92748679	LGMN	0	-	44872
chr14	77672404	77708023	ALKBH1	0	-	35619
chr14	92923150	92935285	CHGA	0	+	12135
chr14	92936914	93116320	ITPK1	0	-	179406
chr14	60245752	60299087	PPM1A	0	+	53335
chr14	60709539	60724351	SIX4	0	-	14812
chr14	69259277	69357033	GALNT16	0	+	97756
chr14	93934166	93976739	ASB2	0	-	42573
chr14	80476983	80959517	CEP128	0	-	482534
chr14	61695513	61748259	HIF1A	0	+	52746
chr14	69611596	69715144	SUSD6	0	+	103548
chr14	69726900	69772005	SRSF5	0	+	45105
chr14	103333544	103345025	EIF5	0	+	11481
chr14	95086228	95158010	DICER1	0	-	71782
chr14	64388031	64463457	MTHFD1	0	+	75426
chr14	95709947	95714196	TCL1A	0	-	4249
chr14	70907405	71115382	PCNX1	0	+	207977
chr14	96363452	96387288	GSKIP	0	+	23836
chr14	96797304	96954846	VRK1	0	+	157542
chr14	73237497	73274640	PAPLN	0	+	37143
chr14	90847861	91060641	RPS6KA5	0	-	212780
chr14	91457508	91510554	PPP4R3A	0	-	53046
chr14	22985894	23010166	C14orf93	0	-	24272
chr14	23016543	23035230	PSMB5	0	-	18687
chr14	100238298	100282788	YY1	0	+	44490
chr14	23058564	23095614	ACIN1	0	-	37050
chr14	20311368	20333312	CCNB1IP1	0	-	21944
chr14	91965991	92040896	TRIP11	0	-	74905
chr14	23356403	23365752	EFS	0	-	9349
chr14	32076114	32159728	ARHGAP5	0	+	83614
chr14	23630115	23645639	DHRS2	0	+	15524
chr14	34981957	35029686	SRP54	0	+	47729
chr14	21385194	21456126	CHD8	0	-	70932
chr14	35401513	35404749	NFKBIA	0	-	3236
chr14	35826338	35932325	BRMS1L	0	+	105987
chr14	39031919	39109646	SEC23A	0	-	77727
chr14	24232422	24239242	GMPR2	0	+	6820
chr14	39175183	39183220	PNN	0	+	8037
chr14	24265538	24271611	RABGGTA	0	-	6073
chr14	24365673	24379604	NFATC4	0	+	13931
chr20	45898621	45912155	PLTP	0	-	13534
chr20	45934683	45948023	PCIF1	0	+	13340
chr20	46008908	46016561	MMP9	0	+	7653
chr20	35002404	35092807	TRPC4AP	0	-	90403
chr20	25294742	25390835	ABHD12	0	-	96093
chr20	25407673	25452628	GINS1	0	+	44955
chr20	25452697	25585531	NINL	0	-	132834
chr20	46118278	46129863	CD40	0	+	11585
chr20	35302566	35412031	UQCC1	0	-	109465
chr20	47209214	47356889	ZMYND8	0	-	147675
chr20	43558968	43588237	SGK2	0	+	29269
chr20	43590937	43647299	IFT52	0	+	56362
chr20	43667019	43716495	MYBL2	0	+	49476
chr20	36651766	36746090	NDRG3	0	-	94324
chr20	51386957	51562831	NFATC2	0	-	175874
chr20	44751808	44810546	RIMS4	0	-	58738
chr20	44910060	44959035	PABPC1L	0	+	48975
chr20	44966479	45080021	STK4	0	+	113542
chr20	51782331	51802521	SALL4	0	-	20190
chr20	50888916	50931437	ADNP	0	-	42521
chr20	54208087	54228052	PFDN4	0	+	19965
chr20	54475593	54651169	DOK5	0	+	175576
chr20	56392371	56406362	CSTF1	0	+	13991
chr20	57168753	57266641	BMP7	0	-	97888
chr20	57351223	57379211	RAE1	0	+	27988
chr20	63865228	63891545	TPD52L2	0	+	26317
chr20	63895126	63936031	DNAJC5	0	+	40905
chr20	58985686	59008238	CTSZ	0	-	22552
chr20	63981132	64033100	PRPF6	0	+	51968
chr20	59019429	59026654	TUBB1	0	+	7225
chr20	59033145	59042809	PRELID3B	0	-	9664
chr20	62183028	62203568	MTG2	0	+	20540
chr20	62136733	62143440	PSMA7	0	-	6707
chr20	62642503	62685785	SLCO4A1	0	+	43282
chr20	62796473	62801729	MRGBP	0	+	5256
chr20	62877738	62937952	DIDO1	0	-	60214
chr20	62938147	62948475	GID8	0	+	10328
chr20	62952707	62969585	SLC17A9	0	+	16878
chr20	63272785	63289790	ARFGAP1	0	+	17005
chr20	63488013	63499239	EEF1A2	0	-	11226
chr20	63528001	63537376	PTK6	0	-	9375
chr20	63587602	63627101	GMEB2	0	-	39499
chr20	3753508	3767781	C20orf27	0	-	14273
chr20	3777504	3781448	SPEF1	0	-	3944
chr20	3786772	3806121	CDC25B	0	+	19349
chr20	13221274	13300651	ISM1	0	+	79377
chr20	3927309	4015558	RNF24	0	-	88249
chr20	13785007	13821580	NDUFAF5	0	+	36573
chr20	362835	397559	TRIB3	0	+	34724
chr20	4780023	4823608	RASSF2	0	-	43585
chr20	472498	543835	CSNK2A1	0	-	71337
chr20	760080	776015	SLC52A3	0	-	15935
chr20	958452	1002311	RSPO4	0	-	43859
chr20	5126879	5197887	CDS2	0	+	71008
chr20	31514410	31577923	HM13	0	+	63513
chr20	18507520	18561415	SEC23B	0	+	53895
chr20	6074845	6123030	FERMT1	0	-	48185
chr20	32010438	32032180	CCM2L	0	+	21742
chr20	9067825	9504593	PLCB4	0	+	436768
chr20	36541497	36551447	MYL9	0	+	9950
chr20	32052197	32101856	HCK	0	+	49659
chr20	32109714	32167258	TM9SF4	0	+	57544
chr20	32207880	32238658	POFUT1	0	+	30778
chr20	36890229	36951893	SAMHD1	0	-	61664
chr20	32277651	32335011	KIF3B	0	+	57360
chr20	37101226	37179588	MROH8	0	-	78362
chr20	2652593	2658393	NOP56	0	+	5800
chr20	37289649	37317260	MANBAL	0	+	27611
chr20	2658395	2664219	IDH3B	0	-	5824
chr20	32819954	32850405	MAPRE1	0	+	30451
chr20	10637684	10673999	JAG1	0	-	36315
chr20	33358839	33401561	CDK5RAP1	0	-	42722
chr20	33407957	33443763	SNTA1	0	-	35806
chr20	37983007	38033461	TTI1	0	-	50454
chr20	33675477	33686385	E2F1	0	-	10908
chr20	38033725	38127780	RPRD1B	0	+	94055
chr20	33702758	33720319	PXMP4	0	-	17561
chr20	33811348	33854366	CHMP4B	0	+	43018
chr20	38304150	38337505	BPI	0	+	33355
chr20	23626706	23638473	CST3	0	-	11767
chr20	23685640	23689038	CST4	0	-	3398
chr20	38748460	38772520	ACTR5	0	+	24060
chr20	45469753	45481532	WFDC2	0	+	11779
chr20	34280268	34311802	AHCY	0	-	31534
chr20	38805697	38923024	PPP1R16B	0	+	117327
chr20	38926312	38953106	FAM83D	0	+	26794
chr20	38962299	39039723	DHX35	0	+	77424
chr20	45791954	45811427	DNTTIP1	0	+	19473
chr20	34546854	34560345	MAP1LC3A	0	+	13491
chr20	24469629	24666616	SYNDIG1	0	+	196987
chr20	34560542	34698790	PIGU	0	-	138248
chr20	45841721	45857405	ACOT8	0	-	15684
chr20	24962925	24992751	APMAP	0	-	29826
chr18	37243040	37565827	CELF4	0	-	322787
chr18	76357682	76495242	ZNF516	0	-	137560
chr18	80109262	80147523	ADNP2	0	+	38261
chr18	158383	214629	USP14	0	+	56246
chr18	9914016	9960021	VAPA	0	+	46005
chr18	2537525	2571509	METTL4	0	-	33984
chr18	2916994	3013144	LPIN2	0	-	96150
chr18	2655726	2805017	SMCHD1	0	+	149291
chr18	3066807	3219968	MYOM1	0	-	153161
chr18	3247481	3256236	MYL12A	0	+	8755
chr18	12661833	12702777	CEP76	0	-	40944
chr18	12991362	13125052	CEP192	0	+	133690
chr18	48919853	48950965	SMAD7	0	-	31112
chr18	49560699	49599185	LIPG	0	+	38486
chr18	6941742	7117797	LAMA1	0	-	176055
chr18	32018825	32073219	RNF125	0	+	54394
chr18	9136228	9285985	ANKRD12	0	+	149757
chr18	54269517	54321266	POLI	0	+	51749
chr18	21704957	21870953	MIB1	0	+	165996
chr18	22798261	23026488	RBBP8	0	+	228227
chr18	23453287	23486603	RIOK3	0	+	33316
chrX	100820359	100841520	CSTF2	0	+	21161
chrX	3308565	3346652	MXRA5	0	-	38087
chrX	108044970	108079184	VSIG1	0	+	34214
chrX	108084207	108091549	PSMD10	0	-	7342
chrX	108091668	108154671	ATG4A	0	+	63003
chrX	7147237	7804358	STS	0	+	657121
chrX	9463320	9741037	TBL1X	0	+	277717
chrX	119236245	119244466	PGRMC1	0	+	8221
chrX	24693873	24996986	POLA1	0	+	303113
chrX	10445310	10833654	MID1	0	-	388344
chrX	109535781	109544698	NXT2	0	+	8917
chrX	111665811	111760649	ALG13	0	+	94838
chrX	12791355	12824222	PRPS2	0	+	32867
chrX	12906620	12923169	TLR8	0	+	16549
chrX	134887632	134915257	MOSPD1	0	-	27625
chrX	110194186	110440318	AMMECR1	0	-	246132
chrX	110673856	110795819	CHRDL1	0	-	121963
chrX	48590042	48608869	WDR13	0	+	18827
chrX	48695554	48709016	SUV39H1	0	+	13462
chrX	123859724	123913976	XIAP	0	+	54252
chrX	139726346	139945276	ATP11C	0	-	218930
chrX	153724856	153744755	ABCD1	0	+	19899
chrX	49205063	49233371	CACNA1F	0	-	28308
chrX	49187815	49200218	SYP	0	-	12403
chrX	115561174	115650861	PLS3	0	+	89687
chrX	153929225	153935080	NAA10	0	-	5855
chrX	153935269	153944687	RENBP	0	-	9418
chrX	130063955	130110716	ELF4	0	-	46761
chrX	129446501	129523500	SMARCA1	0	-	76999
chrX	15235288	15270467	ASB9	0	-	35179
chrX	65366638	65507887	ZC3H12B	0	+	141249
chrX	48961378	48971844	KCND1	0	-	10466
chrX	130339888	130373361	SLC25A14	0	+	33473
chrX	147911919	147951125	FMR1	0	+	39206
chrX	48913182	48919024	PIM2	0	-	5842
chrX	18239313	18354688	SCML2	0	-	115375
chrX	48890197	48903402	PQBP1	0	+	13205
chrX	48831096	48835610	PCSK1N	0	-	4514
chrX	154379273	154381574	EMD	0	+	2301
chrX	154411524	154421726	TAFAZZIN	0	+	10202
chrX	77910739	78129295	PGK1	0	+	218556
chrX	77825747	77899271	MAGT1	0	-	73524
chrX	21940709	21994837	SMS	0	+	54128
chrX	22032325	22494713	PHEX	0	+	462388
chrX	154483717	154486615	UBL4A	0	-	2898
chrX	150766336	150898816	CD99L2	0	-	132480
chr12	92770637	92929331	EEA1	0	-	158694
chrX	46837043	46882358	RP2	0	+	45315
chrX	46912276	47061242	JADE3	0	+	148966
chrX	47217860	47229997	CDK16	0	+	12137
chrX	47232866	47248328	USP11	0	+	15462
chrX	136497079	136512346	HTATSF1	0	+	15267
chrX	136532215	136556807	VGLL1	0	+	24592
chrX	136648158	136660390	CD40LG	0	+	12232
chrX	151953124	151974680	GABRE	0	-	21556
chrX	54445454	54496234	FGD1	0	-	50780
chrX	48508959	48520814	PORCN	0	+	11855
chrX	54748918	54798255	ITIH6	0	-	49337
chrX	54807599	54816015	MAGED2	0	+	8416
chrX	48574449	48581162	RBM3	0	+	6713
chrX	56232356	56291531	KLF8	0	+	59175
chrX	100671783	100732123	SYTL4	0	-	60340
chrX	75368427	75523502	ZDHHC15	0	-	155075
chrX	101098188	101166126	CENPI	0	+	67938
chrX	101219769	101264502	DRP2	0	+	44733
chrX	76173040	76178314	PBDC1	0	+	5274
chrX	101622797	101627843	ARMCX3	0	+	5046
chrX	103215108	103217246	BEX4	0	+	2138
chr13	46334681	46438190	RUBCNL	0	-	103509
chr13	101053776	101416508	NALCN	0	-	362732
chr13	101710804	102402457	FGF14	0	-	691653
chr13	79481124	79556077	NDFIP2	0	+	74953
chr13	108251240	108308484	TNFSF13B	0	+	57244
chr13	48975912	49209779	FNDC3A	0	+	233867
chr13	49247925	49293485	CDADC1	0	+	45560
chr13	49308650	49444064	CAB39L	0	-	135414
chr13	73054976	73077541	KLF5	0	+	22565
chr13	95677139	95794988	DNAJC3	0	+	117849
chr13	95801580	96053482	UGGT2	0	-	251902
chr13	111114559	111305737	ARHGEF7	0	+	191178
chr13	24420931	24512778	PARP4	0	-	91847
chr13	37009312	37059713	SUPT20H	0	-	50401
chr13	40729128	40771190	MRPS31	0	-	42062
chr13	40789412	40812460	SLC25A15	0	+	23048
chr13	49699320	49792682	KPNA3	0	-	93362
chr13	28300346	28495145	FLT1	0	-	194799
chr13	41457550	41470871	RGCC	0	+	13321
chr13	41566835	41961120	VWA8	0	-	394285
chr13	42040036	42256578	DGKH	0	+	216542
chr13	30202630	30307551	KATNAL1	0	-	104921
chr13	51354077	51454264	INTS6	0	-	100187
chr13	51767993	51804163	DHRS12	0	-	36170
chr13	30906271	30925572	MEDAG	0	+	19301
chr13	44432143	44577147	TSC22D1	0	-	145004
chr13	53028813	53052057	OLFM4	0	+	23244
chr16	760734	768865	MSLN	0	+	8131
chr16	4616493	4690974	MGRN1	0	+	74481
chr16	30778456	30787205	ZNF629	0	-	8749
chr16	67154185	67159909	TRADD	0	-	5724
chr16	67164681	67169945	HSF4	0	+	5264
chr16	30182827	30189076	CORO1A	0	+	6249
chr16	30114105	30123506	MAPK3	0	-	9401
chr16	30104810	30113537	GDPD3	0	-	8727
chr16	67199111	67204029	ELMO3	0	+	4918
chr16	67846923	67872567	NUTF2	0	+	25644
chr16	56730118	56850286	NUP93	0	+	120168
chr16	67806765	67832148	TSNAXIP1	0	+	25383
chr16	69565094	69704666	NFAT5	0	+	139572
chr16	48244300	48363122	LONP2	0	+	118822
chr16	48538726	48620148	N4BP1	0	-	81422
chr16	57248547	57284672	PLLP	0	-	36125
chr16	49487524	49857919	ZNF423	0	-	370395
chr16	57358783	57366189	CCL22	0	+	7406
chr16	72008588	72027664	DHODH	0	+	19076
chr16	67562467	67639177	CTCF	0	+	76710
chr16	67660946	67662774	PARD6A	0	+	1828
chr16	58025754	58046901	MMP15	0	+	21147
chr16	57999546	58021618	USB1	0	+	22072
chr16	69398402	69466264	CYB5B	0	+	67862
chr16	58231157	58283836	CCDC113	0	+	52679
chr16	58462846	58513628	NDRG4	0	+	50782
chr16	74296814	74306288	PSMD7	0	+	9474
chr16	58665109	58684770	SLC38A7	0	-	19661
chr16	70687439	70801160	VAC14	0	-	113721
chr16	68843531	69085182	TANGO6	0	+	241651
chr16	70480568	70523560	COG4	0	-	42992
chr16	68358327	68448508	SMPD3	0	-	90181
chr16	68264516	68301823	SLC7A6	0	+	37307
chr16	68245304	68261058	PLA2G15	0	+	15754
chr16	74712955	74774831	FA2H	0	-	61876
chr16	74871362	75000173	WDR59	0	-	128811
chr16	287440	352723	AXIN1	0	-	65283
chr16	84271	138677	NPRL3	0	-	54406
chr16	83899115	83951445	MLYCD	0	+	52330
chr16	84122141	84145192	HSDL1	0	-	23051
chr16	84294846	84329844	WFDC1	0	+	34998
chr16	84565596	84618078	COTL1	0	-	52482
chr16	84699986	84779922	USP10	0	+	79936
chr16	84819985	84920768	CRISPLD2	0	+	100783
chr16	4748239	4767624	ZNF500	0	-	19385
chr16	396725	410367	NME4	0	+	13642
chr16	15949138	16143257	ABCC1	0	+	194119
chr16	16232506	16300806	NOMO3	0	+	68300
chr16	853634	981318	LMF1	0	-	127684
chr16	729760	741329	CIAO3	0	-	11569
chr16	86530178	86555235	MTHFSD	0	-	25057
chr16	1444934	1475084	CLCN7	0	-	30150
chr16	87830023	87869507	SLC7A5	0	-	39484
chr16	715118	719655	METRN	0	+	4537
chr16	87326987	87392142	FBXO31	0	-	65155
chr16	675671	678268	RHBDL1	0	+	2597
chr16	1308880	1327018	UBE2I	0	+	18138
chr16	21238874	21303083	CRYM	0	-	64209
chr16	22206278	22288738	EEF2K	0	+	82460
chr16	527712	554636	CAPN15	0	+	26924
chr16	88715338	88785220	PIEZO1	0	-	69882
chr16	11868128	11916082	GSPT1	0	-	47954
chr16	23557721	23574389	UBFD1	0	+	16668
chr16	2783953	2787948	PRSS33	0	-	3995
chr16	23463542	23521995	GGA2	0	-	58453
chr16	12659799	12803887	CPPED1	0	-	144088
chr16	23061406	23149452	USP31	0	-	88046
chr16	4474690	4510347	HMOX2	0	+	35657
chr16	4425805	4456775	DNAJA3	0	+	30970
chr16	4340251	4420494	CORO7-PAM16	0	-	80243
chr16	14632931	14669236	BFAR	0	+	36305
chr16	51135982	51152334	SALL1	0	-	16352
chr16	52436417	52547802	TOX3	0	-	111385
chr16	53433977	53491648	RBL2	0	+	57671
chr16	29663279	29698699	QPRT	0	+	35420
chr16	17101769	17470960	XYLT1	0	-	369191
chr16	31201486	31203450	PYCARD	0	-	1964
chr16	29806106	29811164	MAZ	0	+	5058
chr16	31032889	31042975	STX4	0	+	10086
chr16	29858357	29863414	CDIPT	0	-	5057
chr16	31106107	31112791	BCKDK	0	+	6684
chr16	31114489	31131393	KAT8	0	+	16904
chr16	14833721	14896157	NOMO1	0	+	62436
chr16	27402174	27452042	IL21R	0	+	49868
chr16	19167971	19268332	SYT17	0	+	100361
chr16	19410496	19499113	TMC5	0	+	88617
chr16	19523811	19553408	CCP110	0	+	29597
chr16	19555240	19706793	VPS35L	0	+	151553
chr16	30761745	30776307	RNF40	0	+	14562
chr15	67254786	67502260	IQCH	0	+	247474
chr15	68578993	68727806	CORO2B	0	+	148813
chr15	74782080	74803197	CSK	0	+	21117
chr15	63608618	63833948	HERC1	0	-	225330
chr15	64387748	64455303	TRIP4	0	+	67555
chr15	65001512	65029639	MTFMT	0	-	28127
chr15	65053337	65076690	RASL12	0	-	23353
chr15	82659281	82710112	AP3B2	0	-	50831
chr15	78167468	78245688	ACSBG1	0	-	78220
chr15	65381484	65422947	IGDCC4	0	-	41463
chr15	65726054	65891989	RAB11A	0	+	165935
chr15	78921058	78949574	CTSH	0	-	28516
chr15	99136323	99251223	TTC23	0	-	114900
chr15	73683966	73714514	CD276	0	+	30548
chr15	80152490	80186946	FAH	0	+	34456
chr15	80779343	80951776	CEMIP	0	+	172433
chr15	41517176	41544269	RPAP1	0	-	27093
chr15	82836946	82986153	HOMER2	0	-	149207
chr15	41895933	41972557	EHD4	0	-	76624
chr15	42412823	42491141	ZNF106	0	-	78318
chr15	48712928	48811146	CEP152	0	-	98218
chr15	49858238	50182817	ATP8B4	0	-	324579
chr15	49621037	49656232	DTWD1	0	+	35195
chr15	43232590	43266928	TGM5	0	-	34338
chr15	29120252	29570979	FAM189A1	0	-	450727
chr15	50275389	50355408	GABPB1	0	-	80019
chr15	29699367	29968915	TJP1	0	-	269548
chr15	40087890	40108892	BMF	0	-	21002
chr15	51447711	51622833	DMXL2	0	-	175122
chr15	51681492	51721026	SCG3	0	+	39534
chr15	40765161	40807478	DNAJC17	0	-	42317
chr15	44554818	44663688	SPG11	0	-	108870
chr15	40872214	40874234	RHOV	0	-	2020
chr15	40894450	40903975	VPS18	0	+	9525
chr15	45479606	45522755	SLC30A4	0	-	43149
chr15	48134632	48178353	MYEF2	0	-	43721
chr8	17156482	17224799	ZDHHC2	0	+	68317
chr8	27284886	27311272	TRIM35	0	-	26386
chr8	81701334	81732903	ZFAND1	0	-	31569
chr8	54509422	54871720	RP1	0	+	362298
chr8	85463968	85481493	CA2	0	+	17525
chr8	28494205	28574267	FZD3	0	+	80062
chr8	28767661	28890242	INTS9	0	-	122581
chr8	89757806	89791064	RIPK2	0	+	33258
chr8	71197433	71592025	EYA1	0	-	394592
chr8	89933331	90003228	NBN	0	-	69897
chr8	72019917	72075584	TRPA1	0	-	55667
chr8	96645242	97149654	CPQ	0	+	504412
chr8	56957931	56993867	BPNT2	0	-	35936
chr8	41261962	41309473	SFRP1	0	-	47511
chr8	97775057	97853013	LAPTM4B	0	+	77956
chr8	73780097	73878910	UBE2W	0	-	98813
chr8	98117293	98159835	POP1	0	+	42542
chr8	98189826	98294393	NIPAL2	0	-	104567
chr8	42271302	42332460	IKBKB	0	+	61158
chr8	42174718	42207709	PLAT	0	-	32991
chr8	98371228	98942827	STK3	0	-	571599
chr8	74320613	74518007	GDAP1	0	+	197394
chr8	60516936	60623644	RAB2A	0	+	106708
chr8	108162787	108443496	EIF3E	0	-	280709
chr8	108443601	108489196	EMC2	0	+	45595
chr8	94641074	94707466	ESRP1	0	+	66392
chr8	133191039	133231690	CCN4	0	+	40651
chr8	133237175	133302022	NDRG1	0	-	64847
chr8	78675743	78805523	IL7	0	-	129780
chr8	79611117	79666158	STMN2	0	+	55041
chr8	65602458	65634217	ARMC1	0	-	31759
chr8	115408496	115809673	TRPS1	0	-	401177
chr8	100157906	100259278	SPAG1	0	+	101372
chr8	140511311	140517154	CHRAC1	0	+	5843
chr8	101686542	102124907	NCALD	0	-	438365
chr8	81799581	81842866	SNX16	0	-	43285
chr8	102252273	102412759	UBR5	0	-	160486
chr8	143553207	143563062	GSDMD	0	+	9855
chr8	143612618	143618048	GFUS	0	-	5430
chr8	143603210	143609773	PYCR3	0	-	6563
chr8	143579697	143599541	EEF1D	0	-	19844
chr8	124998497	125022283	SQLE	0	+	23786
chr8	19313693	19396218	SH2D4A	0	+	82525
chr8	19817391	19852083	INTS10	0	+	34692
chr8	9002147	9116746	ERI1	0	+	114599
chr8	22367278	22434129	SLC39A14	0	+	66851
chr8	11284816	11328146	MTMR9	0	+	43330
chr8	30095408	30177208	LEPROTL1	0	+	81800
chr8	23270120	23296279	R3HCC1	0	+	26159
chr8	30678066	30727846	GSR	0	-	49780
chr8	23190452	23225102	TNFRSF10A	0	-	34650
chr8	30729131	30767006	UBXN8	0	+	37875
chr8	30774457	30814314	PPP2CB	0	-	39857
chr8	15417215	15766649	TUSC3	0	+	349434
chr8	47960185	47978160	MCM4	0	+	17975
chr8	25427847	25458476	KCTD9	0	-	30629
chr8	17864380	17910365	FGL1	0	-	45985
chr8	18055992	18084998	ASAH1	0	-	29006
chr8	26383054	26505636	BNIP3L	0	+	122582
chr19	12646511	12666742	MAN2B1	0	-	20231
chr19	43766533	43780976	KCNN4	0	-	14443
chr19	48900312	48923372	NUCB1	0	+	23060
chr19	48968130	48993310	GYS1	0	-	25180
chr19	6494319	6502848	TUBB4A	0	-	8529
chr19	49085419	49108605	SNRNP70	0	+	23186
chr19	44954585	44993341	CLPTM1	0	+	38756
chr19	45001449	45038198	RELB	0	+	36749
chr19	45039045	45070956	CLASRP	0	+	31911
chr19	49114324	49118460	LIN7B	0	+	4136
chr19	49506816	49526428	FCGRT	0	+	19612
chr19	45306413	45322875	CKM	0	-	16462
chr19	7348937	7472485	ARHGEF18	0	+	123548
chr19	45379638	45406349	PPP1R13L	0	-	26711
chr19	7476875	7497449	PEX11G	0	-	20574
chr19	45349837	45370918	ERCC2	0	-	21081
chr19	2163933	2232578	DOT1L	0	+	68645
chr19	2236824	2248655	SF3A2	0	+	11831
chr19	2249309	2252073	AMH	0	+	2764
chr19	13099033	13103161	LYL1	0	-	4128
chr19	13144058	13150383	STX10	0	-	6325
chr19	7688758	7702146	FCER2	0	-	13388
chr19	45769709	45782552	DMPK	0	-	12843
chr19	2977538	2995179	TLE6	0	+	17641
chr19	13731760	13763296	YJU2B	0	+	31536
chr19	3052910	3063107	TLE5	0	-	10197
chr19	45933734	45974044	NOVA2	0	-	40310
chr19	2754715	2783362	SGTA	0	-	28647
chr19	54617158	54638022	LILRB1	0	+	20864
chr19	49818282	49840383	MED25	0	+	22101
chr19	54593582	54602381	LILRA1	0	+	8799
chr19	7920338	7923250	SNAPC2	0	+	2912
chr19	13774456	13778773	C19orf53	0	+	4317
chr19	7926718	7943667	TIMM44	0	-	16949
chr19	45995461	46021318	CCDC61	0	+	25857
chr19	14031762	14053218	IL27RA	0	+	21456
chr19	14119512	14136613	ASF1B	0	-	17101
chr19	55132698	55149206	TNNT1	0	-	16508
chr19	49976468	50025946	VRK3	0	-	49478
chr19	16185380	16192046	FAM32A	0	+	6666
chr19	55229779	55259017	PPP6R1	0	-	29238
chr19	9853718	9936515	OLFM2	0	-	82797
chr19	15451624	15464544	RASAL3	0	-	12920
chr19	15353385	15379815	AKAP8	0	-	26430
chr19	15226919	15233435	EPHX3	0	-	6516
chr19	15114984	15125786	ILVBL	0	-	10802
chr19	15049480	15058293	CASP14	0	+	8813
chr19	14950033	15022990	SLC1A6	0	-	72957
chr19	29606283	29617237	POP4	0	+	10954
chr19	29811991	29824312	CCNE1	0	+	12321
chr19	29923644	30016612	URI1	0	+	92968
chr19	32581190	32587453	PDCD5	0	+	6263
chr19	32597006	32676597	ANKRD27	0	-	79591
chr19	39433137	39435949	RPS16	0	-	2812
chr19	39480412	39493785	TIMM50	0	+	13373
chr19	39834458	39846379	FBL	0	-	11921
chr19	39825350	39834201	DYRK1B	0	-	8851
chr19	40222208	40226697	CCNP	0	-	4489
chr19	34359480	34402413	GPI	0	+	42933
chr19	40230317	40285536	AKT2	0	-	55219
chr19	40348456	40380439	PLD3	0	+	31983
chr19	40393766	40414793	PRX	0	-	21027
chr19	4007736	4039386	PIAS4	0	+	31650
chr19	40665905	40690972	NUMBL	0	-	25067
chr19	4229523	4237528	EBI3	0	+	8005
chr19	4247080	4269088	YJU2	0	+	22008
chr19	36114289	36125947	TBCB	0	+	11658
chr19	36014660	36033343	CLIP3	0	-	18683
chr19	46674275	46717127	PRKD2	0	-	42852
chr19	3708362	3750813	TJP3	0	+	42451
chr19	3610645	3626815	CACTIN	0	-	16170
chr19	47255980	47273701	CCDC9	0	+	17721
chr19	47220822	47232766	BBC3	0	-	11944
chr8	141117278	141195808	DENND3	0	+	78530
chr19	41431318	41440717	DMAC2	0	-	9399
chr19	4838341	4867694	PLIN3	0	-	29353
chr19	50188186	50310542	MYH14	0	+	122356
chr19	10251901	10260055	MRPL4	0	+	8154
chr19	51450847	51458456	SIGLEC8	0	-	7609
chr19	41877279	41881372	CD79A	0	+	4093
chr19	41860255	41872925	RPS19	0	+	12670
chr19	47745546	47757058	NOP53	0	+	11512
chr19	51371606	51372701	NKG7	0	-	1095
chr19	51345169	51366388	ETFB	0	-	21219
chr19	51225064	51243860	CD33	0	+	18796
chr19	10350529	10380572	TYK2	0	-	30043
chr19	47487637	47515091	NAPA	0	-	27454
chr19	47403124	47419527	MEIS3	0	-	16403
chr19	5158495	5340812	PTPRS	0	-	182317
chr19	42387019	42390297	CNFN	0	-	3278
chr19	42325609	42378769	MEGF8	0	+	53160
chr19	48382575	48391551	KDELR1	0	-	8976
chr19	48469208	48482314	CYTH2	0	+	13106
chr19	48393668	48444931	GRIN2D	0	+	51263
chr19	50723364	50725708	CLEC11A	0	+	2344
chr19	48296457	48321971	ODAD1	0	-	25514
chr19	48180770	48255946	CARD8	0	-	75176
chr19	48115445	48170603	LIG1	0	-	55158
chr19	51571283	51592510	ZNF175	0	+	21227
chr19	48047843	48110817	PLA2G4C	0	-	62974
chr19	11355386	11365698	PLPPR2	0	+	10312
chr19	48599961	48615076	FAM83E	0	-	15115
chr19	48720585	48740610	RASIP1	0	-	20025
chr19	48795062	48811029	BCAT2	0	-	15967
chr19	305573	344815	MIER2	0	-	39242
chr19	48837097	48868617	PLEKHA4	0	-	31520
chr19	52190048	52229518	PPP2R1A	0	+	39470
chr19	12699201	12724011	TNPO2	0	-	24810
chr19	12891160	12914207	GCDH	0	+	23047
chr19	54249421	54257301	LILRB5	0	-	7880
chr19	12875209	12881466	DNASE2	0	-	6257
chr19	54115410	54131719	PRPF31	0	+	16309
chr19	17824780	17848071	JAK3	0	-	23291
chr19	17859910	17864153	RPL18A	0	+	4243
chr19	18001132	18014102	ARRDC2	0	+	12970
chr19	18196784	18204042	RAB3A	0	-	7258
chr19	18442663	18522116	ELL	0	-	79453
chr19	18683678	18782333	CRTC1	0	+	98655
chr19	18782773	18791305	COMP	0	-	8532
chr19	35666516	35678483	UPK1A	0	+	11967
chr19	35545600	35547526	TMEM147	0	+	1926
chr19	35533455	35545319	GAPDHS	0	+	11864
chr19	35292125	35313807	MAG	0	+	21682
chr19	35280716	35285143	HAMP	0	+	4427
chr19	35268962	35279821	USF2	0	+	10859
chr19	35248330	35267964	LSR	0	+	19634
chr19	18557762	18569387	KXD1	0	+	11625
chr19	18531751	18544077	FKBP8	0	-	12326
chr19	19276018	19320509	SUGP1	0	-	44491
chr19	35040506	35066573	HPN	0	+	26067
chr19	19710472	19733112	ZNF14	0	-	22640
chr19	35030470	35040449	SCN1B	0	+	9979
chr19	19561707	19618693	PBX4	0	-	56986
chr19	19645198	19663676	ATP13A1	0	-	18478
chr19	41998321	42070206	GRIK5	0	-	71885
chr19	37907208	38208369	SIPA1L3	0	+	301161
chr19	20923222	20950697	ZNF85	0	+	27475
chr19	43506719	43527230	ETHE1	0	-	20511
chr19	43622368	43639850	CADM4	0	-	17482
chr19	43727983	43754962	SMG9	0	-	26979
chr7	32495426	32588726	AVL9	0	+	93300
chr7	90245174	90311063	CFAP69	0	+	65889
chr7	92604921	92836573	CDK6	0	-	231652
chr7	93962762	94004382	BET1	0	-	41620
chr7	106248298	106285966	NAMPT	0	-	37668
chr7	19695461	19709037	POLR1F	0	-	13576
chr7	106865278	106908980	PIK3CG	0	+	43702
chr7	95359872	95396375	PON3	0	-	36503
chr7	95404862	95435329	PON2	0	-	30467
chr7	20330702	20415754	ITGB8	0	+	85052
chr7	21428043	21514822	SP4	0	+	86779
chr7	135183839	135211555	WDR91	0	-	27716
chr7	21543039	21901839	DNAH11	0	+	358800
chr7	107743949	107761667	CBLL1	0	+	17718
chr7	97020396	97024950	DLX5	0	-	4554
chr7	135926760	135977359	MTPN	0	-	50599
chr7	22419444	22727613	STEAP1B	0	-	308169
chr7	137227341	137343774	PTN	0	-	116433
chr7	24573268	24694193	PALS2	0	+	120925
chr7	24698355	24757940	GSDME	0	-	59585
chr7	138706294	138799560	ATP6V0A4	0	-	93266
chr7	139043515	139132122	ZC3HAV1	0	-	88607
chr7	139133744	139191986	TTC26	0	+	58242
chr7	44606572	44709066	OGDH	0	+	102494
chr7	115935148	116159896	TFEC	0	-	224748
chr7	44826791	44848087	H2AZ2	0	-	21296
chr7	116287380	116508541	CAV2	0	+	221161
chr7	116524994	116561179	CAV1	0	+	36185
chr7	116672196	116798377	MET	0	+	126181
chr7	156668946	156893216	LMBR1	0	-	224270
chr7	157335381	157417439	DNAJB6	0	+	82058
chr7	27106184	27152583	HOXA3	0	-	46399
chr7	2512529	2529177	LFNG	0	+	16648
chr7	2537810	2555694	BRAT1	0	-	17884
chr7	2558972	2614733	IQCE	0	+	55761
chr7	159028175	159144867	VIPR2	0	-	116692
chr7	120787320	120858402	TSPAN12	0	-	71082
chr7	141738334	141787922	SSBP1	0	+	49588
chr7	120988697	121297442	CPED1	0	+	308745
chr7	27525442	27662883	HIBADH	0	-	137441
chr7	50590063	50793462	GRB10	0	-	203399
chr7	73736094	73738852	ABHD11	0	-	2758
chr7	51016212	51316818	COBL	0	-	300606
chr7	30010587	30026702	FKBP14	0	-	16115
chr7	30027404	30130483	PLEKHA8	0	+	103079
chr7	30424527	30478784	NOD1	0	-	54257
chr7	30580533	30634033	GARS1	0	+	53500
chr7	142855061	142871094	EPHB6	0	+	16033
chr7	143288215	143307696	CASP2	0	+	19481
chr7	56101573	56106476	CHCHD2	0	-	4903
chr7	76302673	76304295	HSPB1	0	+	1622
chr7	98617285	98629869	NPTX2	0	+	12584
chr7	99416739	99466163	PTCD1	0	-	49424
chr7	99648194	99679998	CYP3A5	0	-	31804
chr7	100015572	100041689	ZKSCAN1	0	+	26117
chr7	2251770	2354318	SNX8	0	-	102548
chr7	2242226	2251146	NUDT1	0	+	8920
chr7	121873089	122062036	PTPRZ1	0	+	188947
chr7	100106876	100119841	TAF6	0	-	12965
chr7	123681943	123749003	WASL	0	-	67060
chr7	100620416	100642779	TFR2	0	-	22363
chr7	100612102	100615384	MOSPD3	0	+	3282
chr7	100602363	100608175	PCOLCE	0	+	5812
chr7	128297685	128343908	RBM28	0	-	46223
chr7	6104949	6161564	USP42	0	+	56615
chr7	128392277	128410252	IMPDH1	0	-	17975
chr7	100539203	100568220	AGFG2	0	+	29017
chr7	32485338	32495283	LSM5	0	-	9945
chr7	101127104	101139247	SERPINE1	0	+	12143
chr7	101154456	101161596	AP1S1	0	+	7140
chr7	7156934	7248616	C1GALT1	0	+	91682
chr7	101205977	101218420	PLOD3	0	-	12443
chr7	101232092	101238820	CLDN15	0	-	6728
chr7	7968796	8094272	GLCCI1	0	+	125476
chr7	10973336	11169623	PHF14	0	+	196287
chr7	129611720	129757082	NRF1	0	+	145362
chr7	12211270	12243367	TMEM106B	0	+	32097
chr7	148807257	148884321	EZH2	0	-	77064
chr7	130393771	130442433	CEP41	0	-	48662
chr7	149838375	149867479	ZNF862	0	+	29104
chr7	15611212	15686683	MEOX2	0	-	75471
chr7	16599779	16645817	ANKMY2	0	-	46038
chr7	150243916	150323725	ACTR3C	0	-	79809
chr7	16753755	16784536	TSPAN13	0	+	30781
chr7	150338317	150341662	RARRES2	0	-	3345
chr7	16791811	16833433	AGR2	0	-	41622
chr7	16916359	17346152	AHR	0	+	429793
chr7	132784870	133082090	CHCHD3	0	-	297220
chr7	150685697	150693641	GIMAP2	0	+	7944
chr7	150791285	150801360	TMEM176B	0	-	10075
chr7	41960949	42264100	GLI3	0	-	303151
chr7	42932376	42948958	MRPL32	0	+	16582
chr7	43608456	43729717	COA1	0	-	121261
chr7	43758680	43807342	BLVRA	0	+	48662
chr7	43875894	43926411	URGCP	0	-	50517
chr7	66921225	66958551	TMEM248	0	+	37326
chr7	151466012	151520120	RHEB	0	-	54108
chr7	151556124	151877125	PRKAG2	0	-	321001
chr7	44104345	44114562	AEBP1	0	+	10217
chr7	44114680	44124358	POLD2	0	-	9678
chr7	73536356	73557690	BCL7B	0	-	21334
chr7	44200959	44214294	YKT6	0	+	13335
chr7	73567537	73578791	TBL2	0	-	11254
chr7	74289407	74405935	CLIP2	0	+	116528
chr7	74174231	74197122	EIF4H	0	+	22891
chr7	74082933	74122525	LIMK1	0	+	39592
chr9	4553386	4666674	SPATA6L	0	-	113288
chr9	105558122	105653820	FKTN	0	+	95698
chr9	105447796	105552433	FSD1L	0	+	104637
chr9	39064710	39288315	CNTNAP3	0	-	223605
chr9	88388430	88478694	SPIN1	0	+	90264
chr9	75060573	75088217	NMRK1	0	-	27644
chr9	109015135	109119947	TMEM245	0	-	104812
chr9	76611376	76906114	PRUNE2	0	-	294738
chr9	120600811	120714470	MEGF9	0	-	113659
chr9	98069275	98119222	TRIM14	0	-	49947
chr9	98120975	98192637	CORO2A	0	-	71662
chr9	99104038	99154192	TGFBR1	0	+	50154
chr9	99222064	99230615	SEC61B	0	+	8551
chr9	120952335	121050275	C5	0	-	97940
chr9	79571773	79726882	TLE4	0	+	155109
chr9	122202577	122229626	LHX6	0	-	27049
chr9	112040783	112175297	SUSD1	0	-	134514
chr9	114060127	114078328	AMBP	0	-	18201
chr9	114334156	114394405	AKNA	0	-	60249
chr9	114893343	114930595	TNFSF8	0	-	37252
chr9	128191655	128255248	DNM1	0	+	63593
chr9	127815013	127854658	ENG	0	-	39645
chr9	4679559	4708399	CDC37L1	0	+	28840
chr9	5299864	5304716	RLN2	0	-	4852
chr9	5357971	5437925	PLGRKT	0	-	79954
chr9	128787253	128810430	TBC1D13	0	+	23177
chr9	5629025	5776557	RIC1	0	+	147532
chr9	6720863	7175648	KDM4C	0	+	454785
chr9	214854	465259	DOCK8	0	+	250405
chr9	470291	746105	KANK1	0	+	275814
chr9	23690104	23826337	ELAVL2	0	-	136233
chr9	130172404	130237303	NCS1	0	+	64899
chr9	130578965	130638352	FUBP3	0	+	59387
chr9	12685439	12710285	TYRP1	0	+	24846
chr9	35749287	35758585	RGP1	0	+	9298
chr9	13105706	13279692	MPDZ	0	-	173986
chr9	136862119	136866308	EDF1	0	-	4189
chr9	68705240	69009176	PIP5K1B	0	+	303936
chr9	3824127	4348392	GLIS3	0	-	524265
chr9	131576770	131740076	RAPGEF1	0	-	163306
chr9	69427532	69672371	APBA1	0	-	244839
chr9	132261356	132354986	SETX	0	-	93630
chr9	137007234	137028915	ABCA2	0	-	21681
chr9	33817160	33920399	UBE2R2	0	+	103239
chr9	71862452	71911193	ABHD17B	0	-	48741
chr9	72351413	72365235	ZFAND5	0	-	13822
chr1	1335276	1349418	DVL1	0	-	14142
chr10	95237572	95291012	PDLIM1	0	-	53440
chr10	96043394	96060870	CCNJ	0	+	17476
chr10	8045378	8075198	GATA3	0	+	29820
chr10	115093365	115948999	ATRNL1	0	+	855634
chr10	98416198	98446935	HPS1	0	-	30737
chr10	13277796	13302412	PHYH	0	-	24616
chr10	44959407	44995891	RASSF4	0	+	36484
chr10	99875577	100009947	DNMBP	0	-	134370
chr10	118004916	118046941	RAB11FIP2	0	-	42025
chr10	44370165	44386493	CXCL12	0	-	16328
chr10	100150094	100186033	ERLIN1	0	-	35939
chr10	119033670	119080823	EIF3A	0	-	47153
chr10	16823966	17129811	CUBN	0	-	305845
chr10	17137336	17202054	TRDMT1	0	-	64718
chr10	68901286	68946847	DDX50	0	+	45561
chr10	48306639	48439360	MAPK8	0	+	132721
chr10	119892730	119944657	SEC23IP	0	+	51927
chr10	121709393	121928801	ATE1	0	-	219408
chr10	121957091	121975217	NSMCE4A	0	-	18126
chr10	122374696	122432354	PLEKHA1	0	+	57658
chr10	70478767	70568450	PALD1	0	+	89683
chr10	71212570	71302864	UNC5B	0	+	90294
chr10	71396920	71815947	CDH23	0	+	419027
chr10	72059034	72089032	SPOCK2	0	-	29998
chr10	72367340	72626131	MICU1	0	-	258791
chr10	73436433	73496024	PPP3CB	0	-	59591
chr10	84328586	84518521	CCSER2	0	+	189935
chr10	86756601	86932825	BMPR1A	0	+	176224
chr10	87504875	87553461	MINPP1	0	+	48586
chr10	89213569	89414557	LIPA	0	-	200988
chr10	101131300	101137789	TLX1	0	+	6489
chr10	101061989	101068131	KAZALD1	0	+	6142
chr10	101610664	101695295	FBXW4	0	-	84631
chr10	101781325	101783413	NPM3	0	-	2088
chr10	91798426	91865475	TNKS2	0	+	67049
chr10	102245371	102382899	GBF1	0	+	137528
chr10	24583609	24723887	ARHGAP21	0	-	140278
chr10	92046692	92291078	CPEB3	0	-	244386
chr10	102423245	102432584	CUEDC2	0	-	9339
chr10	102503972	102633535	SUFU	0	+	129563
chr10	26973793	27100494	ANKRD26	0	-	126701
chr10	27168135	27243046	ACBD5	0	-	74911
chr10	806933	931821	LARP4B	0	-	124888
chr10	988434	1019932	GTPBP4	0	+	31498
chr10	125719515	125764143	EDRF1	0	+	44628
chr10	30309801	30374448	MTPAP	0	-	64647
chr10	103493705	103592546	NEURL1	0	+	98841
chr10	103594027	103855584	SH3PXD2A	0	-	261557
chr10	3137728	3172841	PITRM1	0	-	35113
chr10	103877569	103918184	STN1	0	-	40615
chr10	30434021	30461833	MAP3K8	0	+	27812
chr10	52314281	52318042	DKK1	0	+	3761
chr10	129835233	129973053	EBF3	0	-	137820
chr10	130136391	130184521	GLRX3	0	+	48130
chr10	106573663	107164706	SORCS1	0	-	591043
chr10	5684838	5763740	TASOR2	0	+	78902
chr10	109864766	109923553	XPNPEP1	0	-	58787
chr10	110567684	110606048	SMC3	0	+	38364
chr10	110919367	111017307	SHOC2	0	+	97940
chr10	58385345	58399220	TFAM	0	+	13875
chr10	59788747	59906556	CCDC6	0	-	117809
chr10	35008504	35127006	CUL2	0	-	118502
chr10	35247025	35572669	CCNY	0	+	325644
chr19	55385932	55403250	RPL28	0	+	17318
chr10	79068966	79316519	ZMIZ1	0	+	247553
chr10	67796669	67838188	DNAJC12	0	-	41519
chr10	79347469	79355334	PPIF	0	+	7865
chr10	68282660	68333049	PBLD	0	-	50389
chr10	80454166	80533124	TSPAN14	0	+	78958
chr10	94402541	94536332	TBC1D12	0	+	133791
chr17	40922700	40937646	KRT23	0	-	14946
chr17	29255839	29294148	NUFIP2	0	-	38309
chr17	39200283	39204840	RPL19	0	+	4557
chr17	39252663	39402523	FBXL20	0	-	149860
chr17	44308413	44318670	RUNDC3A	0	+	10257
chr17	44205033	44221626	UBTF	0	-	16593
chr17	39980807	39997959	PSMD3	0	+	17152
chr17	40140318	40172171	CASC3	0	+	31853
chr17	40177010	40195656	RAPGEFL1	0	+	18646
chr17	65100812	65227703	RGS9	0	+	126891
chr17	46762506	46833154	WNT3	0	-	70648
chr17	58692573	58735611	RAD51C	0	+	43038
chr17	58520250	58544368	SEPTIN4	0	-	24118
chr17	58489529	58517905	MTMR4	0	-	28376
chr17	3896592	3916476	P2RX1	0	-	19884
chr17	59565558	59608345	DHX40	0	+	42787
chr17	59859479	59892945	TUBD1	0	-	33466
chr17	47649476	47685505	KPNB1	0	+	36029
chr17	47941506	47949308	PNPO	0	+	7802
chr17	59893046	59950574	RPS6KB1	0	+	57528
chr17	47967810	47981781	CDK5RAP3	0	+	13971
chr17	48070052	48101478	CBX1	0	-	31426
chr17	75626845	75667189	RECQL5	0	-	40344
chr17	61865367	61928016	INTS2	0	-	62649
chr17	4967992	4987675	CAMTA2	0	-	19683
chr17	61942605	62065278	MED13	0	-	122673
chr17	4948092	4957131	ENO3	0	+	9039
chr17	4940008	4945222	RNF167	0	+	5214
chr17	17494437	17496395	RASD1	0	-	1958
chr17	17681458	17811453	RAI1	0	+	129995
chr17	30194319	30236002	SLC6A4	0	-	41683
chr17	30248203	30292056	BLMH	0	-	43853
chr17	30378927	30469989	CPD	0	+	91062
chr17	30477362	30527592	GOSR1	0	+	50230
chr17	6643311	6651634	MED31	0	-	8323
chr17	18087892	18107970	DRG2	0	+	20078
chr17	63819433	63830012	FTSJ3	0	-	10579
chr17	19904302	19978343	AKAP10	0	-	74041
chr17	19737984	19748943	ALDH3A1	0	-	10959
chr17	63832081	63843065	SMARCD2	0	-	10984
chr17	64002594	64020634	ICAM2	0	-	18040
chr17	78168581	78173527	SYNGR2	0	+	4946
chr17	31860904	31901708	UTP6	0	-	40804
chr17	78674048	78782297	CYTH1	0	-	108249
chr17	32444379	32483319	PSMD11	0	+	38940
chr17	78971238	78979947	LGALS3BP	0	-	8709
chr17	34255218	34257203	CCL2	0	+	1985
chr17	34319435	34321402	CCL8	0	+	1967
chr17	42101404	42112714	DHX58	0	-	11310
chr17	42536241	42544449	NAGLU	0	+	8208
chr17	42552922	42555214	HSD17B1	0	+	2292
chr17	42567072	42573239	MLX	0	+	6167
chr17	42682531	42699993	CNTNAP1	0	+	17462
chr17	49210411	49223225	ABI3	0	+	12814
chr17	42700275	42745049	EZH1	0	-	44774
chr17	49968970	49974959	DLX4	0	+	5989
chr17	50133737	50150677	PPP1R9B	0	-	16940
chr17	50184101	50201632	COL1A1	0	-	17531
chr17	42950526	42980528	PTGES3L-AARSD1	0	-	30002
chr17	50367857	50373207	MRPL27	0	-	5350
chr17	43014607	43025123	VAT1	0	-	10516
chr17	50375059	50397523	LRRC59	0	-	22464
chr17	43025231	43032041	RND2	0	+	6810
chr17	6996049	7010754	ALOX12	0	+	14705
chr17	44076746	44123702	HDAC5	0	-	46956
chr17	50634777	50692253	ABCC3	0	+	57476
chr17	50719565	50756219	LUC7L3	0	+	36654
chr17	43875357	43909711	MPP2	0	-	34354
chr17	64542282	64662307	SMURF2	0	-	120025
chr17	43766125	43778977	DUSP3	0	-	12852
chr17	67044554	67056797	CACNG1	0	+	12243
chr17	44849948	44899445	EFTUD2	0	-	49497
chr17	55264960	55325187	HLF	0	+	60227
chr17	7705202	7711372	EFNB3	0	+	6170
chr17	68535113	68601367	FAM20A	0	-	66254
chr17	1344275	1400222	YWHAE	0	-	55947
chr17	55392622	55421924	MMD	0	-	29302
chr17	2030137	2043898	DPH1	0	+	13761
chr17	69414697	69553865	MAP2K6	0	+	139168
chr17	21123364	21193265	DHRS7B	0	+	69901
chr17	27294076	27315926	WSB1	0	+	21850
chr17	74748628	74769353	SLC9A3R1	0	+	20725
chr17	10628526	10657309	MYH3	0	-	28783
chr17	74770529	74776367	NAT9	0	-	5838
chr17	74776499	74839753	TMEM104	0	+	63254
chr17	28335602	28347009	TNFAIP1	0	+	11407
chr17	28319200	28328685	TMEM97	0	+	9485
chr17	74987632	75005800	CDR2L	0	+	18168
chr17	15229773	15272292	PMP22	0	-	42519
chr17	28662198	28702679	SUPT6H	0	+	40481
chr17	28714281	28718429	RAB34	0	-	4148
chr4	41935129	41960803	TMEM33	0	+	25674
chr4	48341529	48426201	SLAIN2	0	+	84672
chr4	48805212	48861817	OCIAD1	0	+	56605
chr4	48986275	49062081	CWH43	0	+	75806
chr4	51843000	51916837	DCUN1D4	0	+	73837
chr4	52590960	52659301	USP46	0	-	68341
chr4	70195725	70204576	ODAM	0	+	8851
chr4	70360760	70367158	SMR3A	0	+	6398
chr4	55595229	55636698	NMU	0	-	41469
chr4	56049098	56330609	CRACD	0	+	281511
chr4	99878336	99894428	LAMTOR3	0	-	16092
chr4	102501331	102617302	NFKB1	0	+	115971
chr4	74445136	74455005	AREG	0	+	9869
chr4	102630770	102760994	MANBA	0	-	130224
chr4	102794383	102868896	UBE2D3	0	-	74513
chr4	85990007	86594625	MAPK10	0	-	604618
chr4	139028112	139177218	ELF2	0	-	149106
chr4	140559431	140568961	UCP1	0	-	9530
chr4	140620782	140756385	TBC1D9	0	-	135603
chr4	141220887	141234697	ZNF330	0	+	13810
chr4	142023160	142847432	INPP4B	0	-	824272
chr4	143336762	143474568	GAB1	0	+	137806
chr4	165361194	165498547	CPE	0	+	137353
chr4	108620569	108630412	RPL34	0	+	9843
chr4	6269849	6303265	WFS1	0	+	33416
chr4	7058895	7068064	GRPEL1	0	-	9169
chr4	109815510	109824740	GAR1	0	+	9230
chr4	189940870	189963202	FRG1	0	+	22332
chr4	169612633	169723673	CLCN3	0	+	111040
chr4	170060222	170091699	AADAT	0	-	31477
chr4	173168811	173323967	GALNT7	0	+	155156
chr4	24517441	24584554	DHX15	0	-	67113
chr4	24789912	24800842	SOD3	0	+	10930
chr4	25120014	25160550	SEPSECS	0	-	40536
chr4	9771153	10054936	SLC2A9	0	-	283783
chr4	152320544	152536092	FBXW7	0	-	215548
chr4	177309874	177362936	NEIL3	0	+	53062
chr4	26576437	26756223	TBC1D19	0	+	179786
chr4	1871393	1982207	NSD2	0	+	110814
chr4	151102751	151325605	SH3D19	0	-	222854
chr4	26857601	27025381	STIM2	0	+	167780
chr4	13540830	13544508	NKX3-2	0	-	3678
chr4	2930561	2934834	MFSD10	0	-	4273
chr4	157076125	157172090	GLRB	0	+	95965
chr4	15703065	15738313	BST1	0	+	35248
chr4	159103013	159360174	RAPGEF2	0	+	257161
chr4	185204237	185370185	SNX25	0	+	165948
chr4	185399537	185425979	UFSP2	0	-	26442
chr4	38664197	38701517	KLF3	0	+	37320
chr4	39045039	39126857	KLHL5	0	+	81818
chr4	186104419	186175337	FAM149A	0	+	70918
chr4	39498755	39528311	UGDH	0	-	29556
chr4	23755041	23904089	PPARGC1A	0	-	149048
chr11	111908564	111923722	CRYAB	0	-	15158
chr11	20363685	20383782	HTATIP2	0	+	20097
chr11	88265069	88359684	CTSC	0	-	94615
chr11	27330827	27363234	CCDC34	0	-	32407
chr11	114059041	114256765	ZBTB16	0	+	197724
chr11	31509755	31790324	ELP4	0	+	280569
chr11	116773799	116788039	ZPR1	0	-	14240
chr11	47617315	47642607	MTCH2	0	-	25292
chr11	47716494	47767443	FNBP4	0	-	50949
chr11	121101243	121191490	TECTA	0	+	90247
chr11	121292681	121313410	SC5D	0	+	20729
chr11	122838500	122872643	CRTAM	0	+	34143
chr11	122882683	122963862	JHY	0	+	81179
chr11	134378504	134412242	B3GAT1	0	-	33738
chr11	123057489	123063230	HSPA8	0	-	5741
chr11	124115404	124147721	VWA5A	0	+	32317
chr11	124633113	124695707	SIAE	0	-	62594
chr11	58526871	58578220	LPXN	0	-	51349
chr11	59171430	59208588	DTX4	0	+	37158
chr11	64894546	64917211	ATG2A	0	-	22665
chr11	64851642	64888296	EHD1	0	-	36654
chr11	59574398	59615774	OSBP	0	-	41376
chr11	67991100	68004982	UNC93B1	0	-	13882
chr11	126304060	126350005	DCPS	0	+	45945
chr11	68154863	68213828	KMT5B	0	-	58965
chr11	126269024	126278131	FOXRED1	0	+	9107
chr11	68460731	68615334	PPP6R3	0	+	154603
chr11	64606174	64723197	NRXN2	0	-	117023
chr11	60172015	60184666	MS4A6A	0	-	12651
chr11	60185657	60318080	MS4A4A	0	+	132423
chr11	68754620	68844410	CPT1A	0	-	89790
chr11	60842113	60851081	CCDC86	0	+	8968
chr11	60890547	60906585	PRPF19	0	-	16038
chr11	60914158	60923443	TMEM109	0	+	9285
chr11	6431049	6442617	HPX	0	-	11568
chr11	6448613	6474459	TRIM3	0	-	25846
chr11	90200429	90223077	CHORDC1	0	-	22648
chr11	72189558	72196323	FOLR1	0	+	6765
chr11	72106378	72112780	ANAPC15	0	-	6402
chr11	94128841	94181968	PANX1	0	+	53127
chr11	73308276	73369388	ARHGEF17	0	+	61112
chr11	117314557	117413266	CEP164	0	+	98709
chr11	10511673	10541230	RNF141	0	-	29557
chr11	101915010	102001062	CEP126	0	+	86052
chr11	117986370	118003037	IL10RA	0	+	16667
chr11	11270877	11622005	GALNT18	0	-	351128
chr11	102347211	102378670	BIRC2	0	+	31459
chr11	118359600	118399211	UBE4A	0	+	39611
chr11	118747763	118791164	DDX6	0	-	43401
chr11	119206298	119313926	CBL	0	+	107628
chr11	119623408	119729200	NECTIN1	0	-	105792
chr11	33256672	33357023	HIPK3	0	+	100351
chr11	33376108	33674102	KIAA1549L	0	+	297994
chr11	33740939	33774543	FBXO3	0	-	33604
chr11	34915829	35020591	PDHX	0	+	104762
chr11	35251205	35420063	SLC1A2	0	-	168858
chr11	36269284	36289449	COMMD9	0	-	20165
chr11	60937060	60952653	SLC15A3	0	-	15593
chr11	61102489	61127852	CD5	0	+	25363
chr11	44065925	44084237	ACCS	0	+	18312
chr11	62270158	62273160	SCGB2A2	0	+	3002
chr11	46396414	46594125	AMBRA1	0	-	197711
chr11	47269161	47330031	MADD	0	+	60870
chr11	63938959	63957319	NAA40	0	+	18360
chr11	3000922	3057613	CARS1	0	-	56691
chr11	2899721	2925246	SLC22A18	0	+	25525
chr11	2376177	2397397	CD81	0	+	21220
chr11	107790991	107928293	SLC35F2	0	-	137302
chr11	15966449	16739591	SOX6	0	-	773142
chr11	67491768	67506263	PITPNM1	0	-	14495
chr11	17074388	17077715	RPS13	0	-	3327
chr11	67468174	67491154	AIP	0	+	22980
chr11	3671083	3797792	NUP98	0	-	126709
chr11	68030617	68036644	NDUFS8	0	+	6027
chr11	68039025	68050895	TCIRG1	0	+	11870
chr11	68052859	68121444	CHKA	0	-	68585
chr11	108505435	108593768	EXPH5	0	-	88333
chr11	18278668	18322198	HPS5	0	-	43530
chr11	18322295	18367045	GTF2H1	0	+	44750
chr11	111352255	111455630	POU2AF1	0	-	103375
chr12	5948877	6124770	VWF	0	-	175893
chr12	6828407	6839847	P3H3	0	+	11440
chr12	27523431	27695564	PPFIBP1	0	+	172133
chr12	49568218	49644666	PRPF40B	0	+	76448
chr12	9752486	9760901	CD69	0	-	8415
chr12	107732871	107761272	PRDM4	0	-	28401
chr12	9852369	9869386	CLEC2B	0	-	17017
chr12	108621895	108633894	SELPLG	0	-	11999
chr12	108645109	108731526	CORO1C	0	-	86417
chr12	50057548	50083611	ASIC1	0	+	26063
chr12	30709552	30823302	CAPRIN2	0	-	113750
chr12	30926428	30996602	TSPAN11	0	+	70174
chr12	50979401	51028566	SLC11A2	0	-	49165
chr12	120687149	120701859	MLEC	0	+	14710
chr12	109573255	109598125	MVK	0	+	24870
chr12	51061205	51083664	CSRNP2	0	-	22459
chr12	121237675	121298308	CAMKK2	0	-	60633
chr12	51281038	51324668	BIN2	0	-	43630
chr12	56638175	56645984	ATP5F1B	0	-	7809
chr12	56663341	56688408	PTGES3	0	-	25067
chr12	122019422	122062044	BCL7A	0	+	42622
chr12	122503454	122527000	RSRC2	0	-	23546
chr12	57762334	57768986	CYP27B1	0	-	6652
chr12	53046969	53064379	TNS2	0	+	17410
chr12	62643994	62935150	PPM1H	0	-	291156
chr12	95473520	95515839	METAP2	0	+	42319
chr12	96000753	96043520	LTA4H	0	-	42767
chr12	96194375	96269824	ELK3	0	+	75449
chr12	190077	214570	SLC6A12	0	-	24493
chr12	1529891	1647212	WNT5B	0	+	117321
chr12	10604193	10613609	MAGOHB	0	-	9416
chr12	109783087	109833406	TRPV4	0	-	50319
chr12	2812622	2859791	ITFG2	0	+	47169
chr12	3791047	3873448	PARP11	0	-	82401
chr12	110434823	110450422	ARPC3	0	-	15599
chr12	4538798	4560047	RAD51AP1	0	+	21249
chr12	111034165	111350554	CUX2	0	+	316389
chr12	12326056	12350242	MANSC1	0	-	24186
chr12	12473282	12562863	DUSP16	0	-	89581
chr12	12611827	12645108	CREBL2	0	+	33281
chr12	111686053	111757107	ACAD10	0	+	71054
chr12	111766887	111817532	ALDH2	0	+	50645
chr12	12685498	12722369	CDKN1B	0	+	36871
chr12	112026689	112108796	NAA25	0	-	82107
chr12	6346843	6377730	SCNN1A	0	-	30887
chr12	123250112	123272334	CDK2AP1	0	-	22222
chr12	112938051	112976460	OAS3	0	+	38409
chr12	112978395	113011723	OAS2	0	+	33328
chr12	113098819	113136239	RASAL1	0	-	37420
chr12	14942031	14961728	ARHGDIB	0	-	19697
chr12	123633739	123662604	GTF2H3	0	+	28865
chr12	123602077	123620943	DDX55	0	+	18866
chr12	46183063	46270017	SLC38A1	0	-	86954
chr12	116710171	116738070	SPRING1	0	-	27899
chr12	47841537	47943048	VDR	0	-	101511
chr12	130162459	130165740	FZD10	0	+	3281
chr12	130789600	130839266	STX2	0	-	49666
chr12	130953907	131141469	ADGRD1	0	+	187562
chr12	54301202	54351846	COPZ1	0	+	50644
chr12	67269358	67319953	CAND1	0	+	50595
chr12	55973913	55996683	RAB5B	0	+	22770
chr12	68272443	68332381	MDM1	0	-	59938
chr12	68686951	68745809	NUP107	0	+	58858
chr12	70243002	70354993	CNOT2	0	+	111991
chr12	56416363	56449426	TIMELESS	0	-	33063
chr12	69239569	69274358	CPSF6	0	+	34789
chr12	6534512	6538374	GAPDH	0	+	3862
chr12	6638075	6647433	ACRBP	0	-	9358
chr12	100028455	100142874	UHRF1BP1L	0	-	114419
chr12	6724014	6731875	COPS7A	0	+	7861
chr12	6650301	6663142	ING4	0	-	12841
chr12	6839954	6847393	GNB3	0	+	7439
chr12	101696947	101744140	CHPT1	0	+	47193
chr12	6852148	6866632	USP5	0	+	14484
chr12	101745499	101830959	GNPTAB	0	-	85460
chr12	6924463	6942321	ATN1	0	+	17858
chr12	6942978	6946003	C12orf57	0	+	3025
chr12	6946468	6961316	PTPN6	0	+	14848
chr12	103770453	103841234	NT5DC3	0	-	70781
chr12	118376555	118418033	SUDS3	0	+	41478
chr12	21501781	21518408	GOLT1B	0	+	16627
chr12	21635342	21757857	LDHB	0	-	122515
chr12	119667864	119681624	PRKAB1	0	+	13760
chr12	104064531	104106524	HCFC2	0	+	41993
chr12	22063773	22437041	ST8SIA1	0	-	373268
chr12	22448583	22544546	C2CD5	0	-	95963
chr12	120095099	120117502	RAB35	0	-	22403
chr12	8913896	8941467	PHC1	0	+	27571
chr12	120438198	120460006	ENSG00000111780	0	+	21808
chr12	106774621	106889316	RIC8B	0	+	114695
chr12	120461672	120469748	SRSF9	0	-	8076
chr12	26938470	26966650	FGFR1OP2	0	+	28180
chr12	9594551	9607916	KLRB1	0	-	13365
chr6	75084326	75206267	COL12A1	0	-	121941
chr6	26440472	26453415	BTN3A3	0	+	12943
chr6	24649979	24666930	TDP2	0	-	16951
chr6	115931149	116060891	FRK	0	-	129742
chr6	116254173	116444861	DSE	0	+	190688
chr6	116571409	116597675	RWDD1	0	+	26266
chr6	116616479	116632985	RSPH4A	0	+	16506
chr6	10722915	10731129	TMEM14C	0	+	8214
chr6	10694972	10709782	PAK1IP1	0	+	14810
chr6	10492223	10629368	GCNT2	0	+	137145
chr6	87322583	87399749	SMIM8	0	+	77166
chr6	11183298	11382348	NEDD9	0	-	199050
chr6	118460772	118710075	CEP85L	0	-	249303
chr6	11712054	11807046	ADTRP	0	-	94992
chr6	118813442	118935162	MCM9	0	-	121720
chr6	118959763	119149387	FAM184A	0	-	189624
chr6	88609897	88963618	RNGTT	0	-	353721
chr6	119177205	119349761	MAN1A1	0	-	172556
chr6	122443351	122471807	SERINC1	0	-	28456
chr6	125119049	125264407	TPD52L1	0	+	145358
chr6	125956770	125980244	HINT3	0	+	23474
chr6	125781161	125932034	NCOA7	0	+	150873
chr6	24804282	25042170	RIPOR2	0	-	237888
chr6	148272304	148552044	SASH1	0	+	279740
chr6	148747030	149076990	UST	0	+	329960
chr6	149963943	149973715	ULBP1	0	+	9772
chr6	152970519	152983579	FBXO5	0	-	13060
chr6	152987362	153002709	MTRF1L	0	-	15347
chr6	35342558	35428191	PPARD	0	+	85633
chr6	35452338	35467102	FANCE	0	+	14764
chr6	36027677	36111236	MAPK14	0	+	83559
chr6	36493892	36547479	STK38	0	-	53587
chr6	36594353	36605600	SRSF3	0	+	11247
chr6	159669069	159762529	SOD2	0	-	93460
chr6	159789812	159798436	MRPL18	0	+	8624
chr6	52264014	52284881	MCM3	0	-	20867
chr6	37353979	37394734	RNF8	0	+	40755
chr6	12716312	13290446	PHACTR1	0	+	574134
chr6	37630679	37699306	MDGA1	0	-	68627
chr6	53001279	53061824	CILK1	0	-	60545
chr6	14117256	14136918	CD83	0	+	19662
chr6	89642498	89819794	MDN1	0	-	177296
chr6	39104063	39115186	SAYSD1	0	-	11123
chr6	55753653	55875590	BMP5	0	-	121937
chr6	89926528	90296908	BACH2	0	-	370380
chr6	17281361	17293871	RBM24	0	+	12510
chr6	17393595	17557780	CAP2	0	+	164185
chr6	57086844	57170305	ZNF451	0	+	83461
chr6	57186992	57222307	RAB23	0	-	35315
chr6	96562548	96618626	FHL5	0	+	56078
chr6	96794125	96837477	GPR63	0	-	43352
chr6	98868535	98948006	FBXL4	0	-	79471
chr6	99542387	99568825	CCNC	0	-	26438
chr6	20401879	20493714	E2F3	0	+	91835
chr6	63521746	63583588	PTP4A1	0	+	61842
chr6	100385009	100464921	SIM1	0	-	79912
chr6	100508194	100881372	ASCC3	0	-	373178
chr6	105096822	105137157	BVES	0	-	40335
chr6	70216040	70303084	COL9A1	0	-	87044
chr6	110099819	110180004	WASF1	0	-	80185
chr6	24424565	24495205	GPLD1	0	-	70640
chr6	106360717	106572017	CRYBG1	0	+	211300
chr6	132680849	132714055	VNN1	0	-	33206
chr6	132743870	132763459	VNN2	0	-	19589
chr6	24667035	24705065	ACOT13	0	+	38030
chr6	70667776	70862011	SMAP1	0	+	194235
chr6	132814569	132817564	RPS12	0	+	2995
chr6	24774931	24786099	GMNN	0	+	11168
chr6	133240514	133532128	EYA4	0	+	291614
chr6	107490106	107661306	SOBP	0	+	171200
chr6	108211222	108261246	SNX3	0	-	50024
chr6	134960378	135103056	HBS1L	0	-	142678
chr6	25962802	25991231	TRIM38	0	+	28429
chr6	136822564	136913934	PEX7	0	+	91370
chr6	138088505	138107419	PERP	0	-	18914
chr6	138161939	138344663	ARFGEF3	0	+	182724
chr6	111087503	111231194	SLC16A10	0	+	143691
chr6	139135080	139180802	HECA	0	+	45722
chr6	142301854	142446266	ADGRG6	0	+	144412
chr6	143536845	143831185	PHACTR2	0	+	294340
chr6	145382535	145736023	EPM2A	0	-	353488
chr6	167111807	167139141	CCR6	0	+	27334
chr6	33410399	33416453	PHF1	0	+	6054
chr6	163414000	163578592	QKI	0	+	164592
chr6	165327287	165988117	PDE10A	0	-	660830
chr6	41636882	41654244	MDFI	0	+	17362
chr6	41683978	41736259	TFEB	0	-	52281
chr6	168441151	168673445	SMOC2	0	+	232294
chr6	41934934	42050357	CCND3	0	-	115423
chr6	41921499	41933046	BYSL	0	+	11547
chr6	170290703	170407067	FAM120B	0	+	116364
chr6	170554302	170572870	TBP	0	+	18568
chr6	42746958	42868558	BICRAL	0	+	121600
chr6	42984553	43012342	PPP2R5D	0	+	27789
chr6	43076307	43161719	PTK7	0	+	85412
chr6	43171269	43181506	SRF	0	+	10237
chr6	43182184	43224587	CUL9	0	+	42403
chr6	43225629	43229481	DNPH1	0	-	3852
chr6	291630	351355	DUSP22	0	+	59725
chr6	485154	693139	EXOC2	0	-	207985
chr6	75237675	75250323	COX7A2	0	-	12648
chr6	75252924	75284948	TMEM30A	0	-	32024
chr6	1623806	2245605	GMDS	0	-	621799
chr6	75601509	75718281	SENP6	0	+	116772
chr6	43770184	43786487	VEGFA	0	+	16303
chr6	4021267	4064983	PRPF4B	0	+	43716
chr6	80003887	80042527	TTK	0	+	38640
chr6	44219553	44234142	SLC29A1	0	+	14589
chr6	112054075	112069686	CCN6	0	+	15611
chr6	26457904	26476621	BTN2A1	0	+	18717
chr6	112107931	112254939	LAMA4	0	-	147008
chr6	81491439	81752774	TENT5A	0	-	261335
chr6	45880827	46080348	CLIC5	0	-	199521
chr12	132489551	132585188	FBRSL1	0	+	95637
chr6	46159185	46170980	ENPP5	0	-	11795
chr6	6588108	6654983	LY86	0	+	66875
chr6	27247701	27256624	PRSS16	0	+	8923
chr6	84687351	84764598	TBX18	0	-	77247
chr5	65926556	66082546	ERBIN	0	+	155990
chr5	141094606	141098703	PCDHB2	0	+	4097
chr5	103548855	103562790	NUDT12	0	-	13935
chr5	612340	667168	CEP72	0	+	54828
chr5	109689927	109869625	MAN2A1	0	+	179698
chr5	9035033	9546075	SEMA5A	0	-	511042
chr5	40909497	40984643	C7	0	+	75146
chr5	6713432	6757044	TENT4A	0	+	43612
chr5	42423439	42721878	GHR	0	+	298439
chr5	43287470	43313512	HMGCS1	0	-	26042
chr5	10679230	10761234	DAP	0	-	82004
chr5	138115175	138139443	NME5	0	-	24268
chr5	138139770	138178953	BRD8	0	-	39183
chr5	43602692	43707405	NNT	0	+	104713
chr5	44808947	44820428	MRPS30	0	+	11481
chr5	138553756	138575675	HSPA9	0	-	21919
chr5	72219403	72320646	MRPS27	0	-	101243
chr5	140332843	140346603	HBEGF	0	-	13760
chr5	55024256	55034570	GZMK	0	+	10314
chr5	140558268	140564781	APBB3	0	-	6513
chr5	151661096	151686975	SPARC	0	-	25879
chr5	140647058	140662480	IK	0	+	15422
chr5	75356345	75512138	CERT1	0	-	155793
chr5	176447628	176510074	FAF2	0	+	62446
chr5	141100473	141103827	PCDHB3	0	+	3354
chr5	141135206	141138615	PCDHB5	0	+	3409
chr5	141150057	141153287	PCDHB6	0	+	3230
chr5	141172644	141176383	PCDHB7	0	+	3739
chr5	178602664	178630615	CLK4	0	-	27951
chr5	157142933	157255185	ITK	0	+	112252
chr5	179911651	180072113	RNF130	0	-	160462
chr5	157731420	157741449	THG1L	0	+	10029
chr5	78777209	78986087	ARSB	0	-	208878
chr5	157785743	157859145	CLINT1	0	-	73402
chr5	79991311	80083287	THBS4	0	+	91976
chr5	180494379	180578358	CNOT6	0	+	83979
chr5	80654652	80876815	MSH3	0	+	222163
chr5	80960363	81230162	RASGRF2	0	+	269799
chr5	163437569	163446151	CCNG1	0	+	8582
chr5	90471748	90514557	POLR3G	0	+	42809
chr5	31400494	31532196	DROSHA	0	-	131702
chr5	31193686	31329146	CDH6	0	+	135460
chr5	126776623	126837020	LMNB1	0	+	60397
chr5	91368631	91383317	ARRDC3	0	-	14686
chr5	32124716	32174319	GOLPH3	0	-	49603
chr5	32531633	32604079	SUB1	0	+	72446
chr5	32689070	32791724	NPR3	0	+	102654
chr5	93617725	94111699	FAM172A	0	-	493974
chr5	128538013	129033642	SLC27A6	0	+	495629
chr5	33440696	33468091	TARS1	0	+	27395
chr5	1877413	1887236	IRX4	0	-	9823
chr5	96935394	97037513	LNPEP	0	+	102119
chr5	58969038	60522120	PDE4D	0	-	1553082
chr5	34905260	34918989	RAD1	0	-	13729
chr5	35048756	35230487	PRLR	0	-	181731
chr5	1050384	1112063	SLC12A7	0	-	61679
chr5	100806933	100903282	ST8SIA4	0	-	96349
chr5	141991749	142013041	GNPDA1	0	-	21292
chr5	37288137	37371106	NUP155	0	-	82969
chr5	142592178	142698070	FGF1	0	-	105892
chr5	143277931	143435512	NR3C1	0	-	157581
chr5	133955510	133968674	C5orf15	0	-	13164
chr5	65563236	65587549	PPWD1	0	+	24313
chr5	38474668	38608354	LIFR	0	-	133686
chr5	39284140	39424868	C9	0	-	140728
chr5	134648785	134727909	SEC24A	0	+	79124
chr5	134874371	134901635	TXNDC15	0	+	27264
chr5	40512333	40755963	TTC33	0	-	243630
chr5	168486451	168519301	RARS1	0	+	32850
chr5	168291645	168472303	WWC1	0	+	180658
chr5	135334381	135399914	MACROH2A1	0	-	65533
chr5	146447311	146511961	TCERG1	0	+	64650
chr5	147390808	147510068	DPYSL3	0	-	119260
chr5	136132845	136188747	SMAD5	0	+	55902
chr5	149492982	149551471	CSNK1A1	0	-	58489
chr5	150000046	150053142	HMGXB3	0	+	53096
chr5	172834251	172952792	ERGIC1	0	+	118541
chr5	150113839	150155872	PDGFRB	0	-	42033
chr5	172983771	173035445	ATP6V0E1	0	+	51674
chr5	173144442	173164387	BNIP1	0	+	19945
chr5	173314723	173328447	STC2	0	-	13724
chr5	173888349	173961980	CPEB4	0	+	73631
chr5	175658030	175710756	HRH2	0	+	52726
chr5	177456608	177474401	DBN1	0	-	17793
chr5	177022696	177081189	ZNF346	0	+	58493
chr5	176810519	176880898	UNC5A	0	+	70379
chr3	185190624	185281990	EHHADH	0	-	91366
chr3	74262568	74614659	CNTN3	0	-	352091
chr3	53884417	53891885	SELENOK	0	-	7468
chr3	53867066	53882152	ACTR8	0	-	15086
chr3	186546067	186570543	TBCCD1	0	-	24476
chr3	3144628	3179727	CRBN	0	-	35099
chr3	187721377	187745725	BCL6	0	-	24348
chr3	120628172	120682269	HGD	0	-	54097
chr3	97764521	97801229	ARL6	0	+	36708
chr3	122055362	122121139	CD86	0	+	65777
chr3	134355347	134375479	AMOTL2	0	-	20132
chr3	100334739	100361635	NIT2	0	+	26896
chr3	122384161	122412334	FAM162A	0	+	28173
chr3	9749944	9788219	OGG1	0	+	38275
chr3	122421902	122514945	KPNA1	0	-	93043
chr15	25333728	25439051	UBE3A	0	-	105323
chr3	138187248	138298384	ARMC8	0	+	111136
chr3	138494344	138594538	CEP70	0	-	100194
chr3	139517434	139539829	RBP1	0	-	22395
chr3	140941830	140980995	SLC25A36	0	+	39165
chr3	141944428	142149544	TFDP2	0	-	205116
chr3	142306607	142448062	XRN1	0	-	141455
chr3	20040446	20154404	KAT2B	0	+	113958
chr3	165772904	165837462	BCHE	0	-	64558
chr3	167683298	167734939	PDCD10	0	-	51641
chr3	169839172	169869935	LRRC31	0	-	30763
chr3	55465715	55490539	WNT5A	0	-	24824
chr3	48517684	48562015	PFKFB4	0	-	44331
chr3	48564073	48595329	COL7A1	0	-	31256
chr3	192139390	192767764	FGF12	0	-	628374
chr3	48744597	48847874	PRKAR2A	0	-	103277
chr3	194136148	194138732	HES1	0	+	2584
chr3	49277144	49340712	USP4	0	-	63568
chr3	195274745	195443044	ACAP2	0	-	168299
chr3	172750682	172821474	ECT2	0	+	70792
chr3	50226292	50259362	GNAI2	0	+	33070
chr3	100709295	100748964	TFG	0	+	39669
chr3	50299890	50312381	HYAL1	0	-	12491
chr3	50320027	50328251	TUSC2	0	-	8224
chr3	50347330	50350826	NPRL2	0	-	3496
chr3	101681091	101686718	RPL24	0	-	5627
chr3	62319015	62336213	C3orf14	0	+	17198
chr3	180868141	180982753	FXR1	0	+	114612
chr3	105655461	105869552	CBLB	0	-	214091
chr3	107522936	107811339	BBX	0	+	288403
chr3	108160812	108222435	IFT57	0	-	61623
chr3	179396088	179451476	GNB4	0	-	55388
chr3	197889077	197960142	IQCG	0	-	71065
chr3	81489703	81761645	GBE1	0	-	271942
chr3	124730433	124749273	UMPS	0	+	18840
chr3	196935402	196942594	NCBP2	0	-	7192
chr3	125446650	125520202	SNX4	0	-	73552
chr3	112086335	112131004	C3orf52	0	+	44669
chr3	69168782	69542583	FRMD4B	0	-	373801
chr3	126006357	126101561	SLC41A3	0	-	95204
chr3	125969160	125983454	ROPN1B	0	+	14294
chr3	126982693	127037389	PLXNA1	0	+	54696
chr3	113747033	113812056	ATP6V1A	0	+	65023
chr3	127672935	127680926	ABTB1	0	+	7991
chr3	127629185	127672802	PODXL2	0	+	43617
chr3	47562238	47580792	CSPG5	0	-	18554
chr3	47282917	47346816	KLHL18	0	+	63899
chr3	47413681	47477126	SCAP	0	-	63445
chr3	128909866	129002690	CFAP92	0	-	92824
chr3	131026850	131350465	NEK11	0	+	323615
chr3	131462212	131502983	MRPL3	0	-	40771
chr3	146192335	146251179	PLSCR4	0	-	58844
chr3	50569152	50596168	HEMK1	0	+	27016
chr3	50611520	50649291	MAPKAPK3	0	+	37771
chr3	38453890	38493142	ACVR2B	0	+	39252
chr3	149738472	149752495	COMMD2	0	-	14023
chr3	179794958	180037053	PEX5L	0	-	242095
chr3	51933429	51941904	RRP9	0	-	8475
chr3	183919934	184017939	ABCC5	0	-	98005
chr3	40309707	40312424	EIF1B	0	+	2717
chr3	51974706	51989183	ABHD14A-ACY1	0	+	14477
chr3	154121003	154257827	ARHGEF26	0	+	136824
chr3	183635610	183684519	KLHL24	0	+	48909
chr3	155375580	155745071	PLCH1	0	-	369491
chr3	42489299	42537573	VIPR1	0	+	48274
chr3	52316319	52400492	DNAH1	0	+	84173
chr3	156539553	156555149	SSR3	0	-	15596
chr3	42653697	42667580	ZBTB47	0	+	13883
chr3	184346185	184361650	CLCN2	0	-	15465
chr3	184314495	184335358	EIF4G1	0	+	20863
chr3	52708444	52770946	NEK4	0	-	62502
chr2	219627394	219641980	SLC4A3	0	+	14586
chr2	205993721	206086303	INO80D	0	-	92582
chr2	206159585	206162928	EEF1B2	0	+	3343
chr2	206443532	206621127	ADAM23	0	+	177595
chr2	73926826	73958961	DGUOK	0	+	32135
chr2	74152528	74178898	MOB1A	0	-	26370
chr2	96705929	96740064	LMAN2L	0	-	34135
chr2	74425835	74442422	RTKN	0	-	16587
chr2	112482156	112541739	TTL	0	+	59583
chr2	227805739	227817564	CCL20	0	+	11825
chr2	208266255	208358746	PIKFYVE	0	+	92491
chr2	95297327	95386077	KCNIP3	0	+	88750
chr2	95402708	95416616	FAHD2A	0	+	13908
chr2	231453531	231483641	NCL	0	-	30110
chr2	97655939	97664044	ACTR1B	0	-	8105
chr2	113705011	113756693	SLC35F5	0	-	51682
chr2	97713576	97739862	ZAP70	0	+	26286
chr2	113890063	113962596	ACTR3	0	+	72533
chr2	119223831	119265652	STEAP3	0	+	41821
chr2	120013077	120179119	EPB41L5	0	+	166042
chr2	121216587	121285202	TFCP2L1	0	-	68615
chr2	24067586	24076373	SF3B6	0	-	8787
chr2	24943636	24972094	DNAJC27	0	-	28458
chr2	152116801	152175763	STAM2	0	-	58962
chr2	156435290	156613735	GPD2	0	+	178445
chr2	26764289	26801067	CENPA	0	+	36778
chr2	157414619	157488961	CYTIP	0	-	74342
chr2	157736251	157876330	ACVR1	0	-	140079
chr2	158968640	159232659	TANC1	0	+	264019
chr2	27309492	27325680	MPV17	0	-	16188
chr2	27325849	27357034	GTF3C2	0	-	31185
chr2	27364352	27370338	EIF2B4	0	-	5986
chr2	27427790	27442259	NRBP1	0	+	14469
chr2	160099667	160200313	ITGB6	0	-	100646
chr2	27491883	27495200	FNDC4	0	-	3317
chr2	161308425	161411717	PSMD14	0	+	103292
chr2	27370496	27377535	SNX17	0	+	7039
chr2	53532672	53860160	ASB3	0	-	327488
chr2	27381195	27409591	PPM1G	0	-	28396
chr2	182140036	182523192	PDE1A	0	-	383156
chr19	1491166	1497927	REEP6	0	+	6761
chr19	1481428	1490752	PCSK4	0	-	9324
chr19	1446302	1473244	APC2	0	+	26942
chr2	162267074	162318684	IFIH1	0	-	51610
chr19	1438358	1440495	RPS15	0	+	2137
chr2	74461057	74465410	MOGS	0	-	4353
chr2	74483073	74494559	TTC31	0	+	11486
chr19	1383527	1395589	NDUFS7	0	+	12062
chr2	74505043	74507695	PCGF1	0	-	2652
chr2	164492417	164621482	GRB14	0	-	129065
chr2	54456317	54671446	SPTBN1	0	+	215129
chr2	54972187	55112621	RTN4	0	-	140434
chr2	74532258	74555690	LOXL3	0	-	23432
chr2	165747588	165794659	GALNT3	0	-	47071
chr2	74958643	74970128	POLE4	0	+	11485
chr2	75046463	75199520	TACR1	0	-	153057
chr2	55287842	55419895	CCDC88A	0	-	132053
chr2	75469302	75569722	EVA1A	0	-	100420
chr2	210431249	210477652	LANCL1	0	-	46403
chr2	189441446	189475552	WDR75	0	+	34106
chr2	55865967	55924139	EFEMP1	0	-	58172
chr2	215360440	215436073	FN1	0	-	75633
chr2	190908460	191020960	STAT1	0	-	112500
chr2	60756253	60802086	PAPOLG	0	+	45833
chr2	84516455	84819589	DNAH6	0	+	303134
chr2	98608579	98618515	UNC50	0	+	9936
chr2	216632828	216664436	IGFBP2	0	+	31608
chr2	85354394	85391752	ELMOD3	0	+	37358
chr2	216672105	216695549	IGFBP5	0	-	23444
chr2	61187463	61471087	USP34	0	-	283624
chr2	232606057	232682776	EFHD1	0	+	76719
chr2	61868085	61888671	CCT4	0	-	20586
chr2	85544720	85561532	GGCX	0	-	16812
chr2	62673851	63046487	EHBP1	0	+	372636
chr2	63050057	63057836	OTX1	0	+	7779
chr2	197453493	197475310	COQ10B	0	+	21817
chr2	85685175	85698852	GNLY	0	+	13677
chr2	197388515	197435079	SF3B1	0	-	46564
chr2	85837120	85905199	ST3GAL5	0	-	68079
chr2	100391860	100417668	CHST10	0	-	25808
chr2	100562993	100576739	PDCL3	0	+	13746
chr2	86440647	86492716	KDM3A	0	+	52069
chr2	218607855	218637184	PLCD4	0	+	29329
chr2	101991960	102028544	IL1R2	0	+	36584
chr2	102064544	102179874	IL1R1	0	+	115330
chr2	218859805	218874233	WNT6	0	+	14428
chr2	102187006	102240002	IL1RL2	0	+	52996
chr2	102311529	102398777	IL18R1	0	+	87248
chr2	102619553	102711355	SLC9A2	0	+	91802
chr2	105357712	105438513	FHL2	0	-	80801
chr2	237485428	237555322	MLPH	0	+	69894
chr2	106093308	106194301	UXS1	0	-	100993
chr2	241227264	241317061	HDLBP	0	-	89797
chr2	241106099	241150264	PASK	0	-	44165
chr2	1374066	1543711	TPO	0	+	169645
chr2	8678845	8684461	ID2	0	+	5616
chr2	9843443	9934416	TAF1B	0	+	90973
chr2	10302889	10427617	HPCAL1	0	+	124728
chr2	10439968	10448327	ODC1	0	-	8359
chr2	32357023	32618878	BIRC6	0	+	261855
chr2	10570754	10689987	NOL10	0	-	119233
chr2	131104847	131353709	PLEKHB2	0	+	248862
chr2	170928464	170967130	GORASP2	0	+	38666
chr2	36837698	36966536	STRN	0	-	128838
chr2	37201612	37231596	CEBPZ	0	-	29984
chr2	37250502	37324833	PRKD3	0	-	74331
chr2	37342827	37373322	QPCT	0	+	30495
chr2	171783405	171999859	SLC25A12	0	-	216454
chr2	37923187	38067142	RMDN2	0	+	143955
chr2	172099438	172102900	DLX2	0	-	3462
chr2	135905881	135986100	DARS1	0	-	80219
chr2	38743599	38751494	SRSF7	0	-	7895
chr2	20200797	20225433	SDC1	0	-	24636
chr2	197804593	198572581	PLCL1	0	+	767988
chr2	64988477	65023865	SLC1A4	0	+	35388
chr2	38962206	39124345	SOS1	0	-	162139
chr2	142877657	143055833	KYNU	0	+	178176
chr2	174559572	174682916	WIPF1	0	-	123344
chr2	200908977	200963680	ORC2	0	-	54703
chr2	42333546	42425088	COX7A2L	0	-	91542
chr2	68365282	68397453	PLEK	0	+	32171
chr2	150468195	150539011	RND3	0	-	70816
chr2	175072250	175168382	ATF2	0	-	96132
chr2	43230851	43596038	THADA	0	-	365187
chr2	69457997	69674349	AAK1	0	-	216352
chr2	70149885	70248615	C2orf42	0	-	98730
chr2	70257386	70281185	PCYOX1	0	+	23799
chr19	917287	921005	KISS1R	0	+	3718
chr2	46293667	46386697	EPAS1	0	+	93030
chr19	925781	975939	ARID3A	0	+	50158
chr2	202206182	202238599	SUMO1	0	-	32417
chr2	70830211	70835816	CD207	0	-	5605
chr2	70900576	70965373	VAX2	0	+	64797
chr2	177227595	177392697	NFE2L2	0	-	165102
chr2	178480457	178516463	PLEKHA3	0	+	36006
chr2	72887382	72892158	SPR	0	+	4776
chr2	221418027	221574202	EPHA4	0	-	156175
chr2	204545475	205620162	PARD3B	0	+	1074687
chr2	222566899	222656092	FARSB	0	-	89193
chr2	73385758	73625166	ALMS1	0	+	239408
chr1	147541501	147626216	BCL9	0	+	84715
chr1	170662728	170739421	PRRX1	0	+	76693
chr1	54849627	54887195	DHCR24	0	-	37568
chr1	15526813	15592379	DNAJC16	0	+	65566
chr1	220528136	220664461	MARK1	0	+	136325
chr1	175315194	175743616	TNR	0	-	428422
chr1	2321253	2391707	MORN1	0	-	70454
chr1	52602371	52609051	GPX7	0	+	6680
chr1	174999163	175012027	CACYBP	0	+	12864
chr1	52927276	53051698	SCP2	0	+	124422
chr1	178725165	178921842	RALGPS2	0	+	196677
chr1	3812086	3857396	CEP104	0	-	45310
chr1	179025804	179076567	FAM20B	0	+	50763
chr1	54053584	54112519	TCEANC2	0	+	58935
chr1	54026681	54053504	TMEM59	0	-	26823
chr1	53946085	53968168	LRRC42	0	+	22083
chr1	6221193	6235972	ICMT	0	-	14779
chr1	6185020	6209389	RPL22	0	-	24369
chr1	180154869	180204030	QSOX1	0	+	49161
chr1	108746674	108809523	STXBP3	0	+	62849
chr1	8004404	8026309	ERRFI1	0	-	21905
chr1	7954291	7985505	PARK7	0	+	31214
chr1	109113679	109206781	ELAPOR1	0	+	93102
chr1	28812170	28871267	OPRD1	0	+	59097
chr1	29147743	29181900	SRSF4	0	-	34157
chr1	29192657	29230942	MECR	0	-	38285
chr1	110210314	110283100	KCNC4	0	+	72786
chr1	184690237	184754907	EDEM3	0	-	64670
chr1	111448864	111462773	ATP5PB	0	+	13909
chr1	111542218	111716691	RAP1A	0	+	174473
chr1	32292083	32333635	HDAC1	0	+	41552
chr1	32936445	32964809	RNF19B	0	-	28364
chr1	155255979	155262430	SCAMP3	0	-	6451
chr1	33145399	33182059	TRIM62	0	-	36660
chr1	155335268	155563162	ASH1L	0	-	227894
chr1	35176378	35193145	SFPQ	0	-	16767
chr1	228735479	228746664	RHOU	0	+	11185
chr1	155749659	155859400	GON4L	0	-	109741
chr1	155946851	156007070	ARHGEF2	0	-	60219
chr1	156054782	156058506	LAMTOR2	0	+	3724
chr1	156463727	156500779	MEF2D	0	-	37052
chr1	62454298	62688386	DOCK7	0	-	234088
chr1	11054584	11060020	SRM	0	-	5436
chr1	11637018	11655785	FBXO2	0	-	18767
chr1	11664200	11674354	FBXO6	0	+	10154
chr1	184387029	184629019	C1orf21	0	+	241990
chr1	185157080	185291781	SWT1	0	+	134701
chr1	11674480	11691650	MAD2L2	0	-	17170
chr1	65248219	65415871	DNAJC6	0	+	167652
chr1	65420652	65641559	LEPR	0	+	220907
chr1	185296388	185317273	IVNS1ABP	0	-	20885
chr1	11919591	11926428	KIAA2013	0	-	6837
chr1	11980181	12015211	MFN2	0	+	35030
chr1	12019466	12032045	MIIP	0	+	12579
chr1	183472216	183598246	SMG7	0	+	126030
chr1	66999350	67054148	SLC35D1	0	-	54798
chr1	186828949	186988981	PLA2G4A	0	+	160032
chr1	67685201	67688334	GADD45A	0	+	3133
chr1	68098473	68233120	WLS	0	-	134647
chr1	13700188	13825079	PRDM2	0	+	124891
chr1	192809039	192812275	RGS2	0	+	3236
chr1	193012250	193060080	UCHL5	0	-	47830
chr1	114567557	114581629	BCAS2	0	-	14072
chr1	70205682	70253052	SRSF11	0	+	47370
chr1	70411218	70439851	CTH	0	+	28633
chr1	113979391	114035572	OLFML3	0	+	56181
chr1	15684320	15734769	PLEKHM2	0	+	50449
chr1	113696831	113759489	PHTF1	0	-	62658
chr1	15941869	15976132	ZBTB17	0	-	34263
chr1	116514534	116571039	CD58	0	-	56505
chr1	35573314	35595328	TFAP2E	0	+	22014
chr1	116754430	116769229	CD2	0	+	14799
chr1	117060326	117107453	TTF2	0	+	47127
chr1	200027614	200177420	NR5A2	0	+	149806
chr1	200969390	201023714	KIF21B	0	-	54324
chr1	201134772	201171574	TMEM9	0	-	36802
chr1	36088892	36093932	ADPRS	0	+	5040
chr1	36155579	36180849	MAP7D1	0	+	25270
chr1	119031216	119140654	WARS2	0	-	109438
chr1	119368779	119394130	HAO2	0	+	25351
chr1	36415827	36450451	OSCP1	0	-	34624
chr1	36455718	36464384	MRPS15	0	-	8666
chr1	231241207	231277973	GNPAT	0	+	36766
chr1	37681570	37692249	C1orf109	0	-	10679
chr1	38838198	38859772	RRAGC	0	-	21574
chr1	235975830	236065109	NID1	0	-	89279
chr1	236795260	236921278	MTR	0	+	126018
chr1	39895426	39902256	MYCL	0	-	6830
chr1	232397965	232630571	SIPA1L2	0	-	232606
chr1	40161387	40240921	RLF	0	+	79534
chr1	40531573	40548167	ZNF684	0	+	16594
chr1	40783787	40840452	KCNQ4	0	+	56665
chr1	40620680	40665682	RIMS3	0	-	45002
chr1	243488233	243851079	AKT3	0	-	362846
chr1	157121191	157138474	ETV3	0	-	17283
chr1	75724431	75787575	ACADM	0	+	63144
chr1	76867480	77067546	ST6GALNAC5	0	+	200066
chr1	160608106	160647044	SLAMF1	0	-	38938
chr1	160678746	160711831	CD48	0	-	33085
chr1	81306147	81993932	ADGRL2	0	+	687785
chr1	17066761	17119451	PADI2	0	-	52690
chr1	17018722	17054032	SDHB	0	-	35310
chr1	16974502	16980632	MFAP2	0	-	6130
chr1	84479259	84498352	RPF1	0	+	19093
chr1	202724495	202808487	KDM5B	0	-	83992
chr1	162561506	162599842	UAP1	0	+	38336
chr1	17755333	17827063	ACTL8	0	+	71730
chr1	163068775	163076802	RGS4	0	+	8027
chr1	202891116	202928636	KLHL12	0	-	37520
chr1	18107798	18378483	IGSF21	0	+	270685
chr1	84643706	84690803	SSX2IP	0	-	47097
chr1	85649417	85708433	ZNHIT6	0	-	59016
chr1	20111939	20119566	PLA2G2D	0	-	7627
chr1	205086142	205122015	RBBP5	0	-	35873
chr1	89006679	89022894	GBP3	0	-	16215
chr1	89051882	89065360	GBP1	0	-	13478
chr1	20664014	20718017	KIF17	0	-	54003
chr1	145607988	145670650	GPR89A	0	+	62662
chr1	205504596	205532793	CDK18	0	+	28197
chr1	205767986	205775482	RAB29	0	-	7496
chr1	21217247	21345572	ECE1	0	-	128325
chr1	23801885	23838620	HMGCL	0	-	36735
chr1	23795599	23800781	GALE	0	-	5182
chr1	23557926	23559501	ID3	0	-	1575
chr1	207454230	207489895	CR2	0	+	35665
chr1	207752054	207795513	CD46	0	+	43459
chr1	150321479	150353233	PRPF3	0	+	31754
chr1	42746335	42767084	P3H1	0	-	20749
chr1	42925353	42958893	SLC2A1	0	-	33540
chr1	43164175	43270936	EBNA1BP2	0	-	106761
chr1	43358981	43363203	CDC20	0	+	4222
chr1	43933320	43937240	ARTN	0	+	3920
chr1	43946950	43968022	IPO13	0	+	21072
chr1	43974487	43978295	ATP6V0B	0	+	3808
chr1	43978943	43991170	B4GALT2	0	+	12227
chr1	44221070	44355260	ERI3	0	-	134190
chr1	44819844	44843253	PTCH2	0	-	23409
chr1	45550543	45570049	AKR1A1	0	+	19506
chr1	45510914	45542732	PRDX1	0	-	31818
chr1	169463909	169485944	SLC19A2	0	-	22035
chr1	46394317	46413848	FAAH	0	+	19531
chr1	46340789	46365152	NSUN4	0	+	24363
chr1	93345907	93369493	DR1	0	+	23586
chr1	94896949	94927223	CNN3	0	-	30274
chr1	171485530	171593511	PRRC2C	0	+	107981
chr1	94529173	94541759	F3	0	-	12586
chr1	94418389	94518666	ABCD3	0	+	100277
chr1	171700160	171742074	VAMP4	0	-	41914
chr1	100989623	101026088	DPH5	0	-	36465
chr1	172659103	172666876	FASLG	0	+	7773
chr1	96721665	96823738	PTBP2	0	+	102073
chr1	173183731	173207331	TNFSF4	0	-	23600
chr1	173477330	173488815	PRDX6	0	+	11485
chr1	173824653	173858808	DARS2	0	+	34155
chr1	209686178	209734949	HSD11B1	0	+	48771
chr1	209785617	209806175	IRF6	0	-	20558
chr1	209827972	209857565	UTP25	0	+	29593
chr1	99264292	99309590	PLPPR4	0	+	45298
chr1	24502351	24541040	RCAN3	0	+	38689
chr1	25222276	25232502	SYF2	0	-	10226
chr1	25242249	25338213	RSRP1	0	-	95964
chr1	211258377	211316385	RCOR3	0	+	58008
chr1	25884181	25906991	STMN1	0	-	22810
chr1	25616791	25786206	MAN1C1	0	+	169415
chr1	211658657	211675630	NEK2	0	-	16973
chr1	26529761	26575030	RPS6KA1	0	+	45269
chr1	26432282	26471306	DHDDS	0	+	39024
chr1	212432920	212446379	NENF	0	+	13459
chr1	212726153	212791782	NSL1	0	-	65629
chr1	213983181	214041510	PROX1	0	+	58329
chr1	26693236	26782104	ARID1A	0	+	88868
chr1	214603195	214664571	CENPF	0	+	61376
chr1	27891524	27914746	RPA2	0	-	23222
chr1	27830782	27851676	PPP1R8	0	+	20894
chr1	27773219	27824443	STX12	0	+	51224
chr1	220748225	220784815	MTARC2	0	+	36590
chr1	51577179	51798427	OSBPL9	0	+	221248
chr1	52020131	52055191	TXNDC12	0	-	35060
chr7	158730995	158830253	ESYT2	0	-	99258
chr15	76931738	76954393	RCN2	0	+	22655
chr11	1223066	1262172	MUC5B	0	+	39106
chr3	136336236	136752403	STAG1	0	-	416167
chr19	1177558	1228431	STK11	0	+	50873
chr11	118436456	118526832	KMT2A	0	+	90376
chr19	47520690	47573148	ZNF541	0	-	52458
chr19	47428017	47471893	SLC8A2	0	-	43876
chr19	47475150	47484265	KPTN	0	-	9115
chr1	200551497	200620751	KIF14	0	-	69254
chr1	201359008	201377764	TNNT2	0	-	18756
chr1	200623896	200669907	DDX59	0	-	46011
chr1	200738893	200860704	CAMSAP2	0	+	121811
chr1	161766298	161977574	ATF6	0	+	211276
chr2	215942584	216034096	MREG	0	-	91512
chr2	206765357	206796189	FASTKD2	0	+	30832
chr2	205681990	205798133	NRP2	0	+	116143
chr2	207529737	207605988	CREB1	0	+	76251
chr2	207074137	207167267	KLF7	0	-	93130
chr18	31622246	31685836	B4GALT6	0	-	63590
chr1	150268200	150280916	C1orf54	0	+	12716
chr1	150257251	150265078	CA14	0	+	7827
chr12	25004342	25108335	IRAG2	0	+	103993
chr11	74949261	74979033	SPCS2	0	+	29772
chr11	78188812	78215232	USP35	0	+	26420
chr6	79914814	79947553	ELOVL4	0	-	32739
chr6	75291859	75493800	FILIP1	0	-	201941
chr6	89829894	89874436	CASP8AP2	0	+	44542
chr6	79201245	79234738	HMGN3	0	-	33493
chr6	82892390	83065841	UBE3D	0	-	173451
chr6	88139864	88166347	CNR1	0	-	26483
chr1	70258999	70354734	ANKRD13C	0	-	95735
chr1	66533267	66751139	SGIP1	0	+	217872
chr6	143940300	144064599	PLAGL1	0	-	124299
chr6	145793502	145814795	FBXO30	0	-	21293
chr6	137867214	137883312	TNFAIP3	0	+	16098
chr6	131135467	131283535	AKAP7	0	+	148068
chr6	146543833	146554953	RAB32	0	+	11120
chr6	135181308	135219173	MYB	0	+	37865
chr6	134169248	134318112	SGK1	0	-	148864
chr6	127266726	127288567	RNF146	0	+	21841
chr6	131948176	131951372	CCN2	0	-	3196
chr16	72112157	72176878	PMFBP1	0	-	64721
chr4	15604381	15681679	FBXL5	0	-	77298
chr12	59596029	59789855	SLC16A7	0	+	193826
chr12	63779833	63809792	RXYLT1	0	+	29959
chr19	21020634	21060050	ZNF430	0	+	39416
chr2	85561562	85582031	VAMP8	0	+	20469
chr1	113905213	113914086	DCLRE1B	0	+	8873
chr18	3261479	3278461	MYL12B	0	+	16982
chr6	108559835	108684774	FOXO3	0	+	124939
chr6	108848416	108974476	ARMC2	0	+	126060
chr1	115700021	115768714	CASQ2	0	-	68693
chr1	101802560	101996926	OLFM3	0	-	194366
chr4	88007635	88077777	PKD2	0	+	70142
chr4	88090150	88231628	ABCG2	0	-	141478
chr4	87975667	87983532	SPP1	0	+	7865
chr4	77047155	77076309	CCNI	0	-	29154
chr3	158732198	158829719	MFSD1	0	+	97521
chr1	220148293	220272529	RAB3GAP2	0	-	124236
chr16	4882507	4960741	PPL	0	-	78234
chr13	73686089	74133929	KLF12	0	-	447840
chr13	75549480	75606020	UCHL3	0	+	56540
chr13	57631744	57729311	PCDH17	0	+	97567
chr2	20560448	20651130	HS1BP3	0	-	90682
chr2	20684014	20823130	LDAH	0	-	139116
chr2	19910263	19990105	WDR35	0	-	79842
chr5	95885098	95961851	ELL2	0	-	76753
chr2	195737703	196068837	DNAH7	0	-	331134
chr2	203238977	203306026	CYP20A1	0	+	67049
chr2	199269500	199471266	SATB2	0	-	201766
chr5	134371469	134392108	UBE2B	0	+	20639
chr9	70384604	70414657	KLF9	0	-	30053
chr2	106063246	106078155	ECRG4	0	+	14909
chr2	9423651	9473101	CPSF3	0	+	49450
chr3	196946356	196969060	PIGZ	0	-	22704
chr3	196867856	196934714	SENP5	0	+	66858
chr1	230837119	230869589	C1orf198	0	-	32470
chr1	231162058	231221565	TRIM67	0	+	59507
chr1	236549005	236604516	HEATR1	0	-	55511
chr9	112217716	112333664	PTBP3	0	-	115948
chr9	107283137	107332192	RAD23B	0	+	49055
chr9	113161006	113221458	FKBP15	0	-	60452
chr9	108942569	109013522	CTNNAL1	0	-	70953
chr9	128683424	128696400	SET	0	+	12976
chr9	128504655	128543874	GLE1	0	+	39219
chr9	121074660	121177729	CNTRL	0	+	103069
chr9	120751978	120793416	FBXW2	0	-	41438
chr9	120855651	120894896	PHF19	0	-	39245
chr9	124257606	124353307	NEK6	0	+	95701
chr9	113349541	113371233	BSPRY	0	+	21692
chr9	125146573	125189939	PPP6C	0	-	43366
chr9	122144058	122159779	NDUFA8	0	-	15721
chr9	113373419	113376986	HDHD3	0	-	3567
chr9	112380080	112472405	HSDL2	0	+	92325
chr9	125437393	125707234	MAPKAP1	0	-	269841
chr9	99821855	99866891	NR4A3	0	+	45036
chr9	100099243	100302175	INVS	0	+	202932
chr9	98807670	98850081	GALNT12	0	+	42411
chr9	123379654	123930152	DENND1A	0	-	550498
chr9	99216425	99221942	ALG2	0	-	5517
chr1	36466043	36483278	CSF3R	0	-	17235
chr18	63327726	63367228	KDSR	0	-	39502
chr18	63389190	63422483	VPS4B	0	-	33293
chr18	57435374	57491298	ONECUT2	0	+	55924
chr19	58513530	58538911	ZBTB45	0	-	25381
chr14	74763316	74859435	YLPM1	0	+	96119
chr14	72926377	72959703	DCAF4	0	+	33326
chr14	74713144	74738620	FCF1	0	+	25476
chr14	74941834	74955626	PGF	0	-	13792
chr14	94127779	94130253	IFI27L2	0	-	2474
chr14	74019349	74082863	BBOF1	0	+	63514
chr14	74476192	74494177	NPC2	0	-	17985
chr14	73644875	73703732	DNAL1	0	+	58857
chr14	77024543	77028708	IRF2BPL	0	-	4165
chr14	73567620	73575658	ACOT2	0	+	8038
chr14	74498183	74612378	LTBP2	0	-	114195
chr14	74653437	74713117	AREL1	0	-	59680
chr14	75013769	75051532	MLH3	0	-	37763
chr14	75633625	75955079	TTLL5	0	+	321454
chr14	74285269	74303055	ABCD4	0	-	17786
chr14	74881891	74903743	DLST	0	+	21852
chr14	94146128	94279734	PPP4R4	0	+	133606
chr14	75958097	75983011	TGFB3	0	-	24914
chr14	75064109	75119502	ZC2HC1C	0	+	55393
chr14	77708071	77761104	SLIRP	0	+	53033
chr14	73058532	73123899	RBM25	0	+	65367
chr14	91232532	91253925	GPR68	0	-	21393
chr14	75002921	75012366	EIF2B2	0	+	9445
chr14	90267860	90331969	NRDE2	0	-	64109
chr2	23385179	23708611	KLHL29	0	+	323432
chr2	25227855	25342590	DNMT3A	0	-	114735
chr2	27032910	27041694	TMEM214	0	+	8784
chr2	23748664	23927123	ATAD2B	0	-	178459
chr2	38293954	38377285	ATL2	0	-	83331
chr2	30146941	30160533	YPEL5	0	+	13592
chr2	32277904	32316594	YIPF4	0	+	38690
chr2	64524305	64593005	AFTPH	0	+	68700
chr2	64453969	64461381	LGALSL	0	+	7412
chr2	68284171	68320051	CNRIP1	0	-	35880
chr2	60450520	60554467	BCL11A	0	-	103947
chr2	47345158	47387601	EPCAM	0	+	42443
chr6	73593379	73653992	SLC17A5	0	-	60613
chr6	71288811	71309059	OGFRL1	0	+	20248
chr10	100912963	100965134	SLF2	0	+	52171
chr10	92451684	92574096	IDE	0	-	122412
chr10	112149865	112215377	GPAM	0	-	65512
chr10	91628442	91633071	PPP1R3C	0	-	4629
chr10	98383565	98415182	PYROXD2	0	-	31617
chr10	99329356	99394330	CNNM1	0	+	64974
chr10	110207605	110287365	MXI1	0	+	79760
chr10	110290730	110304938	SMNDC1	0	-	14208
chr10	122930901	122954311	C10orf88	0	-	23410
chr10	95659823	95694143	TCTN3	0	-	34320
chr10	119104086	119137984	DENND10	0	+	33898
chr10	97677424	97687241	AVPI1	0	-	9817
chr10	120851305	120909524	WDR11	0	+	58219
chr10	101845599	102056193	ARMH3	0	-	210594
chr10	101825974	101843920	KCNIP2	0	-	17946
chr10	99396870	99430624	GOT1	0	-	33754
chr10	102449837	102451543	C10orf95	0	-	1706
chr17	65009289	65056740	GNA13	0	-	47451
chr17	46029916	46225389	KANSL1	0	-	195473
chr17	48548870	48604912	HOXB3	0	-	56042
chr5	172768096	172771195	DUSP1	0	-	3099
chr5	168548495	168579368	PANK3	0	-	30873
chr5	174724582	174730896	MSX2	0	+	6314
chr9	27109141	27230174	TEK	0	+	121033
chr9	4792944	4885917	RCL1	0	+	92973
chr9	26840685	26892803	CAAP1	0	-	52118
chr9	27325209	27529814	MOB3B	0	-	204605
chr9	5450503	5470566	CD274	0	+	20063
chr4	157204182	157366075	GRIA2	0	+	161893
chr6	150865679	151101887	MTHFD1L	0	+	236208
chr6	151494017	151621193	CCDC170	0	+	127176
chr6	149749443	149811420	PCMT1	0	+	61977
chr6	150599883	150843665	PLEKHG1	0	+	243782
chr6	152697897	152724569	MYCT1	0	+	26672
chrX	30558809	30577766	TASL	0	-	18957
chr5	140175156	140282052	CYSTM1	0	+	106896
chr5	141653401	141682230	ARAP3	0	-	28829
chr5	141177790	141180539	PCDHB8	0	+	2749
chr5	141192353	141195647	PCDHB10	0	+	3294
chr5	141208697	141212571	PCDHB12	0	+	3874
chr1	175067833	175148075	TNN	0	+	80242
chr1	177923956	177984303	SEC16B	0	-	60347
chr1	170531819	170553834	GORAB	0	+	22015
chr6	159778498	159789703	TCP1	0	-	11205
chr11	130866250	130916479	SNX19	0	-	50229
chr11	128891356	128921163	KCNJ5	0	+	29807
chr11	124766498	124800706	MSANTD2	0	-	34208
chr4	146253975	146522372	SLC10A7	0	-	268397
chr8	109240919	109334121	NUDCD1	0	-	93202
chr8	109334324	109345954	ENY2	0	+	11630
chr10	23694746	24547848	KIAA1217	0	+	853102
chr10	19816239	20289856	PLXDC2	0	+	473617
chr10	32267751	32378798	EPC1	0	-	111047
chr12	66767	178455	IQSEC3	0	+	111688
chr1	28587829	28648291	TAF12	0	-	60462
chr13	43213130	43786972	ENOX1	0	-	573842
chr13	42562736	42608013	TNFSF11	0	+	45277
chr13	41216369	41263577	MTRF1	0	-	47208
chr13	43023203	43114213	DNAJC15	0	+	91010
chr13	39009865	39038089	PROSER1	0	-	28224
chr13	38349849	38363619	UFM1	0	+	13770
chr13	41061509	41084006	WBP4	0	+	22497
chr13	40931924	41061440	ELF1	0	-	129516
chr13	36844831	36920765	SMAD9	0	-	75934
chr13	31134973	31162388	HSPH1	0	-	27415
chr13	41189834	41194569	KBTBD7	0	-	4735
chr13	36949738	37000763	ALG5	0	-	51025
chr5	138506095	138543236	ETF1	0	-	37141
chr5	136028988	136063818	TGFBI	0	+	34830
chr5	138946724	139293557	SIL1	0	-	346833
chr5	139341587	139369720	PAIP2	0	+	28133
chr5	138352685	138437028	KDM3B	0	+	84343
chr5	138465479	138469303	EGR1	0	+	3824
chr3	150541998	150603228	SERP1	0	-	61230
chr3	142596393	142713664	PLS1	0	+	117271
chr19	37613749	37692337	ZFP30	0	-	78588
chr12	95020229	95073628	NR2C1	0	-	53399
chr12	101280105	101386618	UTP20	0	+	106513
chr12	98515579	98550351	TMPO	0	+	34772
chr12	101393116	101407772	ARL1	0	-	14656
chr12	103988987	104064183	GLT8D2	0	-	75196
chr12	93569814	93583487	SOCS2	0	+	13673
chr12	104117086	104138241	NFYB	0	-	21155
chr12	102012840	102062149	WASHC3	0	-	49309
chr8	29333064	29350684	DUSP4	0	-	17620
chr8	27596917	27614700	CLU	0	-	17783
chr8	23020133	23069031	TNFRSF10B	0	-	48898
chr8	22544986	22575788	SORBS3	0	+	30802
chr8	27311482	27459391	PTK2B	0	+	147909
chr8	22440819	22541142	PPP3CC	0	+	100323
chr8	22578279	22598025	PDLIM2	0	+	19746
chr8	27490781	27545564	EPHX2	0	+	54783
chr1	11273198	11296049	UBIAD1	0	+	22851
chr1	12063303	12144207	TNFRSF8	0	+	80904
chr8	101177878	101206193	ZNF706	0	-	28315
chr8	54046367	54102017	LYPLA1	0	-	55650
chr8	74984505	75034558	CRISPLD1	0	+	50053
chr8	73294602	73325281	RDH10	0	+	30679
chr17	57085092	57121346	AKAP1	0	+	36254
chr17	56938199	56961050	COIL	0	-	22851
chr17	56836387	56914080	TRIM25	0	-	77693
chr17	56978129	57006768	SCPEP1	0	+	28639
chr17	49598884	49678163	SPOP	0	-	79279
chr17	61399843	61409466	TBX2	0	+	9623
chr17	49700934	49709014	SLC35B1	0	-	8080
chr17	58556678	58692055	TEX14	0	-	135377
chr17	49710332	49789180	FAM117A	0	-	78848
chr2	96335766	96377091	NCAPH	0	+	41325
chr4	154626945	154753120	LRAT	0	+	126175
chr4	153466346	153636711	TMEM131L	0	+	170365
chr16	50152911	50235310	TENT4B	0	+	82399
chr16	50246137	50318135	ADCY7	0	+	71998
chr19	32875925	32971991	CEP89	0	-	96066
chr19	31149979	31349436	TSHZ3	0	-	199457
chr1	52895910	52927212	ECHDC2	0	-	31302
chr12	14503661	14567883	PLBD1	0	-	64222
chr12	21437615	21471250	PYROXD1	0	+	33635
chr12	21764955	21775600	KCNJ8	0	-	10645
chr12	12049844	12211084	BCL2L14	0	+	161240
chr13	19674752	19783019	PSPC1	0	-	108267
chr19	57527325	57557542	ZNF549	0	+	30217
chr19	58345178	58353492	A1BG	0	-	8314
chr19	58083838	58118427	ZSCAN18	0	-	34589
chr19	57630395	57644041	ZNF211	0	+	13646
chr3	73382431	73624941	PDZRN3	0	-	242510
chr1	185045526	185102603	RNF2	0	+	57077
chr1	185118101	185157072	TRMT1L	0	-	38971
chr3	122325248	122341969	CSTA	0	+	16721
chr3	119636457	119665324	POPDC2	0	-	28867
chr3	119211732	119240946	B4GALT4	0	-	29214
chr3	113716458	113746300	NAA50	0	-	29842
chr3	119524293	119559614	CD80	0	-	35321
chr11	28020619	28108156	KIF18A	0	-	87537
chr1	244653103	244709033	DESI2	0	+	55930
chr11	45885651	45906465	MAPK8IP1	0	+	20814
chr11	45847118	45883248	CRY2	0	+	36130
chr11	45909663	45918812	PEX16	0	-	9149
chr11	33015876	33033582	DEPDC7	0	+	17706
chr11	34438934	34472060	CAT	0	+	33126
chr13	19958677	20091829	ZMYM2	0	+	133152
chr13	20221962	20232365	GJB6	0	-	10403
chr12	71839707	71927248	TBC1D15	0	+	87541
chr1	31727117	31764893	ADGRB2	0	-	37776
chr1	31296982	31364953	ZCCHC17	0	+	67971
chr1	31365253	31376850	FABP3	0	-	11597
chr1	32013868	32060850	KHDRBS1	0	+	46982
chr1	32072031	32102866	TMEM39B	0	+	30835
chr3	46407166	46412997	CCRL2	0	+	5831
chr3	46353864	46360940	CCR2	0	+	7076
chr3	172505508	172523475	TNFSF10	0	-	17967
chr3	179323031	179338583	ZNF639	0	+	15552
chr3	179148114	179240093	PIK3CA	0	+	91979
chr4	39822863	39977956	PDS5A	0	-	155093
chr4	38966744	39032922	TMEM156	0	-	66178
chr4	39459004	39485109	LIAS	0	+	26105
chr10	123706207	123940267	CPXM2	0	-	234060
chr1	33472645	33501643	ZSCAN20	0	+	28998
chr1	33513998	34165842	CSMD2	0	-	651844
chr1	32885994	32898441	HPCA	0	+	12447
chr1	110947190	110963965	LRIF1	0	-	16775
chr2	143938068	144332568	GTDC1	0	-	394500
chr2	136114349	136118149	CXCR4	0	-	3800
chr2	135136916	135531218	ZRANB3	0	-	394302
chr13	28003274	28100592	FLT3	0	-	97318
chr13	27251362	27256691	RPL21	0	+	5329
chr13	27435643	27450591	MTIF3	0	-	14948
chr13	27270830	27275192	RASL11A	0	+	4362
chr13	29764371	29850617	UBL3	0	-	86246
chrX	129779949	129795201	SASH3	0	+	15252
chrX	129539849	129592561	OCRL	0	+	52712
chr9	135546126	135549969	OBP2A	0	+	3843
chr1	203340628	203351758	FMOD	0	-	11130
chr1	203765177	203776372	LAX1	0	+	11195
chr5	176346062	176361807	KIAA1191	0	-	15745
chr1	160288594	160343273	COPA	0	-	54679
chr1	160796074	160828261	LY9	0	+	32187
chr16	22814162	22916338	HS3ST2	0	+	102176
chr16	24537693	24572863	RBBP6	0	+	35170
chr16	11750586	11797258	ZC3H7A	0	-	46672
chr6	158109519	158168280	SERAC1	0	-	58761
chr10	80150889	80205572	ANXA11	0	-	54683
chr10	86666785	86736072	LDB3	0	+	69287
chr10	87094161	87191465	SHLD2	0	+	97304
chr10	80407829	80437115	PRXL2A	0	+	29286
chr16	3112560	3120517	ZNF205	0	+	7957
chr1	86346824	86396342	ODF2L	0	-	49518
chr1	78303884	78540701	PTGFR	0	+	236817
chr1	84506300	84566194	SPATA1	0	+	59894
chr1	100148448	100178273	LRRC39	0	-	29825
chr1	90915298	91022272	ZNF644	0	-	106974
chr1	93179919	93278730	CCDC18	0	+	98811
chr1	92299059	92402056	RPAP2	0	+	102997
chr18	79902420	79951657	SLC66A2	0	-	49237
chr7	33109557	33877180	BBS9	0	+	767623
chr7	5970925	6009106	PMS2	0	-	38181
chr7	44748581	44769881	ZMIZ2	0	+	21300
chr7	35800932	35907110	SEPTIN7	0	+	106178
chr7	36153254	36301538	EEPD1	0	+	148284
chr7	23105758	23177914	KLHL7	0	+	72156
chr7	35632659	35697459	HERPUD2	0	-	64800
chr7	26201162	26213607	CBX3	0	+	12445
chr7	29806486	29917061	WIPF3	0	+	110575
chr7	8433609	8752961	NXPH1	0	+	319352
chr7	22889371	23014130	FAM126A	0	-	124759
chr7	27153716	27157936	HOXA7	0	-	4220
chr7	41667168	41705834	INHBA	0	-	38666
chr7	32957404	33006930	FKBP9	0	+	49526
chr7	33014130	33062796	NT5C3A	0	-	48666
chr7	12686856	12690958	ARL4A	0	+	4102
chr7	44072062	44082530	POLM	0	-	10468
chr7	45157791	45186302	RAMP3	0	+	28511
chr7	19020991	19117636	TWIST1	0	-	96645
chr9	33041765	33076674	SMU1	0	-	34909
chr9	36136536	36163913	GLIPR2	0	+	27377
chr9	36190856	36304781	CLTA	0	+	113925
chr9	36036913	36124455	RECK	0	+	87542
chr9	32629454	32635669	TAF1L	0	-	6215
chr9	32384603	32454769	ACO1	0	+	70166
chr9	34457414	34520988	DNAI1	0	+	63574
chr9	34551432	34590140	CNTFR	0	-	38708
chr7	138831381	138981389	KIAA1549	0	-	150008
chr7	138460259	138589996	TRIM24	0	+	129737
chr7	134744252	134970729	CALD1	0	+	226477
chrX	51332231	51337525	NUDT10	0	+	5294
chr10	73909177	73917496	PLAU	0	+	8319
chr10	69088103	69104805	SRGN	0	+	16702
chr10	71964395	72013558	CHST3	0	+	49163
chr10	58512872	58831435	BICC1	0	+	318563
chr10	58269162	58289586	CISD1	0	+	20424
chr10	62811996	62819167	EGR2	0	-	7171
chr10	73007217	73096974	P4HA1	0	-	89757
chr10	68477998	68527523	SLC25A16	0	-	49525
chr10	56357227	56361273	ZWINT	0	-	4046
chr10	69123512	69174412	VPS26A	0	+	50900
chr12	113816738	113966325	RBM19	0	-	149587
chr12	119685791	119877320	CIT	0	-	191529
chr12	110124335	110218793	IFT81	0	+	94458
chr12	120725774	120740008	ACADS	0	+	14234
chr12	110627841	110704950	HVCN1	0	-	77109
chr12	113157173	113185479	DDX54	0	-	28306
chr12	115957905	116277693	MED13L	0	-	319788
chr1	50960745	50974634	CDKN2C	0	+	13889
chr1	51236273	51273447	RNF11	0	+	37174
chr12	25958232	26079892	RASSF8	0	+	121660
chr12	26121991	26299290	SSPN	0	+	177299
chr12	26335352	26833194	ITPR2	0	-	497842
chr12	28133249	28581511	CCDC91	0	+	448262
chr8	90791741	90959393	NECAB1	0	+	167652
chr8	86342547	86478420	WWP1	0	+	135873
chrX	23701055	23766475	ACOT9	0	-	65420
chrX	23664262	23686397	PRDX4	0	+	22135
chr19	14408798	14419383	DDX39A	0	-	10585
chr19	14433053	14471867	PKN1	0	+	38814
chr19	12730640	12734684	TRIR	0	-	4044
chr19	14380501	14408725	ADGRE5	0	+	28224
chr19	14477760	14496149	GIPC1	0	-	18389
chr13	49912702	49936490	SPRYD7	0	-	23788
chr13	49660674	49691486	EBPL	0	-	30812
chr13	51930436	52012125	ATP7B	0	-	81689
chr13	45954465	46052759	ZC3H13	0	-	98294
chr5	65722205	65871725	NLN	0	+	149520
chr5	65517766	65563168	CENPK	0	-	45402
chr10	7559270	7666998	ITIH5	0	-	107728
chr12	50763710	50821162	ATF1	0	+	57452
chr12	57782761	57808071	TSFM	0	+	25310
chr12	54497752	54548243	NCKAP1L	0	+	50491
chr12	55835433	55842966	MMP19	0	-	7533
chr12	53295291	53299452	PFDN5	0	+	4161
chr12	49366584	49527425	SPATS2	0	+	160841
chr12	52022832	52059507	NR4A1	0	+	36675
chr12	54549601	54579239	PDE1B	0	+	29638
chr12	53938831	53946544	HOXC13	0	+	7713
chr12	57128483	57213361	LRP1	0	+	84878
chr12	53973126	53977643	HOXC11	0	+	4517
chr12	52069246	52077495	ATG101	0	+	8249
chr12	54292111	54301015	NFE2	0	-	8904
chr12	53954903	53958956	HOXC12	0	+	4053
chr12	56007659	56038435	IKZF4	0	+	30776
chr12	54121277	54189008	SMUG1	0	-	67731
chr12	49127782	49131397	TUBA1B	0	-	3615
chr11	47572197	47578976	KBTBD4	0	-	6779
chr9	133663560	133739955	SARDH	0	-	76395
chr1	46632737	46673867	ATPAF1	0	-	41130
chr1	47250139	47314892	STIL	0	-	64753
chr6	110874770	110898879	AMD1	0	+	24109
chr6	96889315	96897891	NDUFAF4	0	-	8576
chr6	99432325	99521728	USP45	0	-	89403
chrX	103773718	103792619	PLP1	0	+	18901
chrX	103675496	103688158	MORF4L2	0	-	12662
chrX	103822327	103832257	RAB9B	0	-	9930
chrX	105822539	105958610	NRK	0	+	136071
chrX	104166453	104195902	FAM199X	0	+	29449
chrX	13689128	13710504	RAB9A	0	+	21376
chr2	171315746	171434802	METTL8	0	-	119056
chr2	165857475	165953851	TTC21B	0	-	96376
chr2	151270470	151289894	NMI	0	-	19424
chr2	151357592	151380046	TNFAIP6	0	+	22454
chr2	157526767	157628864	ACVR1C	0	-	102097
chr2	159318979	159616569	BAZ2B	0	-	297590
chr5	151437046	151492379	SLC36A1	0	+	55333
chr1	211743457	211830763	LPGAT1	0	-	87306
chr1	212686417	212699840	BATF3	0	-	13423
chr1	209675412	209676390	G0S2	0	+	978
chr17	70168673	70180044	KCNJ2	0	+	11371
chrX	132203024	132219480	RAP2C	0	-	16456
chr4	121801318	121817021	EXOSC9	0	+	15703
chr19	40691514	40725784	COQ8B	0	-	34270
chr1	207034366	207081024	PFKFB2	0	+	46658
chr1	207104233	207144972	C4BPA	0	+	40739
chr11	88113251	88175443	RAB38	0	-	62192
chr8	140520156	140635633	AGO2	0	-	115477
chr4	2247432	2262109	MXD4	0	-	14677
chr9	89311195	89316703	CKS2	0	+	5508
chr2	222860942	222944639	ACSL3	0	+	83697
chr2	219372043	219400022	DNPEP	0	-	27979
chr2	219550728	219571859	OBSL1	0	-	21131
chr2	224378698	224402107	FAM124B	0	-	23409
chr16	67943474	67969601	SLC12A4	0	-	26127
chr16	67662945	67667265	ENKD1	0	-	4320
chr20	57487959	57495366	HMGB1P1	0	-	7407
chr20	56358974	56368663	FAM210B	0	+	9689
chr20	45174902	45176544	PI3	0	+	1642
chr20	45252239	45254564	SLPI	0	-	2325
chr20	44475874	44494603	TTPAL	0	+	18729
chr20	48624252	48827999	PREX1	0	-	203747
chr20	46021690	46060150	SLC12A5	0	+	38460
chr20	38601809	38651035	ARHGAP40	0	+	49226
chr20	45325288	45348424	SDC4	0	-	23136
chr20	47501887	47656877	NCOA3	0	+	154990
chr20	45416084	45456934	PIGT	0	+	40850
chr20	46060991	46089962	NCOA5	0	-	28971
chr20	58389229	58451101	VAPB	0	+	61872
chr20	50731580	50756795	PARD6B	0	+	25215
chr20	41402083	41618384	CHD6	0	-	216301
chr20	43914852	44069616	TOX2	0	+	154764
chr20	48921711	49036693	ARFGEF2	0	+	114982
chr20	49237946	49278426	ZNFX1	0	-	40480
chr20	59123381	59259113	ZNF831	0	+	135732
chr20	59300443	59325992	EDN3	0	+	25549
chr20	49046246	49096960	CSE1L	0	+	50714
chr20	50081124	50153637	PEDS1-UBE2V1	0	-	72513
chr20	58309715	58367507	RAB22A	0	+	57792
chr20	49503874	49568137	PTGIS	0	-	64263
chr20	49113339	49188367	STAU1	0	-	75028
chr20	49982980	49988886	SNAI1	0	+	5906
chr20	57648392	57711536	PMEPA1	0	-	63144
chr20	49936336	49953885	RNF114	0	+	17549
chr20	58150902	58161150	C20orf85	0	+	10248
chr20	50794894	50877177	BCAS4	0	+	82283
chr20	57561080	57568121	PCK1	0	+	7041
chr20	57603846	57620576	ZBP1	0	-	16730
chr5	7851186	7906025	MTRR	0	+	54839
chr19	33386950	33521791	PEPD	0	-	134841
chr19	33621953	33773509	CHST8	0	+	151556
chrX	53225828	53321350	IQSEC2	0	-	95522
chrX	155881345	155943769	VAMP7	0	+	62424
chrY	57067865	57130289	VAMP7	0	+	62424
chrX	2752040	2816500	XG	0	+	64460
chr2	73828916	73873659	STAMBP	0	+	44743
chr2	71064344	71079808	NAGK	0	+	15464
chr2	71109684	71130239	MCEE	0	-	20555
chr2	71182738	71227103	PAIP2B	0	-	44365
chr2	71130632	71150101	MPHOSPH10	0	+	19469
chr4	42408373	42657105	ATP8A1	0	-	248732
chr17	20999596	21043760	USP22	0	-	44164
chrX	85277396	85379717	POF1B	0	-	102321
chr19	46297042	46343433	HIF3A	0	+	46391
chr19	43912624	43935282	ZNF45	0	-	22658
chr19	43460787	43465608	LYPD3	0	-	4821
chrX	43948776	43973395	NDP	0	-	24619
chrX	41085445	41236579	USP9X	0	+	151134
chr6	6144084	6321013	F13A1	0	-	176929
chr6	34018643	34155622	GRM4	0	-	136979
chr6	42224931	42452051	TRERF1	0	-	227120
chr6	34466061	34535229	PACSIN1	0	+	69168
chr6	26383096	26394874	BTN2A2	0	+	11778
chr6	13574227	13615158	SIRT5	0	+	40931
chr6	2765393	2786952	WRNIP1	0	+	21559
chr6	43021623	43034156	RRP36	0	+	12533
chr6	26500303	26510425	BTN1A1	0	+	10122
chr6	34757505	34773857	SNRPC	0	+	16352
chr6	2948159	2972165	SERPINB6	0	-	24006
chr6	43522334	43576038	XPO5	0	-	53704
chr6	43427366	43450427	ABCC10	0	+	23061
chr6	26234212	26234987	H1-3	0	-	775
chr6	42963865	42979181	PEX6	0	-	15316
chr6	2987987	3019755	NQO2	0	+	31768
chr6	41033627	41097787	OARD1	0	-	64160
chr6	27374615	27403908	ZNF391	0	+	29293
chr6	27125897	27132795	H2BC11	0	-	6898
chr6	42744498	42746103	TBCC	0	-	1605
chr6	34537802	34556333	SPDEF	0	-	18531
chr6	43629540	43640941	MAD2L1BP	0	+	11401
chr6	43014103	43021298	KLHDC3	0	+	7195
chr6	41267926	41286682	TREM1	0	-	18756
chr6	53647916	53665756	KLHL31	0	-	17840
chr6	56056590	56394094	COL21A1	0	-	337504
chr6	36676460	36687337	CDKN1A	0	+	10877
chr6	21593751	21598619	SOX4	0	+	4868
chr6	38675925	38703145	GLO1	0	-	27220
chr6	36740775	36839444	CPNE5	0	-	98669
chr6	39299001	39314461	KCNK17	0	-	15460
chr6	7107597	7251980	RREB1	0	+	144383
chr6	7268306	7347446	SSR1	0	-	79140
chr6	7389793	7418037	RIOK1	0	+	28244
chr6	5997999	6007605	NRN1	0	-	9606
chr6	8411435	8435561	SLC35B3	0	-	24126
chr6	4994717	5004063	RPP40	0	-	9346
chr6	16299112	16761491	ATXN1	0	-	462379
chr6	17615035	17706925	NUP153	0	-	91890
chr6	18223860	18264548	DEK	0	-	40688
chr6	8073360	8102559	EEF1E1	0	-	29199
chr2	237627587	237813682	LRRFIP1	0	+	186095
chr2	237574322	237601614	RAB17	0	-	27292
chr4	74365145	74388749	EREG	0	+	23604
chr11	61752636	61788518	MYRF	0	+	35882
chr11	62242239	62244812	SCGB1D2	0	+	2573
chr11	62208673	62213943	SCGB2A1	0	+	5270
chr11	62433542	62556235	AHNAK	0	-	122693
chr3	9962682	10011202	EMC3	0	-	48520
chr4	8182072	8241803	SH3TC1	0	+	59731
chr16	58519951	58629885	CNOT1	0	-	109934
chr16	56465640	56582667	BBS2	0	-	117027
chr16	56666730	56668065	MT1G	0	-	1335
chr16	56608584	56609497	MT2A	0	+	913
chr16	67109941	67148544	PHAF1	0	+	38603
chr16	58707131	58734342	GOT2	0	-	27211
chr16	57471922	57487327	DOK4	0	-	15405
chr13	99606669	99909459	CLYBL	0	+	302790
chr13	100603625	100675093	TMTC4	0	-	71468
chr13	97434169	97469128	RAP2A	0	+	34959
chr13	95019835	95301475	ABCC4	0	-	281640
chr13	106489745	106535662	EFNB2	0	-	45917
chr13	99446311	99564048	TM9SF2	0	+	117737
chr17	44141906	44162476	HROB	0	+	20570
chrX	119805311	119852998	UPF3B	0	-	47687
chrX	119870475	119871733	RNF113A	0	-	1258
chrX	119615724	119693370	SEPTIN6	0	-	77646
chrX	120258650	120311556	TMEM255A	0	-	52906
chrX	119871832	119876662	NDUFA1	0	+	4830
chr14	53949736	53958761	BMP4	0	-	9025
chr14	52314305	52328598	PTGER2	0	+	14293
chr4	2536647	2732573	FAM193A	0	+	195926
chr4	2963571	3040760	GRK4	0	+	77189
chr17	72121020	72126416	SOX9	0	+	5396
chr17	10521148	10549700	MYH2	0	-	28552
chr17	14301081	14349404	HS3ST3B1	0	+	48323
chr17	8287763	8295400	SLC25A35	0	-	7637
chr17	75236599	75262363	GGA3	0	-	25764
chr17	75109952	75130272	ARMC7	0	+	20320
chr17	75205659	75235758	NUP85	0	+	30099
chr17	75272981	75289510	SLC25A19	0	-	16529
chr17	75266228	75271231	MIF4GD	0	-	5003
chr1	155610205	155614951	MSTO1	0	+	4746
chr9	132375548	132406851	TTF1	0	-	31303
chr9	132592997	132670401	DDX31	0	-	77404
chr19	55090914	55117637	PPP1R12C	0	-	26723
chr19	54173412	54189882	MBOAT7	0	-	16470
chr20	63538489	63547749	SRMS	0	-	9260
chr20	64080082	64100643	OPRL1	0	+	20561
chr20	63520765	63522206	PPDPF	0	+	1441
chr2	112829751	112836816	IL1B	0	-	7065
chr2	112584240	112589275	CHCHD5	0	+	5035
chr2	113215997	113278921	PAX8	0	-	62924
chr2	118088452	118110997	INSIG2	0	+	22545
chr2	112541915	112579818	POLR1B	0	+	37903
chr2	117915478	118014133	CCDC93	0	-	98655
chr2	113157325	113209396	PSD4	0	+	52071
chr19	6436079	6465203	SLC25A23	0	-	29124
chr19	6375148	6379058	PSPN	0	-	3910
chr19	6379572	6393981	GTF2F1	0	-	14409
chr19	6361531	6370242	CLPP	0	+	8711
chr19	6531026	6535924	TNFSF9	0	+	4898
chrX	123184153	123490915	GRIA3	0	+	306762
chrX	123600561	123733056	THOC2	0	-	132495
chr17	39404285	39451272	MED1	0	-	46987
chr17	38847860	38853764	RPL23	0	-	5904
chr17	63702845	63752097	ENSG00000125695	0	-	49252
chr1	62784132	62865516	ATG4C	0	+	81384
chr19	6677704	6730562	C3	0	-	52858
chr19	6752160	6767463	SH2D3A	0	-	15303
chr19	6737925	6751530	TRIP10	0	+	13605
chr19	6661253	6670588	TNFSF14	0	-	9335
chr19	45527427	45602212	OPA3	0	-	74785
chr19	45606994	45645602	EML2	0	-	38608
chr19	45506579	45526983	VASP	0	+	20404
chr19	45815410	45863194	SYMPK	0	-	47784
chr20	5544439	5611006	GPCPD1	0	-	66567
chr20	23079360	23086324	CD93	0	-	6964
chr20	23362182	23373062	GZF1	0	+	10880
chr20	23374519	23421519	NAPB	0	-	47000
chr20	3783851	3786740	CENPB	0	-	2889
chr20	1113240	1189415	PSMF1	0	+	76175
chr20	21511017	21514064	NKX2-2	0	-	3047
chr20	18587942	18766644	DTD1	0	+	178702
chr20	7977346	8019805	TMX4	0	-	42459
chr20	2101827	2177038	STK35	0	+	75211
chr20	346782	359660	NRSN2	0	+	12878
chr20	3820524	3828838	AP5S1	0	+	8314
chr20	17613678	17682295	RRBP1	0	-	68617
chr20	6767686	6780246	BMP2	0	+	12560
chr20	18288283	18316996	ZNF133	0	+	28713
chr20	17956979	18059188	OVOL2	0	-	102209
chr20	17226107	17484578	PCSK2	0	+	258471
chr20	10401009	10434222	MKKS	0	-	33213
chr20	17493905	17569220	BFSP1	0	-	75315
chr20	17570075	17609919	DSTN	0	+	39844
chr20	9514358	9530524	LAMP5	0	+	16166
chr20	16729961	16742564	SNRPB2	0	+	12603
chr20	423596	462566	TBC1D20	0	-	38970
chr20	3208868	3223870	ITPA	0	+	15002
chr20	833715	857463	FAM110A	0	+	23748
chr20	3046052	3048250	MRPS26	0	+	2198
chr19	3172346	3180332	S1PR4	0	+	7986
chr19	3185563	3209575	NCLN	0	+	24012
chr1	23303771	23344336	HNRNPR	0	-	40565
chr1	23359448	23369836	ZNF436	0	-	10388
chr14	64914485	65061803	CHURC1-FNTB	0	+	147318
chrX	102599168	102604159	ARMCX5	0	+	4991
chr20	35433347	35454746	GDF5	0	-	21399
chr20	33657087	33674463	NECAB3	0	-	17376
chr20	31605283	31606515	ID1	0	+	1232
chr20	33993646	34108308	RALY	0	+	114662
chr20	35542038	35557634	ERGIC3	0	+	15596
chr20	35699272	35700984	ROMO1	0	+	1712
chr20	33273480	33309871	BPIFB1	0	+	36391
chr20	35455164	35519280	CEP250	0	+	64116
chr20	32192504	32207743	PLAGL2	0	-	15239
chr20	35201745	35278131	MMP24OS	0	-	76386
chrX	16123565	16153518	GRPR	0	+	29953
chrX	53176283	53225422	KDM5C	0	-	49139
chrX	112774503	112840831	AMOT	0	-	66328
chr1	35599541	35641526	PSMB2	0	-	41985
chr1	35930718	36072500	AGO3	0	+	141782
chr1	45002540	45011324	HECTD3	0	-	8784
chr14	103561896	103714249	KLC1	0	+	152353
chr13	112485011	112588205	TUBGCP3	0	-	103194
chr13	112894378	113099742	MCF2L	0	+	205364
chr13	113122799	113149529	F10	0	+	26730
chr19	35935358	35946624	LRFN3	0	+	11266
chr19	36139953	36150353	CAPNS1	0	+	10400
chr19	34404399	34426168	PDCD2L	0	+	21769
chr19	35629030	35637686	RBM42	0	+	8656
chr19	34428352	34471251	UBA2	0	+	42899
chr19	35443907	35451767	FFAR2	0	+	7860
chr19	35902529	35904377	HCST	0	+	1848
chr19	35648323	35658782	COX6B1	0	+	10459
chr17	40553769	40565472	CCR7	0	-	11703
chr17	40092793	40100589	NR1D1	0	-	7796
chr11	65386621	65413525	FRMD8	0	+	26904
chr11	64318121	64321811	PRDX5	0	+	3690
chr19	49665142	49673916	BCL2L12	0	+	8774
chr19	49675786	49689029	PRMT1	0	+	13243
chr19	49635292	49640143	RRAS	0	-	4851
chr19	49642209	49658642	SCAF1	0	+	16433
chr19	49591182	49626439	PRR12	0	+	35257
chr4	69931068	69946574	CSN1S1	0	+	15506
chr17	42287547	42311943	STAT5A	0	+	24396
chr17	42780610	42797066	WNK4	0	+	16456
chr17	42810134	42833350	BECN1	0	-	23216
chr16	4314761	4339597	GLIS2	0	+	24836
chr17	30115521	30186475	NSRP1	0	+	70954
chr1	28199456	28233029	DNAJC8	0	-	33573
chr1	27534035	27604431	AHDC1	0	-	70396
chr1	27666064	27672212	IFI6	0	-	6148
chr12	6666477	6689572	ZNF384	0	-	23095
chrX	47651796	47659180	UXT	0	-	7384
chrX	47623172	47630305	CFP	0	-	7133
chrX	47635521	47650604	ELK1	0	-	15083
chr14	60091911	60169133	PCNX4	0	+	77222
chr14	55559072	55701526	KTN1	0	+	142454
chr14	60643421	60658259	SIX1	0	-	14838
chr14	63204114	63293508	RHOJ	0	+	89394
chr14	55148112	55191608	DLGAP5	0	-	43496
chr14	64535905	64546173	HSPA2	0	+	10268
chr14	64503712	64533690	ZBTB1	0	+	29978
chr14	63684216	63728065	SGPP1	0	-	43849
chr12	9148840	9208395	PZP	0	-	59555
chr17	32142454	32253374	RHOT1	0	+	110920
chr7	158856558	158956747	DYNC2I1	0	+	100189
chr9	131096476	131123152	AIF1L	0	+	26676
chr9	131258076	131276510	FAM78A	0	-	18434
chr9	131125586	131234663	NUP214	0	+	109077
chrX	154487306	154490690	SLC10A3	0	-	3384
chr19	4090321	4124122	MAP2K2	0	-	33801
chrX	101550547	101554700	ARMCX1	0	+	4153
chrX	101345661	101348742	TIMM8A	0	-	3081
chrX	64915802	65034713	ZC4H2	0	-	118911
chr5	179678628	179731641	CANX	0	+	53013
chr1	1311585	1324687	INTS11	0	-	13102
chr9	92844182	92878038	ZNF484	0	-	33856
chr9	92947523	93036236	FGD3	0	+	88713
chr1	41506365	42035925	HIVEP3	0	-	529560
chr1	41478775	41484683	EDN2	0	-	5908
chr14	99169287	99272197	BCL11B	0	-	102910
chr5	86617928	86620962	COX7C	0	+	3034
chr9	136881912	136926607	TRAF2	0	+	44695
chr19	17292131	17310236	ABHD8	0	-	18105
chr3	193398967	193593111	ATP13A4	0	-	194144
chr12	66302493	66343643	HELB	0	+	41150
chr12	68610855	68671901	RAP1B	0	+	61046
chr12	71125085	71441898	TSPAN8	0	-	316813
chr12	69738860	69823204	RAB3IP	0	+	84344
chr12	70515870	70637440	PTPRB	0	-	121570
chr12	67648338	67665406	DYRK2	0	+	17068
chr12	69359710	69390870	YEATS4	0	+	31160
chr4	986997	1004564	IDUA	0	+	17567
chr4	1009936	1026898	FGFRL1	0	+	16962
chr4	932387	958656	TMEM175	0	+	26269
chr1	25831913	25859458	AUNIP	0	-	27545
chr19	9835257	9849689	PIN1	0	+	14432
chr19	9810267	9827816	FBXL12	0	-	17549
chr1	19215660	19251552	EMC1	0	-	35892
chr1	19074510	19210266	UBR4	0	-	135756
chr1	20740266	20787323	HP1BP3	0	-	47057
chr19	14732392	14778560	ADGRE2	0	-	46168
chr19	16829398	16880353	SIN3B	0	+	50955
chr19	16355239	16472085	EPS15L1	0	-	116846
chr19	16324826	16328685	KLF2	0	+	3859
chr19	16888999	16892606	F2RL3	0	+	3607
chr16	1984193	1987749	GFER	0	+	3556
chr16	1989660	1994275	SYNGR3	0	+	4615
chr16	2968024	2980479	PKMYT1	0	-	12455
chr16	684622	690444	WDR24	0	-	5822
chr16	692498	705808	FBXL16	0	-	13310
chr16	788046	800737	CHTF18	0	+	12691
chr1	39081316	39487177	MACF1	0	+	405861
chr19	10960932	11079426	SMARCA4	0	+	118494
chr19	4969113	5153598	KDM4B	0	+	184485
chr19	4815932	4831712	TICAM1	0	-	15780
chr17	2405562	2511891	METTL16	0	-	106329
chr2	219249710	219277902	TUBA4A	0	-	28192
chr2	218269651	218346793	PNKD	0	+	77142
chr13	23570370	23676104	TNFRSF19	0	+	105734
chr13	26132115	26222314	RNF6	0	-	90199
chr10	133362485	133373354	ECHS1	0	-	10869
chr19	56661980	56671783	ZNF835	0	-	9803
chr7	91940840	92110673	AKAP9	0	+	169833
chr7	93921735	93928610	GNG11	0	+	6875
chr7	96481626	96709880	SEM1	0	-	228254
chr7	75533298	75738962	HIP1	0	-	205664
chr7	77537295	77640069	PTPN12	0	+	102774
chr7	75899200	75986855	POR	0	+	87655
chr7	75996338	76048004	STYXL1	0	-	51666
chr7	88270892	88306894	STEAP4	0	-	36002
chr7	79768028	80226181	GNAI1	0	+	458153
chr7	92487020	92528520	PEX1	0	-	41500
chr7	91692008	91880702	MTERF1	0	-	188694
chr7	94524204	94656572	SGCE	0	-	132368
chr7	92528773	92540481	RBM48	0	+	11708
chr19	40028260	40056231	ZNF780B	0	-	27971
chr19	39306566	39320863	LRFN1	0	-	14297
chr19	39406847	39409412	ZFP36	0	+	2565
chr4	52862317	52866835	RASL11B	0	+	4518
chr4	56435741	56464578	PAICS	0	+	28837
chr4	55078481	55125595	KDR	0	-	47114
chr4	56393362	56435615	PPAT	0	-	42253
chr22	50217689	50245023	TUBGCP6	0	-	27334
chr22	50481543	50486440	ADM2	0	+	4897
chr22	20314238	20320080	DGCR6L	0	-	5842
chr22	20080232	20111877	DGCR8	0	+	31645
chr22	21642302	21644299	SDF2L1	0	+	1997
chr22	39457012	39492194	MGAT3	0	+	35182
chr22	39519695	39522683	ATF4	0	+	2988
chr22	37560480	37569405	CDC42EP1	0	+	8925
chr22	36140330	36166177	APOL3	0	-	25847
chr22	40679273	40682812	MCHR1	0	+	3539
chr22	26521996	26596717	TPST2	0	-	74721
chr22	38084652	38111015	BAIAP2L2	0	-	26363
chr22	37019635	37029821	MPST	0	+	10186
chr22	36226209	36239954	APOL2	0	-	13745
chr22	37225270	37244448	RAC2	0	-	19178
chr22	30240453	30246759	LIF	0	-	6306
chr22	38952741	38992778	APOBEC3A	0	+	40037
chr22	39040604	39055972	APOBEC3F	0	+	15368
chr22	45413693	45432509	RIBC2	0	+	18816
chr17	41619442	41624842	KRT17	0	-	5400
chr17	20008865	20319026	SPECC1	0	+	310161
chr7	130293134	130324180	CPA4	0	+	31046
chr7	111726110	112206407	DOCK4	0	-	480297
chr7	124822386	124929983	POT1	0	-	107597
chr7	118184144	118204035	LSM8	0	+	19891
chr7	105876796	106036432	CDHR3	0	+	159636
chr7	102363872	102426676	PRKRIP1	0	+	62804
chr7	101162509	101165569	VGF	0	-	3060
chr7	131500262	131558217	PODXL	0	-	57955
chr7	114086327	114693772	FOXP2	0	+	607445
chr7	129434432	129488399	STRIP2	0	+	53967
chr7	101310914	101321823	IFT22	0	-	10909
chr7	131110096	131496632	MKLN1	0	+	386536
chr7	108569867	108574850	DNAJB9	0	+	4983
chr7	128830406	128859274	FLNC	0	+	28868
chr7	128739292	128773400	CALU	0	+	34108
chr7	128790757	128822132	CCDC136	0	+	31375
chr7	129188633	129213545	SMO	0	+	24912
chr7	128937457	128950038	IRF5	0	+	12581
chr7	130070534	130135705	KLHDC10	0	+	65171
chr7	123536997	123557904	NDUFA5	0	-	20907
chr2	191245185	191425389	MYO1B	0	+	180204
chr2	176136612	176173102	HOXD3	0	+	36490
chr2	176269395	176338025	MTX2	0	+	68630
chr2	177623244	178108339	PDE11A	0	-	485095
chr2	174798809	175005381	CHN1	0	-	206572
chr2	170813213	170861151	GAD1	0	+	47938
chr2	176122719	176124937	HOXD9	0	+	2218
chr2	176108790	176119937	HOXD10	0	+	11147
chr15	28111040	28322179	HERC2	0	-	211139
chr15	24823637	24978723	SNRPN	0	+	155086
chr18	9334767	9402420	TWSG1	0	+	67653
chr10	48446036	48656265	ARHGAP22	0	-	210229
chr10	48684873	48982956	WDFY4	0	+	298083
chr15	39934115	40035591	EIF2AK4	0	+	101476
chr15	52192322	52295804	MYO5C	0	-	103482
chr15	57375967	57550717	CGNL1	0	+	174750
chr15	51751597	51816363	TMOD2	0	+	64766
chr15	42738730	42920809	TTBK2	0	-	182079
chr15	40528683	40565057	CCDC32	0	-	36374
chr15	40978880	41116280	INO80	0	-	137400
chr15	60419609	60479160	ICE2	0	-	59551
chr15	40929340	40939073	DLL4	0	+	9733
chr15	57953424	58497866	ALDH1A2	0	-	544442
chr15	58771192	58861900	MINDY2	0	+	90708
chr15	40405485	40435947	IVD	0	+	30462
chr15	40382721	40394288	KNSTRN	0	+	11567
chr15	48331011	48343373	DUT	0	+	12362
chr15	40952962	40956512	CHAC1	0	+	3550
chr15	68206992	68257211	CLN6	0	-	50219
chr15	52547045	52569883	ARPP19	0	-	22838
chr15	61852389	62060473	VPS13C	0	-	208084
chr15	74173710	74176872	ISLR	0	+	3162
chr15	73925989	73952137	LOXL1	0	+	26148
chr11	14443440	14500027	COPB1	0	-	56587
chr11	14504874	14643635	PSMA1	0	-	138761
chr7	56064002	56080670	SUMF2	0	+	16668
chr4	168497052	168928457	PALLD	0	+	431405
chr4	176319966	176332245	SPCS3	0	+	12279
chr11	27040725	27127809	BBOX1	0	+	87084
chr11	17788048	18013047	SERGEF	0	-	224999
chr11	18017555	18046269	TPH1	0	-	28714
chr11	19224063	19241620	E2F8	0	-	17557
chr4	182890060	182917936	DCTD	0	-	27876
chr17	5116032	5175034	USP6	0	+	59002
chr17	4807152	4823434	PLD2	0	+	16282
chr17	7579491	7582111	CD68	0	+	2620
chr17	7646627	7657770	ATP1B2	0	+	11143
chr17	7591230	7614897	FXR2	0	-	23667
chr17	4997950	5028401	KIF1C	0	+	30451
chr8	132775358	132848807	PHF20L1	0	+	73449
chr8	132570416	132675592	DNAAF11	0	-	105176
chr12	48688458	48716998	CCNT1	0	-	28540
chr12	43718992	43758793	PUS7L	0	-	39801
chr19	10553085	10566031	KRI1	0	-	12946
chr19	10654261	10692417	ILF3	0	+	38156
chr19	10602457	10644557	SLC44A2	0	+	42100
chr19	10572671	10587315	AP1M2	0	-	14644
chr19	10566460	10569059	CDKN2D	0	-	2599
chr8	17643795	17801094	MTUS1	0	-	157299
chr19	51077495	51084245	KLK14	0	-	6750
chr19	51124906	51136651	SIGLEC9	0	+	11745
chr19	51012739	51020175	KLK10	0	-	7436
chr14	23469689	23509862	NGDN	0	+	40173
chr14	24336025	24340022	RIPK3	0	-	3997
chr14	24318349	24335093	ADCY4	0	-	16744
chr14	31446036	31457506	DTD2	0	-	11470
chr14	20343615	20357904	PARP2	0	+	14289
chr14	31291788	31420550	HEATR5A	0	-	128762
chr14	34561093	34630160	SNX6	0	-	69067
chr14	34515938	34539704	EAPP	0	-	23766
chr14	33924227	34462774	EGLN3	0	-	538547
chr14	45203190	45253540	MIS18BP1	0	-	50350
chr14	24078662	24115010	NRL	0	-	36348
chr14	20801228	20802855	RNASE1	0	-	1627
chr14	22564907	22589224	DAD1	0	-	24317
chr14	20365667	20413501	TEP1	0	-	47834
chr5	112142441	112419313	EPB41L4A	0	-	276872
chr5	115804733	115816659	CDO1	0	-	11926
chr5	112876385	112922289	REEP5	0	-	45904
chr16	47154387	47464149	ITFG1	0	-	309762
chr17	76274049	76308276	QRICH2	0	-	34227
chr17	76136333	76141245	FOXJ1	0	-	4912
chr17	77088749	77217101	SEC14L1	0	+	128352
chr17	76470891	76501790	RHBDF2	0	-	30899
chrX	136665547	136780932	ARHGEF6	0	-	115385
chrX	136213220	136256482	MAP7D3	0	-	43262
chrX	138614727	139222777	FGF13	0	-	608050
chr8	38105493	38144076	ASH2L	0	+	38583
chr8	33473386	33513185	TTI2	0	-	39799
chr11	2883213	2885775	CDKN1C	0	-	2562
chr3	20160593	20186206	SGO1	0	-	25613
chrY	2841602	2932000	RPS4Y1	0	+	90398
chr19	1852399	1863579	KLF16	0	-	11180
chr16	370788	387113	PGAP6	0	-	16325
chr19	3490821	3500674	DOHH	0	-	9853
chr19	19320829	19358754	MAU2	0	+	37925
chr19	416589	461033	SHC2	0	-	44444
chr19	812488	821955	PLPPR3	0	-	9467
chr19	1876810	1885496	ABHD17A	0	-	8686
chr20	38346482	38377013	LBP	0	+	30531
chr19	55171196	55180289	SYT5	0	-	9093
chr19	55151767	55157773	TNNI3	0	-	6006
chr16	88874858	88977207	CBFA2T3	0	-	102349
chr19	1397026	1401570	GAMT	0	-	4544
chr6	169751622	169781600	ERMARD	0	+	29978
chr6	169703902	169725566	PHF10	0	-	21664
chr12	4720400	4851927	GALNT8	0	+	131527
chr12	3606633	3764819	CRACR2A	0	-	158186
chr9	88534033	88584274	NXNL2	0	+	50241
chrX	68647666	68725842	STARD8	0	+	78176
chrX	69504326	69532508	NALF2	0	+	28182
chrX	23783173	23786210	SAT1	0	+	3037
chrX	54530183	54621521	GNL3L	0	+	91338
chr2	234952017	235055714	SH3BP4	0	+	103697
chrX	14873421	14922327	MOSPD2	0	+	48906
chr19	11199295	11262524	DOCK6	0	-	63229
chr19	11505929	11529172	ECSIT	0	-	23243
chr19	11089462	11133820	LDLR	0	+	44358
chr19	11551147	11559236	ELOF1	0	-	8089
chr19	11435284	11450968	PRKCSH	0	+	15684
chr19	11538767	11550323	CNN1	0	+	11556
chr13	114234887	114272723	CDC16	0	+	37836
chr8	142727223	142736927	THEM6	0	+	9704
chr19	44846175	44889223	NECTIN2	0	+	43048
chr19	44905791	44909393	APOE	0	+	3602
chr19	44890569	44903689	TOMM40	0	+	13120
chr19	44914247	44919349	APOC1	0	+	5102
chr9	89605012	89606555	GADD45G	0	+	1543
chrX	115110616	115234096	LRCH2	0	-	123480
chr8	21919662	22006585	XPO7	0	+	86923
chr19	1782075	1812276	ATP8B3	0	-	30201
chr19	19211958	19252233	NCAN	0	+	40275
chr2	240713761	240824293	KIF1A	0	-	110532
chr19	17334920	17342731	GTPBP3	0	+	7811
chr19	17351450	17377342	PLVAP	0	-	25892
chr19	17402939	17405630	BST2	0	-	2691
chr19	17468769	17506168	SLC27A1	0	+	37399
chr7	73302516	73308826	NSUN5	0	-	6310
chr19	17249171	17282786	USHBP1	0	-	33615
chr19	17555649	17583162	COLGALT1	0	+	27513
chr19	17511636	17521288	PGLS	0	+	9652
chr6	158232236	158511828	TULP4	0	+	279592
chr6	157700387	157945077	SNX9	0	+	244690
chr6	106629578	106668417	QRSL1	0	+	38839
chr6	107028199	107051586	MTRES1	0	+	23387
chr6	158972871	159000202	RSPH3	0	-	27331
chr19	6210381	6279975	MLLT1	0	-	69594
chr6	167826911	167972023	AFDN	0	+	145112
chr19	38647649	38731589	ACTN4	0	+	83940
chr2	239892450	240025743	NDUFA10	0	-	133293
chr19	53991637	54012666	CACNG6	0	+	21029
chr5	61332258	61546172	ZSWIM6	0	+	213914
chr19	17747718	17788568	FCHO1	0	+	40850
chr19	17601336	17688365	UNC13A	0	-	87029
chr19	17719242	17734513	MAP1S	0	+	15271
chr22	50545899	50551023	KLHDC7B	0	+	5124
chr2	1631887	1744852	PXDN	0	-	112965
chr19	18418864	18434562	SSBP4	0	+	15698
chr19	18374731	18389176	GDF15	0	+	14445
chr19	18340598	18369950	PGPEP1	0	+	29352
chr19	18257098	18274500	IQCN	0	-	17402
chr19	18306236	18323112	LSM4	0	-	16876
chr19	18279694	18281622	JUND	0	-	1928
chr19	49151198	49155396	HRC	0	-	4198
chr19	49157741	49211836	TRPM4	0	+	54095
chr22	43824509	43862513	SULT4A1	0	-	38004
chr19	7069703	7087968	ZNF557	0	+	18265
chr9	135075422	135121180	OLFM1	0	+	45758
chr9	135808487	135907546	CAMSAP1	0	-	99059
chr9	135932969	135961373	UBAC1	0	-	28404
chr20	63743668	63832038	ZBTB46	0	-	88370
chr20	63558086	63574239	HELZ2	0	-	16153
chr20	63974116	63980008	SAMD10	0	-	5892
chr11	1850904	1892267	LSP1	0	+	41363
chr11	1919703	1938706	TNNT3	0	+	19003
chr11	1838981	1841680	TNNI2	0	+	2699
chr9	134641803	134844843	COL5A1	0	+	203040
chr22	45671798	45845307	ATXN10	0	+	173509
chr9	137459952	137550402	PNPLA7	0	-	90450
chr19	39125770	39182816	PAK4	0	+	57046
chr7	156994051	157010663	MNX1	0	-	16612
chr20	25673195	25696853	ZNF337	0	-	23658
chr1	26234200	26278808	CEP85	0	+	44608
chr20	61953469	62065881	TAF4	0	-	112412
chr20	62463497	62475995	GATA5	0	-	12498
chr20	62410237	62427539	RBBP8NL	0	-	17302
chr20	62307955	62367312	LAMA5	0	-	59357
chr20	62231922	62296213	OSBPL2	0	+	64291
chr9	130444961	130501274	ASS1	0	+	56313
chr9	130693721	130707288	EXOSC2	0	+	13567
chr9	131502789	131523806	POMT1	0	+	21017
chr9	130902438	130939286	FIBCD1	0	-	36848
chr19	58551452	58555105	CHMP2A	0	-	3653
chr19	58555712	58558954	UBE2M	0	-	3242
chr19	58544064	58550722	TRIM28	0	+	6658
chr16	634427	636366	METTL26	0	-	1939
chrX	24054946	24078810	EIF2S3	0	+	23864
chr19	47045909	47048624	TMEM160	0	-	2715
chr19	47019837	47045775	NPAS1	0	+	25938
chr19	39328353	39342372	GMFG	0	-	14019
chr19	40191426	40215575	MAP3K10	0	+	24149
chr1	3454665	3481113	ARHGEF16	0	+	26448
chr1	3778559	3796498	LRRC47	0	-	17939
chr1	28259518	28282491	SESN2	0	+	22973
chr1	27935000	27959157	SMPDL3B	0	+	24157
chr1	28236109	28246906	ATP5IF1	0	+	10797
chr1	28329002	28335965	MED18	0	+	6963
chr1	27872543	27886685	THEMIS2	0	+	14142
chr12	122271432	122422669	CLIP1	0	-	151237
chr12	122834453	122862961	HIP1R	0	+	28508
chr19	9140397	9163424	ZNF317	0	+	23027
chr19	10115014	10119918	EIF3G	0	-	4904
chr19	10092338	10102678	ANGPTL6	0	-	10340
chr19	10133342	10231286	DNMT1	0	-	97944
chr19	9523223	9538645	ZNF426	0	-	15422
chrX	153669733	153689010	PNCK	0	-	19277
chrX	154762742	154777689	DKC1	0	+	14947
chrX	154458281	154477779	PLXNA3	0	+	19498
chrX	153642492	153651326	DUSP9	0	+	8834
chrX	154778684	154821007	MPP1	0	-	42323
chr19	53519527	53580269	ZNF331	0	+	60742
chr18	76822557	76972901	ZNF236	0	+	150344
chr19	33177603	33208864	LRP3	0	+	31261
chr17	67717931	67744531	NOL11	0	+	26600
chr1	10032832	10181239	UBE4B	0	+	148407
chr1	10636604	10796650	CASZ1	0	-	160046
chrX	47190861	47215128	UBA1	0	+	24267
chrX	47078355	47093314	RGN	0	+	14959
chr4	2071918	2242121	POLN	0	-	170203
chr6	149504495	149546043	PPIL4	0	-	41548
chr6	149942014	149949235	ULBP2	0	+	7221
chr6	151239967	151358559	AKAP12	0	+	118592
chr6	152121687	152637801	SYNE1	0	-	516114
chr6	149658153	149718105	LATS1	0	-	59952
chr19	55072020	55087923	EPS8L1	0	+	15903
chr19	54273812	54281184	LILRB2	0	-	7372
chr20	36236131	36270918	AAR2	0	+	34787
chr20	31870634	31945000	TTLL9	0	+	74366
chr20	35701347	35742312	RBM39	0	-	40965
chr20	31637912	31645006	COX4I2	0	+	7094
chr20	33731657	33792269	ZNF341	0	+	60612
chr20	34872146	34927962	ACSS2	0	+	55816
chrX	66595637	66639298	EDA2R	0	-	43661
chrX	63634967	63809274	ARHGEF9	0	-	174307
chr17	44903159	44916937	GFAP	0	-	13778
chr22	17592136	17628749	ATP6V1E1	0	-	36613
chr4	337814	384868	ZNF141	0	+	47054
chr16	85771758	85799608	EMC8	0	-	27850
chr16	85169525	85676204	GSE1	0	+	506679
chr16	89640816	89657738	CHMP1A	0	-	16922
chrX	81202102	81298547	SH3BGRL	0	+	96445
chrX	77899440	77907376	COX7B	0	+	7936
chr5	177446445	177456286	PRR7	0	+	9841
chr18	79395856	79529325	NFATC1	0	+	133469
chr8	39902275	39928790	IDO1	0	+	26515
chr1	40040233	40072649	CAP1	0	+	32416
chr1	40072710	40097260	PPT1	0	-	24550
chr17	31391675	31538211	RAB11FIP4	0	+	146536
chrX	74582976	74614624	RLIM	0	-	31648
chr14	102777449	102911500	TRAF3	0	+	134051
chr19	17049729	17075625	HAUS8	0	-	25896
chr3	15254353	15341368	SH3BP5	0	-	87015
chr3	17157162	18444817	TBC1D5	0	-	1287655
chr3	15206152	15252916	CAPN7	0	+	46764
chr3	16313574	16514026	RFTN1	0	-	200452
chr3	15070073	15099163	RBSN	0	-	29090
chr3	16174680	16231992	GALNT15	0	+	57312
chr3	14402576	14489349	SLC6A6	0	+	86773
chr19	50329653	50383388	NR1H2	0	+	53735
chr5	132692628	132737638	KIF3A	0	-	45010
chr5	180784780	180815652	MGAT1	0	-	30872
chr5	180300698	180353336	GFPT2	0	-	52638
chr17	42998273	43002959	RPL27	0	+	4686
chr17	42851184	42858130	AOC3	0	+	6946
chr17	41866917	41930542	ACLY	0	-	63625
chr17	42773449	42779599	VPS25	0	+	6150
chr17	42758447	42763041	RAMP2	0	+	4594
chr5	141515016	141619055	DIAPH1	0	-	104039
chr5	142108779	142154440	NDFIP1	0	+	45661
chr5	139526431	139628434	UBE2D2	0	+	102003
chr7	133253073	134066589	EXOC4	0	+	813516
chr1	1292390	1309609	ACAP3	0	-	17219
chr1	1081818	1116361	C1orf159	0	-	34543
chr11	69985907	70189530	ANO1	0	+	203623
chr11	70270690	70385312	PPFIA1	0	+	114622
chr16	2155698	2178129	TRAF7	0	+	22431
chr9	93951627	93955355	BARX1	0	-	3728
chr9	93121496	93134251	NINJ1	0	-	12755
chr1	8945867	8975092	CA6	0	+	29225
chr1	5862811	5992473	NPHP4	0	-	129662
chr5	72107234	72209565	MAP1B	0	+	102331
chrX	118727133	118794535	IL13RA1	0	+	67402
chrX	118346073	118449961	WDR44	0	+	103888
chr5	81233320	81266398	CKMT2	0	+	33078
chr5	81301587	81313297	ZCCHC9	0	+	11710
chr17	40475828	40501623	TNS4	0	-	25795
chr17	40388525	40417896	TOP2A	0	-	29371
chr17	39637090	39664201	STARD3	0	+	27111
chr17	40309180	40357643	RARA	0	+	48463
chr17	39626740	39636626	PPP1R1B	0	+	9886
chr8	135457456	135656722	KHDRBS3	0	+	199266
chr1	147175351	147243050	FMO5	0	-	67699
chr1	145848522	145859836	PIAS3	0	-	11314
chr1	147155106	147172550	PRKAB2	0	-	17444
chrX	17800049	17861337	RAI2	0	-	61288
chr5	71579531	71658706	MCCC2	0	+	79175
chr19	57351271	57359898	ZNF304	0	+	8627
chr19	56219670	56368383	ZSCAN5A	0	-	148713
chr19	58432814	58440153	ZNF132	0	-	7339
chr15	101270817	101277500	SELENOS	0	-	6683
chr15	101175727	101252048	CHSY1	0	-	76321
chr17	18225635	18244875	LLGL1	0	+	19240
chr1	26410817	26429728	LIN28A	0	+	18911
chr8	42836674	42843325	THAP1	0	-	6651
chr19	32978592	33064888	RHPN2	0	-	86296
chr19	29698937	29715789	C19orf12	0	-	16852
chr19	32972209	32978229	FAAP24	0	+	6020
chr14	54842008	54902826	GCH1	0	-	60818
chr14	55124110	55145423	LGALS3	0	+	21313
chr19	13931187	13953392	PODNL1	0	-	22205
chr19	13795443	13832254	ZSWIM4	0	+	36811
chr19	12688053	12696631	FBXW9	0	-	8578
chr19	13961530	14007039	RFX1	0	-	45509
chr19	12092843	12140355	ZNF20	0	-	47512
chr19	13906201	13930879	CC2D1A	0	+	24678
chr2	19992052	20012668	MATN3	0	-	20616
chr11	4384897	4393702	TRIM21	0	-	8805
chr1	48295373	48472208	SPATA6	0	-	176835
chr1	46261196	46303616	LRRC41	0	-	42420
chr17	34927859	34981078	CCT6B	0	-	53219
chr3	47802909	47850195	DHX30	0	+	47286
chr3	12582101	12664201	RAF1	0	-	82100
chr3	10816201	10940714	SLC6A11	0	+	124513
chr3	12287368	12434356	PPARG	0	+	146988
chr3	13316235	13420322	NUP210	0	-	104087
chr1	161706972	161714352	FCRLA	0	+	7380
chr1	162790702	162812823	HSD17B7	0	+	22121
chr18	670318	712662	ENOSF1	0	-	42344
chr18	2847006	2916003	EMILIN2	0	+	68997
chr16	30193875	30197561	SLX1A	0	+	3686
chr11	6474683	6481479	ARFIP2	0	-	6796
chr11	5689697	5737089	TRIM22	0	+	47392
chr11	6595072	6603616	RRP8	0	-	8544
chr8	131904093	132013642	EFR3A	0	+	109549
chr2	86106223	86142157	PTCD3	0	+	35934
chr2	86143932	86195472	IMMT	0	-	51540
chr2	86199355	86213790	MRPL35	0	+	14435
chr2	236324147	236507535	IQCA1	0	-	183388
chr2	238170402	238203708	ILKAP	0	-	33306
chr2	238244044	238290102	PER2	0	-	46058
chr2	237858893	237912106	RAMP1	0	+	53213
chr10	127907103	128085855	PTPRE	0	+	178752
chr12	130872037	130877678	RAN	0	+	5641
chr5	40759389	40798374	PRKAA1	0	-	38985
chr5	40841308	40860175	CARD6	0	+	18867
chr17	2755705	3037741	RAP1GAP2	0	+	282036
chr17	2689386	2712663	CLUH	0	-	23277
chr17	1494577	1516742	INPP5K	0	-	22165
chr17	1829702	1900082	RPA1	0	+	70380
chr17	1762029	1777565	SERPINF1	0	+	15536
chr17	4269259	4366675	UBE2G1	0	-	97416
chr3	128153481	128408646	EEFSEC	0	+	255165
chr4	6909242	7033118	TBC1D14	0	+	123876
chr4	4235542	4248223	TMEM128	0	-	12681
chr6	99369401	99394195	COQ3	0	-	24794
chr6	99397629	99425331	PNISR	0	-	27702
chr7	54752250	54759974	SEC61G	0	-	7724
chr7	55365337	55433737	LANCL2	0	+	68400
chr7	50458436	50565405	DDC	0	-	106969
chr4	70815783	70839897	GRSF1	0	-	24114
chr4	70628744	70646824	ENAM	0	+	18080
chr4	70655541	70681817	JCHAIN	0	-	26276
chr4	73073376	73258798	ANKRD17	0	-	185422
chr4	70688532	70690551	UTP3	0	+	2019
chr17	75721328	75757818	ITGB4	0	+	36490
chr17	75845699	75856507	WBP2	0	-	10808
chr17	75784806	75825799	UNK	0	+	40993
chr17	75874164	75878581	TRIM47	0	-	4417
chr1	71063291	71081289	ZRANB2	0	-	17998
chr17	7306999	7312463	EIF5A	0	+	5464
chr17	7834217	7854796	KDM6B	0	+	20579
chr17	7074537	7080307	CLEC10A	0	-	5770
chr17	5032600	5052009	SLC52A1	0	-	19409
chr17	6755447	6775647	XAF1	0	+	20200
chr17	7187187	7219841	DLG4	0	-	32654
chr8	98102344	98117171	RIDA	0	-	14827
chr8	99013266	99877580	VPS13B	0	+	864314
chr8	99960936	100131268	RGS22	0	-	170332
chr8	97868840	98036724	MATN2	0	+	167884
chr5	138439057	138446969	REEP2	0	+	7912
chr5	134905120	135007959	PCBD2	0	+	102839
chr17	28648346	28662189	SDF2	0	-	13843
chr17	28879335	28897733	FLOT2	0	-	18398
chr16	70661204	70686053	MTSS2	0	-	24849
chr20	3732685	3753111	HSPA12B	0	+	20426
chr20	9986126	10058303	ANKEF1	0	+	72177
chr20	10172395	10308258	SNAP25	0	+	135863
chr20	11890723	11926609	BTBD3	0	+	35886
chr20	5114953	5126626	PCNA	0	-	11673
chr20	23350791	23354771	NXT1	0	+	3980
chr20	18467389	18484646	POLR3F	0	+	17257
chr20	19757606	20002457	RIN2	0	+	244851
chr20	2873420	3039076	PTPRA	0	+	165656
chr1	155687960	155739010	DAP3	0	+	51050
chr1	156369211	156385219	RHBG	0	+	16008
chr1	155913045	155934413	KHDC4	0	-	21368
chr1	160151586	160186980	ATP1A4	0	+	35394
chr1	156668763	156677407	NES	0	-	8644
chr1	156641390	156659532	BCAN	0	+	18142
chr1	156934840	157045742	ARHGEF11	0	-	110902
chr1	156061160	156070504	RAB25	0	+	9344
chr1	155859567	155885199	SYT11	0	+	25632
chr11	68903863	68940602	IGHMBP2	0	+	36739
chr11	67642555	67650730	ACY3	0	-	8175
chr11	67662160	67681224	ALDH3B2	0	-	19064
chr11	68707440	68751520	TESMIN	0	-	44080
chr1	43970000	43973369	DPH2	0	+	3369
chr1	45583846	45618904	NASP	0	+	35058
chr20	37693955	37872129	CTNNBL1	0	+	178174
chr20	41340821	41360582	LPIN3	0	+	19761
chr20	45857614	45879122	ZSWIM3	0	+	21508
chr20	57391396	57409333	RBM38	0	+	17937
chr20	37903111	37945350	VSTM2L	0	+	42239
chr20	44195939	44210771	OSER1	0	-	14832
chr20	44496221	44522085	SERINC3	0	-	25864
chr5	78997564	79236038	DMGDH	0	-	238474
chr5	78002326	78294698	AP3B1	0	-	292372
chr1	61742477	62178675	PATJ	0	+	436198
chr1	62236165	62319434	KANK4	0	-	83269
chr18	43267892	43277535	SYT4	0	-	9643
chr1	16231692	16237183	CPLANE2	0	-	5491
chr1	15490832	15526534	CASP9	0	-	35702
chr5	150708440	150759095	DCTN4	0	-	50655
chr13	25371974	26025851	ATP8A2	0	+	653877
chr13	19823482	19863649	ZMYM5	0	-	40167
chr13	30617693	30660770	USPL1	0	+	43077
chr13	20777329	20903048	XPO4	0	-	125719
chr13	28659104	28678959	POMP	0	+	19855
chr13	26254104	26405238	CDK8	0	+	151134
chr13	30713478	30764426	ALOX5AP	0	+	50948
chr13	26557683	26688948	WASF3	0	+	131265
chr13	26755200	26760786	GPR12	0	-	5586
chr1	239386565	239915452	CHRM3	0	+	528887
chr17	8474207	8631376	MYH10	0	-	157169
chr17	17505563	17591708	PEMT	0	-	86145
chr17	10672474	10698375	SCO1	0	-	25901
chr17	17042457	17217679	MPRIP	0	+	175222
chr1	203178931	203186704	CHI3L1	0	-	7773
chr1	204422628	204494805	PIK3C2B	0	-	72177
chr1	205142505	205211702	DSTYK	0	-	69197
chr1	203212827	203273641	CHIT1	0	-	60814
chr1	205789094	205813748	SLC41A1	0	-	24654
chr1	202193799	202319781	LGR6	0	+	125982
chr1	205227946	205285632	TMCC2	0	+	57686
chr13	35768652	36131382	DCLK1	0	-	362730
chr13	36431520	36442870	CCNA1	0	+	11350
chr13	39655627	39791665	COG6	0	+	136038
chr13	36301638	36370180	SPART	0	-	68542
chr13	42886388	42992271	EPSTI1	0	-	105883
chr13	37562583	37598844	POSTN	0	-	36261
chr13	36819222	36829104	RFXAP	0	+	9882
chr13	45333471	45341284	TPT1	0	-	7813
chr13	44989529	45037669	GPALPP1	0	+	48140
chr13	33016423	33066143	KL	0	+	49720
chr13	33818069	33966558	RFC3	0	+	148489
chr13	33103137	33350630	STARD13	0	-	247493
chrX	108719946	108736563	IRS4	0	-	16617
chrX	106813871	107000212	MORC4	0	-	186341
chrX	103309346	103311007	BEX2	0	-	1661
chrX	106693794	106797016	RNF128	0	+	103222
chrX	103576231	103587729	TCEAL4	0	+	11498
chrX	103062651	103064171	BEX1	0	-	1520
chr17	73207353	73236753	FAM104A	0	-	29400
chr17	72645949	73092712	SLC39A11	0	-	446763
chr1	22710839	22921500	EPHB2	0	+	210661
chr1	24631716	24673281	SRRM1	0	+	41565
chr19	1985438	2034881	BTBD2	0	-	49443
chr19	8490056	8502640	PRAM1	0	-	12584
chr19	55339853	55348121	KMT5C	0	+	8268
chr19	8509678	8514167	ZNF414	0	-	4489
chr4	625573	670782	PDE6B	0	+	45209
chr19	55262223	55280381	HSPBP1	0	-	18158
chr19	1941172	1981338	CSNK1G2	0	+	40166
chr18	74495816	74523454	CNDP2	0	+	27638
chr11	63998558	64166113	MACROD1	0	-	167555
chr11	62832342	62841809	WDR74	0	-	9467
chr11	63506052	63516774	LGALS12	0	+	10722
chr11	63681446	63759891	RTN3	0	+	78445
chr11	63536808	63546462	PLAAT4	0	+	9654
chr11	63552770	63563379	PLAAT2	0	-	10609
chr16	15703135	15857028	MYH11	0	-	153893
chr16	15865719	15888625	CEP20	0	-	22906
chr5	6371874	6378571	MED10	0	-	6697
chr5	31639131	32110932	PDZD2	0	+	471801
chr22	30925130	30968774	MORC2	0	-	43644
chr22	33162226	33922841	LARGE1	0	-	760615
chr22	23957414	23961195	GSTT2B	0	-	3781
chr22	25742144	26031045	MYO18B	0	+	288901
chr22	37180166	37199385	C1QTNF6	0	-	19219
chr22	21207973	21227637	GGT2	0	-	19664
chr22	39994954	40043534	FAM83F	0	+	48580
chr7	150625375	150632648	GIMAP6	0	-	7273
chr7	150567369	150573953	GIMAP4	0	+	6584
chr7	140453033	140479536	MKRN1	0	-	26503
chr7	151085831	151144436	AGAP3	0	+	58605
chr7	149714781	149734575	KRBA1	0	+	19794
chr7	152759749	152855378	ACTR3B	0	+	95629
chr12	85874295	85882992	NTS	0	+	8697
chr12	92140278	92145846	BTG1	0	-	5568
chr12	85036314	85264457	LRRIQ1	0	+	228143
chr3	194402672	194498364	ATP13A3	0	-	95692
chr10	79937467	79982614	SFTPD	0	-	45147
chr10	80078646	80092557	TMEM254	0	+	13911
chr12	29500840	29784759	TMTC1	0	-	283919
chr12	25205246	25250936	KRAS	0	-	45690
chr12	30628988	30695869	IPO8	0	-	66881
chr5	146110566	146182696	LARS1	0	-	72130
chr5	148025683	148137382	SPINK5	0	+	111699
chr8	81656914	81686331	IMPA1	0	-	29417
chr8	85107215	85146080	LRRCC1	0	+	38865
chr8	85177154	85217158	E2F5	0	+	40004
chr12	82223681	82358805	CCDC59	0	-	135124
chr11	9664077	9752993	SWAP70	0	+	88916
chr11	13276652	13387266	ARNTL	0	+	110614
chr11	10308313	10507579	AMPD3	0	+	199266
chr11	9776776	10304877	SBF2	0	-	528101
chr11	12094008	12359144	MICAL2	0	+	265136
chr11	14277922	14364506	RRAS2	0	-	86584
chr5	119452465	119637199	HSD17B4	0	+	184734
chr12	71609599	71667725	ZFC3H1	0	-	58126
chr8	30063003	30083208	SARAF	0	-	20205
chr8	33547754	33567128	RNF122	0	-	19374
chr11	65333852	65354262	DPF2	0	+	20410
chr11	64803510	64811294	MEN1	0	-	7784
chr14	94768223	94770113	GSC	0	-	1890
chr14	73275107	73458617	NUMB	0	-	183510
chr14	91580696	91780707	CATSPERB	0	-	200011
chr14	70325081	70416984	COX16	0	-	91903
chr14	70641916	70675366	TTC9	0	+	33450
chr14	70581257	70600690	MED6	0	-	19433
chr14	67360328	67386516	EIF2S1	0	+	26188
chr8	23296897	23425328	LOXL2	0	-	128431
chr8	28089673	28191156	ELP3	0	+	101483
chr8	22713251	23000000	PEBP4	0	-	286749
chr8	24384285	24406013	ADAMDEC1	0	+	21728
chr18	48539031	48863217	CTIF	0	+	324186
chr18	50795120	50825402	MRO	0	-	30282
chr18	54151606	54224669	MBD2	0	-	73063
chr5	69217760	69230158	MRPS36	0	+	12398
chr5	69167135	69178245	CCNB1	0	+	11110
chr5	69234795	69277430	CDK7	0	+	42635
chr5	67179613	67196799	CD180	0	-	17186
chr3	10164919	10243745	IRAK2	0	+	78826
chr3	10141778	10153667	VHL	0	+	11889
chr3	4979437	4985323	BHLHE40	0	+	5886
chr3	5122249	5180911	ARL8B	0	+	58662
chr3	5187646	5219958	EDEM1	0	+	32312
chr3	196763	409417	CHL1	0	+	212654
chr15	36889204	37101299	MEIS2	0	-	212095
chr15	35217345	35546193	DPH6	0	-	328848
chr15	34140674	34210096	KATNBL1	0	-	69422
chr15	34084017	34101862	EMC7	0	-	17845
chr1	108692310	108702928	PRPF38B	0	+	10618
chr1	115048011	115089503	TSPAN2	0	-	41492
chr1	109711780	109775428	GSTM5	0	+	63648
chr1	107571161	107965180	VAV3	0	-	394019
chr1	109279556	109283186	PSRC1	0	-	3630
chr1	119748002	119768905	HMGCS2	0	-	20903
chr1	113813811	113871753	PTPN22	0	-	57942
chr1	109309568	109397918	SORT1	0	-	88350
chr1	116909916	116990353	PTGFRN	0	+	80437
chr1	110401249	110407942	LAMTOR5	0	-	6693
chr1	119911553	120100779	NOTCH2	0	-	189226
chr1	117111060	117122587	TRIM45	0	-	11527
chr1	111139627	111185104	CEPT1	0	+	45477
chr1	117001750	117036552	CD101	0	+	34802
chr1	117143587	117210960	VTCN1	0	-	67373
chr1	113894194	113905201	AP4B1	0	-	11007
chr18	10525905	10552764	NAPG	0	+	26859
chr18	12446512	12658107	SPIRE1	0	-	211595
chr12	42238447	42459715	PPHLN1	0	+	221268
chr12	47963569	47968878	TMEM106C	0	+	5309
chr12	46358188	46372773	SLC38A2	0	-	14585
chr2	9583967	9630997	YWHAQ	0	-	47030
chr2	8721081	8837630	KIDINS220	0	-	116549
chr2	9951693	10002277	GRHL1	0	+	50584
chr2	11179759	11348330	ROCK2	0	-	168571
chr2	6865557	6898239	RSAD2	0	+	32682
chr2	15940550	15947007	MYCN	0	+	6457
chr2	11677595	11827409	LPIN1	0	+	149814
chr11	18394560	18408425	LDHA	0	+	13865
chr11	26188842	26663289	ANO3	0	+	474447
chr5	55935095	55995022	IL6ST	0	-	59927
chr5	53480626	53487134	FST	0	+	6508
chr1	201539127	201826969	NAV1	0	+	287842
chr1	193121983	193254815	CDC73	0	+	132832
chr1	201955503	201970664	TIMM17A	0	+	15161
chr18	57600656	57622213	NARS1	0	-	21557
chr18	59220158	59230774	GRP	0	+	10616
chr18	62187255	62310249	RELCH	0	+	122994
chr10	5890203	5937594	FBH1	0	+	47391
chr10	6089034	6117457	RBM17	0	+	28423
chr10	6010689	6062370	IL2RA	0	-	51681
chr10	5861616	5889906	ANKRD16	0	-	28290
chr10	11742366	11764070	ECHDC3	0	+	21704
chr10	5943639	5978187	IL15RA	0	-	34548
chr18	23197144	23437961	TMEM241	0	-	240817
chr18	26454910	26657401	KCTD1	0	-	202491
chr5	169637268	170083382	DOCK2	0	+	446114
chr12	13196723	13219941	EMP1	0	+	23218
chr12	23529504	24562544	SOX5	0	-	1033040
chr12	10226058	10329608	KLRD1	0	+	103550
chr11	46856717	46918642	LRP4	0	-	61925
chr11	47214465	47239217	DDB2	0	+	24752
chrX	135032355	135033546	RTL8C	0	+	1191
chrX	130401987	130413656	RBMX2	0	+	11669
chrX	132023302	132075943	STK26	0	+	52641
chr11	94543840	94621421	PIWIL4	0	+	77581
chr1	30931506	31065991	PUM1	0	-	134485
chr1	31790422	31816022	SPOCD1	0	-	25600
chr1	32775237	32817380	YARS1	0	-	42143
chr1	33323623	33431095	PHC2	0	-	107472
chr1	37692481	37709719	CDCA8	0	+	17238
chr1	37566816	37595937	GNL2	0	-	29121
chr1	35808016	35857890	AGO4	0	+	49874
chr1	59814786	59876322	HOOK1	0	+	61536
chr1	59893308	59926773	CYP2J2	0	-	33465
chr1	52056199	52090716	BTF3L4	0	+	34517
chr1	52408282	52553487	TUT4	0	-	145205
chr18	31058840	31102522	DSC2	0	-	43682
chr18	31447741	31478702	DSG3	0	+	30961
chr18	36129444	36180557	ELP2	0	+	51113
chr18	31318160	31359246	DSG1	0	+	41086
chr18	30989365	31042815	DSC3	0	-	53450
chr18	34493291	34891844	DTNA	0	+	398553
chr18	36297713	36780220	FHOD3	0	+	482507
chr11	61680391	61747001	DAGLA	0	+	66610
chr11	57528464	57530803	TIMM10	0	-	2339
chr19	47349315	47382704	DHX34	0	+	33389
chr11	57233577	57237250	APLNR	0	-	3673
chr11	61792980	61867354	FADS2	0	+	74374
chr11	59852800	59866489	TCN1	0	-	13689
chr19	47332175	47347329	C5AR2	0	+	15154
chr4	55427903	55546909	CLOCK	0	-	119006
chr13	110305812	110513209	COL4A2	0	+	207397
chr13	95433604	95579759	CLDN10	0	+	146155
chr13	99200774	99386504	UBAC2	0	+	185730
chr13	106541673	106568137	ARGLU1	0	-	26464
chr13	102596986	102679958	TPP2	0	+	82972
chr13	102784281	102798976	POGLUT2	0	-	14695
chr13	110641412	110713603	CARS2	0	-	72191
chr11	128965060	129279324	ARHGAP32	0	-	314264
chr11	130404923	130428609	ADAMTS8	0	-	23686
chr11	128458761	128587558	ETS1	0	-	128797
chr11	125063302	125090516	SLC37A2	0	+	27214
chr4	39406930	39451533	KLB	0	+	44603
chr5	112707498	112846239	APC	0	+	138741
chr5	111662621	111997464	NREP	0	-	334843
chr5	111092321	111130502	WDR36	0	+	38181
chr9	75088514	75147265	OSTF1	0	+	58751
chr9	76385526	76394517	RFK	0	-	8991
chr9	83659968	83707958	UBQLN1	0	-	47990
chr9	85941146	86025462	NAA35	0	+	84316
chr9	74946583	74952912	C9orf40	0	-	6329
chr9	73151865	73170393	ANXA1	0	+	18528
chr9	87724051	87731469	CTSL	0	+	7418
chr9	71683366	71816690	CEMIP2	0	-	133324
chr9	85546539	85742029	AGTPBP1	0	-	195490
chr9	86026146	86100173	GOLM1	0	-	74027
chr9	69324567	69392558	FAM189A2	0	+	67991
chr9	78297125	78330093	PSAT1	0	+	32968
chr9	86264546	86283102	ISCA1	0	-	18556
chr5	157395534	157575775	ADAM19	0	-	180241
chr5	157085832	157142869	HAVCR2	0	-	57037
chr5	160249083	160345396	CCNJL	0	-	96313
chr12	118149801	118372907	TAOK3	0	-	223106
chr12	109023089	109088023	USP30	0	+	64934
chr12	113392445	113426301	SDS	0	-	33856
chr12	120341330	120369164	MSI1	0	-	27834
chr12	120978543	121002512	HNF1A	0	+	23969
chr12	117141991	117190470	FBXO21	0	-	48479
chr12	114670255	114684175	TBX3	0	-	13920
chr12	121017763	121039242	OASL	0	-	21479
chr12	116856144	116881441	HRK	0	-	25297
chr12	116738178	116853631	RNFT2	0	+	115453
chr12	121210065	121234106	P2RX4	0	+	24041
chr12	119989236	120094494	BICDL1	0	+	105258
chr12	113056730	113098028	DTX1	0	+	41298
chr12	112125538	112153604	TRAFD1	0	+	28066
chr7	87152409	87196337	DMTF1	0	+	43928
chr7	77122434	77329533	CCDC146	0	+	207099
chr7	77793728	77798434	TMEM60	0	-	4706
chr7	80369575	80679277	CD36	0	+	309702
chr4	69955256	69965728	CSN2	0	-	10472
chr4	69280475	69295050	UGT2B28	0	+	14575
chr7	108470417	108569666	PNPLA8	0	-	99249
chr7	128455849	128458418	HILPDA	0	+	2569
chr7	105110704	105399308	SRPK2	0	-	288604
chr7	128862042	128910719	KCP	0	-	48677
chr7	116210506	116258783	TES	0	+	48277
chr7	114922094	115019917	MDFIC	0	+	97823
chr6	73461578	73509236	MTO1	0	+	47658
chr6	89433152	89633834	ANKRD6	0	+	200682
chr6	73241314	73310365	KHDC1	0	-	69051
chr6	84124241	84227643	CEP162	0	-	103402
chr6	85449584	85495791	NT5E	0	+	46207
chr6	84033772	84090881	MRAP2	0	+	57109
chr6	93240020	93419687	EPHA7	0	-	179667
chr6	87674860	87702233	AKIRIN2	0	-	27373
chr6	87590067	87667453	ORC3	0	+	77386
chr6	79484991	79537458	LCA5	0	-	52467
chr6	90513573	90587072	MAP3K7	0	-	73499
chr6	87085498	87095106	CGA	0	-	9608
chr11	36296288	36465204	PRR5L	0	+	168916
chr11	33858576	33892076	LMO2	0	-	33500
chr11	45929319	46121454	PHF21A	0	-	192135
chr11	34105617	34147670	NAT10	0	+	42053
chr11	34621093	34663288	EHF	0	+	42195
chr11	34478791	34525193	ELF5	0	-	46402
chr11	32829927	32858120	PRRG4	0	+	28193
chr11	34051731	34102610	CAPRIN1	0	+	50879
chr12	53632726	53677408	ATP5MC2	0	-	44682
chr12	55725323	55729707	CD63	0	-	4384
chr12	49293252	49298686	PRPH	0	+	5434
chr12	54630811	54634895	LACRT	0	-	4084
chr12	55684568	55716404	ITGA7	0	-	31836
chr12	54948015	54984762	TESPA1	0	-	36747
chr12	55720367	55724705	RDH5	0	+	4338
chr12	57723761	57742157	AGAP2	0	-	18396
chr12	57747727	57756013	CDK4	0	-	8286
chr12	49323236	49331731	TROAP	0	+	8495
chr12	51093656	51173135	TFCP2	0	-	79479
chr12	56266890	56270966	COQ10A	0	+	4076
chr12	49866896	49904217	FAIM2	0	-	37321
chr12	56316223	56334053	PAN2	0	-	17830
chr12	53268299	53293638	ESPL1	0	+	25339
chr12	54280193	54287088	HNRNPA1	0	+	6895
chr12	51951699	51997078	ACVR1B	0	+	45379
chr12	57693955	57721557	OS9	0	+	27602
chr12	49539030	49558337	KCNH3	0	+	19307
chr6	136342281	136550819	MAP7	0	-	208538
chr6	109366514	109382467	CD164	0	-	15953
chr6	108294991	108526796	AFG1L	0	+	231805
chr6	138422043	138692571	NHSL1	0	-	270528
chr6	135283407	135498434	AHI1	0	-	215027
chr6	125747664	125761269	HEY2	0	+	13605
chr6	122471917	122726373	PKIB	0	+	254456
chr6	109444062	109465968	MICAL1	0	-	21906
chr6	144150517	144191939	STX11	0	+	41422
chr4	48135783	48269838	TEC	0	-	134055
chr2	73228010	73233239	PRADC1	0	-	5229
chr2	74654228	74683853	SEMA4F	0	+	29625
chr2	73233420	73253021	CCT7	0	+	19601
chr2	73214222	73227221	SMYD5	0	+	12999
chr2	71453561	71686763	DYSF	0	+	233202
chr2	72916260	72936071	EMX1	0	+	19811
chr12	70366290	70434292	KCNMB4	0	+	68002
chr12	64713445	64759431	GNS	0	-	45986
chr12	68842197	68971570	CPM	0	-	129373
chr16	84648511	84667686	KLHL36	0	+	19175
chr16	82147798	82170224	MPHOSPH6	0	-	22426
chr16	85027782	85094230	KIAA0513	0	+	66448
chr16	66720893	66751609	DYNC1LI2	0	-	30716
chr16	67159932	67164570	FBXL8	0	+	4638
chr16	57512181	57536571	CCDC102A	0	-	24390
chr16	67237683	67272191	SLC9A5	0	+	34508
chr1	230690776	230745576	AGT	0	-	54800
chr1	246945547	247078811	ZNF670-ZNF695	0	-	133264
chr1	232983435	233295725	PCNX2	0	-	312290
chr1	233614106	233672514	KCNK1	0	+	58408
chr1	229626247	229660200	URB2	0	+	33953
chr1	230747384	230802003	CAPN9	0	+	54619
chr1	229516582	229558707	ABCB10	0	-	42125
chr1	229593121	229626047	TAF5L	0	-	32926
chr1	182378098	182392206	GLUL	0	-	14108
chr1	180972712	181023121	STX6	0	-	50409
chr1	182573634	182589256	RNASEL	0	-	15622
chr1	182839347	182887982	DHX9	0	+	48635
chr1	180912897	180951614	KIAA1614	0	+	38717
chr1	179954773	180114875	CEP350	0	+	160102
chr1	182789293	182830384	NPL	0	+	41091
chr1	184790724	184974508	NIBAN1	0	-	183784
chr1	183023420	183145592	LAMC1	0	+	122172
chr1	173931084	174022357	RC3H1	0	-	91273
chr2	223957463	223967714	MRPL44	0	+	10251
chr2	224765090	225042468	DOCK10	0	-	277378
chr2	218710835	218755416	TTLL4	0	+	44581
chr2	218450251	218568351	USP37	0	-	118100
chr2	230864639	230879248	ITM2C	0	+	14609
chr2	227683763	227718028	SLC19A3	0	-	34265
chr2	223975045	224039318	SERPINE2	0	-	64273
chr2	219279342	219286898	DNAJB2	0	+	7556
chr2	218880852	218899581	WNT10A	0	+	18729
chr2	218781749	218815293	CYP27A1	0	+	33544
chr2	232550659	232583644	EIF4E2	0	+	32985
chr2	231198546	231376848	ARMC9	0	+	178302
chr2	230712842	230821075	CAB39	0	+	108233
chr2	97646062	97648383	COX5B	0	+	2321
chr2	99400475	99490035	REV1	0	-	89560
chr2	102714630	102736888	MFSD9	0	-	22258
chr2	96248514	96265997	TMEM127	0	-	17483
chr2	105264391	105329735	TGFBRAP1	0	-	65344
chr2	108449107	108509415	GCC2	0	+	60308
chr2	105038069	105099960	MRPS9	0	+	61891
chr2	105337532	105349211	C2orf49	0	+	11679
chr2	97113153	97264521	ANKRD36	0	+	151368
chr2	148644440	148787569	EPC2	0	+	143129
chr2	130836914	131047263	ARHGEF4	0	+	210349
chr12	108562582	108569368	ISCU	0	+	6786
chr12	100267140	100341715	SCYL2	0	+	74575
chr12	106237881	106304279	CKAP4	0	-	66398
chr12	94148577	94307675	PLXNC1	0	+	159098
chr12	107685799	107713162	PWP1	0	+	27363
chr12	101877580	102012130	DRAM1	0	+	134550
chr12	105107324	105169130	WASHC4	0	+	61806
chr12	104801801	104958744	SLC41A2	0	-	156943
chr3	37988059	38007188	VILL	0	+	19129
chr3	58008398	58172251	FLNB	0	+	163853
chr13	52132639	52159861	NEK3	0	-	27222
chr13	50909747	51024120	RNASEH2B	0	+	114373
chr13	52455429	52476628	CKAP2	0	+	21199
chr13	75283503	75482169	TBC1D4	0	-	198666
chr13	52377167	52416373	THSD1	0	-	39206
chr13	46553168	46753040	LRCH1	0	+	199872
chr13	47745736	48037968	SUCLA2	0	-	292232
chr13	49531946	49585558	RCBTB1	0	-	53612
chr13	48053323	48095131	MED4	0	-	41808
chr13	49495610	49528981	PHF11	0	+	33371
chr13	75620434	75859870	LMO7	0	+	239436
chr13	77535674	77645263	SCEL	0	+	109589
chr13	48232612	48270357	ITM2B	0	+	37745
chr13	80335976	80341126	SPRY2	0	-	5150
chr13	77895481	77975529	EDNRB	0	-	80048
chr13	46125920	46211871	LCP1	0	-	85951
chr13	49444274	49495003	SETDB2	0	+	50729
chr7	29920104	29990289	SCRN1	0	-	70185
chr7	47275154	47582558	TNS3	0	-	307404
chr7	2403588	2448484	CHST12	0	+	44896
chr7	23310209	23470491	IGF2BP3	0	-	160282
chr7	23235967	23275108	GPNMB	0	+	39141
chr7	22118236	22357154	RAPGEF5	0	-	238918
chr7	6374527	6403967	RAC1	0	+	29440
chr7	23181841	23201011	NUP42	0	+	19170
chr7	6577434	6589374	ZDHHC4	0	+	11940
chr7	36512941	36724549	AOAH	0	-	211608
chr7	16646131	16706523	BZW2	0	+	60392
chr7	45100100	45112047	TBRG4	0	-	11947
chr7	44565804	44575051	DDX56	0	-	9247
chr7	47963288	47979615	HUS1	0	-	16327
chr7	45080437	45088969	NACAD	0	-	8532
chr7	44044640	44069456	DBNL	0	+	24816
chr7	44999475	45076469	CCM2	0	+	76994
chr7	44962662	44979088	MYO1G	0	-	16426
chr7	2631986	2664802	TTYH3	0	+	32816
chr14	20256558	20305960	TTC5	0	-	49402
chr14	23520857	23556192	ZFHX2	0	-	35335
chr15	80679684	80755621	ABHD17C	0	+	75937
chr15	78437431	78501453	IREB2	0	+	64022
chr15	84817356	84873479	ALPK3	0	+	56123
chr17	48831018	48866522	CALCOCO2	0	+	35504
chr17	50478860	50485974	RSAD1	0	+	7114
chr17	44957992	45109016	NMT1	0	+	151024
chr17	50508384	50531501	MYCBPAP	0	+	23117
chr17	57971547	57988259	VEZF1	0	-	16712
chr17	64147227	64263260	TEX2	0	-	116033
chr17	61679139	61863559	BRIP1	0	-	184420
chr3	187368385	187372076	RTP4	0	+	3691
chr3	179562886	179588407	ACTL6A	0	+	25521
chr3	185914558	185938103	TRA2B	0	-	23545
chr2	165194993	165392310	SCN2A	0	+	197317
chr2	159712457	159771027	MARCHF7	0	+	58570
chr2	157318631	157327713	ERMN	0	-	9082
chr2	157257705	157318491	GALNT5	0	+	60786
chr2	166403573	166611482	SCN7A	0	-	207909
chr2	161136908	161236230	TANK	0	+	99322
chr8	11486894	11564599	BLK	0	+	77705
chr8	11676959	11760002	GATA4	0	+	83043
chr3	170357678	170396835	SKIL	0	+	39157
chr1	219968600	220046530	EPRS1	0	-	77930
chr1	150067279	150145329	VPS45	0	+	78050
chr1	215567304	215621807	KCTD3	0	+	54503
chr1	213051233	213274774	RPS6KC1	0	+	223541
chr2	113437691	113496204	CBWD2	0	+	58513
chr2	113107214	113134016	IL1RN	0	+	26802
chr2	130151392	130182750	SMPD4	0	-	31358
chr2	127701027	127811187	WDR33	0	-	110160
chr2	130337933	130342699	CCDC115	0	-	4766
chr2	127941217	128028120	SAP130	0	-	86903
chr2	127048027	127107288	BIN1	0	-	59261
chr2	130342877	130347967	IMP4	0	+	5090
chr2	128236716	128318868	HS6ST1	0	-	82152
chr2	128091200	128195677	UGGT1	0	+	104477
chr2	126656133	126696667	GYPC	0	+	40534
chr10	17644151	17716824	STAM	0	+	72673
chr10	26746593	26861087	ABI1	0	-	114494
chr10	27110111	27155266	YME1L1	0	-	45155
chr10	21756548	22003769	DNAJC1	0	-	247221
chr9	104747683	104760120	NIPSNAP3A	0	+	12437
chr9	128882133	128918039	LRRC8A	0	+	35906
chr9	127785679	127790792	CDK9	0	+	5113
chr9	110243810	110256507	TXN	0	-	12697
chr9	128455186	128501292	ODF2	0	+	46106
chr9	111360685	111484745	ECPAS	0	-	124060
chr9	129803157	129811281	TOR1B	0	+	8124
chr9	104094260	104141419	SMC2	0	+	47159
chr9	107484852	107490482	KLF4	0	-	5630
chr9	129812942	129824244	TOR1A	0	-	11302
chr9	126914774	127223166	RALGPS1	0	+	308392
chr9	127505339	127578989	NIBAN2	0	-	73650
chr9	127907886	127917041	ST6GALNAC4	0	-	9155
chr9	97501180	97601743	TMOD1	0	+	100563
chr9	121567057	121785530	DAB2IP	0	+	218473
chr9	127579370	127696027	STXBP1	0	+	116657
chr9	127397138	127408424	SLC2A8	0	+	11286
chr9	120388875	120580170	CDK5RAP2	0	-	191295
chr9	113038377	113056759	ZFP37	0	-	18382
chr9	113221544	113264492	SLC31A1	0	+	42948
chr9	101398851	101410660	ZNF189	0	+	11809
chr9	99906654	99974534	STX17	0	+	67880
chr9	113275642	113294009	PRPF4	0	+	18367
chr9	127794597	127814327	FPGS	0	+	19730
chr9	129834698	129881828	USP20	0	+	47130
chr9	114086126	114099292	KIF12	0	-	13166
chr9	114587706	114598915	ATP6V1G1	0	+	11209
chr9	127224265	127393660	GARNL3	0	+	169395
chr9	101387633	101398618	MRPL50	0	-	10985
chr9	127935099	127937854	DPM2	0	-	2755
chr9	124853417	124857890	WDR38	0	+	4473
chr9	98288109	98708935	GABBR2	0	-	420826
chr9	124353465	124415444	PSMB7	0	-	61979
chr9	97904489	97922500	TRMO	0	-	18011
chr9	125200542	125234161	RABEPK	0	+	33619
chr9	97674909	97697340	XPA	0	-	22431
chr9	97633668	97673748	NCBP1	0	+	40080
chr9	97983341	98015943	ANP32B	0	+	32602
chr9	122798389	122828588	PDCL	0	-	30199
chr9	97029677	97156556	CTSV	0	-	126879
chr9	126613928	126701032	LMX1B	0	+	87104
chr9	124862130	124877733	ARPC5L	0	+	15603
chr8	119557086	119673453	ENPP2	0	-	116367
chr8	119833976	119855894	DSCC1	0	-	21918
chr8	127735434	127742951	MYC	0	+	7517
chr8	119416446	119424434	CCN3	0	+	7988
chr9	6215786	6257983	IL33	0	+	42197
chr9	7796500	7888380	DMAC1	0	-	91880
chr9	6011025	6015625	RANBP6	0	-	4600
chr9	37485948	37503697	POLR1E	0	+	17749
chr9	33921693	34049388	UBAP2	0	-	127695
chr9	32886601	33025130	APTX	0	-	138529
chr9	36336396	36487548	RNF38	0	-	151152
chr9	35696948	35732195	TLN1	0	-	35247
chr9	34709005	34710136	CCL21	0	-	1131
chr9	35649295	35650931	SIT1	0	-	1636
chr9	34989641	34998900	DNAJB5	0	+	9259
chr9	34613545	34620523	DCTN3	0	-	6978
chr9	35609982	35646810	CD72	0	-	36828
chr9	35814451	35865518	TMEM8B	0	+	51067
chr9	37422666	37436990	GRHPR	0	+	14324
chr9	38392702	38398661	ALDH1B1	0	+	5959
chr9	35658875	35675866	ARHGEF39	0	-	16991
chr9	19230435	19374281	DENND4C	0	+	143846
chr9	19375715	19380236	RPS6	0	-	4521
chr6	42929480	42939294	CNPY3	0	+	9814
chr6	41546381	41602384	FOXP4	0	+	56003
chr6	43040777	43075095	KLC4	0	+	34318
chr6	17759183	17987635	KIF13A	0	-	228452
chr6	28224886	28233487	ZSCAN9	0	+	8601
chr6	37170152	37175428	PIM1	0	+	5276
chr6	16238587	16295549	GMPR	0	+	56962
chr6	37433219	37482827	CMTR1	0	+	49608
chr6	10393186	10419659	TFAP2A	0	-	26473
chr6	44126914	44155519	TMEM63B	0	+	28605
chr6	41770176	41786542	FRS3	0	-	16366
chr6	43477523	43506556	TJAP1	0	+	29033
chr6	44158811	44184401	CAPN11	0	+	25590
chr6	24544104	24646191	KIAA0319	0	-	102087
chr6	391752	411443	IRF4	0	+	19691
chr6	3268962	3457050	SLC22A23	0	-	188088
chr6	53794497	53924125	LRRC1	0	+	129628
chr6	1389576	1395603	FOXF2	0	+	6027
chr6	3118374	3153578	BPHL	0	+	35204
chr6	3063824	3115187	RIPK1	0	+	51363
chr6	34236873	34246231	HMGA1	0	+	9358
chr6	30727709	30742732	FLOT1	0	-	15023
chr6	30743199	30744548	IER3	0	-	1349
chr6	30699807	30717447	MDC1	0	-	17640
chr6	28281572	28302549	PGBD1	0	+	20977
chr6	30626842	30646823	ATAT1	0	+	19981
chr6	18128311	18155077	TPMT	0	-	26766
chr6	18387350	18468870	RNF144B	0	+	81520
chr6	30688047	30691420	NRM	0	-	3373
chr6	36968141	36986298	MTCH1	0	-	18157
chr6	30914205	30926459	VARS2	0	+	12254
chr6	42050513	42087461	TAF8	0	+	36948
chr6	17600302	17611719	FAM8A1	0	+	11417
chr4	15935577	15938740	FGFBP1	0	-	3163
chr4	15002481	15070153	CPEB2	0	+	67672
chr4	152936323	152979671	FHDC1	0	+	43348
chr4	153684070	153706260	TLR2	0	+	22190
chr11	77128246	77215241	MYO7A	0	+	86995
chr11	72836745	73142318	FCHSD2	0	-	305573
chr11	75260122	75351705	ARRB1	0	-	91583
chr11	75100563	75206549	SLCO2B1	0	+	105986
chr11	76349898	76381132	THAP12	0	-	31234
chr11	83193712	83260694	ANKRD42	0	+	66982
chr11	72002864	72080693	NUMA1	0	-	77829
chr11	85694224	85811159	SYTL2	0	-	116935
chr11	82973133	83071923	RAB30	0	-	98790
chr11	85657742	85682908	CREBZF	0	-	25166
chr11	76657524	76670747	LRRC32	0	-	13223
chr11	82822936	82970584	PRCP	0	-	147648
chr11	78435968	78574874	NARS2	0	-	138906
chr11	71929018	71997597	RNF121	0	+	68579
chr8	54135241	54148514	MRPL15	0	+	13273
chr8	74824534	74855029	PI15	0	+	30495
chr8	63014881	63039407	GGH	0	-	24526
chr8	69667046	69834978	SLCO5A1	0	-	167932
chr8	69466624	69660915	SULF1	0	+	194291
chr8	55773446	55826445	TGS1	0	+	52999
chr8	58552924	58582859	SDCBP	0	+	29935
chr4	169369704	169612632	NEK1	0	-	242928
chr4	168216291	168318883	DDX60	0	-	102592
chr11	121452314	121633763	SORL1	0	+	181449
chr11	116748170	116772987	BUD13	0	-	24817
chr11	101451564	101872562	TRPC6	0	-	420998
chr11	102520508	102530750	MMP7	0	-	10242
chr11	102047437	102084554	CFAP300	0	+	37117
chr11	103050686	103092194	DCUN1D5	0	-	41508
chr11	102110447	102233424	YAP1	0	+	122977
chr11	120111286	120185529	TRIM29	0	-	74243
chr11	119024114	119030906	SLC37A4	0	-	6792
chr11	120236640	120319945	POU2F3	0	+	83305
chr11	109864295	110296712	RDX	0	-	432417
chr11	110429948	110464884	FDX1	0	+	34936
chr11	110577042	110713189	ARHGAP20	0	-	136147
chr11	102942995	102955732	MMP13	0	-	12737
chr11	117900641	117929459	TMPRSS13	0	-	28818
chr11	105025443	105035250	CASP1	0	-	9807
chr11	107502727	107565742	ALKBH8	0	-	63015
chr15	67542703	67807117	MAP2K5	0	+	264414
chr15	44427622	44529038	CTDSPL2	0	+	101416
chr15	41774434	41827855	MAPKBP1	0	+	53421
chr15	69414246	69448427	KIF23	0	+	34181
chr15	68296532	68432163	ITGA11	0	-	135631
chr15	40594020	40664342	KNL1	0	+	70322
chr15	42548828	42569994	HAUS2	0	+	21166
chr15	41408408	41483563	RTF1	0	+	75155
chr15	69452814	69456205	RPLP1	0	+	3391
chr15	69298912	69407780	PAQR5	0	+	108868
chr15	70853239	71053658	LRRC49	0	+	200419
chr15	40735884	40755851	RMDN3	0	-	19967
chr15	41493393	41503551	ITPKA	0	+	10158
chr15	70654554	70763558	UACA	0	-	109004
chr15	66702236	66782849	SMAD6	0	+	80613
chr15	40278176	40307935	PLCB2	0	-	29759
chr15	43123279	43185144	TMEM62	0	+	61865
chr15	58588809	58749791	ADAM10	0	-	160982
chr15	45129933	45165576	DUOX1	0	+	35643
chr15	47184101	47774228	SEMA6D	0	+	590127
chr15	55180806	55197049	RSL24D1	0	-	16243
chr15	41848146	41894053	SPTBN5	0	-	45907
chr15	57591908	57714745	GCOM1	0	+	122837
chr1	93561741	93847150	BCAR3	0	-	285409
chr1	83865024	83999150	TTLL7	0	-	134126
chr1	93448118	93554661	FNBP1L	0	+	106543
chr1	88935773	88992953	KYAT3	0	-	57180
chr1	88852633	88891944	GTF2B	0	-	39311
chr1	78619902	78646145	IFI44L	0	+	26243
chr1	77979542	78138444	GIPC2	0	+	158902
chr1	94148988	94275068	ARHGAP29	0	-	126080
chr1	78649796	78664078	IFI44	0	+	14282
chr1	75202129	75611114	SLC44A5	0	-	408985
chr1	86424171	86456553	CLCA2	0	+	32382
chr1	100186919	100249834	DBT	0	-	62915
chr1	100266216	100292769	RTCA	0	+	26553
chr2	27444377	27489805	IFT172	0	-	45428
chr2	26308547	26395885	SELENOI	0	+	87338
chr2	27098889	27119128	CGREF1	0	-	20239
chr2	24819169	24920237	ADCY3	0	-	101068
chr2	55634061	55693863	PNPT1	0	-	59802
chr2	43774039	43810010	DYNC2LI1	0	+	35971
chr2	39736060	39779267	THUMPD2	0	-	43207
chr2	65070696	65130331	RAB1A	0	-	59635
chr2	65227788	65271253	ACTR2	0	+	43465
chr2	27199587	27212958	SLC5A6	0	-	13371
chr2	27078615	27086403	EMILIN1	0	+	7788
chr2	47789316	47906498	FBXO11	0	-	117182
chr2	44941702	44946071	SIX3	0	+	4369
chr2	43886224	43996226	LRPPRC	0	-	110002
chr2	25377198	25673647	DTNB	0	-	296449
chr10	102461881	102502712	ACTR1A	0	-	40831
chr10	93306429	93482334	MYOF	0	-	175905
chr10	98247690	98268194	LOXL4	0	-	20504
chr10	88879734	88975153	STAMBPL1	0	+	95419
chr10	89205629	89207317	CH25H	0	-	1688
chr10	87751512	87841361	ATAD1	0	-	89849
chr10	92574105	92655395	KIF11	0	+	81290
chr10	121989163	122254545	TACC2	0	+	265382
chr10	110497907	110511533	DUSP5	0	+	13626
chr10	103446786	103452402	CALHM2	0	-	5616
chr10	102673731	102714397	ARL3	0	-	40666
chr10	93496612	93529092	CEP55	0	+	32480
chr10	89701590	89774939	KIF20B	0	+	73349
chr10	95711779	95877266	ENTPD1	0	+	165487
chr10	92826831	93059493	EXOC6	0	+	232662
chr10	93993931	94332823	PLCE1	0	+	338892
chr3	138160988	138174921	DBR1	0	-	13933
chr3	132417502	132539032	DNAJC13	0	+	121530
chr10	73375101	73414076	ANXA7	0	-	38975
chr10	73168119	73244504	FAM149B1	0	+	76385
chr10	72096032	72217134	ASCC1	0	-	121102
chr10	70672506	70762441	ADAMTS14	0	+	89935
chr10	78033760	78056813	RPS24	0	+	23053
chr10	68560337	68694487	TET1	0	+	134150
chr10	68414064	68472121	DNA2	0	-	58057
chr2	200586014	200677064	AOX1	0	+	91050
chr2	215311956	215349773	ATIC	0	+	37817
chr2	216412414	216483053	SMARCAL1	0	+	70639
chr2	214725646	214809683	BARD1	0	-	84037
chr2	191029576	191151596	STAT4	0	-	122020
chr2	189661385	189670831	ASNSD1	0	+	9446
chr2	169791933	169812064	SSB	0	+	20131
chr2	190646746	190692766	NAB1	0	+	46020
chr2	201790461	201895550	CDK15	0	+	105089
chr2	169584342	169641406	PPIG	0	+	57064
chr2	169528508	169573875	FASTKD1	0	-	45367
chr2	206737763	206765328	MDH1B	0	-	27565
chr2	196189099	196593684	HECW2	0	-	404585
chr2	208236229	208266074	IDH1	0	-	29845
chr2	174072447	174248599	OLA1	0	-	176152
chr2	174348022	174395712	CIR1	0	-	47690
chr2	181891730	181930738	ITPRID2	0	+	39008
chr2	174747592	174787935	CHRNA1	0	-	40343
chr2	202634969	202769757	FAM117B	0	+	134788
chr2	186590056	186680901	ITGAV	0	+	90845
chr2	189560590	189583758	SLC40A1	0	-	23168
chr3	122795069	122881139	SLC49A4	0	+	86070
chr3	101324205	101513241	SENP7	0	-	189036
chr3	122527924	122564577	PARP9	0	-	36653
chr15	50424380	50514421	USP8	0	+	90041
chr15	48988476	49046447	SECISBP2L	0	-	57971
chr15	51829628	51947295	TMOD3	0	+	117667
chr15	50702266	50765709	SPPL2A	0	-	63443
chr15	69160584	69272217	GLCE	0	+	111633
chr15	45167214	45201175	SHF	0	-	33961
chr15	63276018	63309126	APH1B	0	+	33108
chr15	65578753	65611289	INTS14	0	-	32536
chr15	65194760	65211473	CILP	0	-	16713
chr15	65234460	65300618	PARP16	0	-	66158
chr15	75023586	75117462	PPCDC	0	+	93876
chr15	74409289	74433958	SEMA7A	0	-	24669
chr15	74445977	74461182	UBL7	0	-	15205
chr4	88725955	89111398	FAM13A	0	-	385443
chr4	88378739	88443097	HERC6	0	+	64358
chr4	88457119	88506163	HERC5	0	+	49044
chr4	133149294	133208606	PCDH10	0	+	59312
chr4	114827763	115113876	NDST4	0	-	286113
chr4	112539333	112636995	ZGRF1	0	-	97662
chr4	112231740	112273110	AP1AR	0	+	41370
chr4	83034447	83075818	COPS4	0	+	41371
chr4	82352498	82374503	HNRNPD	0	-	22005
chr4	81087370	81215222	PRKG2	0	-	127852
chr4	81426393	82044244	RASGEF1B	0	-	617851
chr4	82818509	82901166	SEC31A	0	-	82657
chr4	83535914	83605875	GPAT3	0	+	69961
chr4	122826708	122898236	FGF2	0	+	71528
chr4	121824329	121870487	BBS7	0	-	46158
chr4	122152331	122364167	KIAA1109	0	+	211836
chr4	94757955	95158448	BMPR1B	0	+	400493
chr4	98261384	98443858	RAP1GDS1	0	+	182474
chr4	128061286	128222931	LARP1B	0	+	161645
chr4	89879532	89954629	MMRN1	0	+	75097
chr4	119494397	119628804	PDE5A	0	-	134407
chr4	120684919	120922870	PRDM5	0	-	237951
chr4	76114659	76148444	NUP54	0	-	33785
chr4	76001275	76007509	CXCL9	0	-	6234
chr4	78776342	78916365	BMP2K	0	+	140023
chr4	76949751	77040384	SEPTIN11	0	+	90633
chr4	78057323	78544269	FRAS1	0	+	486946
chr4	76158737	76234536	SCARB2	0	-	75799
chr4	77157207	77433388	CCNG2	0	+	276181
chr4	77713387	77819615	CNOT6L	0	-	106228
chr4	75724577	75814286	USO1	0	+	89709
chr4	76435229	76783253	SHROOM3	0	+	348024
chr4	78551747	78610451	ANXA3	0	+	58704
chr4	105369077	105474067	PPA2	0	-	104990
chr4	103105349	103198445	CENPE	0	-	93096
chr4	105682627	105895986	INTS12	0	-	213359
chr4	110365733	110565285	ENPEP	0	+	199552
chr4	108047545	108168956	LEF1	0	-	121411
chr4	107989714	108035241	HADH	0	+	45527
chr4	109912883	110013766	EGF	0	+	100883
chr4	107590276	107720234	PAPSS1	0	-	129958
chr4	109433772	109540896	SEC24B	0	+	107124
chr4	101023409	101348278	PPP3CA	0	-	324869
chr4	102251080	102431258	SLC39A8	0	-	180178
chr16	1706166	1770351	MAPK8IP3	0	+	64185
chr9	113444731	113597743	RGS3	0	+	153012
chr22	24540423	24555935	GUCD1	0	-	15512
chr22	31160182	31207019	RNF185	0	+	46837
chr22	44243665	44312951	SHISAL1	0	-	69286
chr22	44172956	44219533	PARVG	0	+	46577
chr12	459939	563509	B4GALNT3	0	+	103570
chr12	14914039	14938537	ERP27	0	-	24498
chr12	11649674	11895377	ETV6	0	+	245703
chr12	10212458	10223128	GABARAPL1	0	+	10670
chr12	39293228	39443390	KIF21A	0	-	150162
chr12	38646822	38907430	CPNE8	0	-	260608
chr12	32399558	32646050	FGD4	0	+	246492
chr12	34022468	34029694	ALG10	0	+	7226
chr12	18242961	18648416	PIK3C2G	0	+	405455
chr12	31280584	31327058	SINHCAF	0	-	46474
chr12	19404045	19720801	AEBP2	0	+	316756
chr12	22625075	22690665	ETNK1	0	+	65590
chr12	43835967	44389762	TMEM117	0	+	553795
chr12	7089587	7109238	C1RL	0	-	19651
chr12	7129698	7158945	CLSTN3	0	+	29247
chr12	8950044	9010760	KLRG1	0	+	60716
chr12	6451690	6466517	TAPBPL	0	+	14827
chr12	7115736	7128889	RBP5	0	-	13153
chr12	7188685	7218574	PEX5	0	+	29889
chr12	6693791	6700815	PIANP	0	-	7024
chr12	45919131	45992120	SCAF11	0	-	72989
chr12	47972967	48004554	COL2A1	0	-	31587
chr12	81257975	81759553	PPFIA2	0	-	501578
chr12	58872149	58920504	LRIG3	0	-	48355
chr12	75480753	75503863	GLIPR1	0	+	23110
chr12	76025447	76031776	PHLDA1	0	-	6329
chr12	80402178	80680273	PTPRQ	0	+	278095
chr12	89347235	89352501	DUSP6	0	-	5266
chr12	89419718	89526047	POC1B	0	-	106329
chr12	88142296	88199887	TMTC3	0	+	57591
chr12	91102629	91111494	LUM	0	-	8865
chr12	91050491	91058024	KERA	0	-	7533
chr12	95943331	95968720	AMDHD1	0	+	25389
chr12	96907224	96953780	NEDD1	0	+	46556
chr12	100573683	100628288	GAS2L3	0	+	54605
chr12	128793194	128823958	SLC15A4	0	-	30764
chr12	103965822	103988874	TDG	0	+	23052
chr12	113185526	113192368	RITA1	0	+	6842
chr12	109850945	109880541	GLTP	0	-	29596
chr12	109900264	109983841	TCHP	0	+	83577
chr12	109713825	109770495	FAM222A	0	+	56670
chr13	25301556	25349800	NUP58	0	+	48244
chr13	25246222	25287488	MTMR6	0	-	41266
chr13	28700064	28718970	SLC46A3	0	-	18906
chr13	29509414	29595688	SLC7A1	0	-	86274
chr13	27545913	27620529	LNX2	0	-	74616
chr12	55997180	56006641	SUOX	0	+	9461
chr12	53500921	53506431	TARBP2	0	+	5510
chr12	56951431	56959374	RDH16	0	-	7943
chr12	51906908	51923361	ACVRL1	0	+	16453
chr12	54362445	54364487	GPR84	0	-	2042
chr12	56222015	56229854	NABP2	0	+	7839
chr13	32400723	32428311	N4BP2L1	0	-	27588
chr12	56162359	56189567	SMARCC2	0	-	27208
chr13	32315086	32400268	BRCA2	0	+	85182
chr12	48653211	48682238	KANSL2	0	-	29027
chr12	50129289	50167533	CERS5	0	-	38244
chr12	53191323	53207282	ITGB7	0	-	15959
chr12	53157663	53180925	CSAD	0	-	23262
chr12	49097136	49110900	LMBR1L	0	-	13764
chr12	53299695	53307177	MYG1	0	+	7482
chr12	56118250	56144674	ESYT1	0	+	26424
chr12	49707725	49764934	TMBIM6	0	+	57209
chr12	56237807	56258384	ANKRD52	0	-	20577
chr13	51584455	51767709	WDFY2	0	+	183254
chr13	52642431	52643773	HNRNPA1L2	0	+	1342
chr13	46771256	46797420	ESD	0	-	26164
chr13	48303744	48599436	RB1	0	+	295692
chr12	123289109	123364847	SBNO1	0	-	75738
chr12	121648742	121672631	MORN3	0	-	23889
chr12	121804009	121832656	SETD1B	0	+	28647
chr12	122865330	122896127	VPS37B	0	-	30797
chr12	122752824	122771064	DENR	0	+	18240
chr13	59665583	60163928	DIAPH3	0	-	498345
chr13	77697687	77764242	SLAIN1	0	+	66555
chr13	79311824	79406477	RBM26	0	-	94653
chr13	97221434	97394120	MBNL2	0	+	172686
chr13	108218392	108234243	ABHD13	0	+	15851
chr13	110523066	110561722	RAB20	0	-	38656
chr13	113324163	113364148	GRTP1	0	-	39985
chr13	113208193	113267108	CUL4A	0	+	58915
chr14	37595847	38041442	TTC6	0	+	445595
chr14	23047062	23057538	CDH24	0	-	10476
chr14	22883222	22887678	REM2	0	+	4456
chr14	26443090	26598033	NOVA1	0	-	154943
chr14	51240162	51257655	TMX1	0	+	17493
chr14	51489100	51730727	FRMD6	0	+	241627
chr14	56117814	56301524	PELI2	0	+	183710
chr14	59595976	59870776	RTN1	0	-	274800
chr14	57999735	58298139	ARMH4	0	-	298404
chr14	60981114	61083733	SLC38A6	0	+	102619
chr14	57390544	57415906	NAA30	0	+	25362
chr14	69050881	69153150	DCAF5	0	-	102269
chr14	63597039	63641871	WDR89	0	-	44832
chr14	81260652	81436465	STON2	0	-	175813
chr14	89794669	89954777	EFCAB11	0	-	160108
chr14	88005135	88014811	GPR65	0	+	9676
chr14	75427716	75474111	JDP2	0	+	46395
chr14	96392128	96489427	AK7	0	+	97299
chr14	91869411	91947987	FBLN5	0	-	78576
chr14	104985775	105010482	CLBA1	0	+	24707
chr14	102139503	102224847	WDR20	0	+	85344
chr15	34229784	34338060	SLC12A6	0	-	108276
chr15	43804492	43824690	MFAP1	0	-	20198
chr15	56918623	57299281	TCF12	0	+	380658
chr15	45023147	45077185	SORD	0	+	54038
chr15	43777087	43804427	SERF2	0	+	27340
chr15	51723011	51751585	LYSMD2	0	-	28574
chr15	50241947	50265965	HDC	0	-	24018
chr15	59594875	59640239	GCNT3	0	+	45364
chr15	59659146	59689534	BNIP2	0	-	30388
chr15	40035690	40039181	SRP14	0	-	3491
chr15	40439721	40468236	BAHD1	0	+	28515
chr15	40358219	40378621	DISP2	0	+	20402
chr15	42723544	42737128	CDAN1	0	-	13584
chr15	70047790	70098176	TLE3	0	-	50386
chr15	75336020	75343224	COMMD4	0	+	7204
chr15	75843307	75901078	UBE2Q2	0	+	57771
chr15	76993359	77037475	PSTPIP1	0	+	44116
chr15	79960892	79971196	BCL2A1	0	-	10304
chr15	77420412	77485607	HMG20A	0	+	65195
chr15	76347904	76905444	SCAPER	0	-	557540
chr15	77041404	77083984	TSPAN3	0	-	42580
chr15	78277835	78299703	WDR61	0	-	21868
chr8	70109782	70403808	NCOA2	0	-	294026
chr15	75355207	75368612	MAN2C1	0	-	13405
chr15	81000923	81005788	TLNRD1	0	+	4865
chr15	63042632	63071915	TPM1	0	+	29283
chr15	98648539	98964530	IGF1R	0	+	315991
chr15	97960703	97973833	ARRDC4	0	+	13130
chr15	64815632	64825668	PIF1	0	-	10036
chr15	63504511	63594640	USP3	0	+	90129
chr15	72686179	72738475	BBS4	0	+	52296
chr15	73994673	74047827	PML	0	+	53154
chr15	99971437	100342005	ADAMTS17	0	-	370568
chr15	74836118	74843346	ULK3	0	-	7228
chr15	101289784	101525202	PCSK6	0	-	235418
chr15	74843730	74873365	SCAMP2	0	-	29635
chr15	88877294	88895597	HAPLN3	0	-	18303
chr15	89471398	89496589	RHCG	0	-	25191
chr15	89243945	89317261	FANCI	0	+	73316
chr15	89087459	89202355	ABHD2	0	+	114896
chr15	89690811	89743638	WDR93	0	+	52827
chr15	89575469	89631056	TICRR	0	+	55587
chr15	87859751	88256768	NTRK3	0	-	397017
chr15	88898683	88913381	MFGE8	0	-	14698
chr15	90001324	90082206	ZNF710	0	+	80882
chr15	90930180	90954093	UNC45A	0	+	23913
chr15	92393881	92468728	ST8SIA2	0	+	74847
chr15	94231538	94483952	MCTP2	0	+	252414
chr15	90868588	90883564	FURIN	0	+	14976
chr15	90388242	90502239	IQGAP1	0	+	113997
chr15	90529923	90645345	CRTC3	0	+	115422
chr15	82130233	82262734	EFL1	0	-	132501
chr15	84669538	84716460	SEC11A	0	-	46922
chr16	4803203	4847288	GLYR1	0	-	44085
chr16	8788823	8862534	PMM2	0	+	73711
chr16	31355134	31382999	ITGAX	0	+	27865
chr16	31471585	31477960	TGFB1I1	0	+	6375
chr16	31489471	31509309	RUSF1	0	-	19838
chr16	31458080	31467166	ARMC5	0	+	9086
chr16	14435700	14632728	PARN	0	-	197028
chr16	53701692	54158512	FTO	0	+	456820
chr16	21953288	21983660	UQCRC2	0	+	30372
chr16	22345936	22437165	CDR2	0	-	91229
chr16	24919389	25015666	ARHGAP17	0	-	96277
chr16	48080882	48156018	ABCC12	0	-	75136
chr16	50548396	50649249	NKD1	0	+	100853
chr16	72044289	72094431	TXNL4B	0	-	50142
chr16	72782885	73891871	ZFHX3	0	-	1108986
chr16	57092583	57148369	CPNE2	0	+	55786
chr16	56989485	57083531	NLRC5	0	+	94046
chr16	57735739	57757244	KATNB1	0	+	21505
chr16	57758217	57863053	KIFC3	0	-	104836
chr16	77247813	77435034	ADAMTS18	0	-	187221
chr16	77722492	77742260	NUDT7	0	+	19768
chr16	66603874	66613892	CMTM3	0	+	10018
chr16	64943753	65126112	CDH11	0	-	182359
chr16	84053761	84116942	MBTPS1	0	-	63181
chr16	82626965	83800640	CDH13	0	+	1173675
chr16	87406246	87493024	ZCCHC14	0	-	86778
chr16	84476355	84554033	MEAK7	0	-	77678
chr16	85899162	85922606	IRF8	0	+	23444
chr16	668105	674174	RHOT2	0	+	6069
chr16	1962058	1964841	RPS2	0	-	2783
chr16	1959538	1961975	NDUFB10	0	+	2437
chr16	2537979	2603188	PDPK1	0	+	65209
chr16	89948697	89968060	DEF8	0	+	19363
chr16	89873570	89913627	TCF25	0	+	40057
chr16	88813734	88856970	GALNS	0	-	43236
chr16	90019629	90044975	GAS8	0	+	25346
chr17	17476994	17493221	MED9	0	+	16227
chr17	16029157	16218185	NCOR1	0	-	189028
chr17	17246616	17281273	COPS3	0	-	34657
chr17	18039408	18068405	GID4	0	+	28997
chr17	16546954	16569204	ZNF287	0	-	22250
chr17	27456448	27626438	KSR1	0	+	169990
chr16	67723070	67806560	RANBP10	0	-	83490
chr16	67674531	67719339	GFOD2	0	-	44808
chr16	69741871	69754926	NOB1	0	-	13055
chr17	18840085	18931287	PRPSAP2	0	+	91202
chr17	55751051	55842830	PCTP	0	+	91779
chr17	54899387	54961956	TOM1L1	0	+	62569
chr17	50862223	50867978	TOB1	0	-	5755
chr17	508503	721717	VPS53	0	-	213214
chr17	2337498	2381058	SGSM2	0	+	43560
chr17	47522942	47624665	NPEPPS	0	+	101723
chr17	48133442	48430275	SKAP1	0	-	296833
chr17	47831634	47837719	LRRC46	0	+	6085
chr17	29625938	29930276	SSH2	0	-	304338
chr17	32265832	32324659	RHBDL3	0	+	58827
chr17	68259182	68422731	ARSG	0	+	163549
chr17	68867289	68955392	ABCA8	0	-	88103
chr17	44070735	44076344	G6PC3	0	+	5609
chr17	59619689	59696956	CLTC	0	+	77267
chr17	60677453	61392838	BCAS3	0	+	715385
chr18	26016253	26091217	SS18	0	-	74964
chr18	26226445	26391685	TAF4B	0	+	165240
chr18	12328944	12377227	AFG3L2	0	-	48283
chr18	12407896	12432238	PRELID3A	0	+	24342
chr18	11981025	12030877	IMPA2	0	+	49852
chr18	11689264	11885685	GNAL	0	+	196421
chr18	36108531	36129385	SLC39A6	0	-	20854
chr18	35984387	36067576	RPRD1A	0	-	83189
chr18	35972625	35979286	C18orf21	0	+	6661
chr18	35581117	35711834	GALNT1	0	+	130717
chr18	904871	912172	ADCYAP1	0	+	7301
chr18	32124877	32470882	GAREM1	0	-	346005
chr18	21529284	21600884	ESCO1	0	-	71600
chr18	24162045	24397880	OSBPL1A	0	-	235835
chr18	22169589	22202528	GATA6	0	+	32939
chr18	21242232	21526112	GREB1L	0	+	283880
chr17	4669774	4704337	PELP1	0	-	34563
chr18	23506184	23586506	NPC1	0	-	80322
chr18	45687025	45752520	SLC14A1	0	+	65495
chr17	4710596	4721499	ARRB2	0	+	10903
chr17	4833340	4898061	MINK1	0	+	64721
chr17	7626234	7627876	SAT2	0	-	1642
chr17	8878911	8965712	PIK3R5	0	-	86801
chr17	7661779	7687538	TP53	0	-	25759
chr17	80036632	80100613	CCDC40	0	+	63981
chr17	81867721	81871378	ARHGDIA	0	-	3657
chr17	82217934	82261129	SLC16A3	0	+	43195
chr17	80169992	80209331	CARD14	0	+	39339
chr17	74213571	74262020	TTYH2	0	+	48449
chr17	82654973	82698698	RAB40B	0	-	43725
chr17	80134369	80147151	EIF4A3	0	-	12782
chr17	82752042	82945914	TBCD	0	+	193872
chr17	82716706	82730328	FN3KRP	0	+	13622
chr17	82458180	82490537	NARF	0	+	32357
chr17	80544819	80966371	RPTOR	0	+	421552
chr17	82519713	82644662	FOXK2	0	+	124949
chr17	75880335	75896951	TRIM65	0	-	16616
chr17	79792132	79801683	CBX8	0	-	9551
chr17	82321024	82334074	SECTM1	0	-	13050
chr17	76142465	76240493	RNF157	0	-	98028
chr17	81189593	81222999	CEP131	0	-	33406
chr17	79833156	79839440	CBX4	0	-	6284
chr18	46326809	46463140	RNF165	0	+	136331
chr18	49036387	49461347	DYM	0	-	424960
chr18	50560087	50731826	MAPK4	0	+	171739
chr18	50266882	50281774	MBD1	0	-	14892
chr18	62325287	62391288	TNFRSF11A	0	+	66001
chr18	62523025	62587709	ZCCHC2	0	+	64684
chr18	74073353	74147843	FBXO15	0	-	74490
chr18	72536680	72638521	CBLN2	0	-	101841
chr18	59899996	59904305	PMAIP1	0	+	4309
chr17	41801947	41812604	P3H4	0	-	10657
chr17	42579513	42610623	RETREG3	0	-	31110
chr17	39687914	39730426	ERBB2	0	+	42512
chr17	39737927	39747291	GRB7	0	+	9364
chr17	39667981	39670475	PNMT	0	+	2494
chr17	39210541	39225945	STAC2	0	-	15404
chr17	40443450	40457725	IGFBP4	0	+	14275
chr17	41812680	41823213	FKBP10	0	+	10533
chr18	79970813	80033949	TXNL4A	0	-	63136
chr19	13206442	13633025	CACNA1A	0	-	426583
chr19	14072536	14075062	MISP3	0	+	2526
chr19	14087851	14091036	SAMD1	0	-	3185
chr19	15235519	15332545	BRD4	0	-	97026
chr19	3314403	3469217	NFIC	0	+	154814
chr19	507497	519654	TPGS1	0	+	12157
chr19	281040	291403	PLPP2	0	-	10363
chr21	41798225	41879482	PRDM15	0	-	81257
chr21	44300051	44327376	PFKL	0	+	27325
chr19	4791734	4801273	FEM1A	0	+	9539
chr19	6772708	6857366	VAV1	0	+	84658
chr19	17405722	17433724	MVB12A	0	+	28002
chr19	16479067	16628204	ENSG00000141979	0	-	149137
chr19	4360370	4400547	SH3GL1	0	-	40177
chr19	5784832	5791225	DUS3L	0	-	6393
chr19	4675224	4724673	DPP9	0	-	49449
chr19	36334453	36379201	ZFP14	0	-	44748
chr11	215030	236931	SIRT3	0	-	21901
chr11	319676	329475	IFITM3	0	-	9799
chr11	289126	296107	PGGHG	0	+	6981
chr21	31873020	32044633	HUNK	0	+	171613
chr21	45981770	46005050	COL6A1	0	+	23280
chr21	33324429	33359864	IFNAR1	0	+	35435
chr21	31659666	31668931	SOD1	0	+	9265
chr21	46098112	46132848	COL6A2	0	+	34736
chr21	43414483	43427131	SIK1	0	-	12648
chr21	44350163	44443081	TRPM2	0	+	92918
chr21	25880550	26171128	APP	0	-	290578
chr21	36156782	36294274	DOP1B	0	+	137492
chr21	32311018	32393012	URB1	0	-	81994
chr14	104769349	104795751	AKT1	0	-	26402
chr19	47113274	47210636	SAE1	0	+	97362
chr19	48485271	48513935	LMTK3	0	-	28664
chr19	44777869	44800652	CBLC	0	+	22783
chr19	34481758	34512304	WTIP	0	+	30546
chr19	8580240	8610735	ADAMTS10	0	-	30495
chr2	240586734	240617705	CAPN10	0	+	30971
chr19	8520778	8577577	MYO1F	0	-	56799
chr19	56087366	56121295	ZNF787	0	-	33929
chr19	10928811	10933535	TIMM29	0	+	4724
chr19	8065402	8149592	FBN3	0	-	84190
chr19	10871553	10923075	CARM1	0	+	51522
chr19	7830218	7864976	EVI5L	0	+	34758
chr17	19495385	19579034	SLC47A1	0	+	83649
chr17	4796144	4798502	PSMB6	0	+	2358
chr19	51410020	51417803	SIGLEC10	0	-	7783
chr19	50854915	50860764	KLK3	0	+	5849
chr19	49496365	49499708	RPS11	0	+	3343
chr19	49487510	49493057	RPL13A	0	+	5547
chr19	51097606	51108409	CTU1	0	-	10803
chr19	49555468	49590262	NOSIP	0	-	34794
chr19	49528003	49546962	RCN3	0	+	18959
chr19	52012765	52030240	ZNF614	0	-	17475
chr1	9035106	9088478	SLC2A5	0	-	53372
chr1	8352397	8848921	RERE	0	-	496524
chr1	2590639	2633016	MMEL1	0	-	42377
chr1	3069168	3438621	PRDM16	0	+	369453
chr1	17249098	17284233	PADI3	0	+	35135
chr1	15236521	15400283	FHAD1	0	+	163762
chr1	16124337	16156069	EPHA2	0	-	31732
chr1	16197854	16212652	ARHGEF19	0	-	14798
chr1	15409888	15430339	EFHD2	0	+	20451
chr1	10472288	10630758	PEX14	0	+	158470
chr1	10398592	10420511	PGD	0	+	21919
chr1	24056035	24112135	MYOM3	0	-	56100
chr1	26177484	26189884	CNKSR1	0	+	12400
chr1	23691742	23696835	RPL11	0	+	5093
chr1	35713877	35718894	C1orf216	0	-	5017
chr1	35433492	35557950	KIAA0319L	0	-	124458
chr4	127880893	127899224	PLK4	0	+	18331
chr1	27354067	27366961	MAP3K6	0	-	12894
chr1	27369110	27374824	FCN3	0	-	5714
chr1	26876132	26890283	GPN2	0	-	14151
chr1	27342020	27353937	SYTL1	0	+	11917
chr1	27234632	27308636	WDTC1	0	+	74004
chr1	21440128	21485005	NBPF3	0	+	44877
chr1	21822244	21937310	HSPG2	0	-	115066
chr1	63440770	63593721	ITGB3BP	0	-	152951
chr1	67407810	67430415	SERBP1	0	-	22605
chr1	85265776	85276632	BCL10	0	-	10856
chr1	85580761	85584589	CCN1	0	+	3828
chr1	84078062	84238498	PRKACB	0	+	160436
chr1	77088989	77219430	PIGK	0	-	130441
chr1	31576485	31587686	TINAGL1	0	+	11201
chr1	33081104	33123492	AZIN2	0	+	42388
chr1	44775251	44778779	RPS8	0	+	3528
chr1	44739818	44767767	KIF2C	0	+	27949
chr1	43525187	43623666	PTPRF	0	+	98479
chr1	46757838	46819413	CYP4B1	0	+	61575
chr1	54980628	54992288	TMEM61	0	+	11660
chr1	87328880	87348923	LMO4	0	+	20043
chr1	93079235	93139079	MTF2	0	+	59844
chr1	94820342	94895246	SLC44A3	0	+	74904
chr1	116574399	116667755	IGSF3	0	-	93356
chr1	119619377	119648266	ZNF697	0	-	28889
chr1	112396214	112463456	CTTNBP2NL	0	+	67242
chr1	110031577	110074641	STRIP1	0	+	43064
chr1	109399042	109426448	PSMA5	0	-	27406
chr1	111473792	111478512	C1orf162	0	+	4720
chr1	110871188	110899922	CD53	0	+	28734
chr1	109249539	109275751	CELSR2	0	+	26212
chr1	145891208	145910111	ITGA10	0	-	18903
chr1	168079542	168137667	GPR161	0	-	58125
chr1	165662216	165698562	ALDH9A1	0	-	36346
chr1	168178962	168202109	TIPRL	0	+	23147
chr1	169132531	169367948	NME7	0	-	235417
chr1	166839447	166856359	POGK	0	+	16912
chr1	167529117	167553805	CREG1	0	-	24688
chr1	167935783	168075843	DCAF6	0	+	140060
chr1	168280877	168314426	TBX19	0	+	33549
chr1	165724293	165827755	TMCO1	0	-	103462
chr1	167220876	167427345	POU2F1	0	+	206469
chr1	166975582	167022214	MAEL	0	+	46632
chr1	166895711	166975540	ILDR2	0	-	79829
chr1	168695468	168729206	DPT	0	-	33738
chr1	165631213	165661796	MGST3	0	+	30583
chr1	175944831	176207286	COP1	0	-	262455
chr1	161070998	161089558	NECTIN4	0	-	18560
chr1	161152776	161158856	UFC1	0	+	6080
chr1	161166056	161178013	PPOX	0	+	11957
chr1	161505430	161524013	FCGR2A	0	+	18583
chr1	163111121	163321791	RGS5	0	-	210670
chr1	161314381	161363206	SDHC	0	+	48825
chr1	161100556	161118055	PFDN2	0	-	17499
chr1	161229666	161238244	NR1I3	0	-	8578
chr1	161159450	161165723	USP21	0	+	6273
chr1	156750610	156800815	PRCC	0	+	50205
chr1	157513377	157552515	FCRL5	0	-	39138
chr1	156728442	156736960	METTL25B	0	+	8518
chr1	156737303	156741590	MRPL24	0	-	4287
chr1	160190575	160201886	CASQ1	0	+	11311
chr1	156699606	156705816	CRABP2	0	-	6210
chr1	179099330	179229684	ABL2	0	-	130354
chr1	180632022	180890279	XPR1	0	+	258257
chr1	182598623	182604389	RGS16	0	-	5766
chr1	179882042	179920077	TOR1AIP1	0	+	38035
chr1	185734391	186190949	HMCN1	0	+	456558
chr1	183636085	183928532	RGL1	0	+	292447
chr1	219173869	219212865	LYPLAL1	0	+	38996
chr1	151008420	151035713	PRUNE1	0	+	27293
chr1	151806071	151831845	RORC	0	-	25774
chr1	151540305	151583583	TUFT1	0	+	43278
chr1	149923317	149927803	SF3B4	0	-	4486
chr1	150508062	150513789	ECM1	0	+	5727
chr1	150487414	150507602	TARS2	0	+	20188
chr1	151510510	151538692	CGN	0	+	28182
chr1	151612006	151699091	SNX27	0	+	87085
chr1	150926263	150964744	SETDB1	0	+	38481
chr1	150560895	150579738	MCL1	0	-	18843
chr1	150794880	150809577	CTSK	0	-	14697
chr1	151340640	151347326	RFX5	0	-	6686
chr1	151291797	151327715	PI4KB	0	-	35918
chr1	151197949	151249536	PIP5K1A	0	+	51587
chr1	150218417	150236156	ANP32E	0	-	17739
chr1	150996549	151008376	MINDY1	0	-	11827
chr1	150982249	150995634	ANXA9	0	+	13385
chr1	151364304	151372707	SELENBP1	0	-	8403
chr1	150600851	150629612	ENSA	0	-	28761
chr1	151131685	151146631	SEMA6C	0	-	14946
chr1	150809713	150876708	ARNT	0	-	66995
chr1	151402724	151459494	POGZ	0	-	56770
chr1	150698060	150720895	HORMAD1	0	-	22835
chr1	150646230	150697154	GOLPH3L	0	-	50924
chr1	151070578	151125542	GABPB2	0	+	54964
chr1	210676823	211134165	KCNH1	0	-	457342
chr1	206635536	206684419	DYRK3	0	+	48883
chr1	211940399	212035557	INTS7	0	-	95158
chr1	212950520	212992037	VASH2	0	+	41517
chr1	222557902	222589933	TAF1A	0	-	32031
chr1	214281102	214337131	SMYD2	0	+	56029
chr1	223220819	223364233	SUSD4	0	-	143414
chr1	221701424	221742089	DUSP10	0	-	40665
chr1	222522258	222548104	HHIPL2	0	-	25846
chr1	223779893	223845954	TP53BP2	0	-	66061
chr1	154325525	154351304	ATP8B2	0	+	25779
chr1	153981617	153986358	RAB13	0	-	4741
chr1	153390032	153391073	S100A8	0	-	1041
chr1	154155304	154194648	TPM3	0	-	39344
chr1	153457744	153460651	S100A7	0	-	2907
chr1	154220179	154271510	UBAP2L	0	+	51331
chr1	154272589	154275875	HAX1	0	+	3286
chr1	154697455	154870281	KCNN3	0	-	172826
chr1	153789030	153923360	GATAD2B	0	-	134330
chr1	153661788	153671028	ILF2	0	-	9240
chr1	155897808	155911404	RIT1	0	-	13596
chr1	153728050	153774808	INTS3	0	+	46758
chr1	152302165	152325239	FLG	0	-	23074
chr1	229430365	229434104	ACTA1	0	-	3739
chr1	231223763	231241187	C1orf131	0	-	17424
chr1	230057990	230282122	GALNT2	0	+	224132
chr1	230906243	230978875	TTC13	0	-	72632
chr1	246724409	246768137	SCCPDH	0	+	43728
chr1	235661041	235883640	LYST	0	-	222599
chr1	233327724	233385148	MAP3K21	0	+	57424
chr1	243124428	243255348	CEP170	0	-	130920
chr1	227728200	227781826	SNAP47	0	+	53626
chr1	225777813	225790468	SRP9	0	+	12655
chr1	224227334	224330189	NVL	0	-	102855
chr1	225982702	225999343	SDE2	0	-	16641
chr1	224175756	224193441	DEGS1	0	+	17685
chr1	224114111	224162047	FBXO28	0	+	47936
chr1	228082660	228099212	ARF1	0	+	16552
chr1	225936598	225941383	LEFTY2	0	-	4785
chr1	224356858	224379459	CNIH4	0	+	22601
chr1	226631690	226739323	ITPKB	0	-	107633
chr1	228139962	228148984	GUK1	0	+	9022
chr1	226989865	227318492	CDC42BPA	0	-	328627
chr1	224434660	224740554	CNIH3	0	+	305894
chr1	228100726	228105411	C1orf35	0	-	4685
chr2	8852690	9003709	MBOAT2	0	-	151019
chr1	226360210	226408154	PARP1	0	-	47944
chr1	225401502	225428925	LBR	0	-	27423
chr1	227918656	227947932	WNT9A	0	-	29276
chr1	204073115	204127743	SOX13	0	+	54628
chr1	204131062	204152044	ETNK2	0	-	20982
chr1	203026491	203078740	PPFIA4	0	+	52249
chr1	204218853	204377665	PLEKHA6	0	-	158812
chr1	202147013	202161588	PTPN7	0	-	14575
chr1	202133404	202144743	ARL8A	0	-	11339
chr2	19351485	19358623	OSR1	0	-	7138
chr2	20447074	20449440	RHOB	0	+	2366
chr2	10721100	10785110	ATP6V1C2	0	+	64010
chr2	38561969	38603586	HNRNPLL	0	-	41617
chr2	38666081	38741237	GALM	0	+	75156
chr2	44361947	44772592	CAMKMT	0	+	410645
chr2	42169353	42332548	EML4	0	+	163195
chr2	47160084	47176921	CALM2	0	-	16837
chr2	63119559	63827843	WDPCP	0	-	708284
chr2	63892146	64019428	VPS54	0	-	127282
chr2	25733753	25878487	ASXL2	0	-	144734
chr2	67397322	67412089	ETAA1	0	+	14767
chr2	70281362	70293740	SNRPG	0	-	12378
chr2	27123789	27130812	ABHD1	0	+	7023
chr2	66433452	66573869	MEIS1	0	+	140417
chr2	96266159	96274173	CIAO1	0	+	8014
chr2	96274338	96321271	SNRNP200	0	-	46933
chr2	95085369	95149434	MRPS5	0	-	64065
chr2	73729104	73737400	TPRKB	0	-	8296
chr2	72175984	72826041	EXOC6B	0	-	650057
chr2	72942036	73075619	SFXN5	0	-	133583
chr2	70985942	70994873	TEX261	0	-	8931
chr2	74518131	74526281	DQX1	0	-	8150
chr2	73762184	73780157	DUSP11	0	-	17973
chr2	106801600	106887108	ST6GAL2	0	-	85508
chr2	110122311	110205066	NPHP1	0	-	82755
chr2	110083870	110116022	MALL	0	-	32152
chr2	88170295	88186636	THNSL2	0	+	16341
chr2	120240064	120294710	RALB	0	+	54646
chr2	119679167	119686507	TMEM177	0	+	7340
chr2	113627229	113643396	RABL2A	0	+	16167
chr2	112645939	112663825	SLC20A1	0	+	17886
chr2	112138385	112188218	FBLN7	0	+	49833
chr2	112211529	112255136	ZC3H8	0	-	43607
chr2	97083583	97094882	FAHD2B	0	-	11299
chr2	99545419	100192428	AFF3	0	-	647009
chr2	135741734	135785056	UBXN4	0	+	43322
chr2	138501770	138573547	SPOPL	0	+	71777
chr2	136765545	137677718	THSD7B	0	+	912173
chr2	127843553	127858155	POLR2D	0	-	14602
chr2	127861630	127885967	AMMECR1L	0	-	24337
chr2	153871922	154453979	GALNT13	0	+	582057
chr2	158456952	158682879	PKP4	0	+	225927
chr2	165984641	166149214	SCN1A	0	-	164573
chr2	161424332	161985282	SLC4A10	0	+	560950
chr2	174395730	174429575	SCRN3	0	+	33845
chr2	175923882	176002839	LNPK	0	-	78957
chr2	179441982	179861612	ZNF385B	0	-	419630
chr2	173354820	173368997	CDCA7	0	+	14177
chr2	172084740	172089677	DLX1	0	+	4937
chr2	169827454	170084131	UBR3	0	+	256677
chr2	188291669	188595931	GULP1	0	+	304262
chr2	186694060	186765959	FAM171B	0	+	71899
chr2	196639554	196763490	CCDC150	0	+	123936
chr2	208359714	208854503	PTH2R	0	+	494789
chr2	203014608	203226378	NBEAL1	0	+	211770
chr2	210021421	210171409	KANSL1L	0	-	149988
chr2	213284389	214410501	SPAG16	0	+	1126112
chr2	214931542	215138626	ABCA12	0	-	207084
chr3	3700814	4467273	SUMF1	0	-	766459
chr2	226835581	226999215	RHBDD1	0	+	163634
chr2	236567787	236582354	ACKR3	0	+	14567
chr2	233917373	234019522	TRPM8	0	+	102149
chr2	238238267	238240662	HES6	0	-	2395
chr2	240479422	240569209	ANKMY1	0	-	89787
chr2	231961245	232344350	DIS3L2	0	+	383105
chr3	10026370	10101932	FANCD2	0	+	75562
chr3	11790442	11846919	TAMM41	0	-	56477
chr3	19947097	19985175	RAB5A	0	+	38078
chr2	219176225	219185475	RETREG2	0	+	9250
chr2	218398256	218405941	CTDSP1	0	+	7685
chr2	218568580	218597080	CNOT9	0	+	28500
chr2	219597857	219616451	STK11IP	0	+	18594
chr2	219498865	219513898	GMPPA	0	+	15033
chr3	2098813	3057959	CNTN4	0	+	959146
chr3	32525974	32570858	DYNC1LI1	0	-	44884
chr3	28574791	30010391	RBMS3	0	+	1435600
chr3	31657912	32077580	OSBPL10	0	-	419668
chr3	43079229	43106085	POMGNT2	0	-	26856
chr3	39141855	39154562	CSRNP1	0	-	12707
chr3	39383370	39397351	SLC25A38	0	+	13981
chr3	37452115	37823507	ITGA9	0	+	371392
chr3	37243191	37366879	GOLGA4	0	+	123688
chr3	37861880	37984469	CTDSPL	0	+	122589
chr3	36380503	36548007	STAC	0	+	167504
chr3	12897043	13283281	IQSEC1	0	-	386238
chr3	12796472	12871916	CAND2	0	+	75444
chr3	61561569	62297609	PTPRG	0	+	736040
chr3	57089982	57170306	IL17RD	0	-	80324
chr3	72749277	72861914	SHQ1	0	-	112637
chr3	66133610	66388116	SLC25A26	0	+	254506
chr3	69054730	69080408	UBA3	0	-	25678
chr3	69084937	69106092	ARL6IP5	0	+	21155
chr3	69019827	69052339	TMF1	0	-	32512
chr12	56285916	56316059	ENSG00000144785	0	-	30143
chr3	45555394	45686341	LIMD1	0	+	130947
chr3	99638475	99799226	COL8A1	0	+	160751
chr3	101779202	101828231	NXPE3	0	+	49029
chr3	111732497	111976517	PHLDB2	0	+	244020
chr3	111979010	111993368	ABHD10	0	+	14358
chr3	119597875	119629811	PLA1A	0	+	31936
chr3	120684938	120742993	RABL3	0	-	58055
chr3	119579268	119589945	ADPRH	0	+	10677
chr3	112532510	112562046	ATG3	0	-	29536
chr3	133038391	133397775	TMEM108	0	+	359384
chr3	148697784	148743008	AGTR1	0	+	45224
chr3	151085286	151437072	MED12L	0	+	351786
chr3	126103562	126197994	ALDH1L1	0	-	94432
chr3	125528858	125595497	OSBPL11	0	-	66639
chr3	142724034	142807888	TRPC1	0	+	83854
chr3	172630249	172711218	NCEH1	0	-	80969
chr8	12424411	12436406	FAM86B2	0	-	11995
chr3	188153284	188890671	LPP	0	+	737387
chr3	194587673	194633689	TMEM44	0	-	46016
chr3	197668867	197749727	RUBCN	0	-	80860
chr3	51395867	51500015	DCAF1	0	-	104148
chr3	51385291	51389397	MANF	0	+	4106
chr3	121835183	121886526	EAF2	0	+	51343
chr3	121987323	122022247	ILDR1	0	-	34924
chr3	196319342	196338503	TM4SF19	0	-	19161
chr3	195746765	195811973	MUC4	0	-	65208
chr4	20251905	20620561	SLIT2	0	+	368656
chr3	184135038	184146127	EIF2B5	0	+	11089
chr3	184229585	184242329	VWA5B2	0	+	12744
chr4	958887	986895	DGKQ	0	-	28008
chr4	4267701	4290154	LYAR	0	-	22453
chr4	67468762	67545503	CENPC	0	-	76741
chr4	47593999	47838106	CORIN	0	-	244107
chr4	47485275	47593486	ATP10D	0	+	108211
chr4	48885019	48906937	OCIAD2	0	-	21918
chr4	82629539	82798796	SCD5	0	-	169257
chr4	83090048	83137075	PLAC8	0	-	47027
chr4	82430590	82461177	ENOPH1	0	+	30587
chr4	99546709	99564039	TRMT10A	0	-	17330
chr4	87160103	87240314	KLHL8	0	-	80211
chr4	89700345	89838315	SNCA	0	-	137970
chr4	88520998	88523776	PYURF	0	-	2778
chr4	106041599	106316683	TBCK	0	-	275084
chr4	113418054	113761927	CAMK2D	0	-	343873
chr4	100185870	100190782	DDIT4L	0	-	4912
chr4	112818032	113384221	ANK2	0	+	566189
chr4	122923070	123319433	SPATA5	0	+	396363
chr4	118685392	118715433	METTL14	0	+	30041
chr4	119212587	119295518	USP53	0	+	82931
chr4	139495941	139606699	SETD7	0	-	110758
chr4	163110073	163166890	NAF1	0	-	56817
chr4	163524298	164384050	MARCHF1	0	-	859752
chr4	153780591	153789083	SFRP2	0	-	8492
chr4	156760454	156971799	PDGFC	0	-	211345
chr4	174636920	174829247	GLRA3	0	-	192327
chr5	10441524	10472029	ROPN1L	0	+	30505
chr5	1801407	1816048	NDUFS6	0	+	14641
chr5	10353695	10440388	MARCHF6	0	+	86693
chr5	1008802	1038943	NKD2	0	+	30141
chr5	5140330	5320304	ADAMTS16	0	+	179974
chr5	6633427	6674386	SRD5A1	0	+	40959
chr5	16661907	16936288	MYO10	0	-	274381
chr5	14581792	14616180	OTULINL	0	+	34388
chr5	40825262	40835222	RPL37	0	-	9960
chr5	58453982	58460139	PLK2	0	-	6157
chr5	55102646	55110252	GZMA	0	+	7606
chr5	68215756	68301821	PIK3R1	0	+	86065
chr5	83637805	83720855	HAPLN1	0	-	83050
chr5	78485215	78770021	LHFPL2	0	-	284806
chr5	81412804	81751797	SSBP2	0	-	338993
chr5	76403285	76708132	IQGAP2	0	+	304847
chr5	87267883	87391931	RASA1	0	+	124048
chr5	103086000	103120138	GIN1	0	-	34138
chr5	103120149	103212799	PPIP5K2	0	+	92650
chr5	102753981	103029730	PAM	0	+	275749
chr5	71455651	71567820	BDP1	0	+	112169
chr5	71032670	71067689	GTF2H2	0	-	35019
chr5	69093991	69131069	SLC30A5	0	+	37078
chr5	73498408	73505667	BTF3	0	+	7259
chr5	107859035	108382098	FBXL17	0	-	523063
chr5	119268692	119399688	TNFAIP8	0	+	130996
chr5	115520908	115544775	FEM1C	0	-	23867
chr5	116085016	116412762	COMMD10	0	+	327746
chr5	127290796	127465737	MEGF10	0	+	174941
chr5	129460281	129738683	ADAMTS19	0	+	278402
chr5	144158162	144170714	YIPF5	0	-	12552
chr5	142770377	143229011	ARHGAP26	0	+	458634
chr5	135579202	135889770	SLC25A48	0	+	310568
chr5	134758771	134855133	DDX46	0	+	96362
chr5	159157409	159210053	RNF145	0	-	52644
chr5	160347754	160370641	C1QTNF2	0	-	22887
chr5	161288429	161549044	GABRB2	0	-	260615
chr5	148383935	148442836	FBXO38	0	+	58901
chr5	149358037	149369653	PCYOX1L	0	+	11616
chr5	151029945	151093577	TNIP1	0	-	63632
chr5	151771045	151812911	G3BP1	0	+	41866
chr5	178113532	178126081	N4BP3	0	+	12549
chr5	178130996	178150568	RMND5B	0	+	19572
chr5	173607145	173616659	BOD1	0	-	9514
chr5	175796310	175884021	CPLX2	0	+	87711
chr5	167284799	168264157	TENM2	0	+	979358
chr6	3849373	3851320	FAM50B	0	+	1947
chr6	2663629	2750922	MYLK4	0	-	87293
chr6	5261044	5829192	FARS2	0	+	568148
chr6	13357830	13487662	GFOD1	0	-	129832
chr6	20534457	21232404	CDKAL1	0	+	697947
chr5	140698680	140706686	ZMAT2	0	+	8006
chr5	138252380	138274621	GFRA3	0	-	22241
chr5	137617500	137736089	KLHL3	0	-	118589
chr6	24171755	24358059	DCDC2	0	-	186304
chr5	181193924	181205293	TRIM7	0	-	11369
chr5	181222499	181235808	TRIM41	0	+	13309
chr5	177519789	177554563	FAM193B	0	-	34774
chr6	46704201	46735693	PLA2G7	0	-	31492
chr6	47231532	47309905	TNFRSF21	0	-	78373
chr5	176526712	176538025	RNF44	0	-	11313
chr6	49430360	49463253	MMUT	0	-	32893
chr5	177501904	177511274	DOK3	0	-	9370
chr6	26596953	26600739	ABT1	0	+	3786
chr6	30676389	30687895	PPP1R18	0	-	11506
chr6	39792298	39904877	DAAM2	0	+	112579
chr6	57314805	57646850	PRIM2	0	+	332045
chr6	55434373	55579197	HMGCLL1	0	-	144824
chr6	37005646	37029069	FGD2	0	+	23423
chr6	35213956	35253079	SCUBE3	0	+	39123
chr2	241188509	241225976	ANO7	0	+	37467
chr6	42879616	42889925	RPL7L1	0	+	10309
chr6	44258166	44265788	NFKBIE	0	-	7622
chr6	46549580	46652830	CYP39A1	0	-	103250
chr6	82363206	82367420	TPBG	0	+	4214
chr6	78934419	79078254	PHIP	0	-	143835
chr6	97142161	97283217	MMS22L	0	-	141056
chr6	99271168	99350062	FAXC	0	-	78894
chr6	89080751	89085160	PNRC1	0	+	4409
chr6	89146055	89165565	PM20D2	0	+	19510
chr6	87513459	87590028	RARS2	0	-	76569
chr6	107702154	107824317	SCML4	0	-	122163
chr6	121079494	121334745	TBC1D32	0	-	255251
chr6	122996235	123072925	CLVS2	0	+	76690
chr6	124962437	125092633	RNF217	0	+	130196
chr6	127118671	127199481	RSPO3	0	+	80810
chr6	129576132	129710177	ARHGAP18	0	-	134045
chr6	139028745	139043302	ABRACL	0	+	14557
chr6	132769370	132813339	SLC18B1	0	-	43969
chr6	136231024	136250335	MTFR2	0	-	19311
chr6	133987581	134052624	SLC2A12	0	-	65043
chr6	145864245	145964423	SHPRH	0	-	100178
chr6	143060496	143341058	AIG1	0	+	280562
chr6	158636474	158644743	DYNLT1	0	-	8269
chr6	154832697	155257723	TIAM2	0	+	425026
chr6	158536436	158635429	TMEM181	0	+	98993
chr6	159800249	159820704	PNLDC1	0	+	20455
chr1	35268709	35422058	ZMYM4	0	+	153349
chr6	151452258	151470101	ARMT1	0	+	17843
chr6	160348378	160452577	SLC22A3	0	+	104199
chr7	12330885	12403941	VWDE	0	-	73056
chr7	2728105	2844308	GNA12	0	-	116203
chr7	996986	1138260	C7orf50	0	-	141274
chr7	3301252	4269000	SDK1	0	+	967748
chr7	6590021	6608726	C7orf26	0	+	18705
chr7	28299321	28825894	CREB5	0	+	526573
chr7	55019017	55211628	EGFR	0	+	192611
chr11	65066300	65084164	CDCA5	0	-	17864
chr7	45912245	45921874	IGFBP3	0	-	9629
chr7	44876299	44885530	PURB	0	-	9231
chr7	76048051	76067508	MDH2	0	+	19457
chr7	76609986	76627279	POMZP3	0	-	17293
chr7	56051685	56063989	CCT6A	0	+	12304
chr7	56011051	56051604	PSPH	0	-	40553
chr7	65373799	65401136	ZNF92	0	+	27337
chr7	105604772	105876599	ATXN7L1	0	-	271827
chr7	112762377	112790423	TMEM168	0	-	28046
chr7	100826820	100867010	SLC12A9	0	+	40190
chr7	100679507	100694250	GIGYF1	0	-	14743
chr7	99876958	99919531	TRIM4	0	-	42573
chr7	130164713	130207770	TMEM209	0	-	43057
chr7	134986508	135147963	AGBL3	0	+	161455
chr7	139025706	139036042	ZC3HAV1L	0	-	10336
chr7	135148072	135166215	TMEM140	0	+	18143
chr17	62458658	62615481	TLK2	0	+	156823
chr7	143390289	143408856	EPHA1	0	-	18567
chr7	156949712	156973176	NOM1	0	+	23464
chr7	158631169	158704804	NCAPG2	0	-	73635
chrX	5840637	6228867	NLGN4X	0	-	388230
chrX	9786429	9949443	SHROOM2	0	+	163014
chr7	139340359	139423457	LUC7L2	0	+	83098
chr7	140518420	140673993	DENND2A	0	-	155573
chrX	19533977	19887600	SH3KBP1	0	-	353623
chrX	34627075	34657285	TMEM47	0	-	30210
chrX	41514934	41923554	CASK	0	-	408620
chrX	44873188	45112779	KDM6A	0	+	239591
chrX	57134530	57137523	SPIN2A	0	-	2993
chrX	65588377	65741931	MSN	0	+	153554
chrX	50202713	50351914	CCNB3	0	+	149201
chrX	74421493	74533917	SLC16A2	0	+	112424
chrX	45148373	45200901	DIPK2B	0	-	52528
chrX	46573765	46598496	CHST7	0	+	24731
chrX	46447292	46497422	KRBOX4	0	+	50130
chrX	47445178	47483222	ZNF41	0	-	38044
chrX	71366222	71532374	TAF1	0	+	166152
chrX	71254814	71301522	NONO	0	+	46708
chrX	49053572	49069857	CCDC120	0	+	16285
chrX	71533104	71575892	OGT	0	+	42788
chrX	71056332	71073426	SNX12	0	-	17094
chrX	85243991	85273362	ZNF711	0	+	29371
chrX	96684712	97604997	DIAPH2	0	+	920285
chrX	107628428	107651993	PRPS1	0	+	23565
chrX	106611930	106679439	RADX	0	+	67509
chrX	107449652	107605255	FRMPD3	0	+	155603
chrX	118495815	118686163	DOCK11	0	+	190348
chrX	131273506	131578899	IGSF1	0	-	305393
chrX	131058346	131089885	ARHGAP36	0	+	31539
chrX	133535745	133987100	GPC3	0	-	451355
chrX	136848004	136880764	RBMX	0	-	32760
chr8	6406592	6648508	MCPH1	0	+	241916
chr8	8783354	8893630	MFHAS1	0	-	110276
chr8	406428	477967	FBXO25	0	+	71539
chrX	151912495	151925171	MAGEA4	0	+	12676
chrX	152830967	152869729	NSDHL	0	+	38762
chrX	152914442	152973481	ZNF185	0	+	59039
chrX	152826994	152830757	CETN2	0	-	3763
chrX	154389955	154409168	RPL10	0	+	19213
chr8	19404161	19758029	CSGALNACT1	0	-	353868
chr8	20197381	20226819	ATP6V1B2	0	+	29438
chr8	28890395	29064764	HMBOX1	0	+	174369
chr8	25419258	25424654	GNRH1	0	-	5396
chr8	22620418	22669148	BIN3	0	-	48730
chr8	21908873	21913690	DOK2	0	-	4817
chr8	23528956	23575463	SLC25A37	0	+	46507
chr8	23243637	23262000	CHMP7	0	+	18363
chr8	25184689	25418082	DOCK5	0	+	233393
chr8	37762595	37779768	PLPBP	0	+	17173
chr8	37736601	37758422	ERLIN2	0	+	21821
chr8	51319577	51809445	PXDNL	0	-	489868
chr8	38728186	38853028	TACC1	0	+	124842
chr8	41488200	41511095	GOLGA7	0	+	22895
chr8	41529218	41545030	GINS4	0	+	15812
chr8	38269704	38382272	NSD3	0	-	112568
chr8	70635318	70669185	LACTB2	0	-	33867
chr8	73008856	73048123	TERF1	0	+	39267
chr8	91209494	91398155	SLC26A7	0	+	188661
chr8	85987323	86154225	ATP6V0D2	0	+	166902
chr8	109573978	109691791	SYBU	0	-	117813
chr8	97644184	97730260	MTDH	0	+	86076
chr8	104489231	104589258	LRP12	0	-	100027
chr8	109539711	109565996	EBAG9	0	+	26285
chr8	100150623	100154003	POLR2K	0	+	3380
chr8	119165034	119245673	MAL2	0	+	80639
chr8	116642130	116766925	EIF3H	0	-	124795
chr8	124488485	124539458	TATDN1	0	-	50973
chr8	123178960	123210079	FAM83A	0	+	31119
chr8	129748196	129786624	GSDMC	0	-	38428
chr8	138130023	138497261	FAM135B	0	-	367238
chr8	144827518	144847509	ZNF7	0	+	19991
chr8	144529179	144685846	ARHGAP39	0	-	156667
chr8	144409742	144416844	SLC39A4	0	-	7102
chr8	143574785	143578649	NAPRT	0	-	3864
chr9	2621182	2660056	VLDLR	0	+	38874
chr9	4709556	4742043	AK3	0	-	32487
chr9	6413151	6507054	UHRF2	0	+	93903
chr9	14081843	14398983	NFIB	0	-	317140
chr9	19108375	19149290	PLIN2	0	-	40915
chr9	19053141	19102904	HAUS6	0	-	49763
chr9	27535640	27573866	C9orf72	0	-	38226
chr9	37120574	37358149	ZCCHC7	0	+	237575
chr9	34634722	34637844	SIGMAR1	0	-	3122
chr9	65668805	65734041	CBWD5	0	+	65236
chr9	78236062	78279690	CEP78	0	+	43628
chr9	84668375	85095751	NTRK2	0	+	427376
chr9	83623049	83644130	IDNK	0	+	21081
chr9	89005771	89178818	SHC3	0	-	173047
chr9	91213815	91361918	AUH	0	-	148103
chr9	94374569	94461042	MFSD14B	0	+	86473
chr9	94726699	95087159	AOPEP	0	+	360460
chr9	106863166	107013634	ZNF462	0	+	150468
chr9	112683926	112718149	INIP	0	-	34223
chr9	111896814	111935369	UGCG	0	+	38555
chr9	112750760	112881671	SNX30	0	+	130911
chr9	121338987	121370304	STOM	0	-	31317
chr9	121207794	121332843	GSN	0	+	125049
chr9	122264603	122331337	MRRF	0	+	66734
chr9	124517275	124771311	NR6A1	0	-	254036
chr9	113386312	113401290	ALAD	0	-	14978
chr9	116423112	117415070	ASTN2	0	-	991958
chr9	113313222	113340298	WDR31	0	-	27076
chr9	133361450	133376166	SURF4	0	-	14716
chr9	133351758	133356676	SURF1	0	-	4918
chr9	133328776	133336188	SURF6	0	-	7412
chr9	133338312	133348131	MED22	0	-	9819
chr9	133348218	133351426	RPL7A	0	+	3208
chr9	133030675	133058503	GTF3C5	0	+	27828
chr9	128120693	128128462	PTGES2	0	-	7769
chr9	129608884	129636135	NTMT1	0	+	27251
chr9	128068201	128109245	SLC25A25	0	+	41044
chr9	129036621	129072082	MIGA2	0	+	35461
chr9	129738331	129753042	PTGES	0	-	14711
chr9	128149071	128153453	LCN2	0	+	4382
chr9	127451489	127503499	LRSAM1	0	+	52010
chr9	130265760	130434123	HMCN2	0	+	168363
chr9	130053426	130140169	GPR107	0	+	86743
chr9	136992422	136993984	PAXX	0	+	1562
chr9	136428619	136439845	INPP5E	0	-	11226
chr9	136440096	136483759	SEC16A	0	-	43663
chr9	137554444	137578925	DPH7	0	-	24481
chr9	136494433	136546048	NOTCH1	0	-	51615
chr9	136006537	136095289	NACC2	0	-	88752
chr10	11823339	11872277	PROSER2	0	+	48938
chr10	11460510	11611666	USP6NL	0	-	151156
chr10	23095579	23122013	MSRB2	0	+	26434
chr10	15211643	15371289	FAM171A1	0	-	159646
chr10	15778170	15860507	MINDY3	0	-	82337
chr10	16590611	16817463	RSU1	0	-	226852
chr10	17315421	17454595	ST8SIA6	0	-	139174
chr10	34109560	34815325	PARD3	0	-	705765
chr10	37125598	37232567	ANKRD30A	0	+	106969
chr10	31318495	31529814	ZEB1	0	+	211319
chr10	59246130	59363181	FAM13C	0	-	117051
chr10	63133247	63155031	NRBF2	0	+	21784
chr10	84194537	84219621	CDHR1	0	+	25084
chr10	77975149	78029515	POLR3A	0	-	54366
chr10	67921899	68075301	HERC4	0	-	153402
chr10	75431624	76560168	LRMDA	0	+	1128544
chr10	73812501	73874591	CAMK2G	0	-	62090
chr10	90871952	90908553	RPP30	0	+	36601
chr10	93667883	93702592	FRA10AC1	0	-	34709
chr10	109996368	110135565	ADD3	0	+	139197
chr10	72332830	72355149	DNAJB12	0	-	22319
chr10	70404145	70428618	EIF4EBP2	0	+	24473
chr10	113751262	113783429	PLEKHS1	0	+	32167
chr10	112950247	113167678	TCF7L2	0	+	217431
chr10	128096659	128126423	MKI67	0	-	29764
chr10	133355158	133358025	FUOM	0	-	2867
chr10	132332154	132381508	LRRC27	0	+	49354
chr10	104235356	104267459	GSTO1	0	+	32103
chr10	103367966	103389065	TAF5	0	+	21099
chr10	102132994	102150333	PPRC1	0	+	17339
chr10	104309698	104338465	ITPRIP	0	-	28767
chr10	103396626	103446294	PDCD11	0	+	49668
chr10	126012381	126388477	ADAM12	0	-	376096
chr10	119499817	119542719	RGS10	0	-	42902
chr11	13388008	13463297	BTBD10	0	-	75289
chr11	10305073	10307397	ADM	0	+	2324
chr11	22625509	22813001	GAS2	0	+	187492
chr11	27494418	27506769	LIN7C	0	-	12351
chr11	40114203	41459773	LRRC4C	0	-	1345570
chr11	31432401	31509645	IMMP1L	0	-	77244
chr11	1828307	1837521	SYT8	0	+	9214
chr11	6926404	7001004	ZNF215	0	+	74600
chr11	43680680	43856617	HSD17B12	0	+	175937
chr11	35431823	35530300	PAMR1	0	-	98477
chr11	46332905	46380554	DGKZ	0	+	47649
chr11	57299638	57324952	TNKS1BP1	0	-	25314
chr11	57597387	57619171	SERPING1	0	+	21784
chr11	57325986	57335892	SSRP1	0	-	9906
chr11	57484534	57515780	SLC43A1	0	-	31246
chr11	47980559	48170839	PTPRJ	0	+	190280
chr11	46936689	47164385	C11orf49	0	+	227696
chr11	47465933	47565569	CELF1	0	-	99636
chr11	86302211	86345943	HIKESHI	0	+	43732
chr11	95165513	95232541	SESN3	0	-	67028
chr11	95089846	95132645	ENDOD1	0	+	42799
chr11	96349241	96389956	CCDC82	0	-	40715
chr11	75422394	75433203	KLHL35	0	-	10809
chr11	78652829	79441030	TENM4	0	-	788201
chr11	75562056	75572783	SERPINH1	0	+	10727
chr11	77066961	77126155	CAPN5	0	+	59194
chr11	77878720	77994671	INTS4	0	-	115951
chr11	77322017	77474635	PAK1	0	-	152618
chr11	75399515	75422280	RPS3	0	+	22765
chr11	113314579	113383544	TTC12	0	+	68965
chr11	112961247	113278436	NCAM1	0	+	317189
chr11	113409605	113475691	DRD2	0	-	66086
chr11	108157215	108222638	NPAT	0	-	65423
chr11	134331874	134378341	GLB1L2	0	+	46467
chr20	10435305	10636829	SLX4IP	0	+	201524
chr11	72085895	72103297	LAMTOR1	0	-	17402
chr11	120511746	120988906	GRIK4	0	+	477160
chr11	130159782	130210362	ST14	0	+	50580
chr11	119044188	119057227	HYOU1	0	-	13039
chr20	3667965	3682246	ADAM33	0	-	14281
chr20	18137228	18188387	KAT14	0	+	51159
chr11	62593214	62601865	MTA2	0	-	8651
chr11	61361964	61377890	TMEM138	0	+	15926
chr11	62602218	62612775	EML3	0	-	10557
chr11	62123998	62153169	INCENP	0	+	29171
chr1	2425980	2505532	PLCH2	0	+	79552
chr11	60088261	60098467	MS4A2	0	+	10206
chr11	62615296	62622154	B3GAT3	0	-	6858
chr11	124954121	125041489	CCDC15	0	+	87368
chr11	125625163	125676255	CHEK1	0	+	51092
chr11	125442881	125592568	FEZ1	0	-	149687
chr11	124752583	124762290	ESAM	0	-	9707
chr11	118253416	118264536	MPZL2	0	-	11120
chr11	117178736	117197445	SIDT2	0	+	18709
chr20	44106590	44187188	JPH2	0	-	80598
chr20	38210503	38260772	KIAA1755	0	-	50269
chr20	36751791	36773818	DSN1	0	-	22027
chr20	36777447	36863538	SOGA1	0	-	86091
chr20	35954564	36030700	CNBD2	0	+	76136
chr20	62122461	62135374	LSM14B	0	+	12913
chr20	63195429	63216139	YTHDF1	0	-	20710
chr20	62388634	62407285	CABLES2	0	-	18651
chr11	69653076	69675416	LTO1	0	-	22340
chr11	64225941	64230686	NUDT22	0	+	4745
chr11	64206678	64223891	FERMT3	0	+	17213
chr11	64251530	64269150	PLCB3	0	+	17620
chr11	65089324	65111862	VPS51	0	+	22538
chr16	30085793	30091924	TBX6	0	-	6131
chr16	30075978	30085376	PPP4C	0	+	9398
chr16	30024427	30052978	TLCD3B	0	-	28551
chr16	30005514	30023270	DOC2A	0	-	17756
chr16	29973868	29992261	TAOK2	0	+	18393
chr16	29940885	29973050	TMEM219	0	+	32165
chr12	65824460	65966291	HMGA2	0	+	141831
chr11	102835801	102843609	MMP3	0	-	7808
chrX	21372801	21654695	CNKSR2	0	+	281894
chr12	10069554	10111627	CLEC1A	0	-	42073
chr10	27672874	27746060	MKX	0	-	73186
chr10	28050993	28334486	MPP7	0	-	283493
chr10	32887273	33005792	ITGB1	0	-	118519
chr16	30896614	30903547	CTF1	0	+	6933
chr11	94962620	94973586	CWC15	0	-	10966
chr10	61901684	62096944	ARID5B	0	+	195260
chr13	69700594	70108493	KLHL1	0	-	407899
chr13	113455819	113490951	DCUN1D2	0	-	35132
chr13	113491021	113554590	TMCO3	0	+	63569
chr11	125094389	125111763	TMEM218	0	-	17374
chr11	126283065	126298845	TIRAP	0	+	15780
chr13	20728731	20773961	EEF1AKMT1	0	-	45230
chr13	20973036	21061586	LATS2	0	-	88550
chr13	21140514	21149084	SAP18	0	+	8570
chr4	61200326	62078335	ADGRL3	0	+	878009
chr18	36829106	37232172	KIAA1328	0	+	403066
chr13	51222334	51284239	FAM124A	0	+	61905
chr14	39230231	39388513	MIA2	0	+	158282
chr2	137964020	138016364	HNMT	0	+	52344
chr2	149038107	149215262	LYPD6B	0	+	177155
chr10	110871795	110900006	PDCD4	0	+	28211
chr10	111077029	111080907	ADRA2A	0	+	3878
chr4	175632934	176002664	GPM6A	0	-	369730
chr4	176065841	176182818	WDR17	0	+	116977
chr4	176683538	176792922	VEGFC	0	-	109384
chr18	68715209	69055189	CCDC102B	0	+	339980
chr15	39588357	39782841	FSIP1	0	-	194484
chr11	83455012	85627922	DLG2	0	-	2172910
chr1	192158462	192185815	RGS18	0	+	27353
chr11	86791059	86952910	PRSS23	0	+	161851
chr5	32226994	32312987	MTMR12	0	-	85993
chr5	10249929	10266389	CCT5	0	+	16460
chr5	10225507	10249897	ATPSCKMT	0	-	24390
chr10	126905409	127452517	DOCK1	0	+	547108
chr11	111927144	112022653	DIXDC1	0	+	95509
chr11	112025408	112064404	DLAT	0	+	38996
chr11	112074086	112085150	NKAPD1	0	+	11064
chr11	112226367	112269955	PTS	0	+	43588
chr10	22534854	22714578	PIP4K2A	0	-	179724
chr2	11133128	11151317	C2orf50	0	+	18189
chr13	38687077	38887131	FREM2	0	+	200054
chr13	40555667	40666641	FOXO1	0	-	110974
chr2	36355778	36551135	CRIM1	0	+	195357
chr4	118722823	118838683	SEC24D	0	-	115860
chr12	122920951	122981649	ABCB9	0	-	60698
chr12	123415039	123436684	RILPL2	0	-	21645
chr12	124946825	124989131	DHX37	0	-	42306
chr12	124911604	124917368	UBC	0	-	5764
chr3	4493345	4847506	ITPR1	0	+	354161
chr4	138164097	138242349	SLC7A11	0	-	78252
chr10	25174802	25602229	GPR158	0	+	427427
chr12	1791963	1918666	CACNA2D4	0	-	126703
chr12	1970772	2697950	CACNA1C	0	+	727178
chr3	24117153	24495756	THRB	0	-	378603
chr3	25718944	25790039	NGLY1	0	-	71095
chr11	18529609	18588747	UEVLD	0	-	59138
chr12	104986316	105074197	NOPCHAP1	0	+	87881
chr12	106955719	106978778	TMEM263	0	+	23059
chr12	107318421	107659642	BTBD11	0	+	341221
chr12	109477402	109536705	UBE3B	0	+	59303
chr10	60026298	60733490	ANK3	0	-	707192
chr10	58191517	58267894	IPMK	0	-	76377
chr10	77790791	77926755	DLG5	0	-	135964
chr10	80271820	80289658	MAT1A	0	-	17838
chr12	39755025	40106089	SLC2A13	0	-	351064
chr12	42081845	42144874	GXYLT1	0	-	63029
chr12	43793723	43806328	TWF1	0	-	12605
chr10	274190	689668	DIP2C	0	-	415478
chr4	98879276	98929133	EIF4E	0	-	49857
chr3	65353525	66038918	MAGI1	0	-	685393
chr13	102765888	102773811	TEX30	0	-	7923
chr5	123512099	123617045	CSNK1G3	0	+	104946
chr5	121961975	122075570	SRFBP1	0	+	113595
chr14	32329298	32837684	AKAP6	0	+	508386
chr14	32934396	33820863	NPAS3	0	+	886467
chr14	35044907	35113130	FAM177A1	0	+	68223
chr14	36298564	36320637	MBIP	0	-	22073
chr14	37197913	37552361	MIPOL1	0	+	354448
chr11	44095648	44251962	EXT2	0	+	156314
chr2	663877	677406	TMEM18	0	-	13529
chr11	86441108	86672636	ME3	0	-	231528
chr5	33523535	33892019	ADAMTS12	0	-	368484
chr14	31489956	31861224	NUBPL	0	+	371268
chr1	198156994	198322420	NEK7	0	+	165426
chr5	108747841	109196841	FER	0	+	449000
chr14	77426675	77457952	VIPAS39	0	-	31277
chr4	124664048	124712732	ANKRD50	0	-	48684
chr10	11920022	12043170	UPF2	0	-	123148
chr10	12195965	12250589	CDC123	0	+	54624
chr4	128864921	129093600	SCLT1	0	-	228679
chr10	12896625	13099652	CCDC3	0	-	203027
chr10	13643706	14462142	FRMD4A	0	-	818436
chr12	15322257	15602175	PTPRO	0	+	279918
chr12	15620134	15882329	EPS8	0	-	262195
chr11	134253548	134265855	ACAD8	0	+	12307
chr11	134248279	134253370	THYN1	0	-	5091
chr11	134224671	134247788	VPS26B	0	+	23117
chr10	112446998	112818744	VTI1A	0	+	371746
chr4	17460261	17512206	QDPR	0	-	51945
chr10	114821744	114899832	FHIP2A	0	+	78088
chr15	56244009	56445997	TEX9	0	+	201988
chr4	145599042	145660033	MMAA	0	+	60991
chr4	145757627	145938823	ZNF827	0	-	181196
chr4	147480917	147544954	EDNRA	0	+	64037
chr4	148078762	148444698	NR3C2	0	-	365936
chr10	4987775	5018031	AKR1C2	0	-	30256
chr10	132186948	132205759	DPYSL4	0	+	18811
chr10	133262420	133276868	ADAM8	0	-	14448
chr10	7703316	7749520	ITIH2	0	+	46204
chr10	7750962	7787993	KIN	0	-	37031
chr2	46580937	46617055	PIGF	0	-	36118
chr2	189674290	189761193	ANKAR	0	+	86903
chr2	190343570	190371665	INPP1	0	+	28095
chr2	190408355	190509205	MFSD6	0	+	100850
chr2	6917412	7068286	RNF144A	0	+	150874
chr2	9206765	9405683	ASAP2	0	+	198918
chr2	9488486	9556732	ADAM17	0	-	68246
chr11	128686535	128813267	FLI1	0	+	126732
chr11	129815848	129860003	TMEM45B	0	+	44155
chr4	183099257	183320777	WWC2	0	+	221520
chr4	184755595	184826818	ACSL1	0	-	71223
chr4	185143266	185150382	SLC25A4	0	+	7116
chr12	31671142	31729121	AMN1	0	-	57979
chr12	32106835	32383633	BICD1	0	+	276798
chr14	50632058	50668306	SAV1	0	-	36248
chr13	43823909	43879740	CCDC122	0	-	55831
chr13	44373665	44397714	SERP2	0	+	24049
chr2	15166914	15561334	NBAS	0	-	394420
chr3	21412218	22373321	ZNF385D	0	-	961103
chr4	155854738	155920406	TDO2	0	+	65668
chr13	23288689	23433763	SACS	0	-	145074
chr14	59504539	59576812	CCDC175	0	-	72273
chr13	25096136	25099254	PABPC3	0	+	3118
chr13	24882279	24922889	CENPJ	0	-	40610
chr5	41925254	41941743	FBXO4	0	+	16489
chr5	43444252	43483893	TMEM267	0	-	39641
chr5	43376645	43412391	CCL28	0	-	35746
chr5	50665899	50846519	PARP8	0	+	180620
chr10	116056925	116276803	GFRA1	0	-	219878
chr10	118674167	118755249	CACUL1	0	-	81082
chr6	56457987	56954830	DST	0	-	496843
chr6	56955107	57027346	BEND6	0	+	72239
chr10	119571802	119597029	TIAL1	0	-	25227
chr10	119651380	119677819	BAG3	0	+	26439
chr2	223052190	223198399	KCNE4	0	+	146209
chr1	174159410	174995308	RABGAP1L	0	+	835898
chr2	130139287	130145134	CCDC74B	0	-	5847
chr2	130191745	130198439	TUBA3E	0	-	6694
chr1	176857302	177164973	ASTN1	0	-	307671
chr2	131047876	131093460	FAM168B	0	-	45584
chr1	214348700	214552449	PTPN14	0	-	203749
chr2	134119983	134454621	MGAT5	0	+	334638
chr2	134455759	134719000	TMEM163	0	-	263241
chr12	119171555	119224855	HSPB8	0	+	53300
chr2	38751534	38785002	GEMIN6	0	+	33468
chr2	39664982	39717963	TMEM178A	0	+	52981
chr13	78614289	78659155	OBI1	0	-	44866
chr13	48653711	48711226	CYSLTR2	0	+	57515
chr13	49628507	49633872	ARL11	0	+	5365
chr18	44680173	45068510	SETBP1	0	+	388337
chr11	30323104	30338223	ARL14EP	0	+	15119
chr18	45847609	45967329	EPG5	0	-	119720
chr18	45983536	46072272	PSTPIP2	0	-	88736
chr18	46080248	46104334	ATP5F1A	0	-	24086
chr18	46104378	46128333	HAUS1	0	+	23955
chr18	46173553	46266992	C18orf25	0	+	93439
chr2	168834132	168913371	SPC25	0	-	79239
chr2	172555373	172608669	PDK1	0	+	53296
chr11	14643804	14872044	PDE3B	0	+	228240
chr2	85133392	85310387	TCF7L1	0	+	176995
chr2	85318027	85328251	TGOLN2	0	-	10224
chr14	90061994	90185853	KCNK13	0	+	123859
chr1	162497251	162529631	UHMK1	0	+	32380
chr5	81972023	82276857	ATG10	0	+	304834
chr5	136975298	137598379	SPOCK1	0	-	623081
chr5	80487969	80542563	FAM151B	0	+	54594
chr1	166856510	166876264	TADA1	0	-	19754
chr11	106674019	107018476	GUCY1A2	0	-	344457
chr11	107326360	107457825	CWF19L2	0	-	131465
chr5	79236131	79327211	JMY	0	+	91080
chr5	79372636	79514134	HOMER1	0	-	141498
chr5	83077498	83353787	XRCC4	0	+	276289
chr19	57940833	57947706	ZNF256	0	-	6873
chr10	14897359	14954432	DCLRE1C	0	-	57073
chr10	15102584	15168693	NMT2	0	-	66109
chr19	58367618	58381030	ZNF837	0	-	13412
chr13	27066156	27171811	USP12	0	-	105655
chr3	191329085	191398659	CCDC50	0	+	69574
chr5	111223653	111494886	CAMK4	0	+	271233
chr5	115124762	115180546	TRIM36	0	-	55784
chr2	43222402	43226606	ZFP36L2	0	-	4204
chr13	28138506	28295335	PAN3	0	+	156829
chr2	43637260	43767987	PLEKHH2	0	+	130727
chr11	102396332	102470384	TMEM123	0	-	74052
chr11	105609994	105982092	GRIA4	0	+	372098
chr5	35617844	35814611	SPEF2	0	+	196767
chr4	87473335	87531061	SPARCL1	0	-	57726
chr3	152243828	152465780	MBNL1	0	+	221952
chr5	35904288	35938779	CAPSL	0	-	34491
chr5	36192589	36242279	NADK2	0	-	49690
chr3	32105689	32168709	GPD1L	0	+	63020
chr6	121435595	121449727	GJA1	0	+	14132
chr5	55231152	55233608	CCNO	0	-	2456
chr2	32165841	32224379	SLC30A6	0	+	58538
chr2	33436324	33564750	RASGRP3	0	+	128426
chr13	94601857	94634661	GPR180	0	+	32804
chr1	66812885	66924856	DNAI4	0	-	111971
chr10	88819896	88851844	ANKRD22	0	-	31948
chr13	98142562	98455176	FARP1	0	+	312614
chr10	89414568	89421605	IFIT5	0	+	7037
chr10	89582988	89645242	PANK1	0	-	62254
chr4	80183879	80204329	PRDM8	0	+	20450
chr4	82422565	82430462	HNRNPDL	0	-	7897
chr10	92689955	92695647	HHEX	0	+	5692
chr6	144285335	144853034	UTRN	0	+	567699
chr6	127968785	128520616	PTPRK	0	-	551831
chr7	64971772	65006684	ZNF117	0	-	34912
chr5	58582221	58859394	RAB3C	0	+	277173
chr5	69415065	69444330	MARVELD2	0	+	29265
chr5	69369293	69414801	RAD17	0	+	45508
chr12	27022546	27066343	MED21	0	+	43797
chr3	146069440	146163653	PLOD2	0	-	94213
chr4	5051480	5500994	STK32B	0	+	449514
chr3	147393422	147510293	ZIC1	0	+	116871
chr4	22345071	22516066	ADGRA3	0	-	170995
chr3	148791102	148860187	CPB1	0	+	69085
chr4	24998847	25030946	LGI2	0	-	32099
chr5	64766368	65102412	CWC27	0	+	336044
chr1	181033374	181061938	MR1	0	+	28564
chr5	69189574	69210357	CENPH	0	+	20783
chr6	4706159	4955551	CDYL	0	+	249392
chr4	101411286	102074812	BANK1	0	+	663526
chr16	11679083	11742857	TXNDC11	0	-	63774
chr2	134838616	134902034	ACMSD	0	+	63418
chr2	111611639	111884690	ANAPC1	0	-	273051
chr5	96525267	96779595	CAST	0	+	254328
chr4	140257286	140385728	SCOC	0	+	128442
chr4	140388453	140427661	CLGN	0	-	39208
chr5	90392257	90409766	CETN3	0	-	17509
chr4	143513702	143557486	SMARCA5	0	+	43784
chr2	106391290	106468413	RGPD3	0	-	77123
chr12	64507001	64697564	RASSF3	0	+	190563
chr1	244840638	244864560	HNRNPU	0	-	23922
chr2	108719482	108785809	RANBP2	0	+	66327
chr1	246839098	246931948	AHCTF1	0	-	92850
chr2	111898607	112029561	MERTK	0	+	130954
chr2	112055269	112119318	TMEM87B	0	+	64049
chr12	70638073	70920738	PTPRR	0	-	282665
chr2	156324437	156342348	NR4A2	0	-	17911
chr2	158171073	158456753	CCDC148	0	-	285680
chr2	159932006	160062615	PLA2R1	0	-	130609
chr2	160272151	160493807	RBMS1	0	-	221656
chr3	111292719	111665750	CD96	0	+	373031
chr6	46652915	46678190	SLC25A27	0	+	25275
chr6	46997708	47042350	ADGRF1	0	-	44642
chr8	129839593	130017129	CYRIB	0	-	177536
chr8	130052104	130443674	ASAP1	0	-	391570
chr18	31829197	31953136	TRAPPC8	0	-	123939
chr5	1456480	1523962	LPCAT1	0	-	67482
chr5	92168	189972	PLEKHG4B	0	+	97804
chr16	4608883	4615027	UBALD1	0	-	6144
chr13	113399611	113453488	ADPRHL1	0	-	53877
chr3	32391698	32483067	CMTM7	0	+	91369
chr3	33277025	33403662	FBXL2	0	+	126637
chr2	86784610	86808396	CD8A	0	-	23786
chr2	88691673	88750929	RPIA	0	+	59256
chr9	8314246	10613002	PTPRD	0	-	2298756
chr9	12775020	12823060	LURAP1L	0	+	48040
chr16	75293698	75433503	CFDP1	0	-	139805
chr16	84974175	85011535	ZDHHC7	0	-	37360
chr7	25134692	25180356	C7orf31	0	-	45664
chr7	27830573	28180795	JAZF1	0	-	350222
chr16	81444808	81711762	CMIP	0	+	266954
chr17	70053429	70135608	KCNJ16	0	+	82179
chr2	228850526	229271287	PID1	0	-	420761
chr2	229763837	229923239	TRIP12	0	-	159402
chr19	33373685	33382686	CEBPG	0	+	9001
chr19	33795933	33815763	KCTD15	0	+	19830
chr19	34758073	34773229	ZNF599	0	-	15156
chr1	84925583	84997113	MCOLN2	0	-	71530
chr19	35124513	35142451	LGI4	0	-	17938
chr1	85318481	85578363	DDAH1	0	-	259882
chr5	66139971	66183615	SREK1	0	+	43644
chr5	98853985	98929007	CHD1	0	-	75022
chr1	86914635	87109982	HS2ST1	0	+	195347
chr17	57255851	57684689	MSI2	0	+	428838
chr7	81946444	82443777	CACNA2D1	0	-	497333
chr6	116635618	116668794	ZUP1	0	-	33176
chr17	13494032	13601929	HS3ST3A1	0	-	107897
chr17	59220467	59275970	GDPD1	0	+	55503
chr6	117675469	117710727	NUS1	0	+	35258
chr7	84995553	85187056	SEMA3D	0	-	191503
chr14	63371364	63543377	PPP2R5E	0	-	172013
chr17	18950345	19022595	SLC5A10	0	+	72250
chr1	77282019	77559966	AK5	0	+	277947
chr18	24138987	24161600	CABYR	0	+	22613
chr18	24426634	24453531	IMPACT	0	+	26897
chr18	23598926	23662911	ANKRD29	0	-	63985
chr6	70566917	70589569	SDHAF4	0	+	22652
chr18	26906481	27185308	CHST9	0	-	278827
chr11	119415476	119424985	THY1	0	-	9509
chr16	84145287	84178767	DNAAF1	0	+	33480
chr16	85690084	85751129	C16orf74	0	-	61045
chr16	87601835	87698156	JPH3	0	+	96321
chr5	14704800	14871778	ANKH	0	-	166978
chr5	14664664	14699850	OTULIN	0	+	35186
chr11	122655722	122814473	UBASH3B	0	+	158751
chr11	124883691	124898500	ROBO4	0	-	14809
chr11	124865432	124881471	ROBO3	0	+	16039
chr11	124739942	124747210	NRGN	0	+	7268
chr5	16473038	16617101	RETREG1	0	-	144063
chr3	100363431	100401089	TOMM70	0	-	37658
chr3	100749156	100993515	ABI3BP	0	-	244359
chr8	107249482	107498055	ANGPT1	0	-	248573
chr17	67377281	67697256	PITPNC1	0	+	319975
chr17	66302613	66810743	PRKCA	0	+	508130
chr15	100919327	101078257	LRRK1	0	+	158930
chr17	65635537	66192133	CEP112	0	-	556596
chr17	68974488	69060949	ABCA9	0	-	86461
chr17	69078702	69141895	ABCA6	0	-	63193
chr17	69147214	69244846	ABCA10	0	-	97632
chr6	131628442	131747418	ENPP3	0	+	118976
chr4	37453925	37623495	C4orf19	0	+	169570
chr4	41256413	41268455	UCHL1	0	+	12042
chr1	222618097	222668007	MIA3	0	+	49910
chr1	222815022	223005995	DISP1	0	+	190973
chr3	171058414	171460408	TNIK	0	-	401994
chr8	11421476	11475908	FAM167A	0	-	54432
chr8	11769639	11787345	NEIL2	0	+	17706
chr9	68328308	68531061	PGM5	0	+	202753
chr1	228208044	228378876	OBSCN	0	+	170832
chr8	12721906	12756073	LONRF1	0	-	34167
chr1	228393673	228406835	TRIM11	0	-	13162
chr1	225486829	225653142	ENAH	0	-	166313
chr1	229321011	229343294	CCSAP	0	-	22283
chr4	169094259	169270956	SH3RF1	0	-	176697
chr1	89256189	89272860	GBP5	0	-	16671
chr10	123154402	123170467	BUB3	0	+	16065
chr10	123666355	123697399	GPR26	0	+	31044
chr1	92832737	92961522	DIPK1A	0	-	128785
chr2	175176258	175181710	ATP5MC3	0	-	5452
chr9	41890314	42129510	CNTNAP3B	0	-	239196
chrX	52184876	52192268	MAGED4	0	+	7392
chr6	89095959	89118071	SRSF12	0	-	22112
chr4	185500660	185535507	PDLIM3	0	-	34847
chr4	185585444	185956652	SORBS2	0	-	371208
chr8	73939169	73972307	ELOC	0	-	33138
chr8	73991392	74029079	LY96	0	+	37687
chr21	17513043	17593579	CXADR	0	+	80536
chr21	17593653	17612945	BTG3	0	-	19292
chr21	17788974	17819386	C21orf91	0	-	30412
chr21	17901263	18267373	CHODL	0	+	366110
chr21	20998409	21543329	NCAM2	0	+	544920
chr18	5954706	6415237	L3MBTL4	0	-	460531
chr7	31751179	32428131	PDE1C	0	-	676952
chr21	25585656	25607517	MRPL39	0	-	21861
chr21	25639258	25717562	JAM2	0	+	78304
chr21	25734570	25772460	GABPA	0	+	37890
chr21	26835755	26845409	ADAMTS1	0	-	9654
chr21	26917922	26967088	ADAMTS5	0	-	49166
chr3	12484421	12541549	TSEN2	0	+	57128
chr17	35435096	35448837	SLFN13	0	-	13741
chr3	14145147	14178621	XPC	0	-	33474
chr3	14651762	14672659	CCDC174	0	+	20897
chr3	14810853	14934571	FGD5	0	+	123718
chr3	16257061	16264969	DPH3	0	-	7908
chr3	16802651	17090604	PLCL2	0	+	287953
chr18	50282343	50287839	CXXC1	0	-	5496
chr18	50375040	50394168	SKA1	0	+	19128
chr18	9546791	9615240	PPP4R1	0	-	68449
chr18	10454635	10489949	APCDD1	0	+	35314
chr18	10666483	11149569	PIEZO2	0	-	483086
chr17	9644698	9729687	USP43	0	+	84989
chr3	133824235	133895882	RAB6B	0	-	71647
chr3	134795260	135260467	EPHB1	0	+	465207
chr20	25006230	25058980	ACSS1	0	-	52750
chr17	50693198	50707914	ANKRD40	0	-	14716
chr17	11977439	11997475	ZNF18	0	-	20036
chr7	55436056	55572988	VOPP1	0	-	136932
chr4	106921802	107283806	DKK2	0	-	362004
chr4	107931549	107953461	CYP2U1	0	+	21912
chr7	5925550	5970683	RSPH10B	0	-	45133
chr7	5431335	5513809	FBXL18	0	-	82474
chr2	95274449	95291308	PROM2	0	+	16859
chr6	109492855	109691217	AK9	0	-	198362
chr8	102648784	102655725	KLF10	0	-	6941
chr7	157539056	158587823	PTPRN2	0	-	1048767
chr8	102826111	102893864	AZIN1	0	-	67753
chr8	103021063	103073051	ATP6V1C1	0	+	51988
chr8	90993802	91040872	PIP4P2	0	-	47070
chr8	91070196	91087095	OTUD6B	0	+	16899
chr6	110609978	110815958	CDK19	0	-	205980
chr6	110958706	110967890	GTF3C6	0	+	9184
chr9	15163622	15307360	TTC39B	0	-	143738
chr8	6708642	6761503	AGPAT5	0	+	52861
chr10	97458324	97498794	MMS19	0	-	40470
chr10	97713173	97718150	MARVELD1	0	+	4977
chr10	97737121	97760907	ZFYVE27	0	+	23786
chr4	8558725	8619761	GPR78	0	+	61036
chr10	99610522	99620609	SLC25A28	0	-	10087
chr21	14371115	14383484	HSPA13	0	-	12369
chr21	14485228	14658821	SAMSN1	0	-	173593
chr21	15729982	15880064	USP25	0	+	150082
chr5	126360132	126496494	GRAMD2B	0	+	136362
chr5	132996985	133026604	ZCCHC10	0	-	29619
chr16	46796603	46831180	C16orf87	0	-	34577
chr1	112673141	112700756	MOV10	0	+	27615
chr2	119366924	119372550	DBI	0	+	5626
chr1	112911847	112957593	SLC16A1	0	-	45746
chr16	50065967	50107272	HEATR3	0	+	41305
chr2	121726945	121736911	NIFK	0	-	9966
chr14	22766522	22773042	OXA1L	0	+	6520
chr14	22773222	22829820	SLC7A7	0	-	56598
chr5	154682986	154817605	LARP1	0	+	134619
chr5	153489615	153813869	GRIA1	0	+	324254
chr7	134127299	134264591	LRGUK	0	+	137292
chr5	56919602	56971675	MIER3	0	-	52073
chr7	135557917	135648757	NUP205	0	+	90840
chr16	25236001	25257845	ZKSCAN2	0	-	21844
chr9	71911510	71986054	C9orf85	0	+	74544
chr10	96593315	96720514	PIK3AP1	0	-	127199
chr2	178112424	178139011	RBM45	0	+	26587
chr2	178525989	178830802	TTN	0	-	304813
chrX	66021738	66040125	VSIG4	0	-	18387
chr7	149003062	149028662	PDIA4	0	-	25600
chr16	27203508	27221768	KDM8	0	+	18260
chr2	200973718	201071671	FAM126B	0	-	97953
chr2	201620184	201643570	TMEM237	0	-	23386
chr2	202033855	202038441	FZD7	0	+	4586
chr1	117953590	118185228	SPAG17	0	-	231638
chr8	119873717	120050918	DEPTOR	0	+	177201
chr9	101533853	101563344	RNF20	0	+	29491
chr5	149730298	149855022	PPARGC1B	0	+	124724
chr7	36852906	37449223	ELMO1	0	-	596317
chr5	149960758	149993455	SLC26A2	0	+	32697
chr5	157743712	157760709	LSM11	0	+	16997
chr9	19049427	19051025	RRAGA	0	+	1598
chr9	19507452	19789037	SLC24A2	0	-	281585
chr3	141228726	141367753	PXYLP1	0	+	139027
chr3	141487027	141615344	RASA2	0	+	128317
chr6	151398898	151452158	RMND1	0	-	53260
chrX	155197007	155239841	VBP1	0	+	42834
chrX	155258235	155264491	RAB39B	0	-	6256
chrX	155276211	155334657	CLIC2	0	-	58446
chrX	148500617	149000663	AFF2	0	+	500046
chr8	17027238	17122642	MICU3	0	+	95404
chr12	66347431	67069162	GRIP1	0	-	721731
chr12	57546026	57586633	KIF5A	0	+	40607
chr8	18527303	19084730	PSD3	0	-	557427
chr9	74980790	75028423	CARNMT1	0	-	47633
chr10	72692143	72887694	MCU	0	+	195551
chr14	73715122	73790285	MIDEAS	0	-	75163
chr10	73253762	73358864	CFAP70	0	-	105102
chr9	77423079	77648322	GNA14	0	-	225243
chr9	77716097	78031811	GNAQ	0	-	315714
chr12	65050626	65121305	WIF1	0	-	70679
chr4	69480165	69526014	UGT2B4	0	-	45849
chr8	88032011	88328025	MMP16	0	-	296014
chr10	74151202	74709963	ADK	0	+	558761
chr10	76869601	77638369	KCNMA1	0	-	768768
chr14	75522455	75546993	BATF	0	+	24538
chr4	72280969	72569221	ADAMTS3	0	-	288252
chr8	94719703	94793836	DPY19L4	0	+	74133
chr8	94895767	95116455	NDUFAF6	0	+	220688
chr8	95244913	95269201	CFAP418	0	-	24288
chr15	83654088	84039842	ADAMTSL3	0	+	385754
chr4	76011184	76112802	ART3	0	+	101618
chr15	82809628	82836108	WHAMM	0	+	26480
chr4	77511753	77611834	CXCL13	0	+	100081
chr21	28872191	28885371	N6AMT1	0	-	13180
chr21	29004384	29019360	RWDD2B	0	-	14976
chr21	29024629	29054488	USP16	0	+	29859
chr21	29055805	29073797	CCT8	0	-	17992
chr21	29077471	29175889	MAP3K7CL	0	+	98418
chr21	29194071	29630751	BACH1	0	+	436680
chr21	30214006	30216097	CLDN8	0	-	2091
chr21	31118416	31559977	TIAM1	0	-	441561
chr21	31671000	31732118	SCAF4	0	-	61118
chr9	87966441	87974753	CDK20	0	-	8312
chr10	103302796	103351144	PCGF6	0	-	48348
chr10	104122058	104126385	SFR1	0	+	4327
chr10	102714538	102743492	SFXN2	0	+	28954
chr14	103912288	103928269	ATP5MJ	0	-	15981
chr19	5830408	5839722	FUT6	0	-	9314
chr14	103928456	104052667	TDRD9	0	+	124211
chr5	171419647	171457626	FGF18	0	+	37979
chr5	141853090	141879246	PCDH1	0	-	26156
chr5	145936578	146081791	SH3RF2	0	+	145213
chr8	96222947	96235546	UQCRB	0	-	12599
chr8	96239398	96261610	MTERF3	0	-	22212
chr8	96261902	96336995	PTDSS1	0	+	75093
chrX	134796395	134854835	PABIR3	0	+	58440
chr10	69180234	69209099	SUPV3L1	0	+	28865
chr8	100133351	100145817	FBXO43	0	-	12466
chr10	69269984	69401884	HK1	0	+	131900
chr10	70137981	70146700	TYSND1	0	-	8719
chrX	134373288	134428791	PHF6	0	+	55503
chr6	73695785	73828316	CD109	0	+	132531
chr11	57551656	57568284	UBE2L6	0	-	16628
chr11	57667747	57701182	ZDHHC5	0	+	33435
chr11	57703710	57712221	MED19	0	-	8511
chr6	37819727	38154624	ZFAND3	0	+	334897
chr15	73560014	73634134	NPTN	0	-	74120
chr10	74824927	75032624	KAT6B	0	+	207697
chr10	75099586	75182123	SAMD8	0	+	82537
chr8	37858618	37899497	RAB11FIP1	0	-	40879
chr11	58834065	58904215	GLYATL2	0	-	70150
chrX	129906121	129929761	UTP14A	0	+	23640
chrX	130124666	130165879	AIFM1	0	-	41213
chr6	36127809	36144524	MAPK13	0	+	16715
chr8	38176533	38213301	BAG4	0	+	36768
chr11	60455846	60470752	MS4A1	0	+	14906
chr8	123041968	123152153	TBC1D31	0	+	110185
chr8	123416726	123470028	NTAQ1	0	+	53302
chr8	123319850	123416350	ATAD2	0	-	96500
chr8	123497889	123541206	FBXO32	0	-	43317
chr8	125091679	125367120	NSMCE2	0	+	275441
chr16	30602558	30624012	ZNF689	0	-	21454
chr16	30650717	30656413	PRR14	0	+	5696
chr16	30658431	30670810	FBRS	0	+	12379
chr1	99703970	99766635	FRRS1	0	-	62665
chr16	30748293	30761176	PHKG2	0	+	12883
chr1	100083563	100132955	SASS6	0	-	49392
chr3	184812143	185052614	VPS8	0	+	240471
chr2	231395710	231401164	B3GNT7	0	+	5454
chr15	40161023	40221123	BUB1B	0	+	60100
chr2	231732433	231786272	PDE6D	0	-	53839
chr3	9731729	9748019	BRPF1	0	+	16290
chr3	10293131	10321112	SEC13	0	-	27981
chr3	38496127	38542161	EXOG	0	+	46034
chr1	183248237	183418380	NMNAT2	0	-	170143
chr1	52142089	52348671	ZFYVE9	0	+	206582
chr3	10324023	10708007	ATP2B2	0	-	383984
chr3	10992186	11039247	SLC6A1	0	+	47061
chr16	18804860	18926408	SMG1	0	-	121548
chr5	72956041	73090522	FCHO2	0	+	134481
chr8	30384511	30572256	RBPMS	0	+	187745
chr3	12004388	12192032	SYN2	0	+	187644
chr8	31639222	32855666	NRG1	0	+	1216444
chr1	186375838	186421378	ODR4	0	+	45540
chr1	53196792	53214197	CPT2	0	+	17405
chr1	16440721	16460078	NECAP2	0	+	19357
chr1	53242364	53328469	LRP8	0	-	86105
chr7	154943687	155003124	PAXIP1	0	-	59437
chr7	90167590	90238137	STEAP2	0	+	70547
chr1	54225433	54413479	SSBP3	0	-	188046
chr14	22836560	22849041	MMP14	0	+	12481
chr7	91264433	91271326	FZD1	0	+	6893
chr7	92447482	92460075	GATAD1	0	+	12593
chr9	93058688	93085133	SUSD3	0	+	26445
chr14	23953734	23969279	DHRS4	0	+	15545
chr16	70375977	70439237	ST3GAL2	0	-	63260
chr16	70454595	70480274	FCSK	0	+	25679
chr16	70579895	70660682	IL34	0	+	80787
chr14	24290598	24299780	DHRS1	0	-	9182
chr3	53328963	53813733	CACNA1D	0	+	484770
chrX	2934045	2968475	ARSL	0	-	34430
chr4	54657267	54740783	KIT	0	+	83516
chr16	70802084	71230722	HYDIN	0	-	428638
chr4	56338287	56387508	AASDH	0	-	49221
chr16	71464555	71565089	ZNF19	0	-	100534
chr3	54122547	55074557	CACNA2D3	0	+	952010
chr15	58865175	59097419	RNF111	0	+	232244
chr15	59105126	59125045	CCNB2	0	+	19919
chr15	59132434	59372871	MYO1E	0	-	240437
chr3	57227726	57278105	APPL1	0	+	50379
chrX	106168305	106208956	PWWP3B	0	+	40651
chr5	149271859	149343637	AFAP1L1	0	+	71778
chrX	107713221	107777342	TSC22D3	0	-	64121
chr21	37223420	37267919	VPS26C	0	-	44499
chr21	37365573	37526358	DYRK1A	0	+	160785
chr21	37607373	38121345	KCNJ6	0	-	513972
chr21	38155549	38307357	KCNJ15	0	+	151808
chr21	38380027	38661780	ERG	0	-	281753
chr21	38805183	38824955	ETS2	0	+	19772
chr11	44726465	44932423	TSPAN18	0	+	205958
chr6	44254096	44257890	SLC35B2	0	-	3794
chrX	110002631	110182734	TMEM164	0	+	180103
chr11	46277662	46321409	CREB3L1	0	+	43747
chr21	41885112	41954018	C2CD2	0	-	68906
chrX	30827442	30975084	TAB3	0	-	147642
chr17	81244811	81295547	SLC38A10	0	-	50736
chr9	113410054	113429690	C9orf43	0	+	19636
chr9	109498325	110172512	PALM2AKAP2	0	+	674187
chr9	113876282	114056593	ZNF618	0	+	180311
chr7	137381037	137847092	DGKI	0	-	466055
chr9	114611206	114646422	TMEM268	0	+	35216
chr7	138594285	138701362	SVOPL	0	-	107077
chr7	139230356	139308236	UBN2	0	+	77880
chr7	140719327	140924929	BRAF	0	-	205602
chr4	25648011	25678748	SLC34A2	0	+	30737
chr15	88803436	88875353	ACAN	0	+	71917
chr7	1567332	1571005	PSMG3	0	-	3673
chr4	39182504	39285810	WDR19	0	+	103306
chr7	140293693	140404433	SLC37A3	0	-	110740
chr2	152335174	152649826	FMNL2	0	+	314652
chr2	26173088	26189663	GAREM2	0	+	16575
chr12	120762510	120904358	SPPL3	0	-	141848
chr2	26847747	26950351	DPYSL5	0	+	102604
chr4	13361354	13484365	RAB28	0	-	123011
chr1	2555639	2565382	TNFRSF14	0	+	9743
chr1	2508537	2526597	PANK4	0	-	18060
chr1	2391775	2405442	RER1	0	+	13667
chr7	4797055	4883716	RADIL	0	-	86661
chr1	2228319	2310213	SKI	0	+	81894
chr7	5190196	5233840	WIPI2	0	+	43644
chr1	25543606	25568886	LDLRAP1	0	+	25280
chr2	235494043	236131800	AGAP1	0	+	637757
chr1	25959767	25998117	PAFAH2	0	-	38350
chr1	26019884	26036464	EXTL1	0	+	16580
chr1	26037252	26046118	SLC30A2	0	-	8866
chr2	27889941	28338901	BABAM2	0	+	448960
chr12	121918592	122003927	CFAP251	0	+	85335
chr11	6680385	6683340	MRPL17	0	-	2955
chr2	96143169	96145440	DUSP2	0	-	2271
chr1	24199558	24364482	GRHL3	0	+	164924
chr1	26281328	26318363	UBXN11	0	-	37035
chr9	94030794	94109856	PTPDC1	0	+	79062
chr2	30910467	31155202	GALNT14	0	-	244735
chr3	136862208	136951606	NCK1	0	+	89398
chr12	121839527	121863596	HPD	0	-	24069
chr8	143368876	143384221	RHPN1	0	+	15345
chr1	3625015	3630127	TPRG1L	0	+	5112
chr9	96639577	96655317	PRXL2C	0	-	15740
chr2	31334321	31414742	XDH	0	-	80421
chr1	27959588	27968093	XKR8	0	+	8505
chr2	96760902	96811874	CNNM4	0	+	50972
chr1	27970344	28088637	EYA3	0	-	118293
chr3	138061990	138115818	DZIP1L	0	-	53828
chrX	102513682	102516739	TMSB15A	0	-	3057
chr9	95099054	95426796	FANCC	0	-	327742
chr3	138347648	138405534	MRAS	0	+	57886
chr1	27404230	27490167	WASF2	0	-	85937
chr18	21650901	21704780	ABHD3	0	-	53879
chr3	138434586	138481686	ESYT3	0	+	47100
chr3	138608606	138633376	FAIM	0	+	24770
chr1	27005020	27012850	TENT5B	0	-	7830
chr3	139935185	140577397	CLSTN2	0	+	642212
chr18	316737	500722	COLEC12	0	-	183985
chrX	120505920	120604074	CUL4B	0	-	98154
chr1	6247353	6261098	GPR153	0	-	13745
chr20	46557823	46684467	SLC13A3	0	-	126644
chr1	38885807	38941830	RHBDL2	0	-	56023
chr7	69598296	70793506	AUTS2	0	+	1195210
chrX	50586796	50814302	SHROOM4	0	-	227506
chr6	26158122	26171349	H2BC5	0	+	13227
chr5	138285269	138338355	CDC25C	0	-	53086
chr6	26277609	26285638	H4C8	0	-	8029
chrX	103918896	103966712	TMSB15B	0	+	47816
chr2	101252886	101270316	CNOT11	0	+	17430
chr20	49293394	49484297	KCNB1	0	-	190903
chr7	129144707	129169699	TSPAN33	0	+	24992
chr5	139846779	140043299	NRG2	0	-	196520
chr7	129225030	129430211	AHCYL2	0	+	205181
chr20	49632945	49713878	B4GALT5	0	-	80933
chr1	158178030	158186427	CD1D	0	+	8397
chr1	158254424	158258269	CD1A	0	+	3845
chr20	49903391	49915529	SPATA2	0	-	12138
chr1	158289923	158294774	CD1C	0	+	4851
chr1	158353696	158357553	CD1E	0	+	3857
chr7	74774011	74789315	NCF1	0	+	15304
chr7	94907202	95296415	PPP1R9A	0	+	389213
chr16	88570403	88631964	ZC3H18	0	+	61561
chr2	219195237	219209651	ZFAND2B	0	+	14414
chr11	75434640	75525941	GDPD5	0	-	91301
chr7	95772506	96110322	DYNC1I1	0	+	337816
chrX	54932961	54998534	PFKFB1	0	-	65573
chr7	44577894	44582287	TMED4	0	-	4393
chr1	204396492	204411887	PPP1R15B	0	-	15395
chr7	130506238	130668748	COPG2	0	-	162510
chr11	76444923	76553025	EMSY	0	+	108102
chr8	41577187	41625001	GPAT4	0	+	47814
chr7	47740202	47948466	PKD1L1	0	-	208264
chr6	28378955	28399747	ZSCAN12	0	-	20792
chr1	159918107	159925507	TAGLN2	0	-	7400
chr1	205597556	205632011	ELK4	0	-	34455
chr1	205657851	205680509	SLC45A3	0	-	22658
chr1	159780932	159782543	DUSP23	0	+	1611
chr16	88696499	88706408	RNF166	0	-	9909
chr1	19596979	19658456	NBL1	0	+	61477
chr1	161039251	161045977	USF1	0	-	6726
chr16	89696357	89701705	SPATA2L	0	-	5348
chr1	161120974	161132688	DEDD	0	-	11714
chrX	69616067	70039472	EDA	0	+	423405
chr1	20589086	20618903	CDA	0	+	29817
chr1	20633458	20651511	PINK1	0	+	18053
chr8	22048995	22082527	DMTN	0	+	33532
chr8	22089150	22104911	FHIP2B	0	+	15761
chr1	161197104	161214723	NDUFS2	0	+	17619
chr1	161215234	161220699	FCER1G	0	+	5465
chr1	161304735	161309968	MPZ	0	-	5233
chr1	64470129	64693058	CACHD1	0	+	222929
chr5	131245493	131398447	CDC42SE2	0	+	152954
chr1	28887091	29120046	EPB41	0	+	232955
chr21	32268228	32279049	MIS18A	0	-	10821
chr11	78095244	78139660	ALG8	0	-	44416
chr9	136940435	136944738	FBXW5	0	-	4303
chr21	32628759	32728040	SYNJ1	0	-	99281
chr21	32733899	32771792	PAXBP1	0	-	37893
chr17	47823272	47831541	MRPL10	0	-	8269
chr21	33403413	33479348	IFNGR2	0	+	75935
chr21	33503931	33543491	GART	0	-	39560
chr1	149903318	149917844	SV2A	0	-	14526
chr1	201380833	201399915	LAD1	0	-	19082
chr8	23841929	23854806	STC1	0	-	12877
chr1	201403768	201429866	TNNI1	0	-	26098
chr1	201483530	201509456	CSRP1	0	-	25926
chr17	48724763	48728750	HOXB13	0	-	3987
chr1	22643633	22648110	C1QC	0	+	4477
chr17	48892765	48895871	ATP5MC1	0	+	3106
chr17	48908407	48929056	UBE2Z	0	+	20649
chr1	150282543	150287093	CIART	0	+	4550
chr17	48929316	48944842	SNF8	0	-	15526
chr21	34668994	34718227	CLIC6	0	+	49233
chr21	34787801	36004667	RUNX1	0	-	1216866
chr21	36135079	36146562	CBR3	0	+	11483
chr2	74393836	74421662	ENSG00000159239	0	-	27826
chr21	36320189	36386148	MORC3	0	+	65959
chr21	36748626	36990236	HLCS	0	-	241610
chr22	43197280	43343372	SCUBE1	0	-	146092
chr17	45393902	45434421	ARHGAP27	0	-	40519
chr15	72751294	72785846	ADPGK	0	-	34552
chr1	202940826	202958572	ADIPOR1	0	-	17746
chr1	202961873	202967275	CYB5R1	0	-	5402
chr1	151254709	151267479	PSMD4	0	+	12770
chr1	16985958	17011928	ATP13A2	0	-	25970
chr2	74557883	74648338	M1AP	0	-	90455
chr1	151399560	151401937	PSMB4	0	+	2377
chr16	55324203	55330756	IRX6	0	+	6553
chr1	203305491	203309602	BTG2	0	+	4111
chr2	74834127	74893359	HK2	0	+	59232
chr1	18871430	18902724	ALDH4A1	0	-	31294
chr15	42575606	42720998	STARD9	0	+	145392
chr1	151870866	151909637	THEM4	0	-	38771
chr15	42942897	43106113	UBR1	0	-	163216
chr16	56361452	56425545	AMFR	0	-	64093
chr1	43383917	43389808	MED8	0	-	5891
chr22	23688136	23699176	RGL4	0	+	11040
chr16	57186137	57240469	RSPRY1	0	+	54332
chr1	45627304	45688113	GPBP1L1	0	-	60809
chr16	66802875	66873256	NAE1	0	-	70381
chr16	57542643	57591681	ADGRG5	0	+	49038
chr1	46674659	46719146	EFCAB14	0	-	44487
chr4	1166932	1208962	SPON2	0	-	42030
chr3	126704240	126960420	CHCHD6	0	+	256180
chr4	1211445	1249953	CTBP1	0	-	38508
chr16	67389809	67393518	TPPP3	0	-	3709
chr16	67394152	67416833	ZDHHC1	0	-	22681
chr16	67438014	67481181	ATP6V0D1	0	-	43167
chr4	2269582	2418651	ZFYVE28	0	-	149069
chr16	67644988	67657569	CARMIL2	0	+	12581
chr7	143132077	143139739	PIP	0	+	7662
chr7	143353400	143362770	FAM131B	0	-	9370
chr4	3293021	3439913	RGS12	0	+	146892
chr16	67893254	67929676	PSKH1	0	+	36422
chr17	1003519	1229738	ABR	0	-	226219
chr19	43785874	43827206	LYPD5	0	-	41332
chr22	28772674	28789301	CCDC117	0	+	16627
chr19	44002957	44013924	ZNF230	0	+	10967
chr9	35791003	35809732	NPR2	0	+	18729
chr19	43951223	43967709	ZNF221	0	+	16486
chr19	44228729	44305046	ZNF235	0	-	76317
chr22	41922032	41926806	TNFRSF13C	0	-	4774
chr19	46860997	47005077	ARHGAP35	0	+	144080
chr19	46620468	46625089	PTGIR	0	-	4621
chr19	46601074	46610782	CALM3	0	+	9708
chr1	32200595	32205453	CCDC28B	0	+	4858
chr1	32205671	32208682	IQCC	0	+	3011
chr1	32364633	32394731	BSDC1	0	-	30098
chr1	1471765	1497848	ATAD3B	0	+	26083
chr1	1541673	1574863	SSU72	0	-	33190
chr1	1253909	1273864	UBE2J2	0	-	19955
chr1	33256492	33300719	ZNF362	0	+	44227
chr1	32862268	32872482	FNDC5	0	-	10214
chr19	16892951	17026815	CPAMD8	0	-	133864
chr3	122359591	122383231	MIX23	0	-	23640
chrX	151396515	151409364	VMA21	0	+	12849
chr3	124033369	124726325	KALRN	0	+	692956
chr19	19538248	19546659	CILP2	0	+	8411
chr21	42199689	42297244	ABCG1	0	+	97555
chr21	42311667	42315409	TFF3	0	-	3742
chr21	42362282	42366535	TFF1	0	-	4253
chr21	42371887	42396091	TMPRSS3	0	-	24204
chr21	42403447	42447684	UBASH3A	0	+	44237
chr21	42496008	42581440	SLC37A1	0	+	85432
chr21	42653621	42775509	PDE9A	0	+	121888
chr21	42843094	42879568	WDR4	0	-	36474
chr21	42879644	42913304	NDUFV3	0	+	33660
chr21	42974510	43033931	PKNOX1	0	+	59421
chr21	43053191	43076943	CBS	0	-	23752
chr21	43092956	43107570	U2AF1	0	-	14614
chr21	43529186	43659488	HSF2BP	0	-	130302
chr21	43659560	43696079	RRP1B	0	+	36519
chr21	43719094	43762307	PDXK	0	+	43213
chr21	43772511	43776330	CSTB	0	-	3819
chr21	43789513	43805293	RRP1	0	+	15780
chr21	43865223	43987592	AGPAT3	0	+	122369
chr21	44012309	44106552	TRAPPC10	0	+	94243
chrX	154675249	154751583	GAB3	0	-	76334
chr21	44133610	44210114	GATD3A	0	+	76504
chr21	44217014	44240966	ICOSLG	0	-	23952
chr21	44328944	44339402	CFAP410	0	-	10458
chr19	20776304	20809995	ZNF66	0	+	33691
chr21	44455510	44462196	LRRC3	0	+	6686
chr21	44885953	44931989	ITGB2	0	-	46036
chr21	44940012	44976989	SLX9	0	+	36977
chr21	46161148	46184476	SPATC1L	0	-	23328
chr21	46188141	46228824	LSS	0	-	40683
chr9	133761894	133992604	VAV2	0	-	230710
chr21	46235133	46286297	MCM3AP	0	-	51164
chr21	46300181	46323875	C21orf58	0	-	23694
chr21	46324141	46445769	PCNT	0	+	121628
chr21	46458891	46570015	DIP2A	0	+	111124
chr21	46598604	46605208	S100B	0	-	6604
chr21	46635595	46665124	PRMT2	0	+	29529
chr19	21932958	22010949	ZNF208	0	-	77991
chr9	133414358	133459402	ADAMTS13	0	+	45044
chr9	133459965	133470848	CACFD1	0	+	10883
chr9	133471094	133479127	SLC2A6	0	-	8033
chr19	53431984	53461862	ZNF761	0	+	29878
chr9	135495181	135501734	C9orf116	0	-	6553
chr19	21082159	21125270	ZNF714	0	+	43111
chr9	136327476	136359605	GPSM1	0	+	32129
chr9	127706988	127716002	CFAP157	0	+	9014
chr19	40576853	40591399	SHKBP1	0	+	14546
chr19	55039108	55071291	RDH13	0	-	32183
chr9	128729786	128772414	ZER1	0	-	42628
chr9	128702503	128720916	PKN3	0	+	18413
chr19	40466241	40576464	SPTBN4	0	+	110223
chr19	55282072	55312562	BRSK1	0	+	30490
chr9	131289459	131359022	PLPP7	0	+	69563
chr17	29390363	29551903	TAOK1	0	+	161540
chr9	131852928	132079867	MED27	0	-	226939
chr19	42198598	42220140	DEDD2	0	-	21542
chr11	116843402	117098437	SIK3	0	-	255035
chr11	118226690	118252365	MPZL3	0	-	25675
chr11	118193725	118225094	JAML	0	-	31369
chr17	28725897	28743455	NEK8	0	+	17558
chr11	117204337	117232525	PCSK7	0	-	28188
chr19	5623035	5668478	SAFB	0	+	45443
chr11	118344344	118355161	CD3G	0	+	10817
chr1	153633982	153646306	CHTOP	0	+	12324
chr1	155002630	155018523	ZBTB7B	0	+	15893
chr1	154983338	154993111	FLAD1	0	+	9773
chr1	154962298	154974395	SHC1	0	-	12097
chr11	119067818	119081972	VPS11	0	+	14154
chr11	119166568	119184016	NLRX1	0	+	17448
chr1	154581695	154628013	ADAR	0	-	46318
chr1	154405193	154469450	IL6R	0	+	64257
chr1	154548577	154559028	UBE2Q1	0	-	10451
chr1	154567778	154580013	CHRNB2	0	+	12235
chr1	153947669	153958615	CRTC2	0	-	10946
chr3	43354859	43691594	ANO10	0	-	336735
chr1	155308748	155320666	FDPS	0	+	11918
chr1	155320894	155331114	RUSC1	0	+	10220
chr1	155247205	155255483	FAM189B	0	-	8278
chr1	156193932	156212796	SLC25A44	0	+	18864
chr1	156082573	156140081	LMNA	0	+	57508
chr3	46370946	46376206	CCR5	0	+	5260
chr3	46921726	46982010	CCDC12	0	-	60284
chr1	156035299	156053798	UBQLN4	0	-	18499
chr7	100435282	100436497	PPP1R35	0	-	1215
chr1	157674321	157700769	FCRL3	0	-	26448
chr7	99966720	99976042	AZGP1	0	-	9322
chr5	177086905	177098144	FGFR4	0	+	11239
chr19	13116862	13141147	NACC1	0	+	24285
chr8	142700111	142705127	LY6K	0	+	5016
chr19	13150411	13154911	IER2	0	+	4500
chr7	99473877	99504857	ZNF394	0	-	30980
chr8	143017982	143023832	LY6E	0	+	5850
chr8	144423601	144428563	VPS28	0	-	4962
chr8	144428775	144444440	TONSL	0	-	15665
chr19	1354711	1378431	PWWP3A	0	+	23720
chr8	144511288	144517845	RECQL4	0	-	6557
chr8	144517992	144525172	LRRC14	0	+	7180
chr7	101362875	101559024	COL26A1	0	+	196149
chr8	144477969	144502121	PPP1R16A	0	+	24152
chr7	102433106	102456825	ORAI2	0	+	23719
chr7	102285091	102321711	SH2B2	0	+	36620
chr5	179806398	179838078	SQSTM1	0	+	31680
chr8	144789765	144792587	RPL8	0	-	2822
chr5	179732822	179777283	MAML1	0	+	44461
chr19	15468645	15498956	PGLYRP2	0	-	30311
chr7	102464956	102473168	LRWD1	0	+	8212
chr7	102813230	103074839	FBXL13	0	-	261609
chr7	103099776	103149560	NAPEPLD	0	-	49784
chr5	180590105	180591499	SCGB3A1	0	-	1394
chr19	3224661	3297076	CELF5	0	+	72415
chr19	3538261	3574290	MFSD12	0	-	36029
chr22	20350578	20377251	USP41	0	-	26673
chr22	21628089	21630064	YDJC	0	-	1975
chr3	184155377	184173614	DVL3	0	+	18237
chr3	184174689	184184214	AP2M1	0	+	9525
chr3	184186095	184194012	ABCF3	0	+	7917
chr3	196214222	196287957	PCYT1A	0	-	73735
chr19	38990714	39032785	FBXO27	0	-	42071
chr19	35497220	35513658	DMKN	0	-	16438
chr3	197509783	197573323	BDH1	0	-	63540
chr19	36150922	36152449	COX7A1	0	-	1527
chr11	537527	554912	LRRC56	0	+	17385
chr17	39063313	39154394	PLXDC1	0	-	91081
chr17	39757718	39864312	IKZF3	0	-	106594
chr17	74842023	74861504	GRIN2C	0	-	19481
chr17	74862497	74873031	FDXR	0	-	10534
chr17	75667251	75708062	SAP30BP	0	+	40811
chr17	75941507	75979177	ACOX1	0	-	37670
chr17	76309478	76384521	PRPSAP1	0	-	75043
chr19	51804816	51890950	ZNF577	0	-	86134
chr19	48332356	48364059	TMEM143	0	-	31703
chr12	54644589	54648493	DCD	0	-	3904
chr12	54395261	54419266	ITGA5	0	-	24005
chr12	54369133	54391298	ZNF385A	0	-	22165
chr17	43800799	43833170	MPP3	0	-	32371
chr17	43847148	43863639	CD300LG	0	+	16491
chr17	44004622	44009068	NAGS	0	+	4446
chr17	44034328	44067619	LSM12	0	-	33291
chr17	44170447	44179084	ASB16	0	+	8637
chr19	50476400	50490871	EMC10	0	+	14471
chr19	50505998	50511220	JOSD2	0	-	5222
chr17	44353215	44363853	FAM171A2	0	-	10638
chr17	44708608	44752264	DBF4B	0	+	43656
chr12	49961872	49965682	AQP5	0	+	3810
chr12	49976923	50033136	RACGAP1	0	-	56213
chr12	50392383	50480004	LARP4	0	+	87621
chr12	52006946	52015889	TAMALIN	0	+	8943
chr19	10316212	10333638	RAVER1	0	-	17426
chr6	33771202	33789130	LEMD2	0	-	17928
chr17	4630919	4642294	ALOX15	0	-	11375
chr17	4733533	4739928	CXCL16	0	-	6395
chr17	5208920	5234860	SCIMP	0	-	25940
chr17	7012635	7017520	RNASEK-C17orf49	0	+	4885
chr17	7023050	7030290	BCL6B	0	+	7240
chr17	7438273	7444937	FGF11	0	+	6664
chr17	8377516	8383213	RPL26	0	-	5697
chr16	46407	53608	POLR3K	0	-	7201
chr16	53828	57669	SNRNP25	0	+	3841
chr16	649311	667833	WDR90	0	+	18522
chr16	681670	684528	JMJD8	0	-	2858
chr16	1776712	1793700	SPSB3	0	-	16988
chr16	2460086	2464963	TEDC2	0	+	4877
chr16	2429394	2458854	CCNF	0	+	29460
chr16	2475051	2509560	TBC1D24	0	+	34509
chr16	3027682	3036944	BICDL2	0	-	9262
chr16	2883213	2899382	FLYWCH2	0	+	16169
chr16	2830253	2839585	ZG16B	0	+	9332
chr16	3305406	3318852	ZNF75A	0	+	13446
chr16	3953387	4116442	ADCY9	0	-	163055
chr11	70467854	71252577	SHANK2	0	-	784723
chr11	72285495	72434680	CLPB	0	-	149185
chr11	74988279	75018893	NEU3	0	+	30614
chr11	62337448	62393412	ASRGL1	0	+	55964
chr11	62676498	62679117	UBXN1	0	-	2619
chr11	62728069	62740293	TTC9C	0	+	12224
chr11	62792123	62806302	NXF1	0	-	14179
chr11	62806860	62832051	STX5	0	-	25191
chr11	65375192	65383701	SLC25A45	0	-	8509
chr3	51993522	51995895	RPL29	0	-	2373
chr11	65121780	65134532	SYVN1	0	-	12752
chr11	64359148	64372215	RPS6KA4	0	+	13067
chr11	68312591	68449275	LRP5	0	+	136684
chr1	47183582	47191044	PDZK1IP1	0	-	7462
chr1	47216290	47232225	TAL1	0	-	15935
chr1	47333790	47378839	CMPK1	0	+	45049
chr1	52684449	52698347	COA7	0	-	13898
chr1	52726453	52827336	ZYG11B	0	+	100883
chr1	53226900	53238518	MAGOH	0	-	11618
chr1	54542257	54639192	ACOT11	0	+	96935
chr1	54756898	54764523	PARS2	0	-	7625
chr1	55066359	55215364	USP24	0	-	149005
chr1	6521347	6554513	NOL9	0	-	33166
chr1	56645314	56715335	PRKAA2	0	+	70021
chr1	6590724	6614607	KLHL21	0	-	23883
chr1	45016399	45306209	ZSWIM5	0	-	289810
chr1	28668778	28719353	GMEB1	0	+	50575
chr1	8318114	8344167	SLC45A1	0	+	26053
chr1	25800193	25818221	SELENON	0	+	18028
chr1	65147549	65232145	AK4	0	+	84596
chr1	64833229	65067754	JAK1	0	-	234525
chr1	9922113	9943407	LZIC	0	-	21294
chr1	9997206	10016021	RBP7	0	+	18815
chr1	15756607	15786594	FBLIM1	0	+	29987
chr1	19282573	19288770	AKR7A3	0	-	6197
chr1	11691710	11725857	DRAXIN	0	+	34147
chr1	13583465	13617957	PDPN	0	+	34492
chr1	12567910	12618210	DHRS3	0	-	50300
chr1	30732469	30757774	LAPTM5	0	-	25305
chr1	30869466	30908758	SDC3	0	-	39292
chr1	31629866	31644896	PEF1	0	-	15030
chr1	32651142	32686211	RBBP4	0	+	35069
chr1	32741830	32774970	KIAA1522	0	+	33140
chr1	32351521	32364312	TSSK3	0	+	12791
chr1	19682240	19799945	TMCO4	0	-	117705
chr1	20482391	20486210	CAMK2N1	0	-	3819
chr1	21509397	21578410	ALPL	0	+	69013
chr1	22117313	22143969	WNT4	0	-	26656
chr1	1280436	1292029	SCNN1D	0	+	11593
chr1	1352689	1361777	MXRA8	0	-	9088
chr1	3487951	3611508	MEGF6	0	-	123557
chr1	68045886	68051717	DIRAS3	0	-	5831
chr1	60865259	61462788	NFIA	0	+	597529
chr1	58643440	58700077	MYSM1	0	-	56637
chr1	61681046	61725423	TM2D1	0	-	44377
chr1	62436297	62451804	USP1	0	+	15507
chr1	77944055	77979110	FUBP1	0	-	35055
chr1	77888513	77943895	NEXN	0	+	55382
chr1	78889764	79282124	ADGRL4	0	-	392360
chr1	74026015	74198187	LRRIQ3	0	-	172172
chr1	74733152	74766678	TYW3	0	+	33526
chr1	98661701	98760500	SNX7	0	+	98799
chr1	107140007	107484923	NTNG1	0	+	344916
chr1	108560089	108644900	FAM102B	0	+	84811
chr1	108648290	108661526	HENMT1	0	-	13236
chr1	85249953	85259672	C1orf52	0	-	9719
chr1	89106132	89150456	GBP2	0	-	44324
chr1	109483479	109492804	ATXN7L2	0	+	9325
chr1	89181144	89198942	GBP4	0	-	17798
chr1	89995110	90035533	ZNF326	0	+	40423
chr1	190097658	190478404	BRINP3	0	-	380746
chr1	92473043	92486925	GFI1	0	-	13882
chr1	99850361	99924023	AGL	0	+	73662
chr1	100719742	100739045	VCAM1	0	+	19303
chr1	100872372	100895179	EXTL2	0	-	22807
chr1	100896076	100981757	SLC30A7	0	+	85681
chr1	200404940	200410056	ZNF281	0	-	5116
chr1	183620846	183635783	ARPC5	0	-	14937
chr1	159171609	159203313	CADM3	0	+	31704
chr1	247416156	247449108	NLRP3	0	+	32952
chr1	247297412	247331867	ZNF496	0	-	34455
chr1	247857187	247880138	TRIM58	0	+	22951
chr1	160091340	160098943	IGSF8	0	-	7603
chr1	162631373	162787405	DDR2	0	+	156032
chr1	160205380	160215376	PEA15	0	+	9996
chr1	160343316	160358952	NCSTN	0	+	15636
chr1	160400564	160428670	VANGL2	0	+	28106
chr1	160485030	160523262	SLAMF6	0	-	38232
chr1	161983192	162023869	OLFML2B	0	-	40677
chr1	161721563	161728143	FCRLB	0	+	6580
chr1	161623196	161631963	FCGR3B	0	-	8767
chr1	161098361	161100346	KLHDC9	0	+	1985
chr1	212858275	212899363	FLVCR1	0	+	41088
chr1	212565334	212620777	ATF3	0	+	55443
chr1	110338506	110346681	RBM15	0	+	8175
chr1	179591613	179691272	TDRD5	0	+	99659
chr1	181088700	181092900	IER5	0	+	4200
chr2	240998618	241095568	SNED1	0	+	96950
chr1	220057482	220090462	BPNT1	0	-	32980
chr1	217631324	217871696	SPATA17	0	+	240372
chr1	220690363	220699153	C1orf115	0	+	8790
chr1	145289900	145405567	NBPF20	0	-	115667
chr1	147629652	147670524	ACP6	0	-	40872
chr1	245154985	245709432	KIF26B	0	+	554447
chr1	246540561	246566261	TFB2M	0	-	25700
chr1	246566444	246668595	CNST	0	+	102151
chr2	48440598	48515391	PPP1R21	0	+	74793
chr1	205336061	205357090	KLHDC8A	0	-	21029
chr2	42048021	42058517	PKDCC	0	+	10496
chr2	42762481	42764261	OXER1	0	-	1780
chr2	42767089	42792593	HAAO	0	-	25504
chr1	206684905	206734281	MAPKAPK2	0	+	49376
chr1	206865623	206869223	IL20	0	+	3600
chr1	206903317	206923247	FCMR	0	-	19930
chr1	206928522	206946466	PIGR	0	-	17944
chr1	223701593	223776018	CAPN2	0	+	74425
chr1	228106679	228109312	MRPL55	0	-	2633
chr2	60881521	60931612	REL	0	+	50091
chr2	60940222	61018259	PUS10	0	-	78037
chr2	61065871	61138034	SANBR	0	+	72163
chr1	228407935	228416861	TRIM17	0	-	8926
chr2	197568224	197676045	RFTN2	0	-	107821
chr1	231626790	232041272	DISC1	0	+	414482
chr2	30722771	30820542	CAPN13	0	-	97771
chr2	31867809	32039805	DPY30	0	-	171996
chr2	199955317	200008540	MAIP1	0	+	53223
chr2	10911934	10914225	KCNF1	0	+	2291
chr2	11155198	11178870	SLC66A3	0	+	23672
chr2	14632700	14650814	LRATD1	0	+	18114
chr2	154697855	154858354	KCNJ3	0	+	160499
chr2	55172547	55232563	CLHC1	0	-	60016
chr2	182833275	182866637	FRZB	0	-	33362
chr2	183078559	183100008	DUSP19	0	+	21449
chr2	55519604	55545079	CFAP36	0	+	25475
chr2	183117513	183161680	NUP35	0	+	44167
chr2	108786757	108885477	CCDC138	0	+	98720
chr2	73254682	73284478	FBXO41	0	-	29796
chr2	73892314	73919865	ACTG2	0	+	27551
chr2	17663812	17800242	SMC6	0	-	136430
chr2	17539126	17657018	VSNL1	0	+	117892
chr2	131527675	131533666	CCDC74A	0	+	5991
chr1	226061851	226072019	H3-3A	0	+	10168
chr2	230034982	230068993	SLC16A14	0	-	34011
chr2	118842171	118847648	EN1	0	-	5477
chr4	52020706	52038299	SGCB	0	-	17593
chr4	52051304	52097299	SPATA18	0	+	45995
chr2	119544432	119662251	CFAP221	0	+	117819
chr2	222424543	222562621	SGPP2	0	+	138078
chr2	120346136	120351803	INHBB	0	+	5667
chr4	94207611	94291292	SMARCAD1	0	+	83681
chr4	94298535	94342876	HPGDS	0	-	44341
chr4	94451857	94668227	PDLIM5	0	+	216370
chr2	96497646	96508109	NEURL3	0	-	10463
chr1	150363091	150476566	RPRD2	0	+	113475
chr2	96824526	96857934	ANKRD23	0	-	33408
chr1	150730079	150765957	CTSS	0	-	35878
chr4	4859665	4863936	MSX1	0	+	4271
chr1	151036321	151047720	BNIPL	0	+	11399
chr4	15339818	15446167	C1QTNF7	0	+	106349
chr1	151156664	151170296	SCNM1	0	+	13632
chr1	151176304	151195321	VPS72	0	-	19017
chr2	127257290	127294166	ERCC3	0	-	36876
chr2	101271219	101308701	RNF149	0	-	37482
chr2	127436207	127526886	IWS1	0	-	90679
chr2	74135400	74147912	BOLA3	0	-	12512
chr2	37641882	37738468	CDC42EP3	0	-	96586
chr1	152032506	152047907	S100A11	0	-	15401
chr1	152908546	152911886	IVL	0	+	3340
chr1	153001747	153003856	SPRR3	0	+	2109
chr2	38797729	38875934	DHX57	0	-	78205
chr2	68679601	68826833	ARHGAP25	0	+	147232
chr1	153357854	153361023	S100A9	0	+	3169
chr2	70447284	70554193	TGFA	0	-	106909
chr2	207711540	207761839	CCNYL1	0	+	50299
chr2	207762598	207769906	FZD5	0	-	7308
chr4	17800655	17810758	DCAF16	0	-	10103
chr4	44682200	44726588	GNPDA2	0	-	44388
chr4	47914142	48040173	NIPAL1	0	+	126031
chr4	79901146	80125454	ANTXR2	0	-	224308
chr4	83407343	83455855	HELQ	0	-	48512
chr3	88051944	88149885	CGGBP1	0	-	97941
chr4	83459517	83523348	ABRAXAS1	0	-	63831
chr2	174431571	174487094	GPR155	0	-	55523
chr2	158795317	158862781	DAPL1	0	+	67464
chr1	154924740	154936719	PMVK	0	-	11979
chr1	154944076	154956123	PBXIP1	0	-	12047
chr3	190305707	190322446	CLDN1	0	-	16739
chr1	113929324	113977869	HIPK1	0	+	48545
chr1	155033824	155050930	DCST1	0	+	17106
chr2	237324003	237414328	COL6A3	0	-	90325
chr1	200891048	200915742	INAVA	0	+	24694
chr3	66998307	67011210	KBTBD8	0	+	12903
chr3	68975217	69013684	EOGT	0	-	38467
chr1	156591756	156609507	NAXE	0	+	17751
chr3	119468963	119494708	POGLUT1	0	+	25745
chr1	115976513	116070054	SLC22A15	0	+	93541
chr1	116372668	116410261	ATP1A1	0	+	37593
chr3	121894401	121944188	SLC15A2	0	+	49787
chr3	120324509	120349354	LRRC58	0	-	24845
chr3	120392293	120450993	FSTL1	0	-	58700
chr1	201896456	201946588	LMOD1	0	-	50132
chr1	202007945	202017183	ELF3	0	+	9238
chr1	203007374	203024848	TMEM183A	0	+	17474
chr4	57030773	57110385	IGFBP7	0	-	79612
chr2	218217141	218254356	ARPC2	0	+	37215
chr1	156308968	156367873	CCT3	0	-	58905
chr1	156282935	156293185	TMEM79	0	+	10250
chr1	156009048	156020951	SSR2	0	-	11903
chr2	218663892	218672002	RNF25	0	-	8110
chr2	218672069	218702716	STK36	0	+	30647
chr1	203090654	203167405	ADORA1	0	+	76751
chr3	27106484	27369460	NEK10	0	-	262976
chr3	108549864	108589644	CIP2A	0	-	39780
chr3	27715949	27722711	EOMES	0	-	6762
chr2	179944876	180007297	CWC22	0	-	62421
chr3	30606601	30694142	TGFBR2	0	+	87541
chr3	13479724	13506424	HDAC11	0	+	26700
chr3	108822770	108855005	TRAT1	0	+	32235
chr3	13549125	13638422	FBLN2	0	+	89297
chr2	219236598	219245478	GLB1L	0	-	8880
chr3	31532638	31637616	STT3B	0	+	104978
chr3	14112077	14124870	CHCHD4	0	-	12793
chr1	204828651	205022822	NFASC	0	+	194171
chr2	200510008	200584096	SGO2	0	+	74088
chr3	167735243	167825569	SERPINI1	0	+	90326
chr3	33496245	33718356	CLASP2	0	-	222111
chr2	84423528	84460045	SUCLG1	0	-	36517
chr1	205302063	205321745	NUAK2	0	-	19682
chr3	170222424	170305977	PRKCI	0	+	83553
chr1	158831351	158849506	MNDA	0	+	18155
chr1	158930796	158977059	PYHIN1	0	+	46263
chr1	158999968	159055155	IFI16	0	+	55187
chr1	159062484	159147096	AIM2	0	-	84612
chr3	170888418	170908644	EIF5A2	0	-	20226
chr3	170864875	170870208	RPL22L1	0	-	5333
chr3	160755602	161078902	PPM1L	0	+	323300
chr2	202773150	202871766	ICA1L	0	-	98616
chr2	203867771	203873965	CTLA4	0	+	6194
chr2	203936763	203961577	ICOS	0	+	24814
chr3	72371825	72446621	RYBP	0	-	74796
chr3	112921205	112975103	CD200R1	0	-	53898
chr3	112990984	113015060	GTPBP8	0	+	24076
chr3	113442718	113515187	SPICE1	0	-	72469
chr3	113964137	114056594	CCDC191	0	-	92457
chr3	62398346	62875416	CADPS	0	-	477070
chr4	84491985	84499292	NKX6-1	0	-	7307
chr4	84583127	84651334	CDS1	0	+	68207
chr4	84669597	84966690	WDFY3	0	-	297093
chr4	73052362	73069755	COX18	0	-	17393
chr4	73397114	73421482	ALB	0	+	24368
chr3	63863155	64003462	ATXN7	0	+	140307
chr3	64010550	64024010	PSMD6	0	-	13460
chr3	64092236	64445476	PRICKLE2	0	-	353240
chr3	64515654	64688000	ADAMTS9	0	-	172346
chr4	88257620	88284769	PPM1K	0	-	27149
chr3	155870650	155944020	GMPS	0	+	73370
chr3	156673235	156706770	TIPARP	0	+	33535
chr3	157146508	157160760	CCNL1	0	-	14252
chr3	57755450	57930003	SLMAP	0	+	174553
chr4	39452587	39458931	RPL9	0	-	6344
chr4	39546336	39638902	SMIM14	0	-	92566
chr3	58306245	58324695	RPP14	0	+	18450
chr3	58237532	58295693	ABHD6	0	+	58161
chr3	58192257	58214697	DNASE1L3	0	-	22440
chr3	58717365	59050084	CFAP20DC	0	-	332719
chr4	40423267	40630875	RBM47	0	-	207608
chr4	40810027	41216714	APBB2	0	-	406687
chr3	9902612	9916402	IL17RE	0	+	13790
chr3	9945542	9952408	PRRT3	0	-	6866
chr3	142815922	142889206	PCOLCE2	0	-	73284
chr3	142964497	143060725	U2SURP	0	+	96228
chr3	9649433	9702393	MTMR14	0	+	52960
chr4	73995642	73998677	CXCL5	0	-	3035
chr4	74114174	74303099	MTHFD2L	0	+	188925
chr4	73869393	73871308	CXCL1	0	+	1915
chr4	76312997	76421868	CCDC158	0	-	108871
chr3	148865296	148897203	CPA3	0	+	31907
chr3	149318498	149334414	TM4SF18	0	-	15916
chr3	133598175	133662380	TOPBP1	0	-	64205
chr3	134065303	134250859	RYK	0	-	185556
chr2	27663471	27694976	SLC4A1AP	0	+	31505
chr2	28457145	28644142	PLB1	0	+	186997
chr2	28782517	28850611	SPDYA	0	+	68094
chr3	44737661	44761619	KIAA1143	0	-	23958
chr3	44761721	44873376	KIF15	0	+	111655
chr3	44874608	44914990	TGM4	0	+	40382
chr2	28894667	28948219	WDR43	0	+	53552
chr3	44915257	44976185	ZDHHC3	0	-	60928
chr3	45082277	45146422	CDCP1	0	-	64145
chr3	45001548	45036071	CLEC3B	0	+	34523
chr3	45755449	45796536	SLC6A20	0	-	41087
chr3	45823316	45916042	LZTFL1	0	-	92726
chr3	45917903	45995824	FYCO1	0	-	77921
chr3	47495640	47513712	ELP6	0	-	18072
chr3	125225669	125375325	ZNF148	0	-	149656
chr3	139560180	139678017	NMNAT3	0	-	117837
chr1	34712737	34859755	SMIM12	0	-	147018
chr3	127571232	127598267	TPRA1	0	-	27035
chr3	183697797	183812624	YEATS2	0	+	114827
chr1	36795527	37034515	GRIK3	0	-	238988
chr1	37474580	37484377	ZC3H12A	0	+	9797
chr1	37489993	37514766	MEAF6	0	-	24773
chr1	37534449	37554293	SNIP1	0	-	19844
chr3	184361710	184368596	POLR2H	0	+	6886
chr3	126342635	126357408	KLF15	0	-	14773
chr3	185506262	185552588	LIPH	0	-	46326
chr3	128619969	128681075	RPN1	0	-	61106
chr3	185582496	185633551	SENP2	0	+	51055
chr1	39623435	39639643	HEYL	0	-	16208
chr3	129429607	129520510	IFT122	0	+	90903
chr3	186789880	186807058	RFC4	0	-	17178
chr3	187120948	187180908	RPL39L	0	-	59960
chr3	52401008	52410008	BAP1	0	-	9000
chr3	53224712	53256052	TKT	0	-	31340
chr3	53156009	53192717	PRKCD	0	+	36708
chr3	53088483	53130453	RFT1	0	-	41970
chr3	52903572	53046750	SFMBT1	0	-	143178
chr3	52545352	52685917	PBRM1	0	-	140565
chr4	1345691	1395989	UVSSA	0	+	50298
chr3	56727418	57079329	ARHGEF3	0	-	351911
chr4	1692731	1712344	SLBP	0	-	19613
chr4	3503612	3532446	LRPAP1	0	-	28834
chr3	196347662	196432430	UBXN7	0	-	84768
chr3	196468783	196503768	RNF168	0	-	34985
chr3	196639775	196736007	PIGX	0	+	96232
chr3	196980590	197029817	MELTF	0	-	49227
chr4	6693878	6697170	S100P	0	+	3292
chr4	7965310	8158832	ABLIM2	0	-	193522
chr1	40508741	40516038	EXO5	0	+	7297
chr1	42817122	42844991	ERMAP	0	+	27869
chr1	42846573	42852477	ZNF691	0	+	5904
chr4	107824563	107915047	SGMS2	0	+	90484
chr4	98995659	99062809	METAP1	0	+	67150
chr4	99896248	99946618	DNAJB14	0	-	50370
chr4	99948086	99950355	H2AZ1	0	-	2269
chr4	100395341	100880126	EMCN	0	-	484785
chr4	102885048	103019719	SLC9B1	0	-	134671
chr4	103019868	103085829	SLC9B2	0	-	65961
chr4	128269237	128288829	PGRMC2	0	-	19592
chr3	48157146	48188417	CDC25A	0	-	31271
chr3	48223347	48225491	CAMP	0	+	2144
chr3	48241100	48299253	ZNF589	0	+	58153
chr3	48403854	48430086	PLXNB1	0	-	26232
chr3	48432164	48440456	CCDC51	0	-	8292
chr3	48446710	48467645	ATRIP	0	+	20935
chr3	48467798	48504826	SHISA5	0	-	37028
chr4	123396795	123403760	SPRY1	0	+	6965
chr3	49554477	49671549	BSN	0	+	117072
chr3	49674014	49683971	APEH	0	+	9957
chr4	127623271	127726737	INTU	0	+	103466
chr3	49689538	49721529	RNF123	0	+	31991
chr4	127781821	127840733	HSPA4L	0	+	58912
chr4	127965306	128039953	ABHD18	0	+	74647
chr3	49907160	49930173	MON1A	0	-	23013
chr3	49887002	49903873	MST1R	0	-	16871
chr3	51538719	51668667	RAD54L2	0	+	129948
chr3	52048919	52056571	DUSP7	0	-	7652
chr3	52075226	52154690	POC1A	0	-	79464
chr3	52254434	52288020	WDR82	0	-	33586
chr4	110617423	110642123	PITX2	0	-	24700
chr4	119296419	119304445	C4orf3	0	-	8026
chr4	118280038	118353003	PRSS12	0	-	72965
chr4	173331376	173334432	HMGB2	0	-	3056
chr4	173369969	173377532	SAP30	0	+	7563
chr4	173384701	173406380	SCRG1	0	-	21679
chr4	173524969	173530229	HAND2	0	-	5260
chr4	120055623	120066858	MAD2L1	0	-	11235
chr4	121667946	121696995	ANXA5	0	-	29049
chr4	155342658	155376970	MAP9	0	-	34312
chr4	155666726	155737059	GUCY1A1	0	+	70333
chr4	174236658	174283667	FBXO8	0	-	47009
chr4	174283730	174333380	CEP44	0	+	49650
chr4	174490175	174523154	HPGD	0	-	32979
chr4	158201604	158255416	TMEM144	0	+	53812
chr4	158124474	158173318	GASK1B	0	-	48844
chr4	163323962	163344832	NPY1R	0	-	20870
chr4	139301505	139420033	NAA15	0	+	118528
chr4	141636583	141733987	IL15	0	+	97404
chr4	151409176	151670503	FHIP1A	0	+	261327
chr4	152779937	152918463	ARFIP1	0	+	138526
chr5	5420664	5490220	ICE1	0	+	69556
chr4	145110838	145180589	OTUD4	0	-	69751
chr4	146175703	146200000	LSM6	0	+	24297
chr4	147617386	147672044	TMEM184C	0	+	54658
chr5	52989340	53094779	ITGA2	0	+	105439
chr5	53095679	53110063	MOCS2	0	-	14384
chr5	83940554	84384880	EDIL3	0	-	444326
chr5	88189633	88269476	TMEM161B	0	-	79843
chr5	60751791	60844274	ELOVL7	0	-	92483
chr5	60945177	61154531	NDUFAF2	0	+	209354
chr5	36098407	36151887	LMBRD2	0	-	53480
chr5	36246913	36302114	RANBP3L	0	-	55201
chr5	36876769	37066413	NIPBL	0	+	189644
chr5	64165843	64372869	RNF180	0	+	207026
chr5	90529344	91164437	ADGRV1	0	+	635093
chr5	111496033	111512590	STARD4	0	-	16557
chr5	115204012	115262877	PGGT1B	0	-	58865
chr5	115267190	115296693	CCDC112	0	-	29503
chr5	10564070	10657816	ANKRD33B	0	+	93746
chr5	10275875	10307902	CMBL	0	-	32027
chr5	127045235	127073506	C5orf63	0	-	28271
chr5	127517640	127555085	PRRC1	0	+	37445
chr5	76818933	76835315	F2RL1	0	+	16382
chr5	53560633	53683338	NDUFS4	0	+	122705
chr5	54977867	55022671	ESM1	0	-	44804
chr5	149345430	149354583	GRPEL2	0	+	9153
chr5	55112971	55173177	CDC20B	0	-	60206
chr5	95555101	95605102	ARSK	0	+	50001
chr5	95713522	95824383	RHOBTB3	0	+	110861
chr5	80111651	80256048	SERINC5	0	-	144397
chr4	184627696	184649509	CASP3	0	-	21813
chr4	184649667	184694963	PRIMPOL	0	+	45296
chr5	96875986	96919703	ERAP2	0	+	43717
chr5	79689836	79800240	CMYA5	0	+	110404
chr5	38258409	38465480	EGFLAM	0	+	207071
chr5	71719275	71721048	CARTPT	0	+	1773
chr5	38937920	39074399	RICTOR	0	-	136479
chr5	79612120	79688246	TENT2	0	+	76126
chr5	158695916	159099916	EBF1	0	-	404000
chr5	159263290	159286036	UBLCP1	0	+	22746
chr5	73565443	73583380	UTP15	0	+	17937
chr4	186069155	186088073	TLR3	0	+	18918
chr4	186208979	186258471	KLKB1	0	+	49492
chr5	196868	218153	CCDC127	0	-	21285
chr6	1312098	1314758	FOXQ1	0	+	2660
chr5	132750819	132807241	SEPTIN8	0	-	56422
chr5	132822141	132830659	SHROOM1	0	-	8518
chr5	132861181	132866884	GDF9	0	-	5703
chr5	132873444	132875046	LEAP2	0	+	1602
chr6	73413515	73452297	CGAS	0	-	38782
chr6	122779716	122784074	FABP7	0	+	4358
chr6	139240061	139291998	TXLNB	0	-	51937
chr6	139371807	139374648	CITED2	0	-	2841
chr5	173056352	173139284	CREBRF	0	+	82932
chr5	175477062	175529742	SFXN1	0	+	52680
chr6	130144315	130365425	SAMD3	0	-	221110
chr6	130366017	130443067	TMEM200A	0	+	77050
chr6	107152562	107459564	PDSS2	0	-	307002
chr6	147204417	147390476	STXBP5	0	+	186059
chr6	36948263	36964837	PI16	0	+	16574
chr7	6409126	6484190	DAGLB	0	-	75064
chr7	36324152	36390125	KIAA0895	0	-	65973
chr7	23504780	23532041	TRA2A	0	-	27261
chr5	154190730	154420984	GALNT10	0	+	230254
chr5	154445997	154461053	SAP30L	0	+	15056
chr5	150442635	150449739	RPS14	0	-	7104
chr5	150660882	150679368	MYOZ3	0	+	18486
chr7	107201372	107564261	COG5	0	-	362889
chr7	112819147	112939875	BMT2	0	-	120728
chr7	113078331	113087778	GPR85	0	-	9447
chr5	160401641	160421711	SLU7	0	-	20070
chr7	33094797	33109405	RP9	0	-	14608
chr5	160421855	160428739	PTTG1	0	+	6884
chr5	134738495	134752157	CAMLG	0	+	13662
chr7	33904308	34156427	BMPER	0	+	252119
chr6	39188971	39229475	KCNK5	0	-	40504
chr6	39329990	39725408	KIF6	0	-	395418
chr7	6688433	6706947	ZNF12	0	-	18514
chr7	90154456	90164829	STEAP1	0	+	10373
chr7	7566875	7608932	MIOS	0	+	42057
chr7	86876906	87059654	ELAPOR2	0	-	182748
chr6	158650014	158764876	SYTL3	0	+	114862
chr8	79762371	79767857	HEY1	0	-	5486
chr8	80628451	80874781	ZNF704	0	-	246330
chr8	81280536	81284777	FABP5	0	+	4241
chr6	159034468	159045152	TAGAP	0	-	10684
chr7	94394895	94431227	COL1A2	0	+	36332
chr6	159169400	159272108	FNDC1	0	+	102708
chr7	135681231	135729258	SLC13A4	0	-	48027
chr7	98106862	98209638	LMTK2	0	+	102776
chr8	11842524	11869533	CTSB	0	-	27009
chr8	54457935	54460892	SOX17	0	+	2957
chr8	13083361	13604610	DLC1	0	-	521249
chr7	45574140	45723116	ADCY1	0	+	148976
chr8	75407914	75566834	HNF4G	0	+	158920
chr8	76980258	77001044	PEX2	0	-	20786
chr8	116845934	116874776	RAD21	0	-	28842
chr8	116950273	117176714	SLC30A8	0	+	226441
chr8	117520713	117540262	MED30	0	+	19549
chr8	118923557	118951885	TNFRSF11B	0	-	28328
chr8	73064543	73124088	SBSPON	0	-	59545
chr8	112222928	113436939	CSMD3	0	-	1214011
chr8	47260878	47736306	SPIDR	0	+	475428
chr7	104126341	104208047	ORC5	0	-	81706
chr8	89901849	89927888	OSGIN2	0	+	26039
chr8	6870592	6877936	DEFB1	0	-	7344
chr7	816615	896435	SUN1	0	+	79820
chr8	106270144	106752694	OXR1	0	+	482550
chr7	1542235	1560821	TMEM184A	0	-	18586
chr7	150991017	151014588	NOS3	0	+	23571
chr7	1428465	1459470	MICALL2	0	-	31005
chr8	85373436	85449040	CA3	0	+	75604
chr7	1470277	1504389	INTS1	0	-	34112
chr7	151057210	151076526	SLC4A2	0	+	19316
chr7	151076624	151080866	FASTK	0	-	4242
chr7	151081085	151083493	TMUB1	0	-	2408
chr5	126600925	126627252	PHAX	0	+	26327
chr5	126531200	126595362	ALDH7A1	0	-	64162
chr7	4682295	4771442	FOXK1	0	+	89147
chr8	98944403	98952104	OSR2	0	+	7701
chr8	100916523	100953388	YWHAZ	0	-	36865
chr8	103140713	103230305	BAALC	0	+	89592
chr8	103298433	103332866	FZD6	0	+	34433
chr8	103371538	103382989	CTHRC1	0	+	11451
chr8	94813311	94881746	INTS8	0	+	68435
chr8	94487689	94553529	VIRMA	0	-	65840
chr9	14737152	14910995	FREM1	0	-	173843
chr8	94249253	94262350	GEM	0	-	13097
chr8	93857807	93926068	PDP1	0	+	68261
chr8	93754844	93819234	TMEM67	0	+	64390
chr9	34610486	34612104	RPP25L	0	-	1618
chr9	34366666	34376898	MYORG	0	-	10232
chr9	34329506	34343711	NUDT2	0	+	14205
chr8	124306189	124372701	TMEM65	0	-	66512
chr9	15464066	15510995	PSIP1	0	-	46929
chr9	15553043	16061663	CCDC171	0	+	508620
chr9	90801787	90898549	SYK	0	+	96762
chr9	104764129	104777764	NIPSNAP3B	0	+	13635
chr9	104781006	104928155	ABCA1	0	-	147149
chr9	91409045	91423832	NFIL3	0	-	14787
chr7	128476729	128506602	METTL2B	0	+	29873
chr8	40530590	40897833	ZMAT4	0	-	367243
chr8	132685007	132760712	TMEM71	0	-	75705
chr9	70043848	70226972	MAMDC2	0	+	183124
chr8	67422038	67746378	CPA6	0	-	324340
chr8	68330955	68819023	C8orf34	0	+	488068
chr9	72900671	73080442	ALDH1A1	0	-	179771
chr6	18155329	18223854	KDM1B	0	+	68525
chr8	43140464	43202855	HGSNAT	0	+	62391
chr9	82979590	83063177	RASEF	0	-	83587
chr9	83739425	83829516	GKAP1	0	-	90091
chr9	83834099	83921465	KIF27	0	-	87366
chr9	83938311	83956986	C9orf64	0	-	18675
chr9	83968083	83980616	HNRNPK	0	-	12533
chr9	110365248	110579880	SVEP1	0	-	214632
chr7	142871208	142885745	TRPV6	0	-	14537
chr9	98731329	98796965	ANKS6	0	-	65636
chr9	94603133	94640249	FBP1	0	-	37116
chr9	101473170	101533537	PGAP4	0	-	60367
chr7	73834590	73842516	METTL27	0	-	7926
chrX	38801440	38806537	MID1IP1	0	+	5097
chr9	112486827	112669397	KIAA1958	0	+	182570
chrX	23334849	23404374	PTCHD1	0	+	69525
chr9	113297093	113303376	RNF183	0	-	6283
chrX	100291644	100410273	PCDH19	0	-	118629
chrX	15319452	15335554	PIGA	0	-	16102
chr9	123109500	123268586	STRBP	0	-	159086
chr7	73768997	73770270	CLDN3	0	-	1273
chr9	125261794	125367207	GAPVD1	0	+	105413
chr9	93096217	93113283	CARD19	0	+	17066
chr9	93184122	93320572	WNK2	0	+	136450
chr9	96385941	96418370	ZNF367	0	-	32429
chrX	84317874	84502479	HDX	0	-	184605
chr9	32553001	32573184	NDUFB6	0	-	20183
chr9	33383179	33402682	AQP7	0	-	19503
chr9	33461353	33473930	NOL6	0	-	12577
chr9	33441156	33447596	AQP3	0	-	6440
chr9	35053928	35072668	VCP	0	-	18740
chr9	35088688	35096601	PIGO	0	-	7913
chr9	35099776	35103195	STOML2	0	-	3419
chrX	80669503	80809877	BRWD3	0	-	140374
chr13	87671371	87696272	SLITRK5	0	+	24901
chr9	36572862	36677683	MELK	0	+	104821
chr10	22928024	23038523	ARMC3	0	+	110499
chr10	23439075	23442377	OTUD1	0	+	3302
chr10	31805398	31928876	ARHGAP12	0	-	123478
chr11	92224818	92896473	FAT3	0	+	671655
chr10	91409280	91514829	HECTD2	0	+	105549
chr14	39397684	39432466	FBXO33	0	-	34782
chrX	135520659	135582510	INTS6L	0	+	61851
chr8	31033788	31176138	WRN	0	+	142350
chr10	45454585	45594906	MARCHF8	0	-	140321
chr14	34709113	34714823	CFL2	0	-	5710
chr13	52652709	52700909	SUGT1	0	+	48200
chr14	81175452	81221377	GTF2A1	0	-	45925
chr10	79382325	79445624	ZCCHC24	0	-	63299
chr11	74330316	74398433	PGM2L1	0	-	68117
chr10	59650764	59736002	SLC16A9	0	-	85238
chr11	72216601	72221950	FOLR2	0	+	5349
chr11	72223701	72239147	INPPL1	0	+	15446
chr13	20187463	20192938	GJB2	0	-	5475
chr13	20403666	20525873	CRYL1	0	-	122207
chr13	21153595	21176552	SKA3	0	-	22957
chr13	21492691	21604181	MICU2	0	-	111490
chr11	83156988	83187451	PCF11	0	+	30463
chr11	125164687	125433389	PKNOX2	0	+	268702
chr14	49618530	49620626	RPL36AL	0	-	2096
chr14	49625174	49635244	DNAAF2	0	-	10070
chr10	45000923	45005326	ZNF22	0	+	4403
chr14	88612431	88792953	EML5	0	-	180522
chr14	49782083	49852821	NEMF	0	-	70738
chr11	126202096	126211692	RPUSD4	0	-	9596
chr14	49893079	49897054	ARF6	0	+	3975
chr14	88824153	88881078	TTC8	0	+	56925
chr14	77116568	77259495	TMEM63C	0	+	142927
chr10	4786629	4848062	AKR1E2	0	+	61433
chr13	41127569	41132802	KBTBD6	0	-	5233
chrX	57286706	57489193	FAAH2	0	+	202487
chr14	58633967	58648321	DACT1	0	+	14354
chr13	96985713	96994730	OXGR1	0	-	9017
chr10	13438484	13529014	BEND7	0	-	90530
chr10	7788147	7807815	ATP5F1C	0	+	19668
chr10	7818497	8016631	TAF3	0	+	198134
chr10	49014236	49115522	VSTM4	0	-	101286
chr10	75210154	75231448	VDAC2	0	+	21294
chr10	75233641	75236030	COMTD1	0	-	2389
chr10	117277274	117375440	PDZD8	0	-	98166
chr10	75397830	75401764	ZNF503	0	-	3934
chr10	124801819	124836667	ABRAXAS2	0	+	34848
chr9	136206333	136245812	QSOX2	0	-	39479
chr10	118297925	118342328	FAM204A	0	-	44403
chr5	177131830	177300213	NSD1	0	+	168383
chr10	119167720	119178812	PRDX3	0	-	11092
chrX	130622325	130903234	ENOX2	0	-	280909
chr10	84139482	84154841	GHITM	0	+	15359
chr9	136375567	136400176	SNAPC4	0	-	24609
chr12	10170542	10191804	TMEM52B	0	+	21262
chr9	136410641	136423761	PMPCA	0	+	13120
chr9	136401922	136410614	ENTR1	0	-	8692
chr9	132725578	132878777	AK8	0	-	153199
chr9	132891348	132946874	TSC1	0	-	55526
chrX	134460165	134520513	HPRT1	0	+	60348
chr12	12357078	12471233	BORCS5	0	+	114155
chr9	136712572	136724742	DIPK1B	0	+	12170
chr9	137582081	137590512	ZMYND19	0	-	8431
chr10	68827531	68895432	STOX1	0	+	67901
chr10	43077064	43130351	RET	0	+	53287
chr10	68956135	68985068	DDX21	0	+	28933
chr10	42782795	42834937	BMS1	0	+	52142
chr10	132207492	132331847	STK32C	0	-	124355
chr10	30012803	30115494	JCAD	0	-	102691
chr14	20457681	20461465	PIP4P1	0	-	3784
chr14	20989973	20997035	METTL17	0	+	7062
chr14	21016763	21070872	NDRG2	0	-	54109
chr9	137447570	137459334	NSMF	0	-	11764
chr14	21090077	21104722	ZNF219	0	-	14645
chr10	113679162	113730907	CASP7	0	+	51745
chr14	64549920	64589381	PPP1R36	0	+	39461
chr5	181040225	181061521	BTNL9	0	+	21296
chr10	114120862	114174232	CCDC186	0	-	53370
chr10	114239254	114294489	VWA2	0	+	55235
chr14	21521080	21537216	SALL2	0	-	16136
chr10	114938195	114977676	TRUB1	0	+	39481
chr13	45534522	45615739	ERICH6B	0	-	81217
chr14	72969451	73027131	ZFYVE1	0	-	57680
chr10	116663696	116670264	C10orf82	0	-	6568
chr10	116671192	116850251	HSPA12A	0	-	179059
chr10	97319271	97321915	FRAT1	0	+	2644
chr10	97498924	97571206	UBTD1	0	+	72282
chr12	77021248	77065569	E2F7	0	-	44321
chr11	100687288	100993941	ARHGAP42	0	+	306653
chr11	45921621	45929096	LARGE2	0	+	7475
chr11	47177522	47186443	PACSIN3	0	-	8921
chr14	90524564	90816479	TTC7B	0	-	291915
chr11	47407132	47416496	SLC39A13	0	+	9364
chr11	47418769	47426473	PSMC3	0	-	7704
chr11	47659591	47715389	AGBL2	0	-	55798
chr14	92121969	92172145	CPSF2	0	+	50176
chr14	93182199	93184923	MOAP1	0	-	2724
chr14	94081301	94103846	IFI27L1	0	+	22545
chr14	94104836	94116695	IFI27	0	+	11859
chr14	95181940	95319908	CLMN	0	-	137968
chr12	41188320	41574745	PDZRN4	0	+	386425
chr11	20669551	21575686	NELL1	0	+	906135
chr10	16436943	16513745	PTER	0	+	76802
chr10	18140424	18543557	CACNB2	0	+	403133
chr10	17589032	17617374	HACD1	0	-	28342
chr10	18659431	18681639	ARL5B	0	+	22208
chr11	93478472	93543391	SMCO4	0	-	64919
chr11	93661682	93730358	CEP295	0	+	68676
chr12	75040077	75209839	KCNC2	0	-	169762
chr11	34150987	34358010	ABTB2	0	-	207023
chr10	98134624	98244897	R3HCC1L	0	+	110273
chr11	94706431	94876748	AMOTL1	0	+	170317
chr10	122458551	122514907	HTRA1	0	+	56356
chr15	38252836	38357249	SPRED1	0	+	104413
chr15	39799008	39920266	GPR176	0	-	121258
chr11	134069071	134152001	JAM3	0	+	82930
chr11	130448645	130476645	ADAMTS15	0	+	28000
chr16	46884362	46931289	GPT2	0	+	46927
chr15	63189560	63267776	RAB8B	0	+	78216
chr12	98613405	98645113	IKBIP	0	-	31708
chr15	40569299	40574949	RPUSD2	0	+	5650
chr10	100529072	100559998	HIF1AN	0	+	30926
chr15	40844018	40858207	SPINT1	0	+	14189
chr15	48408313	48645721	FBN1	0	-	237408
chr12	63142759	63151201	AVPR1A	0	-	8442
chr14	103519667	103522833	CKB	0	-	3166
chr14	103529196	103537073	TRMT61A	0	+	7877
chr10	101354033	101557321	BTRC	0	+	203288
chr10	101570560	101609662	DPCD	0	+	39102
chr11	43311963	43344529	API5	0	+	32566
chr10	102065349	102068036	HPS6	0	+	2687
chr10	102152176	102163871	NOLC1	0	+	11695
chr11	43880811	43920274	ALKBH3	0	+	39463
chr15	26543546	26939539	GABRB3	0	-	395993
chr10	70815948	70881184	SGPL1	0	+	65236
chr12	69470349	69579793	FRS2	0	+	109444
chr12	69585426	69601570	CCT2	0	+	16144
chr10	70882280	70888565	PCBD1	0	-	6285
chr15	72474330	72602987	ARIH1	0	+	128657
chr11	123069872	123195248	CLMP	0	-	125376
chr11	123629187	123655244	SCN3B	0	-	26057
chr11	123723914	123741675	ZNF202	0	-	17761
chr15	49326962	49620929	FAM227B	0	-	293967
chr17	54968727	55173632	STXBP4	0	+	204905
chr21	26466209	26573286	CYYR1	0	-	107077
chr11	108008898	108107761	CUL5	0	+	98863
chr12	69825227	69959097	MYRFL	0	+	133870
chr10	102743948	102834516	WBP1L	0	+	90568
chr6	31897785	31945672	C2	0	+	47887
chr19	29665459	29675477	PLEKHF1	0	+	10018
chr17	55719627	55732121	TMEM100	0	-	12494
chr11	6390440	6394998	SMPD1	0	+	4558
chr11	6395125	6419414	APBB1	0	-	24289
chr10	73644881	73663803	SYNPO2L	0	-	18922
chr11	35662775	35818007	TRIM44	0	+	155232
chr11	6603708	6610874	ILK	0	+	7166
chr11	6612768	6619448	TPP1	0	-	6680
chr11	6621330	6655809	DCHS1	0	-	34479
chr10	73423579	73433561	MSS51	0	-	9982
chr18	74250846	74291973	CYB5A	0	-	41127
chr10	73497538	73626117	USP54	0	-	128579
chr11	36510709	36593156	RAG1	0	+	82447
chr11	36594369	36675695	IFTAP	0	+	81326
chr18	79069285	79378287	ATP9B	0	+	309002
chr11	7513298	7657127	PPFIBP2	0	+	143829
chr11	75717838	75732958	MOGAT2	0	+	15120
chr11	7665100	7677222	CYB5R2	0	-	12122
chr18	63752935	63805376	SERPINB7	0	+	52441
chr19	34254552	34355566	GARRE1	0	+	101014
chr18	63970029	64019779	SERPINB8	0	+	49750
chr11	8019244	8106243	TUB	0	+	86999
chr15	53513741	53762878	WDR72	0	-	249137
chr15	78340353	78348225	CRABP1	0	+	7872
chrX	101882288	101932031	ZMAT1	0	-	49743
chr11	74807739	74949200	XRRA1	0	-	141461
chr11	8612037	8682694	TRIM66	0	-	70657
chr11	8693351	8910951	DENND2B	0	-	217600
chr16	80597907	80804598	CDYL2	0	-	206691
chr7	98846488	98870771	TMEM130	0	-	24283
chr15	55611544	55743152	PRTG	0	-	131608
chr11	9280654	9314636	TMEM41B	0	-	33982
chr11	9460319	9528524	ZNF143	0	+	68205
chr18	68673688	68715108	TMX3	0	-	41420
chr11	9573670	9593457	WEE1	0	+	19787
chr17	19377721	19383544	MAPK7	0	+	5823
chr16	23835983	24220611	PRKCB	0	+	384628
chr15	83112738	83207823	HDGFL3	0	-	95085
chr10	73801911	73811798	NDST2	0	-	9887
chr7	100092728	100101940	MCM7	0	-	9212
chr16	78022515	78066761	CLEC3A	0	+	44246
chr18	54901509	54959461	CCDC68	0	-	57952
chr12	8533305	8540905	CLEC4E	0	-	7600
chr7	100064033	100082548	ZNF3	0	-	18515
chr12	8681600	8783095	RIMKLB	0	+	101495
chr12	8822621	8887001	A2ML1	0	+	64380
chr16	66427295	66493529	BEAN1	0	+	66234
chr16	66508003	66552544	TK2	0	-	44541
chr15	79311112	79427432	TMED3	0	+	116320
chr18	59139866	59158832	SEC11C	0	+	18966
chr11	87037844	87328824	TMEM135	0	+	290980
chr17	16342534	16353656	CENPV	0	-	11122
chr16	66921679	66925536	RRAD	0	-	3857
chr16	66932065	66934423	CIAO2B	0	-	2358
chr20	37492472	37527931	BLCAP	0	-	35459
chr16	10326434	10483638	ATF7IP2	0	+	157204
chr11	102770502	102780628	MMP10	0	-	10126
chr16	10760919	10818794	TVP23A	0	-	57875
chrX	103376395	103378164	BEX3	0	+	1769
chr11	16777297	17014414	PLEKHA7	0	-	237117
chr19	57977076	58003349	ZNF606	0	-	26273
chr15	44711487	44718851	B2M	0	+	7364
chr15	84748592	84806445	ZNF592	0	+	57853
chr15	44288719	44415758	GOLM2	0	+	127039
chr11	114257787	114313536	NNMT	0	+	55749
chr16	71729000	71809201	AP1G1	0	-	80201
chr17	35243071	35273655	SLFN5	0	+	30584
chr15	43628503	43668118	CATSPER2	0	-	39615
chr16	15434475	15625028	BMERB1	0	+	190553
chr11	18069935	18106087	SAAL1	0	-	36152
chr15	64155740	64163134	PPIB	0	-	7394
chr15	64072565	64093857	CIAO2A	0	-	21292
chr11	59142748	59155039	FAM111A	0	+	12291
chr16	75111860	75116780	LDHD	0	-	4920
chr15	89664367	89679427	PLIN1	0	-	15060
chr16	75443054	75465497	TMEM170A	0	-	22443
chr15	89749875	89751249	MESP1	0	-	1374
chr15	89784895	89815401	ANPEP	0	-	30506
chr16	23182745	23216883	SCNN1G	0	+	34138
chr15	64739891	64775589	RBPMS2	0	-	35698
chr11	19350724	20121601	NAV2	0	+	770877
chr11	58905398	59043527	GLYATL1	0	+	138129
chr16	23641466	23677472	DCTN5	0	+	36006
chr16	75647773	75761872	TERF2IP	0	+	114099
chr15	65148219	65185342	CLPX	0	-	37123
chr12	56998836	57006546	ZBTB39	0	-	7710
chr12	57055643	57088063	NEMP1	0	-	32420
chr15	42158701	42208307	VPS39	0	-	49606
chr11	59636716	59669037	PATL1	0	-	32321
chr12	57906039	57959148	ATP23	0	+	53109
chr22	37367960	37427479	ELFN2	0	-	59519
chr11	59713456	59805882	STX3	0	+	92426
chr11	59806140	59810778	MRPL16	0	-	4638
chr12	57591174	57603418	PIP4K2C	0	+	12244
chr15	30938941	30991628	MTMR10	0	-	52687
chr20	44885702	44908532	YWHAB	0	+	22830
chr15	45430579	45448761	C15orf48	0	+	18182
chr15	32718004	32745106	GREM1	0	+	27102
chr7	100463359	100479232	TSC22D4	0	-	15873
chr15	66293217	66333898	DIS3L	0	+	40681
chr15	43197227	43221018	EPB42	0	-	23791
chr15	67063763	67195173	SMAD3	0	+	131410
chr11	60699585	60715807	MS4A8	0	+	16222
chr11	60756867	60776733	MS4A15	0	+	19866
chr15	43510958	43531620	MAP1A	0	+	20662
chr15	90954881	90963125	RCCD1	0	+	8244
chr18	34976928	35143470	MAPRE2	0	+	166542
chr12	57475445	57517569	MARS1	0	+	42124
chr15	43746394	43773279	PDIA3	0	+	26885
chr8	23678697	23682938	NKX3-1	0	-	4241
chr22	24806169	24927578	SGSM1	0	+	121409
chr22	41367333	41399326	TEF	0	+	31993
chr22	41699503	41799456	MEI1	0	+	99953
chr17	49132460	49176840	B4GALNT2	0	+	44380
chr9	125747345	125967377	PBX3	0	+	220032
chr17	49404052	49414901	PHB	0	-	10849
chr18	21612314	21633524	SNRPD1	0	+	21210
chr9	127716079	127731590	TTC16	0	+	15511
chr17	50110040	50130160	SAMD14	0	-	20120
chr9	127920881	127930785	PIP5KL1	0	-	9904
chr17	50271406	50281485	TMEM92	0	+	10079
chr9	127940582	127980989	FAM102A	0	-	40407
chr17	50426158	50474845	ACSF2	0	+	48687
chr9	128322544	128334072	COQ4	0	+	11528
chr9	128340527	128361470	SLC27A4	0	+	20943
chr9	128371361	128392016	URM1	0	+	20655
chr9	128411751	128437351	CERCAM	0	+	25600
chr9	129081111	129090438	DOLPP1	0	+	9327
chr9	129665647	129722674	PRRX2	0	+	57027
chr15	75195643	75212169	C15orf39	0	+	16526
chr15	74100311	74138540	ISLR2	0	+	38229
chr17	47896150	47928957	SP2	0	+	32807
chr17	47951967	47957883	PRR15L	0	-	5916
chr16	19067614	19080095	COQ7	0	+	12481
chr17	1420689	1463162	CRK	0	-	42473
chr15	77984036	78077724	TBC1D2B	0	-	93688
chr16	50693588	50734041	NOD2	0	+	40453
chr16	50666300	50681353	SNX20	0	-	15053
chr18	46917492	47103478	KATNAL2	0	+	185986
chr19	23304991	23395471	ZNF91	0	-	90480
chr11	117232625	117286454	RNF214	0	+	53829
chr17	39461486	39564907	CDK12	0	+	103421
chr16	67987746	68079320	DUS2	0	+	91574
chr12	120578764	120581402	POP5	0	-	2638
chr17	79074824	79088599	ENGASE	0	+	13775
chr11	118339075	118342705	CD3D	0	-	3630
chr17	79932343	80035872	TBC1D16	0	-	103529
chr17	81228277	81239091	TEPSIN	0	-	10814
chr18	49822789	50195147	MYO5B	0	-	372358
chr11	3854527	4093210	STIM1	0	+	238683
chr11	4094707	4138932	RRM1	0	+	44225
chr11	4598672	4608231	TRIM68	0	-	9559
chr17	82735615	82751196	FN3K	0	+	15581
chr19	44165073	44178381	ZNF226	0	+	13308
chr19	44474428	44500524	ZNF180	0	-	26096
chrX	333933	386955	PPP2R3B	0	-	53022
chrY	333933	386955	PPP2R3B	0	-	53022
chr16	31060843	31074240	ZNF668	0	-	13397
chr17	58218548	58268518	LPO	0	+	49970
chr17	59209400	59215239	SMG8	0	+	5839
chr19	16067021	16103002	TPM4	0	+	35981
chr19	1103994	1106791	GPX4	0	+	2797
chr19	1248553	1259143	MIDN	0	+	10590
chr19	17523301	17553839	NIBAN3	0	+	30538
chr19	18637025	18671721	KLHL26	0	+	34696
chr19	19385826	19508932	GATAD2A	0	+	123106
chr16	88651935	88663161	MVD	0	-	11226
chr16	88803789	88809258	CDT1	0	+	5469
chr16	89267630	89490561	ANKRD11	0	-	222931
chr16	89657740	89671272	SPATA33	0	+	13532
chr17	28703197	28711888	PROCA1	0	-	8691
chr16	89560677	89564542	RPL13	0	+	3865
chr12	48337180	48351414	ZNF641	0	-	14234
chr12	48567684	48570066	LALBA	0	-	2382
chr12	48813794	48828941	CACNB3	0	+	15147
chr17	28897781	28903079	DHRS13	0	-	5298
chr17	29566052	29573157	TP53I13	0	+	7105
chr12	49018975	49060794	KMT2D	0	-	41819
chr12	49064676	49070025	RHEBL1	0	-	5349
chr12	49188736	49274600	TUBA1C	0	+	85864
chr19	52336243	52367778	ZNF610	0	+	31535
chr19	52397849	52418412	ZNF528	0	+	20563
chr19	40440844	40444335	SERTAD3	0	-	3491
chr12	49791146	49828750	NCKAP5L	0	-	37604
chr12	50103982	50111313	GPD1	0	+	7331
chr19	35758143	35771028	PROSER3	0	+	12885
chr19	41193210	41207539	CYP2S1	0	+	14329
chr19	41219223	41261766	AXL	0	+	42543
chr19	35887653	35902303	NFKBID	0	-	14650
chr19	54160108	54173250	TMC4	0	-	13142
chr19	54351384	54370558	LAIR1	0	-	19174
chr19	54415219	54436904	TTYH1	0	+	21685
chr19	54448887	54462016	LENG8	0	+	13129
chr19	54465026	54473296	CDC42EP5	0	-	8270
chr19	42313309	42325064	TMEM145	0	+	11755
chr8	139727725	140458579	TRAPPC9	0	-	730854
chr19	43827321	43852017	ZNF283	0	+	24696
chr19	38244035	38292615	SPINT2	0	+	48580
chr19	38303558	38317273	YIF1B	0	-	13715
chr19	55158661	55166722	DNAAF3	0	-	8061
chr8	142784882	142786539	LY6D	0	-	1657
chr19	3958453	3971123	DAPK3	0	-	12670
chr19	3976056	3985463	EEF2	0	-	9407
chr19	4402640	4445018	CHAF1A	0	+	42378
chr19	4472297	4502208	HDGFL2	0	+	29911
chr19	4542593	4581776	SEMA6B	0	-	39183
chr19	56132599	56160893	ZNF444	0	+	28294
chr17	799310	979776	NXN	0	-	180466
chr17	732412	742968	TLCD3A	0	+	10556
chr17	757097	782294	GLOD4	0	-	25197
chr8	144509070	144511213	MFSD3	0	+	2143
chr8	144502973	144507174	GPT	0	+	4201
chr8	144466043	144474202	KIFC2	0	+	8159
chr17	1569268	1628886	SLC43A2	0	-	59618
chr17	1646145	1649866	RILP	0	-	3721
chr17	1742836	1755265	SERPINF2	0	+	12429
chr17	1716523	1738599	WDR81	0	+	22076
chr17	2322396	2336657	TSR1	0	-	14261
chr17	4556927	4560818	GGT6	0	-	3891
chr19	50819146	50823787	KLK1	0	-	4641
chr19	50906351	50911395	KLK4	0	-	5044
chr19	50943303	50953093	KLK5	0	-	9790
chr19	50958631	50969673	KLK6	0	-	11042
chr19	51022216	51028039	KLK11	0	-	5823
chr19	51055626	51065114	KLK13	0	-	9488
chr19	52594060	52690504	ZNF83	0	-	96444
chr12	52168996	52192014	KRT80	0	-	23018
chr12	52674736	52680407	KRT1	0	-	5671
chr11	63911230	63917164	RCOR2	0	-	5934
chr19	8363289	8374370	ANGPTL4	0	+	11081
chr19	8308283	8321379	ENSG00000167774	0	-	13096
chr12	53097436	53102345	IGFBP6	0	+	4909
chr19	8806170	8832314	ZNF558	0	-	26144
chr11	67605653	67612554	NDUFV1	0	+	6901
chr11	67506497	67508649	CDK2AP2	0	-	2152
chr11	67627938	67629937	NUDT8	0	-	1999
chr11	67631303	67639763	TBX10	0	-	8460
chr19	10305427	10316009	ENSG00000167807	0	-	10582
chr17	74541073	74546115	CD300C	0	-	5042
chr17	74466399	74484794	CD300A	0	+	18395
chr17	74950742	74973166	HID1	0	-	22424
chr17	75012670	75021261	MRPL58	0	+	8591
chr17	7855066	7856099	TMEM88	0	+	1033
chr17	76038775	76072517	SRP68	0	-	33742
chr17	76868404	76950393	MGAT5B	0	+	81989
chr17	78130770	78142968	TMC8	0	+	12198
chr17	78174091	78187233	TK1	0	-	13142
chr8	55696424	55773407	TMEM68	0	-	76983
chr17	42188799	42194532	GHDC	0	-	5733
chr16	234521	272183	FAM234A	0	+	37662
chr16	1997654	2009821	ZNF598	0	-	12167
chr16	2140803	2154165	RAB26	0	+	13362
chr16	2204248	2209453	MLST8	0	+	5205
chr16	2223580	2235742	E4F1	0	+	12162
chr16	2235816	2238711	DNASE1L2	0	+	2895
chr16	2239402	2252300	ECI1	0	-	12898
chr16	2275881	2340746	ABCA3	0	-	64865
chr16	2682523	2709030	KCTD5	0	+	26507
chr16	2752626	2772538	SRRM2	0	+	19912
chr16	3539033	3577403	NLRC3	0	-	38370
chr11	61299451	61342596	DDB1	0	-	43145
chr11	61130257	61161615	VPS37C	0	-	31358
chr11	61897301	61920269	RAB3IL1	0	-	22968
chr11	61950063	61965515	BEST1	0	+	15452
chr11	62761565	62766710	POLR2G	0	+	5145
chr11	62856004	62888880	SLC3A2	0	+	32876
chr11	63461404	63491194	PLAAT5	0	-	29790
chr11	63813456	63827716	SPINDOC	0	+	14260
chr11	74012718	74171210	C2CD3	0	-	158492
chr3	36826819	36945057	TRANK1	0	-	118238
chr3	39107680	39138903	TTC21A	0	+	31223
chr3	39406716	39412542	RPSA	0	+	5826
chr3	40387184	40428744	ENTPD3	0	+	41560
chr3	41246599	41962130	ULK4	0	-	715531
chr11	70203296	70207390	FADD	0	+	4094
chr11	65538559	65558930	LTBP3	0	-	20371
chr11	65044818	65058553	NAALADL1	0	-	13735
chr11	64987945	64997018	BATF2	0	-	9073
chr11	64764606	64778786	SF1	0	-	14180
chr11	64784918	64803241	MAP4K2	0	-	18323
chr11	64340204	64357534	CCDC88B	0	+	17330
chr8	27633868	27676776	SCARA3	0	+	42908
chr8	27869883	27992673	SCARA5	0	-	122790
chr7	100088969	100092187	COPS6	0	+	3218
chr11	117144284	117176894	PAFAH1B2	0	+	32610
chr16	4696510	4734378	ANKS3	0	-	37868
chr16	4693694	4695859	NUDT16L1	0	+	2165
chr6	57046532	57055239	KIAA1586	0	+	8707
chr1	229271062	229305894	RAB4A	0	+	34832
chr3	9397615	9479240	SETD5	0	+	81625
chr6	54846771	54945099	FAM83B	0	+	98328
chr1	228487382	228499899	RNF187	0	+	12517
chr8	42896946	43030535	HOOK3	0	+	133589
chr14	55051647	55070194	MAPK1IP1L	0	+	18547
chr10	72273919	72276036	DDIT4	0	+	2117
chr4	26163455	26435131	RBPJ	0	+	271676
chr4	25312774	25370383	ZCCHC4	0	+	57609
chr18	23992773	24135610	TTC39C	0	+	142837
chr1	235547685	235650754	GNG4	0	-	103069
chr5	172209646	172283764	UBTD2	0	-	74118
chr17	41976421	42021376	DNAJC7	0	-	44955
chr1	234604269	234610178	IRF2BP2	0	-	5909
chr5	170105897	170109734	FOXI1	0	+	3837
chr1	234373456	234385080	COA6	0	+	11624
chr2	148875227	149026759	KIF5C	0	+	151532
chr14	49620799	49623481	MGAT2	0	+	2682
chr16	67842320	67844195	THAP11	0	+	1875
chr2	149569637	149587778	MMADHC	0	-	18141
chr3	58427630	58433857	PDHB	0	-	6227
chr3	58332880	58426127	PXK	0	+	93247
chr6	26156329	26157115	H1-4	0	+	786
chr8	51817575	51899186	PCMTD1	0	-	81611
chr3	58492096	58502360	KCTD6	0	+	10264
chr7	40126027	40134622	MPLKIP	0	-	8595
chr3	58505136	58537283	ACOX2	0	-	32147
chr3	58564117	58627610	FAM107A	0	-	63493
chr4	184387729	184474550	IRF2	0	-	86821
chr3	39263495	39281735	CX3CR1	0	-	18240
chr3	39183210	39192596	XIRP1	0	-	9386
chr3	57571363	57598220	ARF4	0	-	26857
chr1	39955112	39969968	MFSD2A	0	+	14856
chr2	241675747	241686944	DTYMK	0	-	11197
chr2	241687085	241729478	ING5	0	+	42393
chr2	241637213	241673857	ATG4B	0	+	36644
chr16	74671855	74700960	MLKL	0	-	29105
chr16	74621399	74666877	RFWD3	0	-	45478
chr4	40191053	40246967	RHOH	0	+	55914
chr16	23388493	23453189	COG7	0	-	64696
chr11	64185272	64204543	STIP1	0	+	19271
chr16	23278231	23381294	SCNN1B	0	+	103063
chr8	22114419	22133384	HR	0	-	18965
chr18	9708275	9862551	RAB31	0	+	154276
chr8	22138020	22141951	REEP4	0	-	3931
chr6	32041153	32115334	TNXB	0	-	74181
chr8	22165140	22212326	BMP1	0	+	47186
chr16	28822999	28837237	ATXN2L	0	+	14238
chr8	22219703	22232101	PHYHIP	0	-	12398
chr4	185445182	185471752	CCDC110	0	-	26570
chr8	22245133	22254601	POLR3D	0	+	9468
chr2	191834310	191847088	CAVIN2	0	-	12778
chr18	8705661	8832778	MTCL1	0	+	127117
chr17	45160700	45170040	HEXIM2	0	+	9340
chr8	43034194	43085788	FNTA	0	+	51594
chr1	31409565	31434680	SERINC2	0	+	25115
chr4	183659267	183713594	TRAPPC11	0	+	54327
chr11	62908679	62921807	CHRM1	0	-	13128
chr2	188974373	189012746	COL3A1	0	+	38373
chr8	21690398	21812357	GFRA2	0	-	121959
chr4	183505058	183512429	ING2	0	+	7371
chr4	183444635	183449064	CDKN2AIP	0	+	4429
chr6	7590198	7611967	SNRNP48	0	+	21769
chr11	62771629	62792006	TMEM223	0	-	20377
chr8	42416475	42541926	SLC20A2	0	-	125451
chr16	80540734	80550811	DYNLRB2	0	+	10077
chr17	42313324	42388540	STAT3	0	-	75216
chr20	45881227	45885266	ZSWIM1	0	+	4039
chr8	38996754	39105445	ADAM9	0	+	108691
chr5	37812677	37840041	GDNF	0	-	27364
chr1	39026318	39034636	NDUFS5	0	+	8318
chr19	34926903	34945170	ZNF30	0	+	18267
chr5	36035021	36071358	UGT3A2	0	-	36337
chr8	126552443	126558478	LRATD2	0	-	6035
chr18	13217498	13652755	LDLRAD4	0	+	435257
chr1	110362851	110391082	SLC16A4	0	-	28231
chr5	35852695	35879603	IL7R	0	+	26908
chr16	67227103	67229278	TMEM208	0	+	2175
chr2	140231423	142131016	LRP1B	0	-	1899593
chr1	109984765	110023742	AHCYL1	0	+	38977
chr5	34929559	34958964	DNAJC21	0	+	29405
chr20	44531785	44624247	PKIG	0	+	92462
chr2	96875882	96986580	FAM178B	0	-	110698
chr2	96859718	96870757	SEMA4C	0	-	11039
chr4	105145875	105279816	TET2	0	+	133941
chr4	104468308	104494901	CXXC4	0	-	26593
chr12	123671110	123708399	TCTN2	0	+	37289
chr15	43533462	43590208	PPIP5K1	0	-	56746
chr4	98470367	98658611	TSPAN5	0	-	188244
chr9	37438102	37465450	ZBTB5	0	-	27348
chr16	69118010	69132588	CHTF8	0	-	14578
chr15	43330672	43354569	ADAL	0	+	23897
chr15	43323649	43330582	LCMT2	0	-	6933
chr16	69187147	69309052	SNTB2	0	+	121905
chr19	32345594	32387667	ZNF507	0	+	42073
chr4	4415742	4542346	STX18	0	-	126604
chr4	4290251	4321786	ZBTB49	0	+	31535
chr3	158644527	158695581	GFM1	0	+	51054
chr2	85751344	85791383	ATOH8	0	+	40039
chr11	94493979	94499578	ANKRD49	0	+	5599
chr2	85602856	85649283	USP39	0	+	46427
chr4	2741648	2756342	TNIP2	0	-	14694
chr2	85595725	85597708	RNF181	0	+	1983
chr2	85584431	85593406	VAMP5	0	+	8975
chr15	99251362	99390729	LRRC28	0	+	139367
chr15	42139034	42156636	PLA2G4F	0	-	17602
chr9	34521043	34522990	ENHO	0	-	1947
chr5	124636913	124748807	ZNF608	0	-	111894
chr3	136818647	136855888	SLC35G2	0	+	37241
chr2	233059967	233207903	INPP5D	0	+	147936
chr4	1811479	1856156	LETM1	0	-	44677
chr5	123344890	123423592	CEP120	0	-	78702
chr14	24809454	25050147	STXBP6	0	-	240693
chr2	227325151	227357836	MFF	0	+	32685
chr17	27629798	27649560	LGALS9	0	+	19762
chr4	784957	826129	CPLX1	0	-	41172
chr6	3722614	3751713	PXDC1	0	-	29099
chr19	51142299	51153526	SIGLEC7	0	+	11227
chr2	11444375	11466177	E2F6	0	-	21802
chr15	68277745	68295862	FEM1B	0	+	18117
chr4	47450787	47463702	COMMD8	0	-	12915
chr19	29205320	29213151	UQCRFS1	0	-	7831
chr15	66386837	66491656	MAP2K1	0	+	104819
chr19	50976468	50984099	KLK7	0	-	7631
chr5	179614178	179634784	HNRNPH1	0	-	20606
chr2	226731312	226799820	IRS1	0	-	68508
chrX	154021573	154137103	MECP2	0	-	115530
chr13	114281601	114305817	UPF3A	0	+	24216
chr9	91563091	91950228	ROR2	0	-	387137
chrX	67544021	67730619	AR	0	+	186598
chrX	2219506	2502805	DHRSX	0	-	283299
chrY	2219506	2502805	DHRSX	0	-	283299
chr3	122739999	122793831	HSPBAP1	0	-	53832
chrX	1403139	1453762	ASMTL	0	-	50623
chrY	1403139	1453762	ASMTL	0	-	50623
chrX	1386152	1392113	SLC25A6	0	-	5961
chrY	1386152	1392113	SLC25A6	0	-	5961
chr15	40470984	40473158	CHST14	0	+	2174
chr4	74933095	75050115	PARM1	0	+	117020
chr8	57994523	58204279	FAM110B	0	+	209756
chr10	27775186	27999079	ODAD2	0	-	223893
chr10	114294824	114404756	AFAP1L2	0	-	109932
chr8	48008415	48064708	UBE2V2	0	+	56293
chr9	126805006	126838210	ZBTB43	0	+	33204
chr19	49690898	49713731	CPT1C	0	+	22833
chr1	55039447	55064852	PCSK9	0	+	25405
chr16	28097976	28211965	XPO6	0	-	113989
chr22	27748277	27801756	MN1	0	-	53479
chr16	27224994	27268772	NSMCE1	0	-	43778
chr7	23597382	23644708	CCDC126	0	+	47326
chr16	29484690	29505999	NPIPB12	0	-	21309
chr1	51907956	51990700	RAB3B	0	-	82744
chr16	30350773	30355308	CD2BP2	0	-	4535
chr1	37611350	37634892	RSPO1	0	-	23542
chr5	177357924	177372596	RGS14	0	+	14672
chr16	30357102	30370494	TBC1D10B	0	-	13392
chr5	177331567	177351668	LMAN2	0	-	20101
chr1	155195588	155209051	THBS3	0	-	13463
chrX	15688830	15788411	CA5B	0	+	99581
chr1	155135344	155138857	SLC50A1	0	+	3513
chr1	155127876	155134899	EFNA1	0	+	7023
chr16	21402237	21448567	NPIPB3	0	-	46330
chr5	148923639	149063163	SH3TC2	0	-	139524
chrX	15790156	15830694	ZRSR2	0	+	40538
chr3	161104696	161253532	NMD3	0	+	148836
chr5	148826611	148828623	ADRB2	0	+	2012
chr3	156037701	156539138	KCNAB1	0	+	501437
chr4	77862830	77952785	MRPL1	0	+	89955
chr4	37826660	37862937	PGM2	0	+	36277
chr5	147234963	147387855	STK32A	0	+	152892
chr15	79432336	79472304	MINAR1	0	+	39968
chr16	20309574	20327808	GP2	0	-	18234
chr15	75598083	75626469	SNUPN	0	-	28386
chr12	93677375	93894840	CRADD	0	+	217465
chr15	75369379	75455842	SIN3A	0	-	86463
chr3	93980139	94055678	ARL13B	0	+	75539
chr8	140657900	141002216	PTK2	0	-	344316
chr7	6754109	6799365	RSPH10B2	0	+	45256
chr1	28147166	28193936	PTAFR	0	-	46770
chr15	75463251	75579315	PTPN9	0	-	116064
chr14	20781268	20782467	RNASE6	0	+	1199
chr1	153678688	153693992	NPR1	0	+	15304
chr4	73740541	73743716	CXCL8	0	+	3175
chr4	73571550	73620631	RASSF6	0	-	49081
chr8	138588235	138914041	COL22A1	0	-	325806
chr8	96493813	96611790	SDC2	0	+	117977
chr1	153031203	153032900	SPRR1B	0	+	1697
chr8	38901235	38973912	PLEKHA2	0	+	72677
chr1	24745382	24844321	CLIC4	0	+	98939
chr2	164894354	164955525	SLC38A11	0	-	61171
chr19	46410329	46413564	CCDC8	0	-	3235
chr11	28108248	28527041	METTL15	0	+	418793
chr2	144364364	144521057	ZEB2	0	-	156693
chrX	71212811	71225516	GJB1	0	+	12705
chr2	70087477	70089203	PCBP1	0	+	1726
chr5	131155383	131224468	HINT1	0	-	69085
chr5	118836074	118988547	DTWD2	0	-	152473
chr9	136994608	136996568	CLIC3	0	-	1960
chr15	83255884	83284664	BNC1	0	-	28780
chr2	69396113	69437628	NFU1	0	-	41515
chr2	69013176	69249327	ANTXR1	0	+	236151
chr2	112736349	112764664	CKAP2L	0	-	28315
chr15	82988441	83011641	C15orf40	0	-	23200
chr2	68467572	68655862	APLF	0	+	188290
chr2	112368369	112434488	RGPD8	0	-	66119
chr22	21417371	21451463	HIC2	0	+	34092
chr1	23084030	23177808	LUZP1	0	-	93778
chr2	110637528	110678063	BUB1	0	-	40535
chr16	28974221	28984548	SPNS1	0	+	10327
chr17	82023305	82031151	LRRC45	0	+	7846
chr15	78565520	78595269	CHRNA5	0	+	29749
chr9	136673143	136687457	AGPAT2	0	-	14314
chr17	81976807	82017406	ASPSCR1	0	+	40599
chr17	82078338	82098294	FASN	0	-	19956
chr3	129167827	129183922	CNBP	0	-	16095
chr16	56625475	56627112	MT1E	0	+	1637
chr17	82057506	82065887	DUS1L	0	-	8381
chr17	82050691	82057470	GPS1	0	+	6779
chr17	82035136	82037709	DCXR	0	-	2573
chr10	43643860	43648881	ZNF32	0	-	5021
chr4	16501541	16898678	LDB2	0	-	397137
chr17	82031678	82034204	RAC3	0	+	2526
chr15	75935969	76059795	NRG4	0	-	123826
chr2	108534355	108687246	LIMS1	0	+	152891
chr15	76059958	76229121	TMEM266	0	+	169163
chr4	16160505	16227410	TAPT1	0	-	66905
chr2	63840952	63891562	UGP2	0	+	50610
chr15	77613027	77820900	LINGO1	0	-	207873
chr10	43385617	43409186	HNRNPF	0	-	23569
chr10	43138445	43185302	CSGALNACT2	0	+	46857
chr4	30720415	31146805	PCDH7	0	+	426390
chr3	78597239	79767998	ROBO1	0	-	1170759
chr3	152835131	152841439	P2RY1	0	+	6308
chr5	10971836	11904446	CTNND2	0	-	932610
chr7	101085481	101097967	TRIM56	0	+	12486
chrX	16946658	17153272	REPS2	0	+	206614
chr7	100949534	100968347	MUC3A	0	+	18813
chrX	16719612	16765340	SYAP1	0	+	45728
chr16	31259967	31332892	ITGAM	0	+	72925
chr7	66205317	66420543	TPST1	0	+	215226
chr1	179839967	179877803	TOR1AIP2	0	-	37836
chr3	149369022	149377692	TM4SF1	0	-	8670
chr1	19882395	19912945	OTUD3	0	+	30550
chr15	31475398	31870789	OTUD7A	0	-	395391
chr7	65960684	65982215	GUSB	0	-	21531
chr9	134030305	134068535	BRD3	0	-	38230
chr15	31326835	31435665	KLF13	0	+	108830
chr8	104590733	105804539	ZFPM2	0	+	1213806
chr16	30553764	30558374	ZNF764	0	-	4610
chr2	127298668	127388465	MAP3K2	0	-	89797
chr6	144094884	144095573	SF3B5	0	-	689
chr3	44648732	44660791	ZNF35	0	+	12059
chr1	18904280	18956676	IFFO2	0	-	52396
chr17	7404874	7419860	NLGN2	0	+	14986
chr4	152618628	152680012	TMEM154	0	-	61384
chr3	39808914	40260321	MYRIP	0	+	451407
chr3	105366909	105576900	ALCAM	0	+	209991
chr7	76326799	76358991	YWHAG	0	-	32192
chr2	180967248	181076585	UBE2E3	0	+	109337
chr17	7932101	7949920	CNTROB	0	+	17819
chr3	102099244	102479841	ZPLD1	0	+	380597
chr17	7921859	7929856	KCNAB3	0	-	7997
chr5	176238367	176345991	SIMC1	0	+	107624
chr4	165070608	165208549	TMEM192	0	-	137941
chr5	174045706	174243501	NSG2	0	+	197795
chr14	94304248	94323389	SERPINA6	0	-	19141
chr16	89217703	89237141	ZNF778	0	+	19438
chr15	22773063	22829789	NIPA1	0	+	56726
chr3	23805955	23891640	UBE2E1	0	+	85685
chr2	177212563	177223958	HNRNPA3	0	+	11395
chr11	111602449	111730855	SIK2	0	+	128406
chr4	140859807	141212877	RNF150	0	-	353070
chr17	7445061	7457710	CHRNB1	0	+	12649
chr4	143184917	143223874	USP38	0	+	38957
chr17	75087727	75106162	SLC16A5	0	+	18435
chr20	25612935	25624014	NANP	0	-	11079
chr5	160061801	160119450	PWWP2A	0	-	57649
chr11	11841423	11961887	USP47	0	+	120464
chr3	33798571	33869707	PDCD6IP	0	+	71136
chr7	149239651	149255606	ZNF212	0	+	15955
chr2	61824848	61854143	FAM161A	0	-	29295
chr7	149195546	149226238	ZNF282	0	+	30692
chr3	32996609	33097202	GLB1	0	-	100593
chr5	154818492	154859252	FAXDC2	0	-	40760
chr3	33114014	33147773	CRTAP	0	+	33759
chr3	32238679	32370321	CMTM8	0	+	131642
chr17	20449395	20467539	LGALS9B	0	-	18144
chr17	9250471	9576591	STX8	0	-	326120
chr10	60778331	60794852	CDK1	0	+	16521
chr17	16380798	16382745	UBB	0	+	1947
chr11	129863636	129895590	NFRKB	0	-	31954
chr8	81478419	81483236	FABP4	0	-	4817
chr11	129899706	130002835	PRDM10	0	-	103129
chr2	62196115	62224731	B3GNT2	0	+	28616
chr14	75278826	75282230	FOS	0	+	3404
chr14	75131469	75176612	TMED10	0	-	45143
chr4	145481194	145559176	SMAD1	0	+	77982
chr20	23875934	23879748	CST5	0	-	3814
chr20	23823769	23826729	CST2	0	-	2960
chr10	117542445	117549546	EMX2	0	+	7101
chr20	23747562	23751268	CST1	0	-	3706
chr7	143620952	143730410	TCAF2	0	+	109458
chr7	83363238	83649139	SEMA3E	0	-	285901
chr1	204617170	204685738	LRRN2	0	-	68568
chr1	211571568	211579161	SLC30A1	0	-	7593
chr4	150078445	150257438	DCLK2	0	+	178993
chr17	74424851	74451653	GPRC5C	0	+	26802
chr2	102736905	103019900	TMEM182	0	+	282995
chr7	54542325	54571080	VSTM2A	0	+	28755
chr12	52897187	52949954	KRT8	0	-	52767
chr17	15945130	15975746	ADORA2B	0	+	30616
chr10	129467190	129770983	MGMT	0	+	303793
chr12	52249300	52309163	KRT86	0	+	59863
chr5	140673035	140691537	HARS1	0	-	18502
chr12	52424070	52434371	KRT75	0	-	10301
chr12	31382226	31591136	DENND5B	0	-	208910
chr5	140631728	140633701	CD14	0	-	1973
chr5	139408588	139444491	DNAJC18	0	-	35903
chr12	52468516	52473805	KRT6C	0	-	5289
chr5	139396563	139404089	SPATA24	0	-	7526
chr20	38472816	38578859	RALGAPB	0	+	106043
chr12	55901413	55932618	PYM1	0	-	31205
chr5	139387467	139390081	MZB1	0	-	2614
chr12	52806549	52814116	KRT4	0	-	7567
chr2	100820139	100996829	NPAS2	0	+	176690
chr2	100271875	100322501	LONRF2	0	-	50626
chr4	87422573	87459455	NUDT9	0	+	36882
chr12	56104537	56113910	PA2G4	0	+	9373
chr4	110045846	110199199	ELOVL6	0	-	153353
chr12	52314301	52321398	KRT83	0	-	7097
chr10	6144934	6254644	PFKFB3	0	+	109710
chr16	18983934	19063942	TMC7	0	+	80008
chr6	2887270	2903309	SERPINB9	0	-	16039
chr5	3595832	3601403	IRX1	0	+	5571
chr18	27932879	28177946	CDH2	0	-	245067
chr5	2745845	2751677	IRX2	0	-	5832
chr5	50396192	50443248	EMB	0	-	47056
chr2	45005182	45009452	SIX2	0	-	4270
chr18	3496032	4455307	DLGAP1	0	-	959275
chr12	56341597	56360167	STAT2	0	-	18570
chr5	163446526	163460102	NUDCD2	0	-	13576
chr19	45883608	45886141	IRF2BP1	0	-	2533
chr5	133052013	133106449	HSPA4	0	+	54436
chr5	155870344	156767788	SGCD	0	+	897444
chr12	54455950	54473602	GTSF1	0	-	17652
chr8	144930358	144950888	ZNF16	0	-	20530
chr7	103074881	103099759	ARMC10	0	+	24878
chr2	53970838	54305300	ACYP2	0	+	334462
chr22	50185913	50199598	TRABD	0	+	13685
chr7	102479976	102517777	RASA4B	0	-	37801
chr18	70289045	70330199	SOCS6	0	+	41154
chr19	45071500	45076478	ZNF296	0	-	4978
chr6	43576185	43620523	POLH	0	+	44338
chr11	7238778	7469043	SYT9	0	+	230265
chr2	17877847	18361616	KCNS3	0	+	483769
chr10	32009015	32056425	KIF5B	0	-	47410
chr7	124743885	124765792	GPR37	0	-	21907
chr15	85380571	85749358	AKAP13	0	+	368787
chr8	56300005	56320776	SDR16C5	0	-	20771
chr8	56211686	56218809	CHCHD7	0	+	7123
chr4	8269754	8307098	HTRA3	0	+	37344
chr2	48314637	48379295	FOXN2	0	+	64658
chr17	60177327	60422470	USP32	0	-	245143
chr9	133061981	133071861	CEL	0	+	9880
chr17	60600193	60666280	PPM1D	0	+	66087
chr4	6663396	6676755	ENSG00000170846	0	+	13359
chr7	32868172	32894131	KBTBD2	0	-	25959
chr3	14178817	14201122	LSM3	0	+	22305
chr4	6781375	6884170	KIAA0232	0	+	102795
chr8	124550784	124728473	MTSS1	0	-	177689
chr3	14125015	14143680	TMEM43	0	+	18665
chr19	54200809	54249003	RPS9	0	+	48194
chr19	54189938	54194536	TSEN34	0	+	4598
chr3	129974688	129977935	TRH	0	+	3247
chr6	52977948	52995304	GSTA4	0	-	17356
chr11	105995623	106022403	MSANTD4	0	-	26780
chr19	54094668	54102692	OSCAR	0	-	8024
chr17	62966235	63427703	TANC2	0	+	461468
chr19	53066606	53103434	ZNF160	0	-	36828
chr11	6318946	6320532	CAVIN3	0	-	1586
chr11	30830369	31369810	DCDC1	0	-	539441
chr8	121612116	121641440	HAS2	0	-	29324
chr11	103907189	104164379	PDGFD	0	-	257190
chrX	134565838	134764322	PLAC1	0	-	198484
chr1	101236865	101243713	S1PR1	0	+	6848
chrX	132626015	132961395	HS6ST2	0	-	335380
chr15	55538884	55588947	PYGO1	0	-	50063
chr19	7888505	7902021	LRRC8E	0	+	13516
chr8	78516340	78605267	PKIA	0	+	88927
chr8	142212080	142403182	TSNARE1	0	-	191102
chr19	51745172	51804110	FPR1	0	-	58938
chr11	68261338	68272001	C11orf24	0	-	10663
chrX	150568417	150673143	MTM1	0	+	104726
chr9	133205277	133209250	OBP2B	0	-	3973
chr19	7112255	7294414	INSR	0	-	182159
chr3	179347709	179394936	MFN1	0	+	47227
chr7	150450630	150479393	GIMAP8	0	+	28763
chr19	5805067	5828324	NRTN	0	+	23257
chr19	5842888	5851471	FUT3	0	-	8583
chr7	149872968	149891204	ATP6V0E2	0	+	18236
chr2	45651345	46187990	PRKCE	0	+	536645
chr3	9890574	9894349	JAGN1	0	+	3775
chr2	46698952	46780245	SOCS5	0	+	81293
chrX	120625674	120630054	C1GALT1C1	0	-	4380
chr1	248838210	248849517	ZNF672	0	+	11307
chr1	248850006	248859144	ZNF692	0	-	9138
chr4	70430492	70482997	MUC7	0	+	52505
chr4	70397931	70410195	OPRPN	0	+	12264
chr4	70370093	70390244	SMR3B	0	+	20151
chr11	85647967	85656547	TMEM126A	0	+	8580
chr11	85628573	85636539	TMEM126B	0	+	7966
chr10	102644479	102658318	TRIM8	0	+	13839
chr16	47077703	47143945	NETO2	0	-	66242
chr4	70238382	70251474	CSN3	0	+	13092
chr11	64823052	64844653	CDC42BPG	0	-	21601
chr10	69630247	69633596	FAM241B	0	+	3349
chr2	119429901	119438504	TMEM37	0	+	8603
chr19	4536402	4540036	LRG1	0	-	3634
chr16	46578591	46621379	SHCBP1	0	-	42788
chr17	80466834	80477843	NPTX1	0	-	11009
chr15	38454127	38487710	FAM98B	0	+	33583
chr19	11848726	11883750	ZNF439	0	+	35024
chr19	11814273	11835216	ZNF440	0	+	20943
chr17	80101556	80119881	GAA	0	+	18325
chr17	78991716	79009867	CANT1	0	-	18151
chr2	26692722	26733420	KCNK3	0	+	40698
chr10	97446170	97457370	ZDHHC16	0	+	11200
chr12	104455295	104762014	CHST11	0	+	306719
chr10	97435909	97446017	EXOSC1	0	-	10108
chr10	97426191	97433444	PGAM1	0	+	7253
chr8	60678740	60868028	CHD7	0	+	189288
chr8	27771949	27812640	ESCO2	0	+	40691
chr17	41523617	41528308	KRT19	0	-	4691
chr17	41513745	41522529	KRT15	0	-	8784
chrX	49922596	50099235	CLCN5	0	+	176639
chr1	111770662	111989668	KCND3	0	-	219006
chrX	129645259	129654956	APLN	0	-	9697
chr17	41500981	41505705	KRT13	0	-	4724
chr6	135851701	136195574	PDE7B	0	+	343873
chr5	1798385	1801366	MRPL36	0	-	2981
chr8	18170477	18223689	NAT1	0	+	53212
chr17	40875889	40885242	KRT20	0	-	9353
chr12	117453012	117968990	KSR2	0	-	515978
chr5	113022099	113488823	MCC	0	-	466724
chr9	122915566	122931512	ZBTB26	0	-	15946
chr18	67506587	67516720	DSEL	0	-	10133
chr20	32358330	32439319	ASXL1	0	+	80989
chr19	9641807	9675100	ZNF562	0	-	33293
chr6	43307134	43369647	ZNF318	0	-	62513
chr19	9604680	9621236	ZNF561	0	-	16556
chr17	40219304	40284136	WIPF2	0	+	64832
chr4	56647988	56681899	HOPX	0	-	33911
chr19	55999726	56061810	NLRP5	0	+	62084
chr16	11833850	11851580	RSL1D1	0	-	17730
chr1	85729233	86156943	COL24A1	0	-	427710
chr4	158671968	158710742	ETFDH	0	+	38774
chr1	84811602	84893206	LPAR3	0	-	81604
chr5	77691166	77868780	TBCA	0	-	177614
chr11	75586918	75669038	MAP6	0	-	82120
chr2	232479827	232487834	ECEL1	0	-	8007
chr20	31664452	31723989	BCL2L1	0	-	59537
chr4	154604134	154612967	FGG	0	-	8833
chr4	154583128	154590745	FGA	0	-	7617
chr4	154563011	154572807	FGB	0	+	9796
chr4	154535005	154550400	PLRG1	0	-	15395
chr19	58401504	58418327	ZNF584	0	+	16823
chr1	9728926	9823984	CLSTN1	0	-	95058
chr5	139647299	139683882	CXXC5	0	+	36583
chr19	58183029	58213562	ZNF274	0	+	30533
chr1	9539465	9585173	SLC25A33	0	+	45708
chr1	9292894	9369532	SPSB1	0	+	76638
chr11	73264498	73305103	P2RY6	0	+	40605
chr17	67825503	67984378	BPTF	0	+	158875
chr19	57578456	57593890	ZIK1	0	+	15434
chr1	6467122	6520074	PLEKHG5	0	-	52952
chr12	14365676	14502931	ATF7IP	0	+	137255
chr20	64073181	64079988	RGS19	0	-	6807
chr20	64049836	64072347	TCEA2	0	+	22511
chr11	21782659	22283567	ANO5	0	+	500908
chr5	141620876	141636849	HDAC3	0	-	15973
chr14	66507407	67181803	GPHN	0	+	674396
chr16	77788564	77980107	VAT1L	0	+	191543
chr1	15152532	15220478	TMEM51	0	+	67946
chr1	6785454	7769706	CAMTA1	0	+	984252
chr12	102836889	102958410	PAH	0	-	121521
chr15	45402336	45421415	SPATA5L1	0	+	19079
chr15	45361124	45402327	GATM	0	-	41203
chr10	133553901	133569835	SYCE1	0	-	15934
chr19	38409051	38426305	RASGRP4	0	-	17254
chr18	63123346	63320128	BCL2	0	-	196782
chr1	40979688	41012565	CTPS1	0	+	32877
chr10	133160219	133226412	KNDC1	0	+	66193
chr10	132808392	132942823	CFAP46	0	-	134431
chr1	36095239	36125222	COL8A2	0	-	29983
chr10	132397168	132417859	PWWP2B	0	+	20691
chr1	11066618	11099869	EXOSC10	0	-	33251
chr12	564296	663589	NINJ2	0	-	99293
chr9	20341669	20622499	MLLT3	0	-	280830
chr12	8221260	8227618	FAM90A1	0	-	6358
chr2	10120698	10211725	RRM2	0	+	91027
chr2	3379675	3485094	TRAPPC12	0	+	105419
chr20	62387103	62388520	RPS21	0	+	1417
chr12	8056844	8066359	C3AR1	0	-	9515
chr17	782353	792509	MRM3	0	+	10156
chr10	87862638	87971930	PTEN	0	+	109292
chr2	3575260	3580920	RPS7	0	+	5660
chr20	4721909	4728460	PRND	0	+	6551
chr20	4686350	4701590	PRNP	0	+	15240
chr15	43870761	44195271	FRMD5	0	-	324510
chr18	26852043	26865771	AQP4	0	-	13728
chr19	15912367	15934867	CYP4F11	0	-	22500
chr15	62390526	62844631	TLN2	0	+	454105
chr17	18476737	18494945	LGALS9C	0	+	18208
chr17	18781111	18806714	TVP23B	0	+	25603
chr20	53567071	53609907	ZNF217	0	-	42836
chr1	121184811	121392874	SRGAP2C	0	+	208063
chr2	223596940	223602361	SCG2	0	-	5421
chr17	17977409	18039209	ATPAF2	0	-	61800
chr19	15508525	15552317	CYP4F22	0	+	43792
chr1	42658335	42676758	PPIH	0	+	18423
chr19	2900928	2918473	ZNF57	0	+	17545
chr20	5750393	5864395	SHLD1	0	+	114002
chr10	63167221	63521850	JMJD1C	0	-	354629
chr5	150601080	150659207	SYNPO	0	+	58127
chr2	95025677	95053992	MAL	0	+	28315
chr19	2819868	2836735	ZNF554	0	+	16867
chr4	139453232	139476609	RAB33B	0	+	23377
chr19	2785503	2815807	THOP1	0	+	30304
chr1	92029985	92063538	EPHX4	0	+	33553
chr3	49121114	49133118	LAMB2	0	-	12004
chr3	49108046	49120938	USP19	0	-	12892
chr3	49095932	49105130	QARS1	0	-	9198
chr17	39921041	39927601	ORMDL3	0	-	6560
chr5	70900669	70918530	SERF1A	0	+	17861
chr2	10042849	10054836	KLF11	0	+	11987
chr3	194355249	194369743	LRRC15	0	-	14494
chr5	70925030	70953942	SMN1	0	+	28912
chr2	88556741	88691518	EIF2AK3	0	-	134777
chr19	2071036	2096673	MOB3A	0	-	25637
chr2	88027205	88064252	KRCC1	0	-	37047
chr7	25118656	25125260	CYCS	0	-	6604
chr2	86815339	86861924	CD8B	0	-	46585
chr17	35410922	35433283	SLFN12	0	-	22361
chr16	71358713	71390436	CALB2	0	+	31723
chr17	34285742	34288334	CCL11	0	+	2592
chr9	83242990	83538546	FRMD3	0	-	295556
chr8	120535745	120813273	SNTB1	0	-	277528
chr17	30897336	30906238	TEFM	0	-	8902
chr18	58671465	58754477	MALT1	0	+	83012
chr15	88635670	88656483	ISG20	0	+	20813
chr6	20099684	20212469	MBOAT1	0	-	112785
chr6	19837370	19842197	ID4	0	+	4827
chr20	50190830	50192668	CEBPB	0	+	1838
chr16	1240379	1242554	TPSAB1	0	+	2175
chr5	43526267	43557758	PAIP1	0	-	31491
chr12	10116777	10130258	CLEC7A	0	-	13481
chr5	43486709	43515148	C5orf34	0	-	28439
chr1	71395943	72282539	NEGR1	0	-	886596
chr5	43065176	43192021	ZNF131	0	+	126845
chr20	13995369	16053197	MACROD2	0	+	2057828
chr19	571277	583494	BSG	0	+	12217
chr11	119121580	119136059	HINFP	0	+	14479
chr2	168456249	168775134	CERS6	0	+	318885
chr20	13008972	13169103	SPTLC3	0	+	160131
chr17	31851871	31859291	COPRS	0	-	7420
chr12	9951316	9995694	CLEC12A	0	+	44378
chr7	134646811	134679816	BPGM	0	+	33005
chr7	100706121	100707486	POP7	0	+	1365
chr1	94974405	95072951	ALG14	0	-	98546
chr3	67360460	67654612	SUCLG2	0	-	294152
chr22	41561010	41577741	CSDC2	0	+	16731
chr6	46220736	46491972	RCAN2	0	-	271236
chr15	81159575	81314058	IL16	0	+	154483
chr7	100673567	100679174	GNB2	0	+	5607
chr18	50227193	50266495	CFAP53	0	-	39302
chr16	636817	648474	MCRIP2	0	+	11657
chr11	119102198	119118544	C2CD2L	0	+	16346
chr15	80404350	80597933	ARNT2	0	+	193583
chr1	67701475	67833467	GNG12	0	-	131992
chr16	2712419	2720551	PRSS27	0	-	8132
chr4	118850688	119061247	SYNPO2	0	+	210559
chr11	57648188	57661865	CLP1	0	+	13677
chr6	43645036	43672600	RSPH9	0	+	27564
chr2	240126563	240136807	COPS9	0	-	10244
chr1	59296638	59810647	FGGY	0	+	514009
chr13	20702127	20723098	IL17D	0	+	20971
chr6	96015974	96215612	FUT9	0	+	199638
chr18	35332227	35345482	ZNF24	0	-	13255
chr6	95577485	95609470	MANEA	0	+	31985
chr2	240886048	240896889	MAB21L4	0	-	10841
chr4	86935002	87141039	AFF1	0	+	206037
chr11	65883740	65888531	FIBP	0	-	4791
chr11	67414968	67425607	CARNS1	0	+	10639
chr16	87949244	88077318	BANP	0	+	128074
chrX	153947557	153971818	HCFC1	0	-	24261
chr12	54830518	54896008	MUCL1	0	+	65490
chr12	20368537	20688583	PDE3A	0	+	320046
chr15	38488103	38565575	RASGRP1	0	-	77472
chr3	183487551	183555706	KLHL6	0	-	68155
chr10	73782047	73783652	CHCHD1	0	+	1605
chr14	22829879	22835037	MRPL52	0	+	5158
chr6	122789049	122809720	SMPDL3A	0	+	20671
chr12	48857145	48865870	RND1	0	-	8725
chr11	67317871	67398410	RAD9A	0	+	80539
chr11	65866441	65873592	EFEMP2	0	-	7151
chr10	73674287	73698109	AGAP5	0	-	23822
chr10	45727200	45792964	WASHC2C	0	+	65764
chr3	178960121	179072215	ZMAT3	0	-	112094
chr10	45615500	45672780	ZFAND4	0	-	57280
chr6	127708072	127918631	THEMIS	0	-	210559
chr19	21358930	21388582	ZNF738	0	+	29652
chr17	35350305	35373701	SLFN11	0	-	23396
chr14	67189393	67228550	FAM71D	0	+	39157
chr9	34689570	34691276	CCL19	0	-	1706
chr11	67435510	67443821	CORO1B	0	-	8311
chr8	33370824	33473146	FUT10	0	-	102322
chr10	70298970	70382650	LRRC20	0	-	83680
chr8	232137	264703	ZNF596	0	+	32566
chr11	65823022	65862026	CFL1	0	-	39004
chr3	129647792	129893711	TMCC1	0	-	245919
chr13	41311267	41377030	NAA16	0	+	65763
chr3	129401321	129428651	EFCAB12	0	-	27330
chr16	57152466	57186116	PSME3IP1	0	-	33650
chr9	121038	179147	CBWD1	0	-	58109
chr17	74670578	74747335	RAB37	0	+	76757
chr17	74203582	74210655	RPL38	0	+	7073
chr8	64587763	64798737	CYP7B1	0	-	210974
chr11	65787063	65797214	OVOL1	0	+	10151
chr12	53210567	53232980	RARG	0	-	22413
chr16	66988589	67009758	CES4A	0	+	21169
chr16	66961245	66975149	CES3	0	+	13904
chr11	67303478	67312607	SSH3	0	+	9129
chr16	66934444	66945096	CES2	0	+	10652
chr16	66878589	66895754	PDP2	0	+	17165
chr2	173880850	173965373	SP3	0	-	84523
chr5	119037772	119249138	DMXL1	0	+	211366
chr2	171999943	172082430	METAP1D	0	+	82487
chr3	40524878	40574685	ZNF621	0	+	49807
chr9	136658856	136672678	EGFL7	0	+	13822
chr11	71453109	71524107	NADSYN1	0	+	70998
chr11	71428193	71452868	DHCR7	0	-	24675
chr13	34942270	35673022	NBEA	0	+	730752
chr11	69294151	69341682	MYEOV	0	+	47531
chr11	67289300	67302485	ANKRD13D	0	+	13185
chr11	69004395	69013382	MRGPRF	0	-	8987
chr3	38138478	38143022	MYD88	0	+	4544
chr3	38165089	38255484	OXSR1	0	+	90395
chrX	53936676	54048958	PHF8	0	-	112282
chr2	30447226	30644225	LCLAT1	0	+	196999
chr11	65711996	65719604	KAT5	0	+	7608
chr2	109129205	109504634	SH3RF3	0	+	375429
chr3	72888046	72998138	GXYLT2	0	+	110092
chr4	7041899	7057952	TADA2B	0	+	16053
chr11	67266473	67286556	GRK2	0	+	20083
chr11	65653599	65663090	RELA	0	-	9491
chr4	5542772	5709548	EVC2	0	-	166776
chr7	64519878	64563075	ZNF680	0	-	43197
chr12	112160188	112382439	HECTD4	0	-	222251
chr17	28755980	28855232	FAM222B	0	-	99252
chr9	16409503	16870843	BNC2	0	-	461340
chr4	83292461	83335153	HPSE	0	-	42692
chr4	83261536	83284914	COQ2	0	-	23378
chr1	161524540	161526894	HSPA6	0	+	2354
chr11	67119263	67258082	KDM2A	0	+	138819
chr8	144373101	144393242	ADCK5	0	+	20141
chr13	21176658	21179084	MRPL57	0	+	2426
chr10	94333226	94362959	NOC3L	0	-	29733
chr11	64305497	64316743	ESRRA	0	+	11246
chr11	67056847	67072017	RHOD	0	+	15170
chr2	61888724	62147247	COMMD1	0	+	258523
chr2	203394345	203535335	RAPH1	0	-	140990
chr3	123282296	123449090	ADCY5	0	-	166794
chr3	122680839	122730840	PARP14	0	+	50001
chrX	78271468	78327691	CYSLTR1	0	-	56223
chr3	122577628	122639047	PARP15	0	+	61419
chr1	154974653	154979251	CKS1B	0	+	4598
chr12	39550033	39619803	ABCD2	0	-	69770
chr5	149141483	149260542	ABLIM3	0	+	119059
chr6	111259327	111445354	MFSD4B	0	+	186027
chr1	115641970	115698224	VANGL1	0	+	56254
chr3	121769761	121835079	IQCB1	0	-	65318
chr11	67006778	67050863	SYT12	0	+	44085
chr3	121663199	121749755	GOLGB1	0	-	86556
chr9	111525159	111577844	ZNF483	0	+	52685
chr12	7812512	7891148	SLC2A14	0	-	78636
chr11	64270062	64289500	GPR137	0	+	19438
chr10	86935540	86969481	MMRN2	0	-	33941
chr2	131464900	131492743	MZT2A	0	-	27843
chr8	9555912	9782346	TNKS	0	+	226434
chrX	135344796	135363413	ZNF449	0	+	18617
chr21	41986831	42010387	ZBTB21	0	-	23556
chr8	9136255	9151574	PPP1R3B	0	-	15319
chr4	183797692	184023526	STOX2	0	+	225834
chr11	65597756	65615382	MAP3K11	0	-	17626
chr8	125430358	125438403	TRIB1	0	+	8045
chr20	23602410	23605917	CST9	0	-	3507
chr1	22652762	22661637	C1QB	0	+	8875
chr1	22636628	22639678	C1QA	0	+	3050
chr4	121035613	121073021	NDNF	0	-	37408
chr3	49468703	49535618	DAG1	0	+	66915
chr20	20368104	20370949	INSM1	0	+	2845
chr1	56994778	58546734	DAB1	0	-	1551956
chr1	230978981	231000733	ARV1	0	+	21752
chr20	20017310	20033655	NAA20	0	+	16345
chr11	18266260	18269977	SAA1	0	+	3717
chr11	65576046	65592650	EHBP1L1	0	+	16604
chr11	119334527	119337309	RNF26	0	+	2782
chr11	64244479	64246943	PPP1R14B	0	-	2464
chr11	65570460	65573942	ZNRD2	0	+	3482
chr7	16859412	16881987	AGR3	0	-	22575
chr3	47585269	47782106	SMARCC1	0	-	196837
chr19	57900296	57916610	ZNF417	0	-	16314
chr18	7566782	8406861	PTPRM	0	+	840079
chr11	64241003	64244132	FKBP2	0	+	3129
chr11	64234584	64239264	VEGFB	0	+	4680
chr15	77100656	77420144	PEAK1	0	-	319488
chr8	23135588	23164027	TNFRSF10D	0	-	28439
chr4	70902326	71022449	MOB1B	0	+	120123
chr5	16451519	16465800	ZNF622	0	-	14281
chr15	75674322	75712848	CSPG4	0	-	38526
chr15	75647912	75662301	SNX33	0	+	14389
chr2	191678068	191741097	NABP1	0	+	63029
chr15	92900189	93027996	CHD2	0	+	127807
chr3	46016990	46085825	XCR1	0	-	68835
chr19	55641062	55653161	CCDC106	0	+	12099
chr4	69721167	69787961	SULT1B1	0	-	66794
chr11	66848417	66958386	PC	0	-	109969
chr9	124942608	125143528	SCAI	0	-	200920
chr1	9943428	9985501	NMNAT1	0	+	42073
chr1	46303698	46316776	UQCRH	0	+	13078
chrX	20124525	20141838	EIF1AX	0	-	17313
chr7	102650319	102662625	SPDYE2B	0	+	12306
chrX	19912860	19991061	BCLAF3	0	-	78201
chr2	231056845	231173116	PSMD1	0	+	116271
chrX	18989307	19122637	ADGRG2	0	-	133330
chr3	124905442	124953819	MUC13	0	-	48377
chr3	33150043	33218810	SUSD5	0	-	68767
chr3	124965710	125055997	HEG1	0	-	90287
chr11	66744451	66843516	C11orf80	0	+	99065
chr1	235109341	235128837	TOMM20	0	-	19496
chr2	227472152	227561217	AGFG1	0	+	89065
chr17	42199177	42276707	STAT5B	0	-	77530
chr17	82314868	82317608	CD7	0	-	2740
chr17	41754604	41786931	JUP	0	-	32327
chr17	41717742	41734644	HAP1	0	-	16902
chr19	32719753	32829580	TDRD12	0	+	109827
chr17	41688885	41692668	EIF1	0	+	3783
chr17	80415165	80438086	ENDOV	0	+	22921
chr17	80260852	80398794	RNF213	0	+	137942
chr1	44800377	44805990	PLK3	0	+	5613
chr10	5412557	5459056	NET1	0	+	46499
chr7	34927292	35038271	DPY19L1	0	-	110979
chr15	88459501	88546585	ENSG00000173867	0	-	87084
chr3	170086732	170181749	PHC3	0	-	95017
chr3	170037995	170085392	GPR160	0	+	47397
chr17	79778148	79787983	CBX2	0	+	9835
chr3	168008689	168095924	GOLIM4	0	-	87235
chr11	66664998	66677887	RBM4B	0	-	12889
chr17	48540894	48545109	HOXB2	0	-	4215
chr17	79022814	79049788	C1QTNF1	0	+	26974
chr5	126867714	127030558	MARCHF3	0	-	162844
chr19	11374666	11376951	SWSAP1	0	+	2285
chr1	111346600	111353013	PIFO	0	+	6413
chr3	195068284	195271159	XXYLT1	0	-	202875
chr2	23927285	24004909	UBXN2A	0	+	77624
chr17	39665349	39666554	TCAP	0	+	1205
chr11	66593153	66606019	CCS	0	+	12866
chrX	23983716	24027186	KLHL15	0	-	43470
chr3	196568611	196589059	FBXO45	0	+	20448
chr13	45393316	45418455	SLC25A30	0	-	25139
chr1	207880972	207911402	CD34	0	-	30430
chr11	66563464	66568879	CTSF	0	-	5415
chr12	65278643	65491430	MSRB3	0	+	212787
chr12	65169583	65248355	LEMD3	0	+	78772
chr16	1419752	1420756	C16orf91	0	-	1004
chr4	38772238	38782990	TLR10	0	-	10752
chr4	38790677	38856817	TLR1	0	-	66140
chr5	100535374	100586741	FAM174A	0	+	51367
chr5	98768650	98798643	RGMB	0	+	29993
chr4	1617915	1684313	FAM53A	0	-	66398
chr1	109494052	109502932	CYB561D1	0	+	8880
chr11	66520637	66546235	ZDHHC24	0	-	25598
chr3	101561868	101566446	TRMT10C	0	+	4578
chr1	169588849	169630193	SELP	0	-	41344
chr15	41621134	41773081	MGA	0	+	151947
chr12	64186316	64222296	KICS2	0	-	35980
chr4	499210	540200	PIGG	0	+	40990
chr17	1650629	1684867	PRPF8	0	-	34238
chr12	48766194	48789089	ADCY6	0	-	22895
chr17	1517718	1562792	PITPNA	0	-	45074
chr12	48829756	48852842	DDX23	0	-	23086
chr11	65116403	65117701	ZNHIT2	0	-	1298
chr17	7459366	7484263	ZBTB4	0	-	24897
chr20	41178448	41317731	ZHX3	0	-	139283
chr1	201464278	201469237	PHLDA3	0	-	4959
chr17	7036015	7040117	SLC16A13	0	+	4102
chr4	40335333	40355217	CHRNA9	0	+	19884
chr1	53062052	53085501	PODN	0	+	23449
chr1	241847967	241895148	EXO1	0	+	47181
chr14	35538352	35809304	RALGAPA1	0	-	270952
chr13	108207439	108218368	LIG4	0	-	10929
chr7	75092573	75149817	GTF2IRD2B	0	+	57244
chr12	110280756	110351093	ATP2A2	0	+	70337
chr15	66504959	66550130	ZWILCH	0	+	45171
chr12	110027028	110073636	C12orf76	0	-	46608
chr7	146116002	148420998	CNTNAP2	0	+	2304996
chr15	65327127	65378002	IGDCC3	0	-	50875
chr2	95836919	95991831	ANKRD36C	0	-	154912
chr1	205913048	205943460	SLC26A9	0	-	30412
chr1	205083129	205084460	TMEM81	0	-	1331
chr11	66435075	66466738	MRPL11	0	-	31663
chr1	204198163	204213988	GOLT1A	0	-	15825
chr1	38991276	39006059	AKIRIN1	0	+	14783
chr3	136148917	136197241	MSL2	0	-	48324
chr19	58354357	58362848	ZNF497	0	-	8491
chr4	117083554	117085576	TRAM1L1	0	-	2022
chr12	108288044	108339317	CMKLR1	0	-	51273
chr1	212992182	213015867	ANGEL2	0	-	23685
chr4	114598770	114678225	UGT8	0	+	79455
chr16	19716456	19858467	IQCK	0	+	142011
chr3	133932701	134052184	SLCO2A1	0	-	119483
chr19	9412429	9435573	ZNF266	0	-	23144
chr11	66362521	66372214	SLC29A2	0	-	9693
chr11	1389899	1462689	BRSK2	0	+	72790
chr11	66345374	66347629	B4GAT1	0	-	2255
chr7	128241278	128257629	LEP	0	+	16351
chr5	172325000	172454525	SH3PXD2B	0	-	129525
chr12	31959370	31993107	RESF1	0	+	33737
chr4	112637077	112657696	LARP7	0	+	20619
chr10	91906584	91909486	FGFBP3	0	-	2902
chr3	23945286	23980617	NR1D2	0	+	35331
chrX	91434595	91438584	PABPC5	0	+	3989
chr11	66337333	66345125	BRMS1	0	-	7792
chr3	23916591	23924374	RPL15	0	+	7783
chr4	112145454	112195256	FAM241A	0	+	49802
chr11	532242	537321	HRAS	0	-	5079
chr4	56467617	56503681	SRP72	0	+	36064
chr11	66330241	66336840	RIN1	0	-	6599
chr4	75513946	75550473	THAP6	0	+	36527
chr4	55948871	56033361	CEP135	0	+	84490
chr11	66314494	66317044	CD248	0	-	2550
chr4	74744759	74794523	BTC	0	-	49764
chr1	145670852	145708148	PDZK1	0	-	37296
chr19	6887566	6940459	ADGRE1	0	+	52893
chr3	57625454	57693077	DENND6A	0	-	67623
chr3	57556274	57566848	PDE12	0	+	10574
chr1	92246402	92298987	GLMN	0	-	52585
chr11	66278175	66285301	CNIH2	0	+	7126
chr1	103687415	103696454	AMY1B	0	-	9039
chr3	158105855	158545730	RSRC1	0	+	439875
chr11	66268590	66277492	RAB1B	0	+	8902
chr11	448268	491399	PTDSS2	0	+	43131
chr16	29871159	29899550	SEZ6L2	0	-	28391
chr16	29905012	29926236	KCTD13	0	-	21224
chr1	27379176	27383333	CD164L2	0	-	4157
chr19	48748011	48755390	FUT1	0	-	7379
chr3	154272546	154324487	DHX36	0	-	51941
chr12	116910950	117031148	FBXW8	0	+	120198
chr11	66257294	66267860	KLC2	0	+	10566
chr10	124984317	125161170	CTBP2	0	-	176853
chr3	143119771	143124014	CHST2	0	+	4243
chr6	157381133	157678157	ZDHHC14	0	+	297024
chr3	142449007	142578733	ATR	0	-	129726
chr20	45812576	45816957	UBE2C	0	+	4381
chr3	142157527	142225592	GK5	0	-	68065
chr8	66628487	66667231	VCPIP1	0	-	38744
chr2	219418377	219426735	DES	0	+	8358
chr1	26111165	26125555	PDIK1L	0	+	14390
chr11	36483769	36510272	TRAF6	0	-	26503
chr3	139005806	139360497	MRPS22	0	+	354691
chr11	66070272	66244744	PACS1	0	+	174472
chr1	32333839	32336233	MARCKSL1	0	-	2394
chr1	248810446	248825915	SH3BP5L	0	-	15469
chr17	59331655	59401729	YPEL2	0	+	70074
chr3	84958989	86074429	CADM2	0	+	1115440
chr9	133233278	133276024	ABO	0	-	42746
chr3	184299198	184309050	PSMD2	0	+	9852
chr17	58755854	58985179	PPM1E	0	+	229325
chr12	76858709	76879023	CSRP2	0	-	20314
chr13	100089015	100530437	PCCA	0	+	441422
chr11	46701030	46705912	ZNF408	0	+	4882
chr12	57819927	57846729	CTDSP2	0	-	26802
chr11	46743048	46846308	CKAP5	0	-	103260
chr11	46677080	46700619	ARHGAP1	0	-	23539
chr19	867630	893218	MED16	0	-	25588
chr11	46617527	46674818	ATG13	0	+	57291
chr11	45647689	45665622	CHST1	0	-	17933
chr15	34379068	34437808	GOLGA8A	0	-	58740
chr9	128945530	128947603	DOLK	0	-	2073
chr9	128920966	128942041	PHYHD1	0	+	21075
chr5	178208471	178232802	PHYKPL	0	-	24331
chr11	66012008	66013505	CST6	0	+	1497
chr15	72159806	72197787	GRAMD2A	0	-	37981
chr18	14057457	14132490	ZNF519	0	-	75033
chr11	66002228	66004149	BANF1	0	+	1921
chr15	31923438	32173018	CHRNA7	0	+	249580
chr11	8947202	8965011	TMEM9B	0	-	17809
chr11	8980576	9004049	NRIP3	0	-	23473
chr18	12785478	12929643	PTPN2	0	-	144165
chr11	9019476	9138114	SCUBE2	0	-	118638
chr11	65996545	66002176	EIF1AD	0	-	5631
chr18	47808957	47931146	SMAD2	0	-	122189
chr11	7970251	8001862	EIF3F	0	+	31611
chr10	37949573	37976647	ZNF25	0	-	27074
chr5	176365487	176401865	ARL10	0	+	36378
chr5	96390333	96434143	PCSK1	0	-	43810
chr8	19901717	19967259	LPL	0	+	65542
chr3	123897305	123961408	CCDC14	0	-	64103
chr11	67403915	67410089	TBC1D10C	0	+	6174
chr11	65961728	65980137	SART1	0	+	18409
chr10	131901008	131959834	PPP2R2D	0	+	58826
chr5	94703690	95285094	MCTP1	0	-	581404
chr19	18391137	18397622	LRRC25	0	-	6485
chr11	74490519	74493724	LIPT2	0	-	3205
chr11	74454841	74467729	KCNE3	0	-	12888
chr11	67452406	67461752	CABP4	0	+	9346
chr12	38316762	38329721	ALG10B	0	+	12959
chr11	65919274	65921563	DRAP1	0	+	2289
chrX	118974614	119018355	LONRF3	0	+	43741
chr11	74000277	74009085	UCP3	0	-	8808
chr11	73974672	73982843	UCP2	0	-	8171
chr11	65916810	65919062	C11orf68	0	-	2252
chr11	73876699	73931114	PAAF1	0	+	54415
chr11	73787872	73865133	MRPL48	0	+	77261
chr11	73675638	73761137	RAB6A	0	-	85499
chr11	73218281	73242427	P2RY2	0	+	24146
chr11	65892049	65900573	FOSL1	0	-	8524
chr16	13920138	13952348	ERCC4	0	+	32210
chr7	40135005	40860763	SUGCT	0	+	725758
chr11	65890673	65891635	CCDC85B	0	+	962
chr8	73972437	73982783	TMEM70	0	+	10346
chr11	67428460	67435401	RPS6KB2	0	+	6941
chr17	17843511	17972422	TOM1L2	0	-	128911
chr19	2933218	2944971	ZNF77	0	-	11753
chr3	120164645	120285222	GPR156	0	-	120577
chr2	110211529	110245420	MTLN	0	-	33891
chr1	26949562	26960468	KDF1	0	-	10906
chr12	122078756	122147344	MLXIP	0	+	68588
chr5	93583222	93594611	NR2F1	0	+	11389
chr1	1373730	1375207	AURKAIP1	0	-	1477
chr9	121815674	122093606	TTLL11	0	-	277932
chr12	68746125	68793964	SLC35E3	0	+	47839
chr14	93718298	93788485	PRIMA1	0	-	70187
chr9	94259298	94301829	ZNF169	0	+	42531
chr1	26863149	26864456	SFN	0	+	1307
chr8	10054292	10428891	MSRA	0	+	374599
chr9	128275379	128316123	SWI5	0	+	40744
chr5	58491435	58497090	GAPT	0	+	5655
chr17	81035122	81117434	BAIAP2	0	+	82312
chr2	176129694	176132695	HOXD8	0	+	3001
chr9	14611071	14693432	ZDHHC21	0	-	82361
chr8	95133785	95156685	PLEKHF2	0	+	22900
chr12	9067664	9116229	A2M	0	-	48565
chr17	43398993	43401137	ARL4D	0	+	2144
chr4	3463306	3501473	DOK7	0	+	38167
chr17	76389456	76453152	UBE2O	0	-	63696
chr16	30949068	30956461	ORAI3	0	+	7393
chr8	123644442	123653801	KLHL38	0	-	9359
chr12	120710458	120723640	UNC119B	0	+	13182
chr1	114582848	114670422	DENND2C	0	-	87574
chr14	69484692	69531551	PLEKHD1	0	+	46859
chr1	1232237	1235041	B3GALT6	0	+	2804
chr19	51927147	51948759	ZNF613	0	+	21612
chr5	147585438	147782775	JAKMIP2	0	-	197337
chr9	137191617	137204193	TPRN	0	-	12576
chr1	26361634	26374522	ZNF683	0	-	12888
chr1	26321698	26360080	CRYBG2	0	-	38382
chr3	49724294	49786542	IP6K1	0	-	62248
chr9	137188660	137190370	SSNA1	0	+	1710
chr11	33077188	33162371	CSTF3	0	-	85183
chr18	721588	812546	YES1	0	-	90958
chr17	80991598	81009517	CHMP6	0	+	17919
chr7	100888721	100889715	UFSP1	0	-	994
chr3	119428949	119468830	TMEM39A	0	-	39881
chr17	82101460	82212830	CCDC57	0	-	111370
chr10	131967684	131981967	BNIP3	0	-	14283
chr19	45890023	45902613	MYPOP	0	-	12590
chr18	12254361	12277595	CIDEA	0	+	23234
chr17	30831966	30895869	ATAD5	0	+	63903
chr19	43872365	43901385	ZNF404	0	-	29020
chr18	70003031	70205726	RTTN	0	-	202695
chr10	15075475	15088776	ACBD7	0	-	13301
chr9	137174784	137188560	ANAPC2	0	-	13776
chr10	93893973	93956062	SLC35G1	0	+	62089
chr15	84600986	84627796	ZSCAN2	0	+	26810
chr16	67430652	67437553	HSD11B2	0	+	6901
chr17	30769388	30824692	CRLF3	0	-	55304
chr1	201982372	202006147	RNPEP	0	+	23775
chr19	39538707	39540161	EID2	0	-	1454
chr9	22446824	22455740	DMRTA1	0	+	8916
chr19	39530987	39532852	EID2B	0	-	1865
chr7	99923266	99929620	GJC3	0	-	6354
chr8	103500696	104256094	RIMS2	0	+	755398
chr2	84971093	85059472	KCMF1	0	+	88379
chr7	73667831	73672112	VPS37D	0	+	4281
chr14	38254000	38256093	CLEC14A	0	-	2093
chr14	95407266	95516650	SYNE3	0	-	109384
chr1	155262868	155278491	CLK2	0	-	15623
chr15	34358633	34367196	LPCAT4	0	-	8563
chr15	91853708	92172435	SLCO3A1	0	+	318727
chr14	100376418	100530303	WDR25	0	+	153885
chr11	63573195	63616883	PLAAT3	0	-	43688
chr19	43474954	43504935	PHLDB3	0	-	29981
chr7	29563835	29567293	PRR15	0	+	3458
chr19	2511219	2702694	GNG7	0	-	191475
chr3	113648385	113696646	USF3	0	-	48261
chr8	1973677	2006936	KBTBD11	0	+	33259
chr19	2427638	2456959	LMNB2	0	-	29321
chr18	51174550	51218333	MEX3C	0	-	43783
chr18	61808067	61894247	RNF152	0	-	86180
chr17	32492522	32877177	MYO1D	0	-	384655
chr16	86576368	86583478	FOXL1	0	+	7110
chr16	86566829	86569728	FOXC2	0	+	2899
chr11	27654893	27722058	BDNF	0	-	67165
chr16	89088375	89164121	ACSF3	0	+	75746
chr2	241551424	241574131	BOK	0	+	22707
chr16	31432593	31443160	ZNF843	0	-	10567
chr17	32486993	32491253	CDK5R1	0	+	4260
chr2	132671788	133568463	NCKAP5	0	-	896675
chr5	179550554	179610012	RUFY1	0	+	59458
chr5	17065598	17276843	BASP1	0	+	211245
chr17	64854130	64919480	LRRC37A3	0	-	65350
chr12	118063593	118136026	VSIG10	0	-	72433
chr16	54930865	54934485	IRX5	0	+	3620
chr17	83079609	83095122	METRNL	0	+	15513
chr8	123768439	123815452	FAM91A1	0	+	47013
chr12	118032687	118062430	WSB2	0	-	29743
chr9	137139154	137168756	GRIN1	0	+	29602
chr2	5692384	5701385	SOX11	0	+	9001
chr12	132687587	132704985	PXMP2	0	+	17398
chrX	13653189	13681964	TCEANC	0	+	28775
chr14	73711783	73714384	PNMA1	0	-	2601
chr8	40153482	40155310	TCIM	0	+	1828
chr19	48712725	48719725	MAMSTR	0	-	7000
chr12	132725503	132761832	ANKLE2	0	-	36329
chr19	48695971	48705951	FUT2	0	+	9980
chr5	75025346	75052558	GCNT4	0	-	27212
chr3	195720884	195741123	MUC20	0	+	20239
chr2	241584405	241637158	THAP4	0	-	52753
chr16	28950807	28967092	NFATC2IP	0	+	16285
chr11	26994112	26997087	FIBIN	0	+	2975
chr17	18327860	18363563	SHMT1	0	-	35703
chr9	137110546	137115177	DPP7	0	-	4631
chr10	73744372	73772161	SEC24C	0	+	27789
chr19	57958437	57974534	C19orf18	0	-	16097
chr11	644233	707118	DEAF1	0	-	62885
chr5	79976716	79991262	MTX3	0	-	14546
chr19	45764785	45769252	SIX5	0	-	4467
chr19	45710629	45730896	FBXO46	0	-	20267
chr11	19117099	19176422	ZDHHC13	0	+	59323
chr5	55625845	55773194	SLC38A9	0	-	147349
chr9	19409009	19452505	ACER2	0	+	43496
chr15	84639285	84654343	WDR73	0	-	15058
chr12	132623753	132687376	POLE	0	-	63623
chr22	42074248	42079438	PHETA2	0	+	5190
chr11	118133377	118152888	SCN4B	0	-	19511
chr11	117427772	117817525	DSCAML1	0	-	389753
chr11	3826978	3840959	RHOG	0	-	13981
chr12	45215987	45482280	ANO6	0	+	266293
chr9	126860665	126885878	ZBTB34	0	+	25213
chr1	148748774	148752415	NUDT4B	0	+	3641
chr18	13663347	13726663	FAM210A	0	-	63316
chr11	747415	765012	TALDO1	0	+	17597
chr12	131894622	131923150	ULK1	0	+	28528
chr1	42380792	42424232	RIMKLA	0	+	43440
chr8	61057158	61501645	CLVS1	0	+	444487
chrX	20149911	20267519	RPS6KA3	0	-	117608
chr19	41425359	41428730	B3GNT8	0	-	3371
chr12	131929200	131945896	PUS1	0	+	16696
chr16	53054991	53329150	CHD9	0	+	274159
chr11	767220	777488	GATD1	0	-	10268
chr16	31214091	31231537	TRIM72	0	+	17446
chr9	137086857	137109189	MAN1B1	0	+	22332
chr1	110672465	110674940	KCNA3	0	-	2475
chr10	35638247	35642296	FZD8	0	-	4049
chr17	18271428	18315007	TOP3A	0	-	43579
chr3	49162535	49166331	CCDC71	0	-	3796
chr19	49119544	49151026	PPFIA3	0	+	31482
chr3	184710364	184712064	MAGEF1	0	-	1700
chr21	42062959	42143453	UMODL1	0	+	80494
chr7	93130056	93148385	SAMD9L	0	-	18329
chr12	79574979	79690964	PAWR	0	-	115985
chr18	3411608	3459978	TGIF1	0	+	48370
chr17	18260597	18266552	MIEF2	0	+	5955
chr3	14947583	15053600	NR2C2	0	+	106017
chr14	73591873	73595766	ACOT4	0	+	3893
chr17	42402449	42423256	CAVIN1	0	-	20807
chr3	48918821	48986382	ARIH2	0	+	67561
chrX	120250752	120258398	ZBTB33	0	+	7646
chr16	54283304	54286787	IRX3	0	-	3483
chr11	790475	798281	SLC25A22	0	-	7806
chr16	28904421	28936526	RABEP2	0	-	32105
chr3	177019340	177228000	TBL1XR1	0	-	208660
chr8	118189455	118622112	SAMD12	0	-	432657
chr11	799179	809753	PIDD1	0	-	10574
chr19	11797667	11809622	ZNF491	0	+	11955
chr11	809965	812880	RPLP2	0	+	2915
chr1	58776845	58784048	JUN	0	-	7203
chr1	230314490	230426332	PGBD5	0	-	111842
chr1	155234452	155244699	GBA	0	-	10247
chr22	17084954	17115694	IL17RA	0	+	30740
chr11	818914	825573	PNPLA2	0	+	6659
chr1	11736084	11754802	AGTRAP	0	+	18718
chr12	7346685	7479897	CD163L1	0	-	133212
chr7	76201896	76287288	SRRM3	0	+	85392
chr11	826144	831991	CRACR2B	0	+	5847
chr21	33485530	33491716	DNAJC28	0	-	6186
chr3	174438573	175810548	NAALADL2	0	+	1371975
chr11	832887	839831	CD151	0	+	6944
chr7	192571	260772	FAM20C	0	+	68201
chr3	111070071	111275563	NECTIN3	0	+	205492
chr5	43039233	43043170	ANXA2R	0	-	3937
chr17	75441159	75500452	TMEM94	0	+	59293
chr20	325552	330224	SOX12	0	+	4672
chr5	137745651	137754363	HNRNPA0	0	-	8712
chr10	73631612	73641474	MYOZ1	0	-	9862
chr1	159998651	160070160	KCNJ10	0	-	71509
chr11	867859	915058	CHID1	0	-	47199
chr5	141187127	141191541	PCDHB9	0	+	4414
chr3	40477131	40518736	ZNF620	0	+	41605
chrX	153972754	153983194	TMEM187	0	+	10440
chr12	48183644	48185926	CCDC184	0	+	2282
chr5	115841592	115914081	AP3S1	0	+	72489
chr17	75318076	75405709	GRB2	0	-	87633
chr1	197153682	197201293	ZBTB41	0	-	47611
chr12	93405673	93441947	UBE2N	0	-	36274
chr5	179060373	179083977	ZNF354C	0	+	23604
chr9	136850943	136860799	MAMDC4	0	+	9856
chr11	167784	207399	BET1L	0	-	39615
chr1	153990762	153992155	RPS27	0	+	1393
chr12	48147789	48181213	ASB8	0	-	33424
chr12	63558913	63668939	DPY19L2	0	-	110026
chr1	44213455	44220681	DMAP1	0	+	7226
chr9	17906563	18910950	ADAMTSL1	0	+	1004387
chr3	49024325	49029447	IMPDH2	0	-	5122
chr3	46668995	46693704	ALS2CL	0	-	24709
chr3	158571163	158607252	MLF1	0	+	36089
chr3	113828182	113947174	GRAMD1C	0	+	118992
chr19	4324043	4342786	STAP2	0	-	18743
chr19	19512418	19515548	TSSK6	0	-	3130
chr1	149887890	149900798	BOLA1	0	+	12908
chr1	148808181	149048286	PDE4DIP	0	+	240105
chr11	108665058	108940999	DDX10	0	+	275941
chr8	66964099	67056604	PPP1R42	0	-	92505
chr18	9102630	9134345	NDUFV2	0	+	31715
chr3	49015488	49022293	DALRD3	0	-	6805
chr4	10439880	10457426	ZNF518B	0	-	17546
chr5	72439903	72507410	ZNF366	0	-	67507
chr4	17841199	18021876	LCORL	0	-	180677
chr18	80157232	80247514	PARD6G	0	-	90282
chr16	28846600	28874212	SH2B1	0	+	27612
chr6	149446795	149485014	ZC3H12D	0	-	38219
chr19	57454790	57457140	VN1R1	0	-	2350
chr11	108472112	108498384	POGLUT3	0	-	26272
chr8	143915153	143976734	PLEC	0	-	61581
chr4	1056250	1113564	RNF212	0	-	57314
chr16	31138926	31150083	PRSS36	0	-	11157
chr19	57320472	57330770	ZNF543	0	+	10298
chr7	152025674	152122340	GALNT11	0	+	96666
chr13	83877205	83882474	SLITRK1	0	-	5269
chr19	2360238	2426239	TMPRSS9	0	+	66001
chr17	21197954	21214176	TMEM11	0	-	16222
chr5	178859953	178888122	ZNF354B	0	+	28169
chr10	5524961	5526771	CALML3	0	+	1810
chr10	5498697	5499570	CALML5	0	-	873
chr7	1152071	1160759	ZFAND2A	0	-	8688
chr2	207821288	208025527	PLEKHM3	0	-	204239
chr7	6329411	6348981	FAM220A	0	-	19570
chr12	49346888	49357546	DNAJC22	0	+	10658
chr6	107065182	107115515	BEND3	0	-	50333
chr6	116100851	116249497	NT5DC1	0	+	148646
chr9	6532467	6645729	GLDC	0	-	113262
chr12	50112082	50120457	COX14	0	+	8375
chr8	66870749	66922048	MCMDC2	0	+	51299
chr10	5393101	5404828	TUBAL3	0	-	11727
chr3	48989889	49007153	P4HTM	0	+	17264
chr10	5364966	5374692	UCN3	0	+	9726
chr12	57604622	57609804	DTX3	0	+	5182
chr17	41848518	41865423	KLHL11	0	-	16905
chr19	7924491	7926135	CTXN1	0	-	1644
chr3	48856926	48898904	SLC25A20	0	-	41978
chr8	60185412	60281400	CA8	0	-	95988
chr2	203706475	203738912	CD28	0	+	32437
chr3	36985043	36993131	EPM2AIP1	0	-	8088
chr2	211375717	212538841	ERBB4	0	-	1163124
chr16	79585843	79600737	MAF	0	-	14894
chr1	9848276	9910336	CTNNBIP1	0	-	62060
chrX	304529	318819	GTPBP6	0	-	14290
chrY	304529	318819	GTPBP6	0	-	14290
chr17	64039080	64130819	ERN1	0	-	91739
chr2	165469647	165689407	CSRNP3	0	+	219760
chr8	143977153	144012772	PARP10	0	-	35619
chr17	31937007	32001038	SUZ12	0	+	64031
chr3	94062980	94131832	NSUN3	0	+	68852
chr13	76880175	76886405	KCTD12	0	-	6230
chr15	74954418	74956772	RPP25	0	-	2354
chr20	23045633	23049672	THBD	0	-	4039
chr15	74919791	74938083	COX5A	0	-	18292
chr8	122781655	122974510	ZHX2	0	+	192855
chr16	89575758	89597246	CPNE7	0	+	21488
chr5	147880726	147906538	C5orf46	0	-	25812
chr15	74890005	74902219	MPI	0	+	12214
chr7	75395063	75410996	TRIM73	0	+	15933
chr8	144051266	144063965	OPLAH	0	-	12699
chr1	1917590	1919279	TMEM52	0	-	1689
chr7	143279957	143288048	TMEM139	0	+	8091
chr17	47323290	47441312	EFCAB13	0	+	118022
chr8	71841560	71844412	MSC	0	-	2852
chr12	12725917	12829975	APOLD1	0	+	104058
chr12	123973241	124316024	RFLNA	0	+	342783
chr8	144078648	144080648	EXOSC4	0	+	2000
chr19	32405543	32485895	DPY19L3	0	+	80352
chr5	141259884	141320784	TAF7	0	-	60900
chr3	44494847	44510636	ZNF852	0	-	15789
chr17	82442586	82450829	CYBC1	0	-	8243
chr19	38789200	38791754	LGALS7B	0	+	2554
chrX	135421944	135428075	SMIM10L2A	0	+	6131
chr4	849276	932373	GAK	0	-	83097
chr19	4043303	4066899	ZBTB7A	0	-	23596
chr16	28842411	28846348	TUFM	0	-	3937
chr1	74568117	74673792	ERICH3	0	-	105675
chr9	83980798	84004074	RMI1	0	+	23276
chr17	8224815	8248056	CTC1	0	-	23241
chr14	55271344	55370053	FBXO34	0	+	98709
chr19	47778677	47784686	SELENOW	0	+	6009
chr19	38619082	38636955	EIF3K	0	+	17873
chr4	6707701	6709865	MRFAP1L1	0	-	2164
chr5	54517759	54546586	SNX18	0	+	28827
chr17	8204733	8210600	AURKB	0	-	5867
chr14	60396469	60515543	C14orf39	0	-	119074
chr4	6640091	6642729	MRFAP1	0	+	2638
chr3	88149959	88168729	C3orf38	0	+	18770
chr1	18480930	18485974	KLHDC7A	0	+	5044
chr17	8172457	8176399	TMEM107	0	-	3942
chr16	67184379	67190185	EXOC3L1	0	-	5806
chr1	17406760	17439677	RCC2	0	-	32917
chr11	18704312	18726230	IGSF22	0	-	21918
chr1	155139891	155140595	DPM3	0	-	704
chr8	144095039	144097525	CYC1	0	+	2486
chr17	8140472	8156506	PER1	0	-	16034
chr12	82686880	83134870	TMTC2	0	+	447990
chr19	12922479	12934037	FARSA	0	-	11558
chr11	18606403	18634791	SPTY2D1	0	-	28388
chr19	39342421	39385710	SAMD4B	0	+	43289
chr7	150514872	150521073	GIMAP7	0	+	6201
chr17	8095900	8119047	ALOXE3	0	-	23147
chr15	74630558	74696292	EDC3	0	-	65734
chr3	44338119	44409451	TCAIM	0	+	71332
chr1	23845077	23868290	FUCA1	0	-	23213
chr1	12847377	12848720	HNRNPCL1	0	-	1343
chr19	12938578	12944489	CALR	0	+	5911
chrX	51803007	51902354	MAGED1	0	+	99347
chr11	76381303	76414619	GVQW3	0	+	33316
chr11	35943981	36232136	LDLRAD3	0	+	288155
chr20	61252261	61940617	CDH4	0	+	688356
chr19	12945855	12953642	RAD23A	0	+	7787
chr12	112418351	112509918	PTPN11	0	+	91567
chrX	52891306	52908560	FAM156B	0	+	17254
chr6	32659467	32668383	HLA-DQB1	0	-	8916
chr3	128479427	128493201	GATA2	0	-	13774
chr15	74541206	74598131	ARID3B	0	+	56925
chr4	140524168	140553770	ELMOD2	0	+	29602
chr8	22687659	22693480	EGR3	0	-	5821
chr1	1434861	1442882	VWA1	0	+	8021
chr17	744421	753999	GEMIN4	0	-	9578
chr11	35618460	35620865	FJX1	0	+	2405
chr14	44924324	45042322	KLHL28	0	-	117998
chr15	23565674	23630075	MKRN3	0	+	64401
chr1	244048939	244057476	ZBTB18	0	+	8537
chr14	44897275	44907257	C14orf28	0	+	9982
chr2	74497517	74503316	LBX2	0	-	5799
chr11	6497260	6593758	DNHD1	0	+	96498
chrX	143622790	143636101	SLITRK4	0	-	13311
chr1	23191895	23217502	HTR1D	0	-	25607
chr7	127580628	127593611	GCC1	0	-	12983
chr3	50279087	50288114	LSMEM2	0	+	9027
chr16	10866222	10943021	CIITA	0	+	76799
chr16	88453280	88537031	ZFPM1	0	+	83751
chr17	8039034	8049134	ALOX15B	0	+	10100
chr17	73283624	73312005	CDC42EP4	0	-	28381
chr14	104800596	104804712	ZBTB42	0	+	4116
chr1	159289714	159308224	FCER1A	0	+	18510
chr8	144107726	144118328	WDR97	0	+	10602
chr12	47079603	47236662	PCED1B	0	+	157059
chr17	28950513	29057216	PIPOX	0	+	106703
chr20	31844303	31845604	FOXS1	0	-	1301
chr16	66366622	66404784	CDH5	0	+	38162
chr19	53864763	53876435	MYADM	0	+	11672
chr8	144148016	144261927	MROH1	0	+	113911
chr2	64631621	64751005	SERTAD2	0	-	119384
chr14	64465499	64474503	AKAP5	0	+	9004
chr19	3585478	3593541	GIPC3	0	+	8063
chr17	7913339	7916289	RNF227	0	-	2950
chr1	40861054	40862363	CITED4	0	-	1309
chr7	48171458	48647497	ABCA13	0	+	476039
chr16	14974591	15139339	PDXDC1	0	+	164748
chr12	57253762	57431043	R3HDM2	0	-	177281
chr19	17794828	17813576	B3GNT3	0	+	18748
chr2	49918503	51225575	NRXN1	0	-	1307072
chr16	30443631	30445874	SEPHS2	0	-	2243
chr19	55620741	55624566	ZNF784	0	-	3825
chr12	76344474	76348415	BBS10	0	-	3941
chr19	55591376	55601970	FIZ1	0	-	10594
chr8	143816344	143829352	PUF60	0	-	13008
chr19	55488404	55519099	SSC5D	0	+	30695
chr16	30407414	30431108	ZNF771	0	+	23694
chr18	75210755	75289950	TSHZ1	0	+	79195
chr10	122954381	122997513	PSTK	0	+	43132
chr14	55027230	55049489	SOCS4	0	+	22259
chr18	75195113	75209139	ZADH2	0	-	14026
chr16	30378106	30400108	ZNF48	0	+	22002
chr9	38571358	38620596	ANKRD18A	0	-	49238
chr19	55226638	55228784	TMEM86B	0	-	2146
chr1	28553085	28578545	TRNAU1AP	0	+	25460
chr13	37103259	37105664	CSNK1A1L	0	-	2405
chrX	40648305	40735858	MED14	0	-	87553
chr8	489803	545781	TDRP	0	-	55978
chr1	28505943	28539300	RCC1	0	+	33357
chr2	178431292	178451512	PRKRA	0	-	20220
chr7	30284597	30367689	ZNRF2	0	+	83092
chr12	95076749	95217482	FGD6	0	-	140733
chr15	64687573	64703281	OAZ2	0	-	15708
chr17	44656404	44690308	MEIOC	0	+	33904
chr17	44557484	44561262	FZD2	0	+	3778
chr4	89111533	89114901	TIGD2	0	+	3368
chr7	31514090	31658720	ITPRID1	0	+	144630
chr3	121631399	121660927	HCLS1	0	-	29528
chr7	30134986	30162762	MTURN	0	+	27776
chr15	64460578	64686068	ZNF609	0	+	225490
chr3	196739857	196832647	PAK2	0	+	92790
chr3	56557161	56621837	CCDC66	0	+	64676
chr9	86944362	86947506	GAS1	0	-	3144
chr19	1065923	1086628	ARHGAP45	0	+	20705
chr12	75391089	75432688	GLIPR1L2	0	+	41599
chr1	77779624	77879540	MIGA1	0	+	99916
chr21	14961235	15065936	NRIP1	0	-	104701
chr6	13924446	13980310	RNF182	0	+	55864
chr8	97273488	97277928	TSPYL5	0	-	4440
chr6	26124145	26139116	H2AC6	0	+	14971
chr12	10505602	10523135	EIF2S3B	0	+	17533
chr6	26114873	26123926	H2BC4	0	-	9053
chr3	192796815	192917856	MB21D2	0	-	121041
chr17	73165010	73176633	SSTR2	0	+	11623
chr17	5179535	5191868	ZNF594	0	-	12333
chr10	91163012	91284337	PCGF5	0	+	121325
chr10	70597348	70602759	PRF1	0	-	5411
chr8	90621995	90791632	TMEM64	0	-	169637
chr13	26044597	26052016	SHISA2	0	-	7419
chr19	10512742	10517931	S1PR5	0	-	5189
chr1	9100305	9129102	GPR157	0	-	28797
chr11	93144174	93197991	SLC36A4	0	-	53817
chr13	21372571	21459370	ZDHHC20	0	-	86799
chr18	14728272	14854667	ANKRD30B	0	+	126395
chr11	4643420	4655488	OR51E1	0	+	12068
chr17	5078467	5096374	ZFP3	0	+	17907
chr4	113900284	113979727	ARSJ	0	-	79443
chrX	19360056	19515508	MAP3K15	0	-	155452
chr10	70202835	70233911	PPA1	0	-	31076
chr8	64580365	64583627	BHLHE22	0	+	3262
chr1	240489573	240612155	GREM2	0	-	122582
chr12	75275979	75390928	CAPS2	0	-	114949
chr19	34956354	34964229	ZNF792	0	-	7875
chr17	57861243	57955412	CUEDC1	0	-	94169
chr8	143790920	143815773	SCRIB	0	-	24853
chr17	75032575	75065889	KCTD2	0	+	33314
chr2	241734602	241768816	D2HGDH	0	+	34214
chr3	8750381	8769628	OXTR	0	-	19247
chr16	71281389	71289715	CMTR2	0	-	8326
chr8	124973295	124979389	ZNF572	0	+	6094
chr22	27851669	27920134	PITPNB	0	-	68465
chrX	103252995	103255192	TCEAL8	0	-	2197
chr14	52552836	52637713	GPR137C	0	+	84877
chr4	122732702	122744942	BBS12	0	+	12240
chr19	36383120	36418644	ZFP82	0	-	35524
chr16	69706996	69726668	NQO1	0	-	19672
chr15	88621337	88632281	AEN	0	+	10944
chr19	46746046	46776988	FKRP	0	+	30942
chr19	7680833	7687703	TRAPPC5	0	+	6870
chr17	212389	386254	RPH3AL	0	-	173865
chr19	19063994	19113030	SLC25A42	0	+	49036
chr1	159800511	159816257	FCRL6	0	+	15746
chr17	76726830	76733936	METTL23	0	+	7106
chr17	80219699	80253500	SLC26A11	0	+	33801
chr8	143716340	143722458	MAPK15	0	+	6118
chr9	137618992	137870016	EHMT1	0	+	251024
chr3	186842704	186858463	ADIPOQ	0	+	15759
chr5	76716126	76735770	F2R	0	+	19644
chr8	143684452	143713898	ZNF707	0	+	29446
chr19	8848844	8981342	MUC16	0	-	132498
chr5	171387116	171411810	NPM1	0	+	24694
chrX	69160851	69165521	PJA1	0	-	4670
chr10	12068954	12123221	DHTKD1	0	+	54267
chr8	56436674	56446671	PENK	0	-	9997
chr1	228434777	228457873	H2AW	0	-	23096
chr7	149472696	149497817	ZNF746	0	-	25121
chr17	7484366	7514616	POLR2A	0	+	30250
chr12	128267170	128707911	TMEM132C	0	+	440741
chr11	120325296	120333686	TLCD5	0	+	8390
chr10	97332497	97334729	FRAT2	0	-	2232
chr17	34579487	34639318	TMEM132E	0	+	59831
chr6	26634383	26659752	ZNF322	0	-	25369
chr11	94021354	94114208	HEPHL1	0	+	92854
chr17	16441577	16492193	LRRC75A	0	-	50616
chr17	34356480	34358610	CCL13	0	+	2130
chr19	36003307	36008813	SYNE4	0	-	5506
chr17	82389210	82418637	OGFOD3	0	-	29427
chr9	14475	73865	WASHC1	0	-	59390
chr7	149764182	149773588	ZNF467	0	-	9406
chr3	181711925	181714436	SOX2	0	+	2511
chr1	227563543	227677443	ZNF678	0	+	113900
chr3	100492619	100577444	TMEM45A	0	+	84825
chr3	153162226	153170627	RAP2B	0	+	8401
chr6	151364115	151391559	ZBTB2	0	-	27444
chr17	30970984	30999911	RNF135	0	+	28927
chr17	45132600	45144181	ACBD4	0	+	11581
chrX	14835961	14873069	FANCB	0	-	37108
chr3	47016428	47164113	SETD2	0	-	147685
chr19	1554672	1568325	MEX3D	0	-	13653
chr17	57834781	57850056	MRPS23	0	-	15275
chr4	70226124	70235252	FDCSP	0	+	9128
chr14	59429022	59465380	GPR135	0	-	36358
chr9	114784652	114806039	TNFSF15	0	-	21387
chr11	2928273	2929420	PHLDA2	0	-	1147
chr1	100538139	100542021	GPR88	0	+	3882
chr19	37312837	37369365	ZNF875	0	+	56528
chr8	56160909	56211324	PLAG1	0	-	50415
chrX	68498562	68537282	YIPF6	0	+	38720
chr3	114314500	115147288	ZBTB20	0	-	832788
chr3	143971823	144048719	DIPK2A	0	+	76896
chr5	103258763	103278660	MACIR	0	+	19897
chr1	109504178	109509738	AMIGO1	0	-	5560
chr3	150741125	150763477	SIAH2	0	-	22352
chr3	129249606	129277773	COPG1	0	+	28167
chr8	142449430	142545009	ADGRB1	0	+	95579
chr3	143265222	143848485	SLC9A9	0	-	583263
chr1	36391238	36397908	LSM10	0	-	6670
chr11	45804072	45813016	SLC35C1	0	+	8944
chr3	114276913	114310288	TIGIT	0	+	33375
chr12	56202179	56221933	RNF41	0	-	19754
chr17	7281718	7288257	SLC2A4	0	+	6539
chr1	228165804	228182257	IBA57	0	+	16453
chr19	58126248	58155110	ZNF329	0	-	28862
chr19	19668796	19683509	ZNF101	0	+	14713
chr10	62804720	62808479	ADO	0	+	3759
chr16	58295080	58406147	GINS3	0	+	111067
chr4	24806117	24980204	CCDC149	0	-	174087
chr1	203861599	203871152	SNRPE	0	+	9553
chr10	62183035	62268844	RTKN2	0	-	85809
chr19	46466491	46471563	PNMA8A	0	-	5072
chr10	124007668	124093598	CHST15	0	-	85930
chr15	90083045	90102477	IDH2	0	-	19432
chr19	1009648	1021179	TMEM259	0	-	11531
chr7	5306790	5425414	TNRC18	0	-	118624
chr11	82729940	82733864	FAM181B	0	-	3924
chr15	34341719	34343136	NOP10	0	-	1417
chr1	231018958	231040254	FAM89A	0	-	21296
chr1	151770107	151791416	TDRKH	0	-	21309
chr19	21291160	21329425	ZNF708	0	-	38265
chr16	71845996	71931199	IST1	0	+	85203
chr9	95871264	96121154	ERCC6L2	0	+	249890
chr9	137551879	137552555	MRPL41	0	+	676
chr7	137874979	138002086	CREB3L2	0	-	127107
chrX	1462581	1537185	P2RY8	0	-	74604
chrY	1462581	1537185	P2RY8	0	-	74604
chr4	95162504	95549206	UNC5C	0	-	386702
chr17	75515944	75524735	TSEN54	0	+	8791
chr15	93035271	93089211	RGMA	0	-	53940
chr3	49805209	49813953	UBA7	0	-	8744
chr10	73248843	73252693	MRPS16	0	-	3850
chr14	67819779	68730218	RAD51B	0	+	910439
chrX	141111605	141177129	LDOC1	0	-	65524
chr8	117794490	118111826	EXT1	0	-	317336
chr11	1469457	1501247	MOB2	0	-	31790
chr14	99645129	99680569	HHIPL1	0	+	35440
chrX	40579372	40606848	ATP6AP2	0	+	27476
chr21	41167801	41282530	BACE2	0	+	114729
chr3	23203020	23591794	UBE2E2	0	+	388774
chr15	99098217	99135593	SYNM	0	+	37376
chr2	163593396	163736012	FIGN	0	-	142616
chr11	369499	382117	B4GALNT4	0	+	12618
chr8	145052465	145066685	C8orf33	0	+	14220
chr19	51689128	51712387	SPACA6	0	+	23259
chr19	58326994	58342332	ZSCAN22	0	+	15338
chr19	48455574	48466980	KCNJ14	0	+	11406
chr12	6988259	7071032	C1S	0	+	82773
chr11	106051098	106077459	KBTBD3	0	-	26361
chr21	46286342	46297751	YBEY	0	+	11409
chrX	276322	303356	PLCXD1	0	+	27034
chrY	276322	303356	PLCXD1	0	+	27034
chr12	57216794	57226449	NXPH4	0	+	9655
chr2	151832771	152099167	CACNB4	0	-	266396
chr14	39147811	39170532	TRAPPC6B	0	-	22721
chr15	34102083	34108686	PGBD4	0	+	6603
chr17	81556887	81648465	NPLOC4	0	-	91578
chr20	52972358	53495330	TSHZ2	0	+	522972
chr17	76081016	76121576	EXOC7	0	-	40560
chr17	68035636	68047364	KPNA2	0	+	11728
chrX	156020826	156025710	WASH6P	0	+	4884
chrY	57207346	57212230	WASH6P	0	+	4884
chr3	101724593	101770562	CEP97	0	+	45969
chr15	90883695	90895776	FES	0	+	12081
chr14	95533503	95544724	GLRX5	0	+	11221
chrX	55143102	55161310	FAM104B	0	-	18208
chr17	76672551	76711004	MXRA7	0	-	38453
chr22	31212239	31280080	LIMK2	0	+	67841
chr12	53251251	53254406	MFSD5	0	+	3155
chr2	3497366	3519531	ADI1	0	-	22165
chr4	183639635	183659203	RWDD4	0	-	19568
chr17	49575871	49583827	NXPH3	0	+	7956
chr5	150053291	150113372	CSF1R	0	-	60081
chr3	184561785	184582408	EPHB3	0	+	20623
chr3	42013802	42225890	TRAK1	0	+	212088
chr20	8077251	8968360	PLCB1	0	+	891109
chr17	59109857	59155260	SKA2	0	-	45403
chr15	23685400	23687305	NDN	0	-	1905
chr11	131370478	132336822	NTM	0	+	966344
chr21	37073226	37203112	TTC3	0	+	129886
chr5	140125937	140129392	IGIP	0	+	3455
chr11	76782251	76798153	TSKU	0	+	15902
chr15	60347134	60402883	ANXA2	0	-	55749
chr14	71932429	72566530	RGS6	0	+	634101
chr1	25861484	25875708	PAQR7	0	-	14224
chr9	116153791	116402321	PAPPA	0	+	248530
chr10	85599552	86366795	GRID1	0	-	767243
chr12	122701293	122703357	HCAR2	0	-	2064
chr11	66590176	66593063	CCDC87	0	-	2887
chr1	207018522	207032756	C1orf116	0	-	14234
chr14	105472962	105480162	CRIP2	0	+	7200
chr1	226144679	226186741	ACBD3	0	-	42062
chr16	9091644	9121635	C16orf72	0	+	29991
chr5	41306952	41510628	PLCXD3	0	-	203676
chr17	4785285	4786433	VMO1	0	-	1148
chr22	49900229	49918438	ALG12	0	-	18209
chr1	32251239	32286165	LCK	0	+	34926
chr21	45405165	45513720	COL18A1	0	+	108555
chrX	47145221	47186813	RBM10	0	+	41592
chrX	121047610	121050094	GLUD2	0	+	2484
chr22	17563450	17590995	SLC25A18	0	+	27545
chr4	425815	499156	ZNF721	0	-	73341
chrX	103330229	103332326	TCEAL7	0	+	2097
chr3	134485699	134587789	CEP63	0	+	102090
chr22	29268009	29300525	EWSR1	0	+	32516
chr6	26538366	26546933	HMGN4	0	+	8567
chr17	44798448	44830816	GJC1	0	-	32368
chr3	32685145	32773875	CNOT10	0	+	88730
chr11	115169218	115504957	CADM1	0	-	335739
chr19	52860851	52897693	ZNF320	0	-	36842
chr12	14803666	14906586	C12orf60	0	+	102920
chr17	81932384	81942412	PYCR1	0	-	10028
chr17	7856685	7885238	NAA38	0	-	28553
chr17	4498881	4539035	SPNS2	0	+	40154
chr11	924881	1012245	AP2A2	0	+	87364
chr2	40097270	40611053	SLC8A1	0	-	513783
chr14	36677921	37172606	SLC25A21	0	-	494685
chr21	39867438	39929397	PCP4	0	+	61959
chr16	8674596	8784575	ABAT	0	+	109979
chr10	12349547	12835545	CAMK1D	0	+	485998
chr2	110513802	110577222	RGPD6	0	-	63420
chr22	41998725	42058456	WBP2NL	0	+	59731
chr17	78187358	78207702	AFMID	0	+	20344
chr13	113820549	113864076	GAS6	0	-	43527
chr2	151485336	151734487	NEB	0	-	249151
chr14	100537147	100587417	BEGAIN	0	-	50270
chr13	93226807	94408020	GPC6	0	+	1181213
chr5	149551947	149634968	ARHGEF37	0	+	83021
chr8	2935353	4994972	CSMD1	0	-	2059619
chr6	109095110	109174418	CEP57L1	0	+	79308
chr21	37006150	37019662	RIPPLY3	0	+	13512
chr17	40360652	40364737	GJD3	0	-	4085
chr1	202878282	202889149	RABIF	0	-	10867
chr12	108589851	108598320	TMEM119	0	-	8469
chr22	42079691	42084284	SMDT1	0	+	4593
chr19	405445	409147	C2CD4C	0	-	3702
chr16	75472052	75495445	CHST6	0	-	23393
chr18	14507339	14543600	POTEC	0	-	36261
chr19	48993562	49015970	RUVBL2	0	+	22408
chr19	7868719	7874390	PRR36	0	-	5671
chr21	44849585	44873903	PTTG1IP	0	-	24318
chr5	177511577	177516961	DDX41	0	-	5384
chr20	63861498	63862988	ABHD16B	0	+	1490
chr12	51238724	51271362	DAZAP2	0	+	32638
chr18	59430939	59697662	CCBE1	0	-	266723
chr1	86862445	86914424	SELENOF	0	-	51979
chr22	17116297	17121367	TMEM121B	0	-	5070
chr8	143636019	143656418	ZNF623	0	+	20399
chr1	37713880	37765133	EPHA10	0	-	51253
chr5	69280175	69332809	CCDC125	0	-	52634
chrX	40049815	40177329	BCOR	0	-	127514
chr11	96389989	96507574	JRKL	0	+	117585
chr10	61662929	61766766	CABCOCO1	0	+	103837
chr9	5881596	6008482	KIAA2026	0	-	126886
chr1	37996770	38005606	FHL3	0	-	8836
chr19	11344684	11354944	CCDC159	0	+	10260
chr21	41739369	41767089	RIPK4	0	-	27720
chr16	14922802	14952060	NPIPA1	0	+	29258
chr1	37956975	37990075	SF3A3	0	-	33100
chr16	9753404	10182928	GRIN2A	0	-	429524
chr5	69560191	69595221	GTF2H2C	0	+	35030
chr15	100602589	100651701	ASB7	0	+	49112
chr15	78077808	78104370	SH2D7	0	+	26562
chr14	105049395	105065445	GPR132	0	-	16050
chr21	41361999	41409393	MX2	0	+	47394
chr12	131949942	132080460	EP400	0	+	130518
chr15	82041778	82046119	MEX3B	0	-	4341
chr1	117606048	117628389	TENT5C	0	+	22341
chr2	98599314	98608515	COA5	0	-	9201
chr1	38009258	38024820	UTP11	0	+	15562
chr21	39174769	39183488	PSMG1	0	-	8719
chr22	31676256	31750140	PRR14L	0	-	73884
chr16	20409534	20441336	ACSM5	0	+	31802
chr22	42553617	42574382	SERHL2	0	+	20765
chr21	45643694	45942454	PCBP3	0	+	298760
chr14	99397748	99480889	SETD3	0	-	83141
chr15	51056598	51105276	TNFAIP8L3	0	-	48678
chr22	28883572	29057488	ZNRF3	0	+	173916
chr5	15500180	15939795	FBXL7	0	+	439615
chr22	20017014	20067164	TANGO2	0	+	50150
chr10	119140767	119165714	SFXN4	0	-	24947
chr1	32247222	32248856	FAM167B	0	+	1634
chr19	3762682	3768575	MRPL54	0	+	5893
chr10	30820207	31031937	ZNF438	0	-	211730
chr3	129278828	129306186	HMCES	0	+	27358
chr19	57599885	57612722	ZNF530	0	+	12837
chr14	92116122	92121917	NDUFB1	0	-	5795
chr15	85759326	85794925	KLHL25	0	-	35599
chr8	124450820	124462150	TRMT12	0	+	11330
chr2	206175316	206218047	CMKLR2	0	-	42731
chr1	39491636	39529869	BMP8A	0	+	38233
chr17	439978	445939	RFLNB	0	-	5961
chrX	44147872	44343672	EFHC2	0	-	195800
chr7	48088628	48108736	UPP1	0	+	20108
chr5	181254077	181261150	TRIM52	0	-	7073
chr13	39209116	39603528	LHFPL6	0	-	394412
chr16	66614750	66696743	CMTM4	0	-	81993
chr11	2268498	2270588	ASCL2	0	-	2090
chr12	64452090	64502114	TBK1	0	+	50024
chr22	38861422	38872249	CBX6	0	-	10827
chr7	20134655	20217404	MACC1	0	-	82749
chr16	1972053	1982929	TBL3	0	+	10876
chr22	29073035	29168333	KREMEN1	0	+	95298
chr3	49828601	49856574	TRAIP	0	-	27973
chr22	28687743	28742422	CHEK2	0	-	54679
chr22	20965108	20981360	AIFM3	0	+	16252
chr21	39556442	39673137	B3GALT5	0	+	116695
chr8	37695782	37700019	ZNF703	0	+	4237
chr1	233904676	234324511	SLC35F3	0	+	419835
chr16	15363628	15381047	NPIPA5	0	-	17419
chr11	7485388	7511377	OLFML1	0	+	25989
chr3	32951644	32956349	CCR4	0	+	4705
chr1	226231149	226309869	LIN9	0	-	78720
chr6	38168451	38640148	BTBD9	0	-	471697
chr14	105172938	105181323	NUDT14	0	-	8385
chrX	153056409	153060467	PNMA3	0	+	4058
chr2	132416805	132646582	GPR39	0	+	229777
chr21	41304212	41357727	FAM3B	0	+	53515
chr19	23075210	23147221	ZNF730	0	+	72011
chr1	157993273	158100262	KIRREL1	0	+	106989
chr1	156525405	156572604	IQGAP3	0	-	47199
chr22	41433494	41446801	TOB2	0	-	13307
chr5	150296343	150339307	ARSI	0	-	42964
chr1	16004236	16008807	SRARP	0	+	4571
chr16	16317444	16350590	ENSG00000183889	0	+	33146
chr2	19896631	19901983	TTC32	0	-	5352
chr11	57181747	57191717	LRRC55	0	+	9970
chr17	7717744	7833742	DNAH2	0	+	115998
chrX	3604340	3713649	PRKX	0	-	109309
chr12	123384132	123409353	KMT5A	0	+	25221
chr22	31064105	31104757	SMTN	0	+	40652
chr16	2009926	2020755	NPW	0	+	10829
chr1	76074746	76634603	ST6GALNAC3	0	+	559857
chr1	31906421	31944856	PTP4A2	0	-	38435
chr17	81509413	81523847	ACTG1	0	-	14434
chr21	41464300	41531116	TMPRSS2	0	-	66816
chr11	9138825	9265959	DENND5A	0	-	127134
chr17	30906344	30959322	ADAP2	0	+	52978
chr22	29767369	29770413	UQCR10	0	+	3044
chrX	54068324	54183281	FAM120C	0	-	114957
chr16	28688558	28735727	EIF3C	0	+	47169
chr22	19523024	19527545	CLDN5	0	-	4521
chr1	205042937	205078289	CNTN2	0	+	35352
chr8	132120859	132481095	KCNQ3	0	-	360236
chr4	3766348	3768526	ADRA2C	0	+	2178
chr4	52872982	53366066	SCFD2	0	-	493084
chr17	21376357	21419870	KCNJ12	0	+	43513
chrX	53048789	53080615	GPR173	0	+	31826
chr3	195514428	195543386	PPP1R2	0	-	28958
chrX	53082367	53088540	TSPYL2	0	+	6173
chr15	84235773	84245358	GOLGA6L4	0	+	9585
chr16	2211593	2214840	PGP	0	-	3247
chrX	154010506	154019902	IRAK1	0	-	9396
chr3	99817837	100181732	CMSS1	0	+	363895
chr13	66302834	67230445	PCDH9	0	-	927611
chr11	120211032	120230334	OAF	0	+	19302
chr15	100877714	100916626	ALDH1A3	0	+	38912
chr1	149886918	149887411	H2AC20	0	+	493
chr12	51186936	51218062	POU6F1	0	-	31126
chr15	101621444	101652391	TM2D3	0	-	30947
chr11	2400488	2403878	TSSC4	0	+	3390
chr1	58575433	58577252	TACSTD2	0	-	1819
chr14	29576479	30191898	PRKD1	0	-	615419
chr4	90127394	91605295	CCSER1	0	+	1477901
chr1	153416520	153423222	S100A7A	0	+	6702
chr5	168661733	169301139	SLIT3	0	-	639406
chr5	107376894	107670937	EFNA5	0	-	294043
chr6	27866792	27867588	H1-5	0	-	796
chr11	392614	404908	PKP3	0	+	12294
chrX	20006713	20116907	MAP7D2	0	-	110194
chr1	109910242	109930992	CSF1	0	+	20750
chr3	169766921	169769561	ACTRT3	0	-	2640
chr22	38111495	38214778	PLA2G6	0	-	103283
chr11	95976598	96343195	MAML2	0	-	366597
chr20	62143769	62182514	SS18L1	0	+	38745
chr7	120273175	120750337	KCND2	0	+	477162
chr8	143304384	143359979	TOP1MT	0	-	55595
chr22	20999104	21002196	THAP7	0	-	3092
chr12	122527246	122626396	KNTC1	0	+	99150
chr1	24556087	24609328	NCMAP	0	+	53241
chr22	19875517	19941820	TXNRD2	0	-	66303
chrX	71095851	71103532	FOXO4	0	+	7681
chr8	141391995	141432454	PTP4A3	0	+	40459
chr13	113759226	113816995	TMEM255B	0	+	57769
chr3	93873051	93980003	PROS1	0	-	106952
chrX	102153708	102155977	BEX5	0	-	2269
chr16	75148494	75172236	ZFP1	0	+	23742
chr11	1554051	1572271	DUSP8	0	-	18220
chr17	78356778	78360077	SOCS3	0	-	3299
chr13	85792790	85806683	SLITRK6	0	-	13893
chr12	6618835	6635960	LPAR5	0	-	17125
chr12	64404392	64451125	XPOT	0	+	46733
chr5	139475533	139482935	STING1	0	-	7402
chr1	65792514	66374579	PDE4B	0	+	582065
chr12	44508275	44921848	NELL2	0	-	413573
chr17	8356902	8376704	KRBA2	0	-	19802
chrX	71118543	71144103	MED12	0	+	25560
chr19	19900913	19963464	ZNF93	0	+	62551
chr17	77280569	77500596	SEPTIN9	0	+	220027
chr8	25459199	25507911	CDCA2	0	+	48712
chrX	64185117	64205708	AMER1	0	-	20591
chr1	22428838	22531157	ZBTB40	0	+	102319
chr1	149884459	149886682	H2BC21	0	-	2223
chr16	3014712	3020071	CLDN6	0	-	5359
chr22	19714503	19724224	SEPTIN5	0	+	9721
chr10	88273864	88584530	RNLS	0	-	310666
chr16	28494643	28498964	APOBR	0	+	4321
chr2	38814	46870	FAM110C	0	-	8056
chr11	63624087	63671921	ATL3	0	-	47834
chr12	94895297	95003748	NDUFA12	0	-	108451
chrX	134990991	134992473	SMIM10	0	+	1482
chr6	169740109	169751587	DYNLT2	0	-	11478
chr21	44768580	44801826	UBE2G2	0	-	33246
chrX	85092284	85243911	SATL1	0	-	151627
chr22	30693782	30907824	OSBP2	0	+	214042
chr17	1279662	1300978	TRARG1	0	+	21316
chr18	48026672	48410752	ZBTB7C	0	-	384080
chrX	23833353	23907938	APOO	0	-	74585
chr5	120464300	120687332	PRR16	0	+	223032
chr5	177592203	177597242	TMED9	0	+	5039
chr16	81988855	82011481	SDR42E1	0	-	22626
chr7	155644451	155781485	RBM33	0	+	137034
chrX	101655281	101659850	ARMCX2	0	-	4569
chr3	129314771	129316286	H1-10	0	-	1515
chr2	151247940	151261863	RBM43	0	-	13923
chr21	44805617	44818779	SUMO3	0	-	13162
chr7	110662644	111562517	IMMP2L	0	-	899873
chrX	102125679	102140426	TCEAL2	0	+	14747
chr14	105140982	105168824	JAG2	0	-	27842
chr17	45221444	45247319	FMNL1	0	+	25875
chr10	87225448	87236908	NUTM2A	0	+	11460
chr9	136949551	136955497	LCN12	0	+	5946
chr11	32387775	32435564	WT1	0	-	47789
chr16	68530090	68576072	ZFP90	0	+	45982
chr22	38578118	38656629	FAM227A	0	-	78511
chr11	1012823	1036718	MUC6	0	-	23895
chr12	132144457	132152473	NOC4L	0	+	8016
chr22	18150170	18177397	USP18	0	+	27227
chr22	42085526	42090884	NDUFA6	0	-	5358
chr4	7192538	7742836	SORCS2	0	+	550298
chr14	105526583	105530202	TMEM121	0	+	3619
chr14	104753147	104768494	SIVA1	0	+	15347
chr12	124993645	125031231	BRI3BP	0	+	37586
chr3	75906695	77649964	ROBO2	0	+	1743269
chrX	154835788	155026940	F8	0	-	191152
chr8	85220587	85284073	CA13	0	+	63486
chr20	3107573	3160196	UBOX5	0	-	52623
chr14	105209286	105315589	BRF1	0	-	106303
chr15	90160604	90229679	SEMA4B	0	+	69075
chr12	98726457	99984936	ANKS1B	0	-	1258479
chr4	1982717	2041903	NELFA	0	-	59186
chr20	19212642	19722926	SLC24A3	0	+	510284
chr7	105565120	105600875	EFCAB10	0	-	35755
chr14	85530144	85654428	FLRT2	0	+	124284
chr15	63125872	63158021	RPS27L	0	-	32149
chr1	37793847	37801137	MANEAL	0	+	7290
chr14	104724229	104747325	ADSS1	0	+	23096
chr11	417933	442011	ANO9	0	-	24078
chr1	50437028	50960267	FAF1	0	-	523239
chr3	194685883	194689037	FAM43A	0	+	3154
chr8	144291591	144314720	HSF1	0	+	23129
chr5	140107777	140125619	PURA	0	+	17842
chr22	31122731	31134697	INPP5J	0	+	11966
chr4	155208636	155217078	NPY2R	0	+	8442
chr17	8797110	8799365	MFSD6L	0	-	2255
chr17	32007872	32053504	LRRC37B	0	+	45632
chr12	132136594	132144319	DDX51	0	-	7725
chr16	18417325	18562211	NOMO2	0	-	144886
chr11	405716	417455	SIGIRR	0	-	11739
chr8	143833583	143840973	NRBP2	0	-	7390
chr14	103121476	103137439	TNFAIP2	0	+	15963
chr3	44431705	44477670	ZNF445	0	-	45965
chr1	248906196	248919946	PGBD2	0	+	13750
chrX	103356489	103358462	TCEAL9	0	+	1973
chr19	8389981	8404434	RAB11B	0	+	14453
chr11	20387558	20509338	PRMT3	0	+	121780
chr17	4932277	4935023	GP1BA	0	+	2746
chr14	45084107	45116282	PRPF39	0	+	32175
chr6	109390215	109441171	PPIL6	0	-	50956
chr22	20394115	20408461	ZNF74	0	+	14346
chr5	94150851	94618604	KIAA0825	0	-	467753
chr17	76265348	76271298	UBALD2	0	+	5950
chr21	14216130	14228372	RBM11	0	+	12242
chr7	71132144	71713600	GALNT17	0	+	581456
chr1	173868082	173903549	ZBTB37	0	+	35467
chr7	56114681	56116417	NUPR2	0	-	1736
chrX	1336616	1382689	IL3RA	0	+	46073
chrY	1336616	1382689	IL3RA	0	+	46073
chr17	81666737	81673904	CCDC137	0	+	7167
chr10	79555852	79560407	SFTPA2	0	-	4555
chr2	87755960	87825796	RGPD2	0	-	69836
chr5	53883942	54310582	ARL15	0	-	426640
chr16	89680737	89696354	CDK10	0	+	15617
chr22	29306582	29312785	GAS2L1	0	+	6203
chr12	123712353	123761755	ATP6V0A2	0	+	49402
chr6	161347417	162727775	PRKN	0	-	1380358
chr14	105489855	105499575	TEDC1	0	+	9720
chr13	96090107	96839562	HS6ST3	0	+	749455
chr17	81683326	81703138	HGS	0	+	19812
chr22	50263713	50270767	MAPK11	0	-	7054
chr2	230327184	230403732	SP140L	0	+	76548
chr15	101653596	101724473	TARS3	0	-	70877
chr1	245749342	246507312	SMYD3	0	-	757970
chr12	50923472	50932510	METTL7A	0	+	9038
chr1	24154168	24187959	IFNLR1	0	-	33791
chr15	92617448	92809884	FAM174B	0	-	192436
chr4	89236383	89307800	GPRIN3	0	-	71417
chr12	52446651	52452146	KRT6B	0	-	5495
chr12	102120183	102197520	PARPBP	0	+	77337
chr1	63774017	64181498	ROR1	0	+	407481
chr17	81539885	81553961	FAAP100	0	-	14076
chr11	612553	615983	IRF7	0	-	3430
chr15	91099950	91302565	SV2B	0	+	202615
chr10	50990888	52298423	PRKG1	0	+	1307535
chr15	96325938	96340263	NR2F2	0	+	14325
chr14	100725705	100738224	DLK1	0	+	12519
chr17	1702816	1710377	TLCD2	0	-	7561
chr3	115802363	117139389	LSAMP	0	-	1337026
chr14	104937244	104978374	AHNAK2	0	-	41130
chr9	124777133	124814885	OLFML2A	0	+	37752
chr12	53380176	53416446	SP1	0	+	36270
chr3	49803261	49805030	INKA1	0	+	1769
chr4	705748	770640	PCGF3	0	+	64892
chr3	197960200	198043720	LMLN	0	+	83520
chr17	81843159	81860856	P4HB	0	-	17697
chr11	236966	252984	PSMD13	0	+	16018
chr1	164555584	164899296	PBX1	0	+	343712
chr12	57234903	57240715	NDUFA4L2	0	-	5812
chr15	48823741	48963919	SHC4	0	-	140178
chr12	52821408	52834311	KRT79	0	-	12903
chr14	68787660	68796253	ZFP36L1	0	-	8593
chr22	21549447	21624034	UBE2L3	0	+	74587
chr21	39184176	39321559	BRWD1	0	-	137383
chr12	55954105	55973317	PMEL	0	-	19212
chr16	88677688	88686507	SNAI3	0	-	8819
chr11	62748319	62754184	ZBTB3	0	-	5865
chr22	22547701	22559361	PRAME	0	-	11660
chr8	66562175	66614247	MYBL1	0	-	52072
chr16	22007638	22087534	MOSMO	0	+	79896
chr22	31399604	31530634	DRG1	0	+	131030
chr17	4163821	4263995	ANKFY1	0	-	100174
chr8	63168553	63212786	YTHDF3	0	+	44233
chr8	143289676	143299952	ZNF696	0	+	10276
chrX	40626921	40647561	CXorf38	0	-	20640
chr6	72621792	73198853	KCNQ5	0	+	577061
chr4	20728606	21948772	KCNIP4	0	-	1220166
chr15	78810487	78898139	MORF4L1	0	+	87652
chr19	45782947	45792845	DMWD	0	-	9898
chr8	144333957	144361286	SLC52A2	0	+	27329
chr21	37062846	37073170	PIGP	0	-	10324
chr7	50304068	50405101	IKZF1	0	+	101033
chr17	81900958	81911432	PCYT2	0	-	10474
chr4	2059327	2069089	NAT8L	0	+	9762
chrX	153700492	153724565	BCAP31	0	-	24073
chr17	46516702	46579691	ARL17A	0	-	62989
chr22	19783223	19854939	GNB1L	0	-	71716
chr1	224896262	225399292	DNAH14	0	+	503030
chr16	21834569	21880827	NPIPB4	0	-	46258
chr15	44728988	44767829	TRIM69	0	+	38841
chr13	113297239	113323672	LAMP1	0	+	26433
chr8	43093498	43131180	POMK	0	+	37682
chr16	29742463	29745990	C16orf54	0	-	3527
chr3	49171598	49176486	KLHDC8B	0	+	4888
chr21	36034541	36079389	SETD4	0	-	44848
chr9	95442980	95517057	PTCH1	0	-	74077
chr17	1934677	2025334	RTN4RL1	0	-	90657
chr1	103525691	103555239	RNPC3	0	+	29548
chr16	31873807	31917357	ZNF267	0	+	43550
chr13	109752695	109786583	IRS2	0	-	33888
chr9	92711363	92764833	BICD2	0	-	53470
chrX	155489011	155719098	TMLHE	0	-	230087
chr13	113977783	114132623	RASA3	0	-	154840
chr3	197791226	197888436	LRCH3	0	+	97210
chr1	205381378	205455954	LEMD1	0	-	74576
chr19	36445119	36489902	ZNF566	0	-	44783
chr19	36534774	36605276	ZNF529	0	-	70502
chr1	222668013	222713210	AIDA	0	-	45197
chr15	36579626	36810248	CDIN1	0	+	230622
chr12	52514575	52520530	KRT5	0	-	5955
chr1	108450282	108471920	NBPF6	0	+	21638
chr11	14877440	14892231	CYP2R1	0	-	14791
chr5	62578819	62581446	LRRC70	0	+	2627
chr8	100509752	100559784	ANKRD46	0	-	50032
chr19	3630183	3700468	PIP5K1C	0	-	70285
chr9	122908056	122913323	ZBTB6	0	-	5267
chr2	119302225	119366834	C2orf76	0	-	64609
chr16	78099400	79212667	WWOX	0	+	1113267
chr1	47067231	47118318	CYP4Z1	0	+	51087
chr11	118998138	119015793	CENATAC	0	+	17655
chr13	27620742	27744237	POLR1D	0	+	123495
chr17	44924709	44947773	KIF18B	0	-	23064
chr10	93566665	93604480	FFAR4	0	+	37815
chr9	137062127	137070557	SAPCD2	0	-	8430
chr1	236348257	236502915	EDARADD	0	+	154658
chr19	15673018	15697174	CYP4F12	0	+	24156
chr4	76894152	76898144	SOWAHB	0	-	3992
chr4	6716174	6717664	BLOC1S4	0	+	1490
chr16	14071319	14266773	MRTFB	0	+	195454
chr3	112463966	112499472	BTLA	0	-	35506
chr11	94973709	94999519	KDM4D	0	+	25810
chr2	96021946	96039451	GPAT2	0	-	17505
chr1	179082070	179098023	TOR3A	0	+	15953
chr12	110719680	110742939	PPP1CC	0	-	23259
chr19	2841437	2860471	ZNF555	0	+	19034
chrX	93670930	93673578	NAP1L3	0	-	2648
chr5	145471799	145835369	PRELID2	0	-	363570
chr6	169215780	169254050	THBS2	0	-	38270
chr9	134317098	134440585	RXRA	0	+	123487
chrX	135248920	135344109	ZNF75D	0	-	95189
chr1	47023669	47050751	CYP4X1	0	+	27082
chr17	40818117	40822614	KRT10	0	-	4497
chr17	74609885	74623738	CD300E	0	-	13853
chr1	42463221	42657190	CCDC30	0	+	193969
chrX	119588337	119606443	NKRF	0	-	18106
chr15	51341655	51408005	GLDN	0	+	66350
chr3	160495007	160565571	KPNA4	0	-	70564
chr3	44729596	44737083	ZNF501	0	+	7487
chr3	44584888	44648471	ZNF197	0	+	63583
chrX	73212299	73214851	NAP1L2	0	-	2552
chr14	51826195	51979342	GNG2	0	+	153147
chr6	26365159	26378320	BTN3A2	0	+	13161
chr7	82754012	83162930	PCLO	0	-	408918
chr19	51029092	51035230	KLK12	0	-	6138
chr7	155297776	155310235	INSIG1	0	+	12459
chr18	35366694	35377337	ZNF396	0	-	10643
chr1	27322145	27336400	TMEM222	0	+	14255
chr1	161046946	161069970	ARHGAP30	0	-	23024
chr2	109542799	109614143	SEPTIN10	0	-	71344
chr8	12182096	12194133	FAM86B1	0	-	12037
chr19	15615218	15630639	CYP4F8	0	+	15421
chr19	15640897	15662825	CYP4F3	0	+	21928
chr1	47438044	47440691	FOXD2	0	+	2647
chr17	44395281	44503430	GPATCH8	0	-	108149
chr22	29603556	29698598	NF2	0	+	95042
chr6	34246381	34249108	SMIM29	0	-	2727
chr7	129830732	129952960	UBE2H	0	-	122228
chr1	45326895	45328710	HPDL	0	+	1815
chr6	149594873	149648972	KATNA1	0	-	54099
chr15	82755362	82806070	FSD2	0	-	50708
chr11	72685069	72793599	ARAP1	0	-	108530
chr9	34252380	34329268	KIF24	0	-	76888
chr11	72576141	72674591	PDE2A	0	-	98450
chr14	24052009	24069729	CARMIL3	0	+	17720
chr17	67991099	67996469	C17orf58	0	-	5370
chr12	49836043	49843106	BCDIN3D	0	-	7063
chr2	127183832	127220313	CYP27C1	0	-	36481
chr11	32602721	32794662	CCDC73	0	-	191941
chr22	23179704	23318037	BCR	0	+	138333
chr17	81528377	81537130	FSCN2	0	+	8753
chrX	63347228	63351332	SPIN4	0	-	4104
chrX	57118551	57121548	SPIN2B	0	-	2997
chr3	50292831	50299405	HYAL3	0	-	6574
chr19	51331536	51342139	VSIG10L	0	-	10603
chrX	71615916	71618511	CXCR3	0	-	2595
chr18	35251058	35290245	ZSCAN30	0	-	39187
chr12	113221050	113298585	TPCN1	0	+	77535
chr19	54643889	54670359	LILRB4	0	+	26470
chr1	1211340	1214153	TNFRSF4	0	-	2813
chr17	41609778	41615899	KRT16	0	-	6121
chr17	45148475	45152099	HEXIM1	0	+	3624
chr17	41582279	41586895	KRT14	0	-	4616
chr2	84821650	84907008	TRABD2A	0	-	85358
chr10	101007679	101032295	PDZD7	0	-	24616
chr21	45263928	45287898	POFUT2	0	-	23970
chr17	45894527	46028334	MAPT	0	+	133807
chr2	62500218	62511894	TMEM17	0	-	11676
chr1	1203508	1206592	TNFRSF18	0	-	3084
chr11	57460528	57477534	RTN4RL2	0	+	17006
chr12	76764103	76853696	ZDHHC17	0	+	89593
chr14	94442464	94452800	SERPINA11	0	-	10336
chr22	46150521	46243755	PPARA	0	+	93234
chr5	110289233	110738956	TMEM232	0	-	449723
chr1	43145153	43156396	FAM183A	0	+	11243
chr22	43528744	43812337	EFCAB6	0	-	283593
chr19	8322584	8343262	KANK3	0	-	20678
chr22	29205896	29259597	EMID1	0	+	53701
chr1	6424776	6461367	ESPN	0	+	36591
chr22	37065436	37109713	TMPRSS6	0	-	44277
chr11	61392393	61398866	TMEM216	0	+	6473
chr22	39529093	39532761	RPS19BP1	0	-	3668
chr3	185076838	185153060	C3orf70	0	-	76222
chr11	12674421	12944737	TEAD1	0	+	270316
chr3	38007496	38029642	PLCD1	0	-	22146
chr3	69739456	69968336	MITF	0	+	228880
chr14	73478484	73558947	HEATR4	0	-	80463
chr12	76036585	76084735	NAP1L1	0	-	48150
chr19	54307070	54313166	LILRA5	0	-	6096
chr3	28241584	28325142	CMC1	0	+	83558
chr10	96998038	97185959	SLIT1	0	-	187921
chr2	149329985	149474138	LYPD6	0	+	144153
chr10	4963253	4983283	AKR1C1	0	+	20030
chr1	16387117	16437424	SPATA21	0	-	50307
chr1	44405194	44651724	RNF220	0	+	246530
chr10	116881477	117126586	SHTN1	0	-	245109
chr9	34664163	34666112	ENSG00000187186	0	-	1949
chr19	39984134	40021038	ZNF546	0	+	36904
chr6	116249964	116254075	TSPYL4	0	-	4111
chr16	56682470	56684196	MT1X	0	+	1726
chr2	179101678	179264832	SESTD1	0	-	163154
chr9	129887187	130043194	FNBP1	0	-	156007
chr11	103109410	103479863	DYNC2H1	0	+	370453
chrX	52061827	52069219	MAGED4B	0	-	7392
chr19	44809071	44821421	BCAM	0	+	12350
chr7	77696459	77783022	RSBN1L	0	+	86563
chr3	9866711	9880255	CIDEC	0	-	13544
chrX	78129748	78139650	TAF9B	0	-	9902
chr5	141213919	141218979	PCDHB13	0	+	5060
chr7	78017055	79453667	MAGI2	0	-	1436612
chr11	24496970	25082638	LUZP2	0	+	585668
chr15	41230839	41281887	CHP1	0	+	51048
chr11	43925342	43943878	C11orf96	0	+	18536
chr2	231706895	231713551	PTMA	0	+	6656
chr10	14838306	14871741	HSPA14	0	+	33435
chr3	193274789	193378820	ATP13A5	0	-	104031
chr4	70133616	70176799	PRR27	0	+	43183
chr16	1510427	1612072	IFT140	0	-	101645
chr1	223109404	223143248	TLR5	0	-	33844
chr16	8892097	8975328	USP7	0	-	83231
chr6	18120440	18122677	NHLRC1	0	-	2237
chr1	966482	975865	PLEKHN1	0	+	9383
chr17	42025576	42098479	ZNF385C	0	-	72903
chrX	55452127	55453566	MAGEH1	0	+	1439
chr2	73984910	74108176	TET3	0	+	123266
chr1	1001138	1014540	ISG15	0	+	13402
chr9	137306896	137423211	EXD3	0	-	116315
chr17	410325	431062	C17orf97	0	+	20737
chr6	28241697	28252269	ZKSCAN4	0	-	10572
chr2	86907953	87013976	RGPD1	0	+	106023
chr14	23969874	24006408	DHRS4L2	0	+	36534
chr1	923923	944575	SAMD11	0	+	20652
chr13	31199975	31332276	B3GLCT	0	+	132301
chr5	142310427	142326455	SPRY4	0	-	16028
chr17	16415571	16437003	TRPV2	0	+	21432
chr2	189879609	190203484	C2orf88	0	+	323875
chr15	71096952	71783383	THSD4	0	+	686431
chr1	2019329	2030758	GABRD	0	+	11429
chr1	103745323	103758726	AMY1C	0	+	13403
chr8	53966552	54022456	TCEA1	0	-	55904
chr16	89737549	89816657	FANCA	0	-	79108
chr9	89318500	89359663	SECISBP2	0	+	41163
chr4	99276369	99291003	ADH1A	0	-	14634
chr9	89360787	89498130	SEMA4D	0	-	137343
chr17	78423697	78577396	DNAH17	0	-	153699
chr14	45135930	45200890	FANCM	0	+	64960
chr22	23738682	23751112	ZNF70	0	-	12430
chr9	136361903	136373681	CARD9	0	-	11778
chr1	156893698	156916429	PEAR1	0	+	22731
chr1	40450102	40463718	ZFP69B	0	+	13616
chr1	40477290	40496343	ZFP69	0	+	19053
chr17	10699015	10730023	TMEM220	0	-	31008
chr6	26055740	26056470	H1-2	0	-	730
chr8	38030534	38060365	EIF4EBP1	0	+	29831
chr19	14053363	14062076	PALM3	0	-	8713
chr1	56718789	56819696	FYB2	0	-	100907
chr10	122560665	122643736	DMBT1	0	+	83071
chr8	144449582	144465667	CYHR1	0	-	16085
chr8	120059780	120373573	COL14A1	0	+	313793
chr2	229357629	229714555	DNER	0	-	356926
chr17	73248449	73262352	CPSF4L	0	-	13903
chr1	960584	965719	KLHL17	0	+	5135
chr19	38867830	38878275	RINL	0	-	10445
chr3	188947214	189325304	TPRG1	0	+	378090
chrX	56563627	56567868	UBQLN2	0	+	4241
chr12	123470054	123533719	RILPL1	0	-	63665
chr19	12576100	12640098	ZNF490	0	-	63998
chr19	16719847	16817963	NWD1	0	+	98116
chr2	234493041	234497081	ARL4C	0	-	4040
chr22	45920366	45977162	WNT7B	0	-	56796
chr11	63759892	63768775	ZFTA	0	-	8883
chr1	147928393	147993592	GPR89B	0	+	65199
chr15	89760591	89778754	MESP2	0	+	18163
chr6	63719980	65707226	EYS	0	-	1987246
chr6	42101119	42142620	C6orf132	0	-	41501
chr22	50245450	50261716	MAPK12	0	-	16266
chrX	108439838	108697545	COL4A5	0	+	257707
chr1	1020120	1056118	AGRN	0	+	35998
chrX	17375200	17735994	NHS	0	+	360794
chr9	137243584	137247770	FAM166A	0	-	4186
chr19	20619939	20661596	ZNF626	0	-	41657
chr7	93188534	93226469	HEPACAM2	0	-	37935
chr2	112275597	112340063	ZC3H6	0	+	64466
chr7	100148912	100155944	LAMTOR4	0	+	7032
chr7	549197	727650	PRKAR1B	0	-	178453
chr10	79703227	79714681	NUTM2B	0	+	11454
chr11	17351800	17377341	NCR3LG1	0	+	25541
chr16	20854925	20900358	DCUN1D3	0	-	45433
chr19	35745678	35754519	ENSG00000188223	0	+	8841
chr19	37506939	37548762	ZNF793	0	+	41823
chr10	45825594	45853875	AGAP4	0	-	28281
chr13	75525214	75549439	COMMD6	0	-	24225
chr1	19975431	19980416	PLA2G2A	0	-	4985
chr15	78507564	78537372	HYKK	0	+	29808
chr2	218034960	218090581	RUFY4	0	+	55621
chr1	998962	1000172	HES4	0	-	1210
chr1	247099962	247104372	ZNF669	0	-	4410
chr9	92325953	92620529	CENPP	0	+	294576
chr3	146515180	146544856	PLSCR1	0	-	29676
chr16	28259246	28323849	SBK1	0	+	64603
chr3	50205246	50221486	SLC38A3	0	+	16240
chr13	45120510	45284893	GTF2F2	0	+	164383
chr8	93698561	93731527	CIBAR1	0	+	32966
chr9	20658309	20995955	FOCAD	0	+	337646
chr19	42302098	42310814	PRR19	0	+	8716
chr7	76397518	76442071	ZP3	0	+	44553
chr12	31791185	31792298	H3-5	0	-	1113
chr10	132036336	132184858	JAKMIP3	0	+	148522
chr2	241849884	241858894	PDCD1	0	-	9010
chrX	85861180	86047561	CHM	0	-	186381
chr2	181535041	181680665	CERKL	0	-	145624
chr11	119093874	119095465	H2AX	0	-	1591
chr19	39196964	39201884	NCCRP1	0	+	4920
chr19	35487324	35495558	KRTDAP	0	-	8234
chr4	108808725	109302752	COL25A1	0	-	494027
chr1	23964347	23980927	SRSF10	0	-	16580
chr16	172876	173710	HBA2	0	+	834
chr15	40331452	40340939	CCDC9B	0	-	9487
chr17	43170481	43211689	NBR1	0	+	41208
chr20	20389530	20712644	RALGAPA2	0	-	323114
chr9	137205685	137219361	NDOR1	0	+	13676
chr5	168529305	168530634	FBLL1	0	+	1329
chr12	96489571	96875555	CFAP54	0	+	385984
chr10	50182778	50279720	ASAH2	0	-	96942
chr22	44492583	44498233	RTL6	0	-	5650
chr1	97077743	97995000	DPYD	0	-	917257
chr1	153606886	153613145	S100A16	0	-	6259
chr9	69709522	69760011	PTAR1	0	-	50489
chr15	82262810	82284930	SAXO2	0	+	22120
chr1	25362249	25430192	RHCE	0	-	67943
chr22	43999211	44172939	PARVB	0	+	173728
chr10	125784980	125823258	UROS	0	-	38278
chrX	129803288	129843909	ZDHHC9	0	-	40621
chr5	61157704	61162468	SMIM15	0	-	4764
chr7	23680130	23703249	FAM221A	0	+	23119
chr12	121712752	121783001	TMEM120B	0	+	70249
chr2	185738804	185833290	FSIP2	0	+	94486
chr9	137423350	137434406	NOXA1	0	+	11056
chr2	219543663	219550595	TMEM198	0	+	6932
chr7	73433778	73436120	FZD9	0	+	2342
chr19	38388421	38399587	SPRED3	0	+	11166
chr1	203475806	203491352	PRELP	0	+	15546
chr1	37809574	37859592	MTF1	0	-	50018
chr17	11241213	11564063	SHISA6	0	+	322850
chr1	9588911	9614877	TMEM201	0	+	25966
chr13	39038306	39050109	NHLRC3	0	+	11803
chr5	795605	858973	ZDHHC11	0	-	63368
chr6	116461370	116463771	CALHM6	0	+	2401
chr16	3581181	3611606	SLX4	0	-	30425
chr3	40457292	40468587	RPL14	0	+	11295
chr1	166057426	166167001	FAM78B	0	-	109575
chr19	12317477	12333720	ZNF563	0	-	16243
chr15	81331088	81374213	TMC3	0	-	43125
chr17	75909574	75941140	FBF1	0	-	31566
chr7	139452690	139483673	KLRG2	0	-	30983
chr17	40121971	40136917	MSL1	0	+	14946
chr12	40196744	40369285	LRRK2	0	+	172541
chrX	101009346	101052116	TRMT2B	0	-	42770
chr9	20999509	21031640	HACD4	0	-	32131
chr1	161364733	161367876	CFAP126	0	-	3143
chr9	110190048	110208159	C9orf152	0	-	18111
chr9	137255327	137273542	NELFB	0	+	18215
chr6	87152833	87265943	ZNF292	0	+	113110
chr11	78171249	78188626	KCTD21	0	-	17377
chr19	35523367	35528351	SBSN	0	-	4984
chr6	143422832	143450695	ADAT2	0	-	27863
chr7	10931943	10940153	NDUFA4	0	-	8210
chr12	109088188	109093631	ALKBH2	0	-	5443
chr17	59952240	59964761	RNFT1	0	-	12521
chr7	103471381	103989658	RELN	0	-	518277
chr11	59107185	59127412	FAM111B	0	+	20227
chr3	195568705	195584033	APOD	0	-	15328
chr22	37805229	37807432	H1-0	0	+	2203
chrX	49589496	49596824	GAGE2A	0	+	7328
chr16	11547722	11636381	LITAF	0	-	88659
chr12	45729706	45908040	ARID2	0	+	178334
chr16	70523791	70577670	SF3B3	0	+	53879
chr17	47844908	47855874	SP6	0	-	10966
chr10	80131682	80145359	PLAC9	0	+	13677
chr7	73799542	73832690	CLDN4	0	+	33148
chr19	37735833	37817300	ZNF573	0	-	81467
chr17	75135248	75168281	JPT1	0	-	33033
chr19	37371061	37393066	ZNF527	0	+	22005
chr1	153618787	153631360	S100A13	0	-	12573
chr10	38010650	38065088	ZNF33A	0	+	54438
chr4	137518918	137532494	PCDH18	0	-	13576
chr19	52749942	52786807	ZNF600	0	-	36865
chr1	92080305	92184725	BTBD8	0	+	104420
chrX	43654907	43746817	MAOA	0	+	91910
chr15	67521131	67530146	C15orf61	0	+	9015
chr1	23956839	23963462	PNRC2	0	+	6623
chr3	59747277	61251459	FHIT	0	-	1504182
chr22	42508344	42519796	RRP7A	0	-	11452
chr4	82909973	83012926	LIN54	0	-	102953
chr1	153614255	153616986	S100A14	0	-	2731
chr1	13892792	15118043	KAZN	0	+	1225251
chr1	1659529	1692795	SLC35E2B	0	-	33266
chrX	51743442	51746232	GSPT2	0	+	2790
chr19	42428278	42442946	CXCL17	0	-	14668
chr13	30456704	30617597	HMGB1	0	-	160893
chrX	153411472	153426481	ZFP92	0	+	15009
chr11	13009316	13012119	RASSF10	0	+	2803
chr10	100273280	100286680	BLOC1S2	0	-	13400
chr20	59863564	59933655	SYCP2	0	-	70091
chr3	190514051	190659750	IL1RAP	0	+	145699
chr20	42072752	43189970	PTPRT	0	-	1117218
chr12	101568353	101686028	MYBPC1	0	+	117675
chr9	36833269	37034268	PAX5	0	-	200999
chr19	22179089	22215801	ZNF676	0	-	36712
chr19	9291140	9309838	ZNF699	0	-	18698
chr9	97412096	97496125	TDRD7	0	+	84029
chr16	67175599	67184040	KIAA0895L	0	-	8441
chr6	32578769	32589848	HLA-DRB1	0	-	11079
chr20	64102394	64242253	MYT1	0	+	139859
chr10	5035354	5107686	AKR1C3	0	+	72332
chr2	200305881	200482264	SPATS2L	0	+	176383
chr8	144876497	144902168	ZNF250	0	-	25671
chr2	159235798	159286703	WDSUB1	0	-	50905
chr9	127424374	127445372	ZNF79	0	+	20998
chr1	153543613	153550136	S100A4	0	-	6523
chr4	125314918	125492932	FAT4	0	+	178014
chr17	74326210	74355820	KIF19	0	+	29610
chr19	23739195	23758891	ZNF681	0	-	19696
chr10	123008979	123058290	ACADSB	0	+	49311
chr1	36339624	36385924	STK40	0	-	46300
chr1	225845536	225882380	TMEM63A	0	-	36844
chr1	156147366	156177752	SEMA4A	0	+	30386
chr9	35906202	35907136	HRCT1	0	+	934
chr13	19633659	19673441	MPHOSPH8	0	+	39782
chr2	11482341	11642788	GREB1	0	+	160447
chr19	52269587	52296046	ZNF766	0	+	26459
chr19	38433691	38595273	RYR1	0	+	161582
chr3	8980591	9363053	SRGAP3	0	-	382462
chr20	59933764	59948680	FAM217B	0	+	14916
chr2	108239968	108265351	SULT1C3	0	+	25383
chr10	96832254	96995956	LCOR	0	+	163702
chr19	39436156	39476670	SUPT5H	0	+	40514
chr22	40857077	40932815	XPNPEP3	0	+	75738
chr7	64666099	64711577	ZNF107	0	+	45478
chr7	44796680	44824564	PPIA	0	+	27884
chr19	56507850	56530221	ZNF471	0	+	22371
chr19	52153864	52171643	ZNF836	0	-	17779
chr6	44809317	45377953	SUPT3H	0	-	568636
chr2	200889327	200903938	NIF3L1	0	+	14611
chr9	92210207	92293854	IARS1	0	-	83647
chr7	72879349	72951440	POM121	0	+	72091
chr11	130226677	130314917	ZBTB44	0	-	88240
chr7	150722253	150750033	GIMAP5	0	+	27780
chrX	71144821	71175255	NLGN3	0	+	30434
chr1	207321532	207386804	CD55	0	+	65272
chr19	36182276	36246257	ZNF565	0	-	63981
chr9	132162058	132244526	NTNG2	0	+	82468
chr9	134135365	134159968	WDR5	0	+	24603
chr19	5691834	5720572	LONP1	0	-	28738
chr7	98877933	99050831	TRRAP	0	+	172898
chrX	51490011	51496592	NUDT11	0	-	6581
chr1	144887265	145095528	SRGAP2B	0	-	208263
chr10	5638867	5666595	ASB13	0	-	27728
chr8	144772224	144787345	ZNF34	0	-	15121
chr12	133080474	133107526	ZNF140	0	+	27052
chr17	4988130	4997610	INCA1	0	-	9480
chr15	90352284	90369146	ZNF774	0	+	16862
chr20	50510321	50585241	PTPN1	0	+	74920
chr14	99971449	100144236	EVL	0	+	172787
chr1	151847101	151853712	THEM5	0	-	6611
chr19	53389793	53430413	ZNF765	0	+	40620
chr1	247121975	247172020	ZNF124	0	-	50045
chr22	41621163	41664048	XRCC6	0	+	42885
chr20	64034344	64039962	C20orf204	0	+	5618
chr9	135479079	135488893	PPP1R26	0	+	9814
chr1	108222464	108244081	NBPF4	0	-	21617
chr3	150408298	150466422	TSC22D2	0	+	58124
chr16	74376306	74392115	NPIPB15	0	+	15809
chr19	37411155	37469275	ZNF569	0	-	58120
chrX	101418287	101533459	ARMCX4	0	+	115172
chr1	37802945	37808208	YRDC	0	-	5263
chr7	149431363	149461062	ZNF777	0	-	29699
chr3	130678934	130746829	PIK3R4	0	-	67895
chr7	150368790	150398630	ZNF775	0	+	29840
chrX	13712244	13734635	TRAPPC2	0	-	22391
chr12	56152256	56159647	MYL6B	0	+	7391
chr20	270863	290778	C20orf96	0	-	19915
chr1	216503246	217137755	ESRRG	0	-	634509
chr12	124324415	124567589	NCOR2	0	-	243174
chr4	56505209	56524959	ARL9	0	+	19750
chr2	152651593	152717997	PRPF40A	0	-	66404
chr1	117863485	117929621	GDAP2	0	-	66136
chrX	103607451	103629690	TCEAL3	0	+	22239
chr12	110372900	110403730	ANAPC7	0	-	30830
chr7	144451941	144836395	TPK1	0	-	384454
chr1	43991500	44031467	SLC6A9	0	-	39967
chr4	7758714	7939926	AFAP1	0	-	181212
chr17	29071122	29180398	MYO18A	0	-	109276
chr3	161344798	161372880	SPTSSB	0	-	28082
chr17	8188345	8190180	BORCS6	0	-	1835
chr15	90902218	90922584	MAN2A2	0	+	20366
chr3	155024124	155183704	MME	0	+	159580
chr16	1153106	1221771	CACNA1H	0	+	68665
chr6	128883138	129516566	LAMA2	0	+	633428
chr22	50274979	50307646	PLXNB2	0	-	32667
chr1	4654609	4792534	AJAP1	0	+	137925
chr7	152644776	152676141	XRCC2	0	-	31365
chr6	75749201	75919537	MYO6	0	+	170336
chr22	40410281	40636719	MRTFA	0	-	226438
chr6	113933028	114011308	HDAC2	0	-	78280
chr9	96816269	96875623	ZNF782	0	-	59354
chr2	130073535	130129222	POTEF	0	-	55687
chr19	9751993	9793180	ZNF846	0	-	41187
chr11	102789401	102798160	MMP1	0	-	8759
chr4	99304971	99352760	ADH1B	0	-	47789
chr4	68646597	68670652	UGT2B15	0	-	24055
chr18	55222185	55664787	TCF4	0	-	442602
chrX	54192823	54358642	WNK3	0	-	165819
chr7	97117698	97181763	SDHAF3	0	+	64065
chr3	11137093	11263557	HRH1	0	+	126464
chr9	136807943	136841187	RABL6	0	+	33244
chr19	12163064	12189871	ZNF136	0	+	26807
chr3	44712643	44723831	ZNF502	0	+	11188
chr14	102362941	102502477	TECPR2	0	+	139536
chrX	12867072	12890361	TLR7	0	+	23289
chr5	180847611	180861285	ZFP62	0	-	13674
chr7	22812628	22822849	TOMM7	0	-	10221
chr19	16134028	16158575	HSH2D	0	+	24547
chr10	42574185	42638570	ZNF33B	0	-	64385
chr20	63956704	63969930	ZNF512B	0	-	13226
chr17	68205481	68257712	AMZ2	0	+	52231
chr19	21142024	21196053	ZNF431	0	+	54029
chr17	31094927	31382116	NF1	0	+	287189
chr7	65873074	65959563	VKORC1L1	0	+	86489
chr19	57921882	57935402	ZNF418	0	-	13520
chr9	87497228	87708634	DAPK1	0	+	211406
chr6	32628179	32647062	HLA-DQA1	0	+	18883
chr9	114155537	114312511	COL27A1	0	+	156974
chr5	151212150	151270440	GM2A	0	+	58290
chr6	27808173	27808667	H2AC13	0	+	494
chr6	35776594	35779552	CLPSL2	0	+	2958
chr1	153561108	153567890	S100A2	0	-	6782
chr3	108043091	108091862	CD47	0	-	48771
chr9	81583683	81689547	TLE1	0	-	105864
chr4	139716753	140154184	MAML3	0	-	437431
chr6	27133043	27133535	H2AC11	0	+	492
chr14	30893799	31026401	STRN3	0	-	132602
chr10	43556344	43574618	ZNF239	0	-	18274
chr6	28107689	28130082	ZSCAN16	0	+	22393
chr9	126326829	126507041	MVB12B	0	+	180212
chr6	34587288	34696859	ILRUN	0	-	109571
chr19	12461559	12551474	ENSG00000196826	0	-	89915
chr2	130459455	130509707	POTEI	0	-	50252
chr2	96536743	96552634	ARID5A	0	+	15891
chr12	110533245	110583318	PPTC7	0	-	50073
chr2	107826892	107892544	RGPD4	0	+	65652
chr10	113854661	113917194	NHLRC2	0	+	62533
chr19	56538948	56556808	ZFP28	0	+	17860
chr2	98793846	98936259	CRACDL	0	-	142413
chr9	68232003	68300035	CBWD3	0	+	68032
chr12	51590266	51812864	SCN8A	0	+	222598
chr1	209614870	209652425	LAMB3	0	-	37555
chr1	228458103	228463104	H2BU1	0	+	5001
chr6	116681187	116741867	KPNA5	0	+	60680
chr2	97492663	97589877	ANKRD36B	0	-	97214
chr11	120336413	120489937	ARHGEF12	0	+	153524
chr12	122726076	122730844	HCAR1	0	-	4768
chr5	177483394	177497606	PDLIM7	0	-	14212
chrX	154348524	154374634	FLNA	0	-	26110
chr10	61406642	61453381	TMEM26	0	-	46739
chr12	63844700	64162217	SRGAP1	0	+	317517
chr7	121348878	121396364	FAM3C	0	-	47486
chr14	24299850	24309124	NOP9	0	+	9274
chr2	195575977	195737702	SLC39A10	0	+	161725
chr11	104942866	104969366	CASP4	0	-	26500
chr19	49767001	49807114	AP2A1	0	+	40113
chr10	73772276	73780251	FUT11	0	+	7975
chrX	135094985	135098712	SMIM10L2B	0	-	3727
chr16	28751787	28772807	NPIPB9	0	+	21020
chrX	49074433	49101170	WDR45	0	-	26737
chr16	21597218	21657471	METTL9	0	+	60253
chr7	64794388	64833681	ZNF138	0	+	39293
chr19	21496682	21556270	ZNF429	0	+	59588
chr19	56567468	56588911	ZNF470	0	+	21443
chr19	40421589	40425992	SERTAD1	0	-	4403
chr19	21722771	21767579	ZNF100	0	-	44808
chrX	149929527	149938700	EOLA2	0	-	9173
chr7	149126416	149183042	ZNF398	0	+	56626
chr7	99616946	99632408	ZSCAN25	0	+	15462
chr5	151100706	151157785	ANXA6	0	-	57079
chr19	11767000	11784078	ZNF441	0	+	17078
chr14	54474484	54489026	GMFB	0	-	14542
chr18	45825675	45844094	SIGLEC15	0	+	18419
chr19	37007857	37130368	ZNF420	0	+	122511
chr1	35032172	35115859	ZMYM1	0	+	83687
chr17	81918270	81927735	MAFG	0	-	9465
chr9	137605685	137615360	ARRDC1	0	+	9675
chr22	24952716	25197448	KIAA1671	0	+	244732
chr6	159969082	160113507	IGF2R	0	+	144425
chr7	100159244	100168617	GAL3ST4	0	-	9373
chr14	101964573	102056443	DYNC1H1	0	+	91870
chr1	110150494	110202202	SLC6A17	0	+	51708
chr12	53452102	53481162	PCBP2	0	+	29060
chr14	100291116	100306547	SLC25A29	0	-	15431
chr2	196833004	196927796	PGAP1	0	-	94792
chr20	37344685	37406050	SRC	0	+	61365
chr19	19997058	20039505	ZNF682	0	-	42447
chr19	57466663	57477570	ZNF772	0	-	10907
chr19	22052430	22091480	ZNF257	0	+	39050
chr11	65615776	65637439	PCNX3	0	+	21663
chr8	39106990	39284917	ADAM32	0	+	177927
chr10	112374116	112428379	ACSL5	0	+	54263
chr1	89524829	89597861	LRRC8B	0	+	73032
chr7	151028422	151047782	ABCB8	0	+	19360
chr6	27890315	27893106	H3C12	0	-	2791
chr7	127652194	128092609	SND1	0	+	440415
chr16	30573740	30585769	ZNF785	0	-	12029
chr13	52033611	52129092	NEK5	0	-	95481
chr17	67337916	67366605	PSMD12	0	-	28689
chrX	152766136	152769716	MAGEA6	0	-	3580
chr8	22275316	22357568	PIWIL2	0	+	82252
chr20	32443059	32585333	NOL4L	0	-	142274
chr9	137224635	137226315	CYSRT1	0	+	1680
chr2	68041130	68110948	C1D	0	-	69818
chr5	179862066	179907897	TBC1D9B	0	-	45831
chr6	27824092	27824480	H4C11	0	+	388
chr1	26159079	26163962	FAM110D	0	+	4883
chr14	94376747	94390693	SERPINA1	0	-	13946
chr16	1227272	1230184	TPSB2	0	-	2912
chr19	11164270	11197791	KANK2	0	-	33521
chr6	49550666	49561907	C6orf141	0	+	11241
chr8	30578318	30658236	GTF2E2	0	-	79918
chr8	94371960	94475115	RAD54B	0	-	103155
chr6	28080568	28089563	ZNF165	0	+	8995
chr6	33419661	33453689	SYNGAP1	0	+	34028
chr20	44302840	44311202	FITM2	0	-	8362
chr15	90717346	90816166	BLM	0	+	98820
chr16	31713229	31794869	ZNF720	0	+	81640
chr1	15617458	15669044	DDI2	0	+	51586
chr10	29457338	29736959	SVIL	0	-	279621
chr1	114392790	114511203	TRIM33	0	-	118413
chr14	22871740	22881713	LRP10	0	+	9973
chr2	64092652	64144420	PELI1	0	-	51768
chr11	68891276	68903835	MRPL21	0	-	12559
chr9	137077517	137084539	UAP1L1	0	+	7022
chr19	22391019	22532485	ZNF98	0	-	141466
chr15	63597353	63602428	FBXL22	0	+	5075
chr7	149069641	149090782	ZNF786	0	-	21141
chr8	144798876	144811169	ZNF517	0	+	12293
chr19	23525631	23687220	ZNF675	0	-	161589
chr5	132369710	132395613	SLC22A5	0	+	25903
chr19	46647551	46661182	DACT3	0	-	13631
chr21	45073853	45226560	ADARB1	0	+	152707
chr4	3041363	3243957	HTT	0	+	202594
chr19	47290023	47322066	C5AR1	0	+	32043
chr14	101561351	101563452	DIO3	0	+	2101
chr19	40991282	41018398	CYP2B6	0	+	27116
chr4	154231742	154491799	DCHS2	0	-	260057
chr3	157259742	157533619	VEPH1	0	-	273877
chr1	45694324	45750653	IPP	0	-	56329
chr6	136557046	136792477	MAP3K5	0	-	235431
chr10	49734641	49762379	OGDHL	0	-	27738
chr7	143244093	143270854	GSTK1	0	+	26761
chr20	63639705	63657682	STMN3	0	-	17977
chr7	497258	520296	PDGFA	0	-	23038
chr10	69801880	69964275	COL13A1	0	+	162395
chr5	141199610	141203779	PCDHB11	0	+	4169
chr19	55476617	55484487	ZNF628	0	+	7870
chr20	46709649	46736347	SLC2A10	0	+	26698
chr19	53159213	53193386	ZNF665	0	-	34173
chr6	110982015	111028263	RPF2	0	+	46248
chr9	84275457	84340758	SLC28A3	0	-	65301
chr1	222737202	222751004	FAM177B	0	+	13802
chr1	1615454	1630605	MIB2	0	+	15151
chr15	52307281	52529132	MYO5A	0	-	221851
chr19	544034	549924	GZMM	0	+	5890
chr3	11272309	11557665	ATG7	0	+	285356
chr14	71320449	71741229	SIPA1L1	0	+	420780
chr2	177612999	177618742	TTC30A	0	-	5743
chr16	589357	629272	RAB40C	0	+	39915
chr18	61905255	62187118	PIGN	0	-	281863
chrX	108155607	108439497	COL4A6	0	-	283890
chr17	16620734	16653856	ZNF624	0	-	33122
chr20	25195693	25228075	ENTPD6	0	+	32382
chr6	131808016	131895155	ENPP1	0	+	87139
chr16	1434383	1444556	CCDC154	0	-	10173
chr11	13668668	13732346	FAR1	0	+	63678
chr5	37106228	37249376	CPLANE1	0	-	143148
chr12	8637346	8662888	MFAP5	0	-	25542
chr19	51991332	52008230	ZNF615	0	-	16898
chr1	151050971	151070325	CDC42SE1	0	-	19354
chr2	161992245	162074394	DPP4	0	-	82149
chr9	5510531	5571282	PDCD1LG2	0	+	60751
chr12	123762188	123935720	DNAH10	0	+	173532
chr9	128552558	128633662	SPTAN1	0	+	81104
chr15	84655129	84658563	NMB	0	-	3434
chr11	12377563	12535356	PARVA	0	+	157793
chr18	32672673	32773023	KLHL14	0	-	100350
chr4	38867677	38945739	FAM114A1	0	+	78062
chr19	57280051	57294069	ZNF460	0	+	14018
chr9	93576584	93679587	PHF2	0	+	103003
chr12	56041351	56044697	RPS26	0	+	3346
chr10	71816298	71851251	PSAP	0	-	34953
chr1	151982915	151993859	S100A10	0	-	10944
chr10	104129888	104232364	CFAP43	0	-	102476
chr2	216498825	216579180	RPL37A	0	+	80355
chr3	126571779	126655124	TXNRD3	0	-	83345
chr19	859664	863641	CFD	0	+	3977
chr10	119829404	119892556	MCMBP	0	-	63152
chr14	49693105	49753150	KLHDC1	0	+	60045
chrX	47836902	48002561	ZNF81	0	+	165659
chr1	109062496	109076012	TAF13	0	-	13516
chr19	40069152	40090943	ZNF780A	0	-	21791
chr1	1512162	1534685	ATAD3A	0	+	22523
chr11	126211724	126262984	FAM118B	0	+	51260
chr19	36636618	36666853	ZNF461	0	-	30235
chr9	97307304	97378751	CCDC180	0	+	71447
chr20	49812713	49892242	SLC9A8	0	+	79529
chr5	69492292	69558104	OCLN	0	+	65812
chr12	14767999	14771131	H4-16	0	-	3132
chr19	41088451	41096195	CYP2A13	0	+	7744
chr19	34734155	34745378	ZNF181	0	+	11223
chr19	12224686	12294883	ZNF44	0	-	70197
chr8	144082590	144086216	GPAA1	0	+	3626
chr9	133532164	133575519	ADAMTSL2	0	+	43355
chr2	16549459	16666331	CYRIA	0	-	116872
chr17	1464186	1492686	MYO1C	0	-	28500
chr4	68537173	68576413	UGT2B17	0	-	39240
chr8	29067278	29263124	KIF13B	0	-	195846
chr4	99070978	99088801	ADH5	0	-	17823
chr6	27146361	27146855	H2BC12	0	-	494
chr12	2959330	3040676	TEAD4	0	+	81346
chr16	89490719	89557766	SPG7	0	+	67047
chr19	53235381	53254898	ZNF677	0	-	19517
chr14	52639915	52695900	ERO1A	0	-	55985
chr19	11721265	11739009	ZNF823	0	-	17744
chr6	28994785	29005316	ZNF311	0	-	10531
chr19	53124072	53159075	ZNF347	0	-	35003
chr16	81739097	81962685	PLCG2	0	+	223588
chr5	141639302	141651418	FCHSD1	0	-	12116
chr19	56595300	56626481	ZNF71	0	+	31181
chr1	153534599	153536244	S100A6	0	-	1645
chr9	127447674	127451406	RPL12	0	-	3732
chr1	171817887	172418466	DNM3	0	+	600579
chr19	9560329	9584504	ZNF121	0	-	24175
chr1	167721192	167791919	MPZL1	0	+	70727
chr9	77177445	77421537	VPS13A	0	+	244092
chr18	76978827	77133683	MBP	0	-	154856
chrX	1591604	1602520	AKAP17A	0	+	10916
chrY	1591604	1602520	AKAP17A	0	+	10916
chr6	10980759	11044305	ELOVL2	0	-	63546
chr15	82429816	82439153	GOLGA6L9	0	+	9337
chr3	156825481	157046129	LEKR1	0	+	220648
chr13	61409858	61427849	ENSG00000197991	0	-	17991
chr9	92297358	92325636	NOL8	0	-	28278
chr12	43758944	43789543	IRAK4	0	+	30599
chr12	93467514	93516214	MRPL42	0	+	48700
chr1	121087345	121097161	FCGR1B	0	+	9816
chr20	45948660	45972203	ZNF335	0	-	23543
chr7	64870172	64930981	ZNF273	0	+	60809
chr12	133037292	133063304	ZNF84	0	+	26012
chr19	56439325	56478065	ZNF667	0	-	38740
chr20	1894167	1940592	SIRPA	0	+	46425
chr5	177403204	177442901	GRK6	0	+	39697
chr10	92291167	92353964	MARCHF5	0	+	62797
chr16	30222937	30254510	NPIPB13	0	-	31573
chr7	134527567	134541412	AKR1B10	0	+	13845
chr2	108377911	108388989	SULT1C4	0	+	11078
chr18	5289019	5297053	ZBTB14	0	-	8034
chr6	47477789	47627263	CD2AP	0	+	149474
chrX	107123427	107206433	NUP62CL	0	-	83006
chr10	37776526	37858106	ZNF248	0	-	81580
chr5	129904465	130186634	CHSY3	0	+	282169
chr9	137277726	137282641	TOR4A	0	+	4915
chr9	110873263	111038470	LPAR1	0	-	165207
chr22	35606764	35637951	MB	0	-	31187
chr14	67447084	67533739	TMEM229B	0	-	86655
chr2	109614364	109618990	SOWAHC	0	+	4626
chr15	34978341	34988287	ZNF770	0	-	9946
chr16	28342555	28363508	NPIPB6	0	-	20953
chrX	81113699	81201913	HMGN5	0	-	88214
chr1	66924895	66988619	MIER1	0	+	63724
chr1	117367449	117528872	MAN1A2	0	+	161423
chr11	22813799	22830299	SVIP	0	-	16500
chr8	144720907	144756417	ZNF251	0	-	35510
chr20	3190350	3204685	DDRGK1	0	-	14335
chr13	113584721	113641473	TFDP1	0	+	56752
chr19	37696371	37719761	ZNF607	0	-	23390
chr20	33235995	33243311	BPIFA1	0	+	7316
chr20	46499630	46513559	ZNF334	0	-	13929
chr4	87336515	87391188	HSD17B11	0	-	54673
chr1	43389882	43454247	SZT2	0	+	64365
chr2	108288639	108309915	SULT1C2	0	+	21276
chrX	57905430	57910458	ZXDA	0	-	5028
chr14	74903951	74923302	RPS6KL1	0	-	19351
chr3	49029707	49094363	QRICH1	0	-	64656
chrX	1268800	1310381	CSF2RA	0	+	41581
chrY	1268800	1310381	CSF2RA	0	+	41581
chr6	63211446	63213024	FKBP1C	0	+	1578
chr17	63773603	63819317	DDX42	0	+	45714
chr17	28719985	28724359	RPL23A	0	+	4374
chr10	71319259	71381423	SLC29A3	0	+	62164
chr14	52730166	52774989	STYX	0	+	44823
chr19	9827892	9830115	UBL5	0	+	2223
chr17	67070444	67245989	HELZ	0	-	175545
chr12	111931282	112013185	TMEM116	0	-	81903
chr20	63939829	63956416	UCKL1	0	-	16587
chr7	2906142	3043867	CARD11	0	-	137725
chr10	43606419	43617904	ZNF485	0	+	11485
chr4	75940950	75990962	SDAD1	0	-	50012
chr6	28141883	28159460	ZKSCAN8	0	+	17577
chr12	111360651	111369121	PHETA1	0	-	8470
chr11	125883614	125900646	HYLS1	0	+	17032
chr19	12345944	12365905	ZNF442	0	-	19961
chr19	53467733	53496255	ZNF813	0	+	28522
chr22	49960768	49964072	PIM3	0	+	3304
chr19	12737139	12748323	GET3	0	+	11184
chr2	65310851	65432637	SPRED2	0	-	121786
chr16	69762328	69941741	WWP2	0	+	179413
chr2	69319780	69387250	GFPT1	0	-	67470
chr11	75815210	76144232	UVRAG	0	+	329022
chr12	132986365	133032952	ZNF26	0	+	46587
chr2	24202864	24360536	ITSN2	0	-	157672
chr10	101784443	101818465	OGA	0	-	34022
chr16	56657731	56660698	MT1F	0	+	2967
chr7	143851375	143902198	TCAF1	0	-	50823
chr19	11887782	11914329	ZNF69	0	+	26547
chr12	104215779	104350307	TXNRD1	0	+	134528
chr9	137299631	137302271	NRARP	0	-	2640
chr19	56397966	56436035	ZNF583	0	+	38069
chr19	36916329	36998700	ZNF568	0	+	82371
chrX	57592011	57597477	ZXDB	0	+	5466
chr19	52297169	52325922	ZNF480	0	+	28753
chr9	35681992	35690056	TPM2	0	-	8064
chr6	79631329	79703655	SH3BGRL2	0	+	72326
chr19	52527652	52564464	ZNF808	0	+	36812
chr1	145866560	145885866	ANKRD35	0	-	19306
chr1	28736621	28769775	YTHDF2	0	+	33154
chr4	163494442	163520539	TMA16	0	+	26097
chr6	32517353	32530287	HLA-DRB5	0	-	12934
chr1	44674692	44725591	ARMH1	0	+	50899
chr19	21804946	21852125	ZNF43	0	-	47179
chr2	27628247	27651511	GPN1	0	+	23264
chr15	62066977	62070917	C2CD4A	0	+	3940
chr19	52797408	52857600	ZNF28	0	-	60192
chr19	11559374	11619161	ZNF627	0	+	59787
chr14	54938949	55027105	WDHD1	0	-	88156
chr8	142611049	142614479	ARC	0	-	3430
chr3	131381671	131388830	NUDT16	0	+	7159
chr2	170990823	171231314	TLK1	0	-	240491
chr4	150264435	151015727	LRBA	0	-	751292
chr12	131828393	131851783	MMP17	0	+	23390
chr14	34752731	34875647	BAZ1A	0	-	122916
chr2	237085882	237100474	COPS8	0	+	14592
chr1	204516379	204558120	MDM4	0	+	41741
chr1	237042184	237833988	RYR2	0	+	791804
chr9	21329665	21335404	KLHL9	0	-	5739
chr3	58633946	58666834	FAM3D	0	-	32888
chr2	167954020	168247595	STK39	0	-	293575
chr16	71565660	71577092	TAT	0	-	11432
chr6	36871870	36928964	C6orf89	0	+	57094
chr14	90396502	90408268	CALM1	0	+	11766
chr12	61708273	62279150	TAFA2	0	-	570877
chr5	95461755	95554977	TTC37	0	-	93222
chr9	25676969	25678444	TUSC1	0	-	1475
chrX	153179284	153183880	MAGEA1	0	+	4596
chr10	87659613	87747705	PAPSS2	0	+	88092
chrX	135973841	136047269	SLC9A6	0	+	73428
chr1	93992834	94121148	ABCA4	0	-	128314
chr1	201829149	201884291	IPO9	0	+	55142
chr12	88049016	88142099	CEP290	0	-	93083
chr17	29589769	29614761	ANKRD13B	0	+	24992
chr6	4115693	4135597	ECI2	0	-	19904
chr9	35161992	35405338	UNC13B	0	+	243346
chr10	102106489	102120368	LDB1	0	-	13879
chr6	150143044	150250392	PPP1R14C	0	+	107348
chr11	10751246	10801625	CTR9	0	+	50379
chr14	69854131	70032366	SMOC1	0	+	178235
chr1	169511951	169586588	F5	0	-	74637
chr16	1938229	1943199	MSRB1	0	-	4970
chr17	49289206	49362473	ZNF652	0	-	73267
chr14	102932380	103057549	CDC42BPB	0	-	125169
chrX	153764196	153779346	PLXNB3	0	+	15150
chr6	35468401	35470785	RPL10A	0	+	2384
chr1	183929854	184037729	COLGALT2	0	-	107875
chrX	13569601	13633575	EGFL6	0	+	63974
chr20	58459101	58515399	APCDD1L	0	-	56298
chr1	167630093	167708696	RCSD1	0	+	78603
chr12	85800703	85836409	RASSF9	0	-	35706
chr5	74777574	74866966	FAM169A	0	-	89392
chr11	1074875	1110511	MUC2	0	+	35636
chr8	17224966	17246878	CNOT7	0	-	21912
chr22	38219291	38273010	TMEM184B	0	-	53719
chr1	11106535	11262551	MTOR	0	-	156016
chr15	74957219	75021495	SCAMP5	0	+	64276
chr18	25061924	25352190	ZNF521	0	-	290266
chr18	58481247	58629091	ALPK2	0	-	147844
chr1	177170958	177282422	BRINP2	0	+	111464
chr1	113073198	113132260	LRIG2	0	+	59062
chr14	20468954	20477089	PNP	0	+	8135
chrX	30653359	30731462	GK	0	+	78103
chr1	42176539	42335877	FOXJ3	0	-	159338
chr6	166319728	166342576	SFT2D1	0	-	22848
chr1	167430640	167518610	CD247	0	-	87970
chr13	114314482	114337626	CHAMP1	0	+	23144
chr10	119726042	119829147	INPP5F	0	+	103105
chr3	151873643	151884619	SUCNR1	0	+	10976
chr1	26472440	26476642	HMGN2	0	+	4202
chr22	31104772	31120069	SELENOM	0	-	15297
chr6	89326625	89352722	UBE2J1	0	-	26097
chr1	228149930	228159826	GJC2	0	+	9896
chr3	193593144	193697811	OPA1	0	+	104667
chr1	153929501	153946718	DENND4B	0	-	17217
chr15	33310962	33866121	RYR3	0	+	555159
chr7	112206695	112343934	ZNF277	0	+	137239
chr17	8310241	8322514	ARHGEF15	0	+	12273
chr8	58805412	59119147	TOX	0	-	313735
chr16	55802851	55833337	CES1	0	-	30486
chr11	118304730	118316175	CD3E	0	+	11445
chr9	35490111	35561898	RUSC2	0	+	71787
chr4	108650585	108667820	OSTC	0	+	17235
chr19	896503	913245	R3HDM4	0	-	16742
chr1	184051651	184123978	TSEN15	0	+	72327
chr21	28928144	28992956	LTN1	0	-	64812
chr17	42980565	42995142	RUNDC1	0	+	14577
chr9	133376366	133406096	STKLD1	0	+	29730
chr10	119207571	119459745	GRK5	0	+	252174
chr7	66995173	67239514	TYW1	0	+	244341
chr9	34086387	34127399	DCAF12	0	-	41012
chr10	7158624	7411488	SFMBT2	0	-	252864
chr2	96325317	96330517	ITPRIPL1	0	+	5200
chr9	70258978	70354873	SMC5	0	+	95895
chr1	107056674	107067636	PRMT6	0	+	10962
chr1	201888680	201892587	SHISA4	0	+	3907
chr7	116811070	116922049	CAPZA2	0	+	110979
chr20	41028822	41124487	TOP1	0	+	95665
chr17	63622415	63696305	MAP3K3	0	+	73890
chr22	41833079	41907307	SREBF2	0	+	74228
chr1	3889125	3900293	C1orf174	0	-	11168
chr10	43194535	43267065	RASGEF1A	0	-	72530
chrX	119786504	119791630	RPL39	0	-	5126
chr3	108589705	108694840	DZIP3	0	+	105135
chr17	6578147	6640711	KIAA0753	0	-	62564
chr10	113834725	113854383	DCLRE1A	0	-	19658
chr1	162069691	162370475	NOS1AP	0	+	300784
chrX	152727484	152733735	CSAG1	0	-	6251
chr16	88809339	88811937	APRT	0	-	2598
chrX	102651092	102659083	GPRASP1	0	+	7991
chr17	47694161	47712052	TBKBP1	0	+	17891
chrX	76427710	76431342	MAGEE1	0	+	3632
chr6	37482938	37499893	CCDC167	0	-	16955
chr5	178895898	178933212	ZFP2	0	+	37314
chr5	132813302	132816786	SOWAHA	0	+	3484
chr6	130013699	130141449	L3MBTL3	0	+	127750
chrX	31097677	33339609	DMD	0	-	2241932
chr4	169986597	170033031	MFAP3L	0	-	46434
chr1	156249224	156282825	SMG5	0	-	33601
chr10	68988803	69043544	KIFBP	0	+	54741
chrX	101615118	101618001	ARMCX6	0	-	2883
chr5	109334713	109409974	PJA2	0	-	75261
chr9	74497335	74693177	RORB	0	+	195842
chr10	50305586	50625163	SGMS1	0	-	319577
chr14	104681146	104722535	INF2	0	+	41389
chr8	143734139	143790645	IQANK1	0	+	56506
chr1	244969682	245127164	EFCAB2	0	+	157482
chr1	226548764	226609230	STUM	0	+	60466
chr1	223538007	223665723	CAPN8	0	-	127716
chr1	212791828	212816830	TATDN3	0	+	25002
chr1	207496147	207641765	CR1	0	+	145618
chr1	197902630	197907367	C1orf53	0	+	4737
chr6	147508690	147737547	SAMD5	0	+	228857
chr1	161541759	161550737	FCGR3A	0	-	8978
chr6	126340115	126348875	CENPW	0	+	8760
chr10	133420666	133424625	SPRN	0	-	3959
chr6	112087591	112102790	FAM229B	0	+	15199
chr10	125896564	126009592	FANK1	0	+	113028
chr1	153259687	153262124	LORICRIN	0	+	2437
chr6	110391771	110415575	DDO	0	-	23804
chr10	120457227	120592065	PLPP4	0	+	134838
chr1	149840687	149841208	H3C14	0	-	521
chr1	149782689	149812373	H2BC18	0	-	29684
chr1	149852608	149853125	H3C15	0	+	517
chr10	110644336	110839468	RBM20	0	+	195132
chrX	154436913	154443467	GDI1	0	+	6554
chr20	64255695	64287821	PCMTD2	0	+	32126
chr20	64047582	64049639	SOX18	0	-	2057
chr1	84298366	84389957	SAMD13	0	+	91591
chrX	135050932	135052196	RTL8A	0	-	1264
chrX	134237047	134246207	CCDC160	0	+	9160
chr1	52842511	52894998	ZYG11A	0	+	52487
chrX	116461686	116462976	CT83	0	-	1290
chr1	41361922	41383590	FOXO6	0	+	21668
chrX	102140476	102142970	TCEAL6	0	-	2494
chr1	37860697	37947057	INPP5B	0	-	86360
chr2	241809065	241817413	NEU4	0	+	8348
chr20	40685848	40689236	MAFB	0	-	3388
chr2	238320441	238400897	TRAF3IP1	0	+	80456
chrX	73563197	73687111	CHIC1	0	+	123914
chr2	232697299	232860605	GIGYF2	0	+	163306
chr2	231037523	231049719	C2orf72	0	+	12196
chr10	68341107	68407294	RUFY2	0	-	66187
chrX	71910845	72161750	NHSL2	0	+	250905
chr9	121444991	121499844	GGTA1	0	-	54853
chr1	28369582	28500364	PHACTR4	0	+	130782
chr6	35781019	35793675	CLPSL1	0	+	12656
chr10	49982190	50011654	AGAP6	0	+	29464
chr1	26826688	26857604	ZDHHC18	0	+	30916
chr10	49154725	49188585	TMEM273	0	-	33860
chr10	47501854	47523638	AGAP9	0	-	21784
chr10	46541736	46556658	GPRIN2	0	-	14922
chr10	46578217	46594173	SYT15	0	+	15956
chr1	25430858	25500209	MACO1	0	+	69351
chr10	46911396	47002488	PTPN20	0	+	91092
chr2	206274663	206314427	ZDBF2	0	+	39764
chr2	202376327	202567751	BMPR2	0	+	191424
chr1	23380909	23424748	TCEA3	0	-	43839
chr6	33289302	33298401	PFDN6	0	+	9099
chr6	33208500	33212722	RING1	0	+	4222
chr6	33204655	33206831	HSD17B8	0	+	2176
chr6	33193588	33200665	RXRB	0	-	7077
chr17	81665036	81666635	OXLD1	0	-	1599
chr6	33162681	33192499	COL11A2	0	-	29818
chr6	33004182	33009591	HLA-DOA	0	-	5409
chr6	32948613	32969094	HLA-DMA	0	-	20481
chr2	189031898	189225312	COL5A2	0	-	193414
chrX	56818298	56995827	SPIN3	0	-	177529
chr6	32439878	32445046	HLA-DRA	0	+	5168
chr9	98943179	99070792	COL15A1	0	+	127613
chr6	32194843	32224067	NOTCH4	0	-	29224
chr6	32184733	32190202	PBX2	0	-	5469
chr6	32180968	32184322	AGER	0	-	3354
chr6	32178405	32180793	RNF5	0	+	2388
chr6	32148359	32153083	PRRT1	0	-	4724
chr6	32128707	32130288	FKBPL	0	-	1581
chr2	170783786	170798971	ERICH2	0	+	15185
chr2	170715337	170718078	SP5	0	+	2741
chr6	31959117	31969751	SKIV2L	0	+	10634
chr6	31952087	31959038	NELFE	0	-	6951
chr6	31879759	31897687	EHMT2	0	-	17928
chrX	52495808	52500812	XAGE1A	0	+	5004
chr11	111540280	111561745	LAYN	0	+	21465
chrX	52512077	52520803	XAGE1B	0	-	8726
chr6	31863192	31879046	SLC44A4	0	-	15854
chr6	31857659	31862905	NEU1	0	-	5246
chr6	31827738	31830254	HSPA1B	0	+	2516
chr6	31815543	31817946	HSPA1A	0	+	2403
chr6	31809619	31815283	HSPA1L	0	-	5664
chr6	31797396	31806966	LSM2	0	-	9570
chr6	31777518	31795752	VARS1	0	-	18234
chr6	31765590	31777328	VWA7	0	-	11738
chr11	105041326	105101431	CARD16	0	-	60105
chr2	148021011	148516971	MBD5	0	+	495960
chr6	31686962	31714072	ENSG00000204422	0	-	27110
chr6	31676684	31684040	LY6G5C	0	-	7356
chr6	31658298	31660778	C6orf47	0	-	2480
chr13	107163510	107867496	NALF1	0	-	703986
chr6	31639028	31652705	BAG6	0	-	13677
chr6	31620715	31637771	PRRC2A	0	+	17056
chr6	31615217	31617021	AIF1	0	+	1804
chr6	31546870	31558829	NFKBIL1	0	+	11959
chr19	57848731	57889074	ZNF814	0	-	40343
chr6	31494881	31511124	MICB	0	+	16243
chr6	31399784	31415315	MICA	0	+	15531
chr19	57240632	57262728	ZNF805	0	+	22096
chr6	31268749	31272130	HLA-C	0	-	3381
chr6	31142439	31158238	CCHCR1	0	-	15799
chr6	31114750	31140092	PSORS1C1	0	+	25342
chr6	31111223	31112575	C6orf15	0	-	1352
chr6	30653119	30673006	DHX16	0	-	19887
chr6	30600413	30618612	PPP1R10	0	-	18199
chr6	30571393	30597179	ABCF1	0	+	25786
chr6	30557280	30563723	PRR3	0	+	6443
chr6	30876421	30900156	DDR1	0	+	23735
chr6	30541381	30556489	GNL1	0	-	15108
chr6	30489509	30494194	HLA-E	0	+	4685
chr19	52113091	52139938	ZNF616	0	-	26847
chr6	30070266	30075849	RNF39	0	-	5583
chr1	11479155	11537551	DISP3	0	+	58396
chr5	181236897	181248096	RACK1	0	-	11199
chr6	29826967	29831125	HLA-G	0	+	4158
chr2	101007228	101252866	TBC1D8	0	-	245638
chr6	29722775	29738528	HLA-F	0	+	15753
chr6	29672483	29681155	ZFP57	0	-	8672
chr6	29555629	29633976	GABBR1	0	-	78347
chr11	65170154	65173244	SPDYC	0	+	3090
chr6	28903002	28923988	TRIM27	0	-	20986
chr10	19048801	19790401	MALRD1	0	+	741600
chr5	170861870	171300015	RANBP17	0	+	438145
chr17	41930617	41966503	ODAD4	0	+	35886
chr8	143566192	143572772	MROH6	0	-	6580
chr12	111443485	111599676	ATXN2	0	-	156191
chr19	46486906	46495879	PNMA8B	0	-	8973
chr12	110468415	110490385	FAM216A	0	+	21970
chr1	6579994	6589280	ZBTB48	0	+	9286
chr19	46143106	46161298	IGFL2	0	+	18192
chr13	72708367	72727629	MZT1	0	-	19262
chr19	43967862	43998326	ZNF155	0	+	30464
chr11	62670273	62673686	UQCC3	0	+	3413
chr2	68459422	68467294	FBXO48	0	-	7872
chr19	43353686	43363172	CD177	0	+	9486
chr7	149262171	149297302	ZNF783	0	+	35131
chr7	149102784	149126324	ZNF425	0	-	23540
chr11	61508749	61511018	LRRC10B	0	+	2269
chr12	103940763	103965708	C12orf73	0	-	24945
chr5	141330514	141512975	PCDHGA1	0	+	182461
chr5	140786136	141012347	PCDHA1	0	+	226211
chr13	49995888	50020481	TRIM13	0	+	24593
chr7	142749468	142753072	PRSS1	0	+	3604
chr16	89818179	89871319	SPIRE2	0	+	53140
chr8	116938207	116944487	AARD	0	+	6280
chr17	35464249	35537678	SLFN12L	0	-	73429
chr7	134289332	134316930	SLC35B4	0	-	27598
chr19	38770968	38773517	LGALS7	0	-	2549
chr16	77199408	77213215	SYCE1L	0	+	13807
chr16	75536741	75556289	TMEM231	0	-	19548
chr8	92883532	93017673	TRIQK	0	-	134141
chr19	35995188	35996312	SDHAF1	0	+	1124
chr8	80485619	80526265	ZBTB10	0	+	40646
chr11	27365961	27472790	LGR4	0	-	106829
chr16	67934506	67936864	PSMB10	0	-	2358
chr2	36696690	36814794	VIT	0	+	118104
chr7	102582523	102642869	ENSG00000205236	0	-	60346
chr16	67192155	67198918	E2F4	0	+	6763
chr8	65714334	65842322	PDE7A	0	-	127988
chr6	11537749	11583524	TMEM170B	0	+	45775
chr5	122775079	122834543	SNX2	0	+	59464
chr7	100572228	100573900	SAP25	0	-	1672
chr17	17303335	17347663	NT5M	0	+	44328
chr16	57610652	57665580	ADGRG1	0	+	54928
chr11	9384652	9448127	IPO7	0	+	63475
chr12	53441678	53446645	PRR13	0	+	4967
chr7	98214624	98252232	TECPR1	0	-	37608
chr16	56638666	56640087	MT1A	0	+	1421
chr15	73735458	73753351	INSYN1	0	-	17893
chr16	56632659	56633981	MT1M	0	+	1322
chr7	93099513	93118023	SAMD9	0	-	18510
chr12	52487176	52493257	KRT6A	0	-	6081
chr16	50024410	50037088	CNEP1R1	0	+	12678
chr14	99500190	99604207	CCDC85C	0	-	104017
chr15	62163535	62165285	C2CD4B	0	-	1750
chr19	11384341	11419328	RGL3	0	-	34987
chr11	2944431	2992377	NAP1L4	0	-	47946
chrX	12975110	12977227	TMSB4X	0	+	2117
chr5	70049638	70078522	SMN2	0	+	28884
chr5	70025247	70043113	SERF1B	0	+	17866
chr21	39342315	39349647	HMGN1	0	-	7332
chr22	50309030	50327012	DENND6B	0	-	17982
chr16	28379579	28403841	EIF3CL	0	-	24262
chr16	25111731	25178231	LCMT1	0	+	66500
chr2	24010081	24063321	MFSD2B	0	+	53240
chr22	46244011	46250311	CDPF1	0	-	6300
chr14	74084956	74201493	LIN52	0	+	116537
chr21	34375480	34416961	SMIM11A	0	+	41481
chr17	4899418	4902934	C17orf107	0	+	3516
chr16	19113932	19121629	ITPRIPL2	0	+	7697
chr19	6467207	6482557	DENND1C	0	-	15350
chr5	41904188	41921636	C5orf51	0	+	17448
chrX	49599020	49608538	GAGE1	0	+	9518
chr2	10056473	10080944	CYS1	0	-	24471
chr5	34838833	34899456	TTC23L	0	+	60623
chr13	23891099	23897502	C1QTNF9B	0	-	6403
chr11	1597177	1598294	KRTAP5-2	0	-	1117
chr7	6637318	6658279	ZNF316	0	+	20961
chr16	2530035	2531417	CEMP1	0	-	1382
chr16	2253116	2268397	RNPS1	0	-	15281
chr14	24399003	24419283	NYNRIN	0	+	20280
chr3	180983697	180989774	DNAJC19	0	-	6077
chr18	69400888	69849087	DOK6	0	+	448199
chr16	1678256	1702280	JPT2	0	+	24024
chr18	63637259	63644256	SERPINB4	0	-	6997
chr18	63476958	63505085	SERPINB5	0	+	28127
chr5	710355	784729	ZDHHC11B	0	-	74374
chr22	21466423	21471269	TMEM191C	0	+	4846
chr16	176680	177522	HBA1	0	+	842
chr15	25677273	25865184	ATP10A	0	-	187911
chr3	149761100	149968385	ANKUB1	0	-	207285
chr3	130517177	130677044	COL6A6	0	+	159867
chr18	8609437	8639383	RAB12	0	+	29946
chr18	5882072	5895955	TMEM200C	0	-	13883
chr6	29941260	29945884	HLA-A	0	+	4624
chr3	123490820	123585053	HACD2	0	-	94233
chr3	113286930	113441610	CFAP44	0	-	154680
chr3	100401532	100456319	LNP1	0	+	54787
chr3	86876388	86991149	VGLL3	0	-	114761
chr3	15667236	15859771	ANKRD28	0	-	192535
chr3	15450133	15521751	COLQ	0	-	71618
chr3	15381275	15440566	METTL6	0	-	59291
chr5	151020591	151028988	GPX3	0	+	8397
chr14	80197526	80387757	DIO2	0	-	190231
chr1	53891239	53911086	DIO1	0	+	19847
chr12	27243968	27325959	STK38L	0	+	81991
chr3	45689056	45745409	SACM1L	0	+	56353
chr2	121737103	121767853	TSN	0	+	30750
chr19	5782960	5784746	PRR22	0	-	1786
chr18	22413599	22417915	CTAGE1	0	-	4316
chrX	135020513	135022542	RTL8B	0	-	2029
chr9	137220247	137222240	RNF208	0	-	1993
chr1	232805416	232809929	MAP10	0	+	4513
chr8	127322183	127420066	POU5F1B	0	+	97883
chr19	52702813	52735073	ZNF611	0	-	32260
chr1	197504748	197775696	DENND1B	0	-	270948
chr1	168225938	168253021	SFT2D2	0	+	27083
chr6	166999317	167094789	CEP43	0	+	95472
chr19	24033405	24129968	ZNF254	0	+	96563
chr3	196291219	196318299	DYNLT2B	0	-	27080
chr2	169694488	169776989	KLHL23	0	+	82501
chr1	151800264	151805419	LINGO4	0	-	5155
chr7	151048292	151052756	ASIC3	0	+	4464
chr6	87408012	87511634	ENSG00000213204	0	+	103622
chr9	136796338	136807741	CCDC183	0	+	11403
chr7	144186083	144195879	ARHGEF35	0	-	9796
chr1	114704469	114716771	NRAS	0	-	12302
chr5	179793980	179796647	LTC4S	0	+	2667
chr19	10701430	10713437	QTRT1	0	+	12007
chr10	100188300	100229596	CHUK	0	-	41296
chr5	177301461	177312757	MXD3	0	-	11296
chr1	109668022	109709551	GSTM2	0	+	41529
chr10	97222173	97292673	ARHGAP19	0	-	70500
chrX	153447668	153495516	HAUS7	0	-	47848
chrX	152733757	152737669	MAGEA12	0	+	3912
chr7	100169606	100177381	GPC2	0	-	7775
chr11	65638101	65650918	SIPA1	0	+	12817
chr8	144525733	144529132	C8orf82	0	-	3399
chr5	133971871	134004975	VDAC1	0	-	33104
chr6	33453970	33457544	ZBTB9	0	+	3574
chr2	30231534	30323730	LBH	0	+	92196
chr16	29459913	29464966	SULT1A4	0	+	5053
chr16	28984826	28990784	LAT	0	+	5958
chr3	48673844	48686364	NCKIPSD	0	-	12520
chr9	88990863	89005155	S1PR3	0	+	14292
chr14	49570984	49599164	RPS29	0	-	28180
chr4	69199951	69214748	UGT2B11	0	-	14797
chr19	57614233	57624724	ZNF134	0	+	10491
chr6	30908207	30914106	GTF2H4	0	+	5899
chr19	53333749	53356906	ZNF845	0	+	23157
chr16	10528422	10580632	EMP2	0	-	52210
chr17	7351889	7354944	KCTD11	0	+	3055
chr19	45488777	45502513	PPM1N	0	+	13736
chr14	24311450	24318036	LTB4R	0	+	6586
chr16	3611728	3680143	DNASE1	0	+	68415
chr16	3012923	3014505	CLDN9	0	+	1582
chr5	52787916	52959209	ITGA1	0	+	171293
chr19	32691821	32713792	NUDT19	0	+	21971
chr19	23914876	23945159	ZNF726	0	+	30283
chr19	20077994	20127076	ZNF90	0	+	49082
chr13	110615545	110639996	NAXD	0	+	24451
chr15	42273201	42353666	GANC	0	+	80465
chr3	9808086	9855138	TTLL3	0	+	47052
chr11	1947278	1984522	MRPL23	0	+	37244
chr19	16630751	16660442	SMIM7	0	-	29691
chr8	28348287	28490278	FBXO16	0	-	141991
chr11	842812	867116	TSPAN4	0	+	24304
chr6	5103629	5260950	LYRM4	0	-	157321
chr17	76527586	76553578	PRCD	0	+	25992
chr1	36306368	36329340	SH3D21	0	+	22972
chr7	113116718	113118560	SMIM30	0	-	1842
chr19	10836575	10869790	C19orf38	0	+	33215
chr7	101239458	101252316	FIS1	0	-	12858
chr10	133453928	133523558	SCART1	0	+	69630
chr11	111298546	111308735	COLCA2	0	+	10189
chr7	100307702	100322196	SPDYE3	0	+	14494
chr7	100126785	100128495	MBLAC1	0	+	1710
chr5	172641263	172691540	NEURL1B	0	+	50277
chr11	93818232	93850618	VSTM5	0	-	32386
chr19	4522531	4535224	PLIN5	0	-	12693
chr11	74171267	74254703	PPME1	0	+	83436
chr10	87357720	87370695	NUTM2D	0	+	12975
chr15	82543201	82648861	CPEB1	0	-	105660
chr2	54723499	54972025	EML6	0	+	248526
chr10	73785606	73801797	ZSWIM8	0	+	16191
chr11	62665309	62668496	CSKMT	0	+	3187
chrX	155064034	155147937	MTCP1	0	-	83903
chr16	18317942	18336736	NPIPA8	0	-	18794
chr17	15976560	15999717	ZSWIM7	0	-	23157
chr5	73626158	73941993	ARHGEF28	0	+	315835
chr7	16087525	16502504	CRPPA	0	-	414979
chr16	16379055	16393954	NPIPA7	0	+	14899
chr7	7356203	7535873	COL28A1	0	-	179670
chr12	6965327	6970780	PHB2	0	-	5453
chr17	7315628	7329393	NEURL4	0	-	13765
chr8	58411359	58451501	UBXN2B	0	+	40142
chr9	41131306	41199261	CBWD6	0	-	67955
chr11	1157953	1201138	MUC5AC	0	+	43185
chr5	7830378	7851151	C5orf49	0	-	20773
chr5	6448859	6496723	UBE2QL1	0	+	47864
chr15	34525095	34588503	GOLGA8B	0	-	63408
chrX	41333348	41364472	DDX3X	0	+	31124
chr20	2840703	2866732	VPS16	0	+	26029
chr4	673580	682033	MYL5	0	+	8453
chr18	74597870	75065671	ZNF407	0	+	467801
chr18	49481681	49492479	RPL17-C18orf32	0	-	10798
chr6	157289025	157323601	TMEM242	0	-	34576
chr1	109090764	109096934	TMEM167B	0	+	6170
chr1	145095974	145112696	FAM72D	0	+	16722
chr1	219608010	219613145	ZC3H11B	0	-	5135
chr1	11761787	11789585	C1orf167	0	+	27798
chr1	2635976	2801717	TTC34	0	-	165741
chr1	1449689	1470163	ATAD3C	0	+	20474
chr10	32446140	32882874	CCDC7	0	+	436734
chr4	182143987	182803024	TENM3	0	+	659037
chr19	55576774	55580848	ZNF579	0	-	4074
chr22	48489553	48850912	TAFA5	0	+	361359
chr1	16562319	16613562	NBPF1	0	-	51243
chr7	7640711	7968020	UMAD1	0	+	327309
chr6	5085341	5089487	PPP1R3G	0	+	4146
chr2	24076526	24169640	FAM228B	0	+	93114
chr17	8159149	8163546	VAMP2	0	-	4397
chr8	25841725	26045413	EBF2	0	-	203688
chr6	42890265	42890821	C6orf226	0	-	556
chr9	35073835	35079942	FANCG	0	-	6107
chr2	27537386	27582720	C2orf16	0	+	45334
chr7	132123340	132648688	PLXNA4	0	-	525348
chrX	152698767	152702347	MAGEA3	0	+	3580
chr8	47736913	47738164	CEBPD	0	-	1251
chr19	52928475	52962823	ZNF816-ZNF321P	0	-	34348
chr5	160393148	160400054	ZBED8	0	-	6906
chr22	38818452	38844028	NPTXR	0	-	25576
chr8	26291508	26372680	PPP2R2A	0	+	81172
chr19	52369917	52385795	ZNF880	0	+	15878
chr8	70669339	70790371	XKR9	0	+	121032
chr3	125082636	125212864	SLC12A8	0	-	130228
chr22	35648446	35668404	APOL6	0	+	19958
chr11	61873519	61892051	FADS3	0	-	18532
chr1	1385711	1399335	CCNL2	0	-	13624
chr1	44808482	44815585	BTBD19	0	+	7103
chr7	102748971	102809225	FAM185A	0	+	60254
chr2	129979666	129982738	RAB6C	0	+	3072
chr2	130611440	130658037	POTEJ	0	+	46597
chr16	70246778	70251940	EXOSC6	0	-	5162
chr6	33250272	33272047	VPS52	0	-	21775
chr15	43692886	43699222	CKMT1A	0	+	6336
chr19	5558167	5578349	TINCR	0	-	20182
chr19	18868545	18896727	CERS1	0	-	28182
chr1	1324756	1328896	CPTP	0	+	4140
chr6	32014795	32035418	C4B	0	+	20623
chr19	49689594	49690575	ADM5	0	+	981
chr6	11093834	11138733	SMIM13	0	+	44899
chr16	51553436	51647132	HNRNPA1P48	0	+	93696
chr16	14708944	14726338	NPIPA3	0	+	17394
chr17	81239305	81241310	NDUFAF8	0	+	2005
chr19	44942238	44949565	APOC4-APOC2	0	+	7327
chr17	45435900	45490749	PLEKHM1	0	-	54849
chr1	151837819	151840557	C2CD4D	0	-	2738
chr16	88382959	88440757	ZNF469	0	+	57798
chr17	81822361	81833302	MCRIP1	0	-	10941
chr3	48625723	48635493	SLC26A6	0	-	9770
chr10	49454168	49539538	ERCC6	0	-	85370
chr7	1665745	1747946	ELFN1	0	+	82201
chr2	199760544	199851192	FTCDNL1	0	-	90648
chr14	105398538	105450106	TEX22	0	+	51568
chr2	120217479	120223400	TMEM185B	0	-	5921
chr5	155013755	155018141	KIF4B	0	+	4386
chr19	43596617	43614498	SRRM5	0	+	17881
chr4	52722618	52751586	ERVMER34-1	0	-	28968
chr14	96039362	96093971	C14orf132	0	+	54609
chr6	33279108	33289247	WDR46	0	-	10139
chr3	75678660	75785583	ZNF717	0	-	106923
chrX	141002594	141003706	SPANXB1	0	+	1112
chr10	49818279	49970203	PARG	0	-	151924
chr7	134549110	134579875	AKR1B15	0	+	30765
chr19	1905372	1926013	SCAMP4	0	+	20641
chr6	31580525	31582522	LTB	0	-	1997
chr7	102665368	102671629	POLR2J2	0	-	6261
chr12	66123917	66169985	ENSG00000228144	0	-	46068
chr9	114329869	114333251	ORM2	0	+	3382
chr19	1275530	1279244	FAM174C	0	+	3714
chr2	97664217	97703066	C2orf92	0	+	38849
chr10	79826739	79850878	NUTM2E	0	+	24139
chr1	1598012	1600135	FNDC10	0	-	2123
chr5	139390592	139395104	PROB1	0	-	4512
chr17	46274784	46361797	ARL17B	0	-	87013
chr12	56116590	56117967	RPL41	0	+	1377
chr9	114323098	114326479	ORM1	0	+	3381
chr3	48306842	48333661	SPINK8	0	-	26819
chr15	44665732	44711323	PATL2	0	-	45591
chr10	124445243	124450035	NKX1-2	0	-	4792
chr19	22634324	22667671	ZNF492	0	+	33347
chr16	30569672	30572734	ZNF688	0	-	3062
chr4	165277812	165279679	GK3P	0	-	1867
chr1	180269653	180502954	ACBD6	0	-	233301
chr7	129126518	129130793	ENSG00000230626	0	+	4275
chr1	92074533	92075411	SETSIP	0	-	878
chr6	17102050	17131378	STMND1	0	+	29328
chr6	33064569	33080775	HLA-DPA1	0	-	16206
chr6	33272075	33276511	RPS18	0	+	4436
chr1	192716132	192716653	RPS27AP5	0	+	521
chr12	10824960	11171608	PRH1	0	-	346648
chr6	33299694	33314254	TAPBP	0	-	14560
chr5	156850295	156852528	PPP1R2B	0	+	2233
chr6	28570535	28616212	ZBED9	0	-	45677
chr9	136842478	136848801	AJM1	0	+	6323
chrX	53094145	53170914	KANTR	0	+	76769
chr6	32756098	32763532	HLA-DQB2	0	-	7434
chr15	32593456	32607310	GOLGA8N	0	+	13854
chr6	31575565	31578336	TNF	0	+	2771
chr16	18358086	18379331	NPIPA9	0	-	21245
chr15	40351033	40356434	PHGR1	0	+	5401
chr2	131360492	131364168	RAB6D	0	-	3676
chr3	49357176	49358353	GPX1	0	-	1177
chr12	31615023	31652095	AK4P3	0	-	37072
chr19	55379244	55384292	TMEM238	0	-	5048
chr2	238848032	238910534	TWIST2	0	+	62502
chr6	27838545	27855709	H2BC15	0	+	17164
chr1	15807169	15809348	UQCRHL	0	-	2179
chr6	30184455	30213427	TRIM26	0	-	28972
chr5	179023804	179035064	ZNF879	0	+	11260
chr7	64307459	64356634	ZNF736	0	+	49175
chr7	92560758	92590393	FAM133B	0	-	29635
chr5	55219564	55227315	MCIDAS	0	-	7751
chr8	142657460	142681968	JRK	0	-	24508
chr16	11927259	11976643	NPIPB2	0	-	49384
chr6	31353872	31357188	HLA-B	0	-	3316
chr11	62690275	62727384	HNRNPUL2-BSCL2	0	-	37109
chr1	1418420	1421769	ANKRD65	0	-	3349
chr6	28324693	28356271	ZSCAN31	0	-	31578
chr12	105235290	105396097	C12orf75	0	+	160807
chr1	3772749	3775982	SMIM1	0	+	3233
chr8	144137774	144140851	HGH1	0	+	3077
chr9	35909490	35937153	SPAAR	0	+	27663
chr22	42380407	42432403	NFAM1	0	-	51996
chr11	119338942	119346705	MFRP	0	-	7763
chr1	175156986	175192999	KIAA0040	0	-	36013
chrX	153072454	153075019	PNMA6A	0	+	2565
chr6	33314406	33317942	ZBTB22	0	-	3536
chr11	10812074	10858796	ZBED5	0	-	46722
chr1	148482548	148483302	PPIAL4G	0	-	754
chr17	43216941	43305397	CCDC200	0	-	88456
chr13	30422488	30429758	UBE2L5	0	+	7270
chr7	6615610	6624290	ZNF853	0	+	8680
chr1	26169516	26171831	ZNF593OS	0	-	2315
chr5	134402065	134411881	CDKN2AIPNL	0	-	9816
chr1	1070967	1074306	RNF223	0	-	3339
chr19	20535825	20565809	ZNF737	0	-	29984
chr10	130020025	130110830	C10orf143	0	-	90805
chr16	12901598	13240416	SHISA9	0	+	338818
chr6	32741391	32747198	HLA-DQA2	0	+	5807
chr6	33391823	33409896	KIFC1	0	+	18073
chr2	61145068	61164828	C2orf74	0	+	19760
chr9	136114581	136118875	TMEM250	0	-	4294
chr19	36009120	36014239	ALKBH6	0	-	5119
chr22	39077067	39087743	APOBEC3G	0	+	10676
chr1	162378841	162386812	C1orf226	0	+	7971
chr19	54333185	54339162	LILRA4	0	-	5977
chr19	54572920	54590287	LILRA2	0	+	17367
chr6	32844136	32859851	PSMB9	0	+	15715
chr7	129502531	129512918	SMKR1	0	+	10387
chr7	898778	975549	COX19	0	-	76771
chr2	200870907	200889303	PPIL3	0	-	18396
chr17	18667629	18682314	FOXO3B	0	-	14685
chr7	30911853	30925517	AQP1	0	+	13664
chr10	18545561	18659285	NSUN6	0	-	113724
chr7	39566385	39610320	YAE1	0	+	43935
chrX	149477104	149540926	ENSG00000241489	0	-	63822
chr1	153056120	153057512	SPRR2A	0	-	1392
chr8	22599599	22604150	C8orf58	0	+	4551
chr22	31618491	31662221	PISD	0	-	43730
chr21	44107373	44131181	PWP2	0	+	23808
chr2	99141485	99322741	ENSG00000241962	0	+	181256
chr22	20707691	20859417	PI4KA	0	-	151726
chr22	30425623	30429054	MTFP1	0	+	3431
chr16	280450	283010	ARHGDIG	0	+	2560
chr2	233617633	233773300	UGT1A8	0	+	155667
chr20	35278907	35284985	EIF6	0	-	6078
chr1	1401909	1407293	MRPL20	0	-	5384
chr7	4775615	4794397	AP5Z1	0	+	18782
chr22	17787649	18024561	MICAL3	0	-	236912
chr19	10106223	10114780	PPAN-P2RY11	0	+	8557
chr4	2041995	2043964	C4orf48	0	+	1969
chr7	76510525	76516522	UPK3B	0	+	5997
chr10	43436841	43483181	ZNF487	0	+	46340
chr16	22479121	22536521	NPIPB5	0	+	57400
chr7	144257663	144264792	OR2A7	0	-	7129
chr21	34073224	34143034	MRPS6	0	+	69810
chr2	27582969	27623217	ZNF512	0	+	40248
chr6	52791371	52803860	GSTA1	0	-	12489
chr1	20651767	20661544	DDOST	0	-	9777
chr17	28357642	28363683	TMEM199	0	+	6041
chr9	111631386	111670229	DNAJC25-GNG10	0	+	38843
chr5	178184505	178187371	GMCL2	0	-	2866
chr1	196819731	196832189	CFHR1	0	+	12458
chr2	69960089	69961631	ASPRV1	0	-	1542
chr6	31982057	32002681	C4A	0	+	20624
chr11	5225464	5229395	HBB	0	-	3931
chr13	32432417	32538885	N4BP2L2	0	-	106468
chr19	37181579	37218153	ZNF585B	0	-	36574
chr19	33299934	33302534	CEBPA	0	-	2600
chr12	14774405	14778002	H2AJ	0	+	3597
chr15	65092760	65115200	UBAP1L	0	-	22440
chr12	132710819	132722734	PGAM5	0	+	11915
chr20	297570	300321	ZCCHC3	0	+	2751
chr3	52228612	52246788	TWF2	0	-	18176
chr2	197705369	197708395	MARS2	0	+	3026
chrX	55484616	55489848	USP51	0	-	5232
chr6	30328907	30346854	TRIM39-RPP21	0	+	17947
chr1	1635225	1659012	CDK11B	0	-	23787
chr22	44702233	44862706	PRR5-ARHGAP8	0	+	160473
chr1	161258745	161285450	PCP4L1	0	+	26705
chr3	52833121	52897562	STIMATE-MUSTN1	0	-	64441
chr11	66616626	66646469	RBM14-RBM4	0	+	29843
chr2	159771851	159904710	LY75-CD302	0	-	132859
chr3	160227454	160449829	ENSG00000248710	0	-	222375
chr11	119190250	119196769	CCDC153	0	-	6519
chr4	164754064	164803795	SMIM31	0	+	49731
chr17	7549099	7561601	TNFSF12-TNFSF13	0	+	12502
chr15	32765544	33194714	FMN1	0	-	429170
chr19	35612735	35625355	HAUS5	0	+	12620
chr21	33584687	33931607	ENSG00000249209	0	-	346920
chr15	64841883	64930920	ENSG00000249240	0	+	89037
chr4	82483170	82562357	TMEM150C	0	-	79187
chr7	66087761	66152277	ENSG00000249319	0	+	64516
chr5	70968166	71025339	NAIP	0	-	57173
chr19	58451611	58457833	ZNF324B	0	+	6222
chr21	33229892	33297160	ENSG00000249624	0	+	67268
chr5	139448560	139462743	ECSCR	0	-	14183
chr7	55887277	55955239	ENSG00000249773	0	+	67962
chr2	86505668	86721122	RNF103-CHMP3	0	-	215454
chr10	97584374	97673910	ENSG00000249967	0	+	89536
chr3	45224466	45226287	TMEM158	0	-	1821
chr15	89834308	89912882	ARPIN-AP3S2	0	-	78574
chr6	32813767	32838822	ENSG00000250264	0	-	25055
chr8	12945642	13031503	TRMT9B	0	+	85861
chr4	124501	202303	ZNF718	0	+	77802
chrX	37349330	38687674	ENSG00000250349	0	+	1338344
chr14	95866587	95925663	TUNAR	0	+	59076
chr2	46490750	46542577	ATP6V1E2	0	-	51827
chr11	1734821	1763954	ENSG00000250644	0	-	29133
chr5	42799880	42887392	SELENOP	0	-	87512
chr2	18555545	18589564	NT5C1B-RDH14	0	-	34019
chrX	46497725	46545457	ZNF674	0	-	47732
chr5	115578642	115626161	TMED7-TICAM2	0	-	47519
chr1	155063748	155086807	ENSG00000251246	0	+	23059
chr19	36850361	36913029	ZNF345	0	+	62668
chr22	50674415	50733298	SHANK3	0	+	58883
chr9	100442271	100577636	MSANTD3-TMEFF1	0	+	135365
chr22	23862188	23895223	ENSG00000251357	0	+	33035
chr5	73444827	73448777	FOXD1	0	-	3950
chr1	10430102	10452153	CENPS-CORT	0	+	22051
chr17	15571491	15651653	ENSG00000251537	0	-	80162
chr2	169479480	169525922	ENSG00000251569	0	+	46442
chr7	106654360	106661158	CCDC71L	0	-	6798
chr1	43281877	43285617	C1orf210	0	-	3740
chr22	30969245	30979395	TUG1	0	+	10150
chr1	26993692	27000886	TRNP1	0	+	7194
chr17	61590421	61591219	NACA2	0	-	798
chr10	79512533	79516440	EIF5AL1	0	+	3907
chr12	74537835	74545430	ATXN7L3B	0	+	7595
chr8	47773111	47960178	PRKDC	0	-	187067
chr8	8701937	8704096	CLDN23	0	+	2159
chr19	36510687	36528271	ZNF260	0	-	17584
chr8	55879835	56014169	LYN	0	+	134334
chr16	29381354	29404029	NPIPB11	0	-	22675
chr11	71865504	71928654	ENSG00000254469	0	-	63150
chr11	65773898	65780976	AP5B1	0	-	7078
chr4	134196333	134201789	PABPC4L	0	-	5456
chr10	133380017	133420271	ENSG00000254536	0	+	40254
chr1	32465057	32600792	ENSG00000254553	0	+	135735
chr14	24189157	24213473	ENSG00000254692	0	-	24316
chr22	22887780	22896111	IGLL5	0	+	8331
chr1	156072013	156082465	MEX3A	0	-	10452
chr16	66552587	66579135	CKLF-CMTM1	0	+	26548
chr20	45363200	45410610	SYS1-DBNDD2	0	+	47410
chr16	14748066	14765413	NPIPA2	0	+	17347
chr6	31530219	31546608	ATP6V1G2-DDX39B	0	-	16389
chr7	30752137	30892081	INMT-MINDY4	0	+	139944
chr11	57387365	57424059	ENSG00000254979	0	-	36694
chr11	66480013	66509657	DPP3	0	+	29644
chr20	58651434	58715410	STX16-NPEPL1	0	+	63976
chr5	140401908	140549569	ANKHD1-EIF4EBP3	0	+	147661
chr3	10115675	10127190	BRK1	0	+	11515
chr11	18231423	18248635	SAA2-SAA4	0	-	17212
chr4	88520998	88523776	PIGY	0	-	2778
chr11	58579172	58624639	ZFP91-CNTF	0	+	45467
chr17	15699552	15745940	ZNF286A-TBC1D26	0	+	46388
chr6	31740020	31764851	MSH5-SAPCD1	0	+	24831
chr11	117820163	117876667	FXYD6-FXYD2	0	-	56504
chr11	112086903	112193805	ENSG00000255292	0	+	106902
chr6	127438406	127519001	ENSG00000255330	0	-	80595
chr15	68930525	69062762	NOX5	0	+	132237
chr12	122714756	122716811	HCAR3	0	-	2055
chr11	62649694	62665178	ENSG00000255432	0	-	15484
chr16	31083439	31094956	ENSG00000255439	0	-	11517
chr11	62559603	62591531	ENSG00000255508	0	-	31928
chr16	28637654	28658744	NPIPB8	0	+	21090
chr14	24213955	24232352	NEDD8-MDP1	0	-	18397
chr11	114400682	114443932	ENSG00000255663	0	+	43250
chr7	28953358	28958330	TRIL	0	-	4972
chr19	41350853	41425001	ENSG00000255730	0	+	74148
chr12	10372353	10410146	KLRC4-KLRK1	0	-	37793
chr11	10507894	10509186	MTRNR2L8	0	-	1292
chr5	135444226	135452351	TIFAB	0	-	8125
chr1	225886696	225924278	ENSG00000255835	0	-	37582
chr9	37588413	38068687	ENSG00000255872	0	-	480274
chr4	155921580	155953912	CTSO	0	-	32332
chr15	55410525	55508234	DNAAF4	0	-	97709
chr19	52031378	52095738	ZNF432	0	-	64360
chr19	20167214	20200488	ZNF486	0	+	33274
chr5	150778757	150796734	SMIM3	0	+	17977
chr11	119084866	119093834	HMBS	0	+	8968
chr19	44112181	44134822	ZNF225	0	+	22641
chr1	54132686	54200073	ENSG00000256407	0	-	67387
chr17	64477785	64497054	POLG2	0	-	19269
chr11	61429220	61485822	ENSG00000256591	0	+	56602
chr17	22523415	22524663	MTRNR2L1	0	+	1248
chr7	42909273	42932214	ENSG00000256646	0	-	22941
chr19	51964340	51986856	ZNF350	0	-	22516
chr19	19865882	19894674	ZNF253	0	+	28792
chr17	6651762	6693202	C17orf100	0	+	41440
chr12	133130984	133202369	ENSG00000256825	0	+	71385
chr12	122207779	122266423	ENSG00000256861	0	-	58644
chr12	101155493	101210238	SLC5A8	0	-	54745
chr7	141656728	141702166	DENND11	0	-	45438
chr19	34172504	34229288	LSM14A	0	+	56784
chr2	110402934	110473075	ENSG00000257207	0	-	70141
chr7	141907813	142106747	MGAM	0	+	198934
chr12	55757275	55827546	ENSG00000257390	0	-	70271
chr9	127867850	127906022	ENSG00000257524	0	-	38172
chrX	101391011	101412297	RPL36A-HNRNPH2	0	+	21286
chr19	12142090	12156734	ZNF625	0	-	14644
chr19	47274885	47275723	INAFM1	0	+	838
chr7	142111718	142222324	MGAM2	0	+	110606
chr7	101815904	102283958	CUX1	0	+	468054
chr17	3663063	3696194	P2RX5-TAX1BP3	0	-	33131
chr12	71674204	71698968	ENSG00000258064	0	+	24764
chr12	116548105	116576606	MAP1LC3B2	0	+	28501
chr6	32153845	32171978	PPT2-EGFL8	0	+	18133
chr1	160216800	160285130	ENSG00000258465	0	-	68330
chr14	67659820	67690367	ENSG00000258466	0	-	30547
chr17	28455752	28614185	ENSG00000258472	0	-	158433
chr11	111786286	111879425	ENSG00000258529	0	-	93139
chr10	124617080	124791727	ENSG00000258539	0	-	174647
chr22	24270898	24442356	SPECC1L-ADORA2A	0	+	171458
chr14	23306833	23326175	BCL2L2-PABPN1	0	+	19342
chr14	73851971	73932278	ENSG00000258653	0	+	80307
chr19	19516227	19536076	ENSG00000258674	0	+	19849
chr14	96204844	96263929	ENSG00000258691	0	+	59085
chr8	10725399	10839847	PINX1	0	-	114448
chr9	34646631	34661886	ENSG00000258728	0	+	15255
chr14	35122549	35317474	ENSG00000258790	0	+	194925
chr14	20684560	20701216	RNASE4	0	+	16656
chr16	89921392	89938761	TUBB3	0	+	17369
chr2	237967014	238099412	UBE2F-SCLY	0	+	132398
chr14	104474678	104605647	TMEM179	0	-	130969
chr17	15436021	15563561	TVP23C-CDRT4	0	-	127540
chr1	74198235	74544393	FPGT-TNNI3K	0	+	346158
chr6	7881522	8064364	BLOC1S5-TXNDC5	0	-	182842
chr14	93184973	93218586	ENSG00000259066	0	+	33613
chr11	78016971	78079865	NDUFC2-KCTD14	0	-	62894
chr14	22946270	22982258	ENSG00000259132	0	-	35988
chr8	123226189	123274284	ZHX1-C8orf76	0	-	48095
chr15	64181180	64381440	ENSG00000259316	0	-	200260
chr15	40323692	40326715	INAFM2	0	+	3023
chr15	79845150	79923754	ST20-MTHFS	0	-	78604
chr14	24120956	24131829	ENSG00000259371	0	+	10873
chr20	36574553	36612384	TGIF2-RAB5IF	0	+	37831
chr14	24147548	24166452	ENSG00000259529	0	+	18904
chr16	2513965	2527955	ENSG00000259784	0	+	13990
chr17	48607232	48633572	HOXB7	0	-	26340
chr7	102345746	102356444	SPDYE6	0	-	10698
chr15	45587351	45676314	ENSG00000260170	0	+	88963
chr1	156212982	156243332	PMF1-BGLAP	0	+	30350
chr17	36323884	36334759	TBC1D3G	0	+	10875
chr10	17809348	17911164	MRC1	0	+	101816
chr16	18788063	18801519	ENSG00000260342	0	-	13456
chr16	87083562	87317420	C16orf95	0	-	233858
chr16	70299194	70372582	ENSG00000260537	0	+	73388
chr15	72284727	72375981	ENSG00000260729	0	-	91254
chr20	31968151	32003387	XKR7	0	+	35236
chr15	55340032	55408510	CCPG1	0	-	68478
chr16	30199228	30204310	SULT1A3	0	+	5082
chr7	141074064	141480380	TMEM178B	0	+	406316
chr8	143857324	143878467	EPPK1	0	-	21143
chr19	55605647	55617269	ZNF865	0	+	11622
chr8	144262045	144291438	BOP1	0	-	29393
chr17	64319415	64413776	PECAM1	0	-	94361
chr17	75979231	76005999	TEN1-CDK3	0	+	26768
chr16	30525923	30534852	ENSG00000261459	0	-	8929
chr16	81314944	81390809	GAN	0	+	75865
chr16	29443230	29454651	BOLA2-SMG1P6	0	-	11421
chr9	137168854	137171984	ENSG00000261793	0	-	3130
chr3	129087575	129161036	ISY1-RAB43	0	-	73461
chr16	28456371	28492098	ENSG00000261832	0	-	35727
chr17	7246829	7262089	ENSG00000262302	0	-	15260
chr17	3585149	3636249	ENSG00000262304	0	-	51100
chr11	102862736	102874982	MMP12	0	-	12246
chr17	7389734	7404097	TMEM256-PLSCR3	0	-	14363
chr17	46923133	47049932	ENSG00000262633	0	+	126799
chr11	13962723	14268133	SPON1	0	+	305410
chr17	81703371	81720539	ENSG00000262660	0	+	17168
chrX	153587925	153600045	CCNQ	0	-	12120
chr7	74650231	74760692	GTF2I	0	+	110461
chr19	44141554	44160313	ZNF234	0	+	18759
chr6	31666102	31673546	ENSG00000263020	0	+	7444
chr1	120889771	120890530	PPIAL4A	0	+	759
chr11	95066919	95071225	SRSF8	0	+	4306
chr1	143955287	143971986	FAM72C	0	-	16699
chr1	206470476	206496889	IKBKE	0	+	26413
chr10	46033307	46048180	MSMB	0	-	14873
chr17	45620344	45835826	LINC02210-CRHR1	0	+	215482
chr17	38925168	38929384	LINC00672	0	+	4216
chr1	148102047	148152322	NBPF11	0	-	50275
chr1	206053173	206102449	RHEX	0	+	49276
chr17	40627356	40665141	ENSG00000264058	0	-	37785
chr10	46375627	46391784	ANXA8L1	0	+	16157
chr2	74211604	74363377	ENSG00000264324	0	-	151773
chr17	58083419	58095542	DYNLL2	0	+	12123
chr1	149937812	150010726	OTUD7B	0	-	72914
chr9	21802636	22029594	ENSG00000264545	0	+	226958
chr8	143247110	143276403	ENSG00000264668	0	+	29293
chr17	63484823	63521848	ENSG00000264813	0	+	37025
chr1	147756199	147773362	GJA5	0	-	17163
chr10	47460162	47484158	ANXA8	0	-	23996
chr10	45972489	46003742	TIMM23	0	+	31253
chr1	145738868	145824095	RNF115	0	-	85227
chr21	32402511	32612865	CFAP298-TCP10L	0	-	210354
chr1	120150898	120176520	SEC22B	0	-	25622
chr1	145992435	145996579	TXNIP	0	-	4144
chr1	206203346	206464436	SRGAP2	0	+	261090
chr17	81395457	81466332	BAHCC1	0	+	70875
chr17	57989038	58007246	ENSG00000266086	0	-	18208
chr1	206507531	206589448	RASSF5	0	+	81917
chr17	27798806	27893365	ENSG00000266202	0	-	94559
chr17	16690261	16804453	ENSG00000266302	0	+	114192
chr1	144421390	144461676	NBPF15	0	-	40286
chr10	46005088	46030623	NCOA4	0	-	25535
chr1	150293861	150308979	MRPS21	0	+	15118
chr10	47300197	47313577	GDF10	0	+	13380
chr19	2717769	2740048	ENSG00000267001	0	-	22279
chr19	44025354	44087318	ENSG00000267022	0	+	61964
chr19	36714383	36772825	ZNF850	0	-	58442
chr19	1578339	1605445	ENSG00000267059	0	-	27106
chr19	35739252	35745432	ENSG00000267120	0	-	6180
chr18	80034346	80097088	ENSG00000267127	0	+	62742
chr18	35443871	35497940	ENSG00000267140	0	-	54069
chr19	11925075	11979290	ENSG00000267179	0	+	54215
chr18	47108188	47176345	ENSG00000267228	0	-	68157
chr17	42119674	42154916	ENSG00000267261	0	-	35242
chr12	53506691	53625979	ATF7-NPFF	0	-	119288
chr19	5904841	5914707	ENSG00000267314	0	+	9866
chr17	35011349	35121493	ENSG00000267618	0	-	110144
chr19	44094361	44109886	ZNF224	0	+	15525
chr18	50968019	51058144	ENSG00000267699	0	+	90125
chr19	5866171	5903787	ENSG00000267740	0	-	37616
chr19	41708657	41756737	ENSG00000267881	0	+	48080
chr19	7507052	7519622	ENSG00000267952	0	+	12570
chr1	146938744	146996202	NBPF12	0	+	57458
chr19	38817471	38840178	ENSG00000268083	0	-	22707
chrX	152637895	152657542	GABRQ	0	+	19647
chrX	116436606	116461458	SLC6A14	0	+	24852
chr19	18153158	18178117	ENSG00000268173	0	+	24959
chr19	18907013	18934397	ENSG00000268193	0	-	27384
chrX	52926402	52995472	FAM156A	0	-	69070
chr19	43554692	43593036	ENSG00000268361	0	-	38344
chr19	7629796	7643048	ENSG00000268400	0	+	13252
chr19	51610960	51646889	SIGLEC5	0	-	35929
chr19	57394183	57438457	ENSG00000268533	0	+	44274
chrX	152749863	152753884	MAGEA2	0	-	4021
chr19	42234583	42255132	ENSG00000268643	0	-	20549
chr19	40801297	40898282	ENSG00000268797	0	+	96985
chr19	57682045	57753575	ENSG00000269026	0	+	71530
chr3	96617188	96618236	MTRNR2L12	0	-	1048
chr1	47760528	47997385	TRABD2B	0	-	236857
chr19	49909501	49958391	ENSG00000269179	0	-	48890
chrX	104063871	104076212	TMSB15B	0	-	12341
chrX	49162564	49168483	MAGIX	0	+	5919
chrX	154541199	154565046	IKBKG	0	+	23847
chr19	50418938	50431314	SPIB	0	+	12376
chr19	49462752	49486231	ENSG00000269469	0	+	23479
chr19	38915404	38949855	ENSG00000269547	0	-	34451
chrX	149596556	149631912	TMEM185A	0	-	35356
chr19	56774547	56840731	ZIM2	0	-	66184
chr1	149054027	149103561	NBPF9	0	-	49534
chr19	50996018	51009581	ENSG00000269741	0	-	13563
chrX	104099214	104157009	SLC25A53	0	-	57795
chr10	22316388	22329542	COMMD3-BMI1	0	+	13154
chr19	9324174	9382617	ZNF559-ZNF177	0	+	58443
chr1	160997957	161038962	ENSG00000270149	0	-	41005
chr3	196942674	196943543	NCBP2AS2	0	+	869
chr13	102799110	102875994	BIVM-ERCC5	0	+	76884
chr1	149854045	149861159	H4C15	0	-	7114
chr20	646626	675800	ENSG00000270299	0	-	29174
chr10	102854272	102901899	BORCS7-ASMT	0	+	47627
chr1	148531385	148679742	NBPF14	0	-	148357
chr17	35809482	35864615	TAF15	0	+	55133
chr2	197500413	197550726	HSPE1-MOB4	0	+	50313
chr6	34284887	34426071	RPS10-NUDT3	0	-	141184
chr1	149832657	149839767	H4C14	0	+	7110
chr17	35731639	35743521	RASL10B	0	+	11882
chr7	143571801	143574387	CTAGE15	0	+	2586
chr1	95117923	95247225	TLCD4-RWDD3	0	+	129302
chr7	143755089	143757696	CTAGE6	0	-	2607
chr1	146064711	146229000	NBPF10	0	-	164289
chr17	35756249	35795707	MMP28	0	-	39458
chr17	35871491	35880793	CCL5	0	-	9302
chr17	64449037	64468643	MILR1	0	+	19606
chr1	54641786	54742308	MROH7-TTC4	0	+	100522
chr1	34981533	35031741	ENSG00000271741	0	-	50208
chr6	85504776	85678733	ENSG00000271793	0	-	173957
chr1	112702614	112711433	ENSG00000271810	0	-	8819
chr1	89633140	89933250	ENSG00000271949	0	+	300110
chr6	158168350	158199344	GTF2H5	0	+	30994
chr6	10747794	10930423	ENSG00000272162	0	+	182629
chr19	35717973	35738880	KMT2B	0	+	20907
chr7	75416786	75486299	POM121C	0	-	69513
chr6	106969831	106975627	CD24	0	-	5796
chr3	10249372	10285796	ENSG00000272410	0	+	36424
chr4	76251721	76311129	FAM47E-STBD1	0	+	59408
chr6	44273194	44378957	ENSG00000272442	0	+	105763
chr4	53286	88208	ZNF595	0	+	34922
chr17	142789	181650	DOC2B	0	-	38861
chr7	99558695	99607810	ENSG00000272647	0	+	49115
chr5	141182387	141186226	PCDHB16	0	+	3839
chr5	134167170	134226071	ENSG00000272772	0	-	58901
chr12	48903503	48957365	ENSG00000272822	0	-	53862
chr20	35632340	35674544	ENSG00000272897	0	-	42204
chr7	4983718	5073221	RBAK-RBAKDN	0	+	89503
chr11	65014182	65040570	ARL2-SNX15	0	+	26388
chr12	53985845	54034888	ENSG00000273049	0	+	49043
chr1	155169409	155187272	ENSG00000273088	0	-	17863
chr1	120723949	120842110	NBPF26	0	+	118161
chr20	63708864	63739103	ENSG00000273154	0	+	30239
chr13	23979700	24321031	ENSG00000273167	0	+	341331
chr5	131425891	131796983	ENSG00000273217	0	-	371092
chr14	94592058	94624646	ENSG00000273259	0	+	32588
chr3	42809446	43055871	ENSG00000273291	0	+	246425
chr5	33987174	34124528	C1QTNF3-AMACR	0	-	137354
chr2	68131238	68261230	ENSG00000273398	0	-	129992
chr17	37924415	37935365	TBC1D3K	0	+	10950
chr6	27831174	27831560	H4C12	0	-	386
chr17	38800441	38825355	CWC25	0	-	24914
chr21	7744951	7777853	SMIM11B	0	+	32902
chr17	38671703	38674957	EPOP	0	-	3254
chr19	2269525	2341172	ENSG00000273734	0	+	71647
chr15	22867052	22981063	CYFIP1	0	-	114011
chr6	26216200	26216688	H2BC8	0	-	488
chrX	49879484	49882558	USP27X	0	+	3074
chr6	26270918	26271413	H3C8	0	-	495
chr2	74455088	74460884	INO80B-WBP1	0	+	5796
chr7	74964705	75031528	CASTOR2	0	+	66823
chr17	21238870	21253410	NATD1	0	-	14540
chr17	38351844	38405593	SOCS7	0	+	53749
chr17	36377531	36388435	TBC1D3H	0	-	10904
chr21	6444869	6468040	CBSL	0	-	23171
chr6	26172059	26184655	H2BC6	0	+	12596
chr20	1317571	1393096	ENSG00000274322	0	-	75525
chr9	66856426	66932141	ZNF658	0	+	75715
chr1	42784991	42816619	TMEM269	0	+	31628
chr17	38003976	38014902	TBC1D3D	0	+	10926
chr17	37978155	37989060	TBC1D3L	0	-	10905
chr21	5972924	5973383	ENSG00000274559	0	-	459
chr17	38181659	38192555	TBC1D3	0	-	10896
chr6	26224199	26227473	H3C6	0	+	3274
chr17	36165683	36176636	TBC1D3B	0	-	10953
chr3	132558142	132722459	NPHP3-ACAD11	0	-	164317
chr17	36253456	36264553	TBC1D3I	0	-	11097
chr1	38864501	38881617	ENSG00000274944	0	-	17116
chr22	22484421	22508742	ZNF280B	0	-	24321
chr17	38705273	38729795	MLLT6	0	+	24522
chr2	55547292	55618880	PPP4R3B	0	-	71588
chr17	37514807	37609472	SYNRG	0	-	94665
chr8	22106874	22109419	NUDT18	0	-	2545
chr2	95165432	95184317	ZNF2	0	+	18885
chr17	36103827	36105621	CCL4	0	+	1794
chr8	8317736	8386439	PRAG1	0	-	68703
chr17	36064272	36072032	CCL18	0	+	7760
chr19	39863323	39934626	FCGBP	0	-	71303
chr21	5130871	5154658	ENSG00000275464	0	-	23787
chr15	90266317	90314499	ENSG00000275674	0	+	48182
chr17	35983656	36001621	CCL15-CCL14	0	-	17965
chr17	36948925	37056871	AATF	0	+	107946
chr6	26251614	26252075	H2BC9	0	+	461
chr5	146203550	146339251	ENSG00000275740	0	+	135701
chr1	13115488	13116854	HNRNPCL2	0	-	1366
chr17	38419280	38512385	ARHGAP23	0	+	93105
chr15	22983192	23039572	TUBGCP5	0	-	56380
chr7	142760398	142774564	PRSS2	0	+	14166
chr21	6111131	6123778	SIK1B	0	+	12647
chr17	37489891	37513501	DUSP14	0	+	23610
chr19	4903080	4962154	UHRF1	0	+	59074
chr12	121626550	121642677	ORAI1	0	+	16127
chr17	36210924	36212878	CCL4L2	0	+	1954
chr17	36194869	36196758	CCL3L3	0	-	1889
chr6	27139282	27139678	H4C9	0	+	396
chr17	8802722	8867677	PIK3R6	0	-	64955
chr17	37406886	37479725	TADA2A	0	+	72839
chr17	38765691	38800126	PIP4K2B	0	-	34435
chr1	205976740	206003461	RAB7B	0	-	26721
chr13	71437966	71867204	DACH1	0	-	429238
chr6	26204610	26205021	H4C5	0	+	411
chr6	26216975	26217483	H2AC8	0	+	508
chr21	5022493	5040666	ENSG00000277117	0	+	18173
chr7	72558744	72828200	TYW1B	0	-	269456
chrX	155456914	155458620	F8A3	0	-	1706
chr17	2720801	2749652	CCDC92B	0	-	28851
chr6	26199516	26199988	H2BC7	0	+	472
chr17	38733898	38749817	PCGF2	0	-	15919
chr17	38530031	38605952	SRCIN1	0	-	75921
chr6	113857345	113863475	MARCKS	0	+	6130
chr8	143213218	143217170	GPIHBP1	0	+	3952
chr17	36088256	36090169	CCL3	0	-	1913
chr16	53035690	53052873	ENSG00000277639	0	-	17183
chr10	47744717	47763592	ENSG00000277758	0	-	18875
chr17	38752741	38764225	PSMB3	0	+	11484
chr17	7563287	7578715	SENP3-EIF4A1	0	+	15428
chr17	37609739	37643446	DDX52	0	-	33707
chr1	46043661	46176488	P3R3URF-PIK3R3	0	-	132827
chr17	36495636	36543435	MYO19	0	-	47799
chr17	38057693	38068634	TBC1D3C	0	-	10941
chr17	36544912	36589848	GGNBP2	0	+	44936
chr19	44417519	44448578	ZNF229	0	-	31059
chr17	36591879	36600804	DHRS11	0	+	8925
chr17	37084992	37406836	ACACA	0	-	321844
chr17	38127951	38138868	TBC1D3E	0	+	10917
chr17	36601583	36608964	MRM1	0	+	7381
chr15	82339993	82349475	GOLGA6L10	0	-	9482
chr6	27810051	27811300	H3C10	0	+	1249
chr17	38297023	38323217	MRPL45	0	+	26194
chr9	137031241	137040436	ENSG00000279073	0	-	9195
chr21	5079294	5128413	GATD3B	0	-	49119
chr6	143857318	143938471	ENSG00000280148	0	+	81153
chr21	5155499	5165472	ENSG00000280433	0	-	9973
chr2	219075329	219170827	ENSG00000280537	0	-	95498
chr3	42705756	42804518	ENSG00000280571	0	-	98762
chr1	45493866	45500079	CCDC163	0	-	6213
chr1	145927258	145977811	ENSG00000280778	0	+	50553
chr7	30497077	30550761	ENSG00000281039	0	-	53684
chr13	43883800	44028526	ENSG00000281883	0	+	144726
chr5	131807143	132011637	ENSG00000281938	0	-	204494
chr6	117318211	117573571	ENSG00000282218	0	-	255360
chr4	53377839	54295272	ENSG00000282278	0	+	917433
chr6	26195595	26199293	ENSG00000282988	0	-	3698
chr3	186581995	186597103	ENSG00000283149	0	+	15108
chr3	158962235	159897629	IQCJ-SCHIP1	0	+	935394
chr3	49416777	49429314	ENSG00000283189	0	-	12537
chr13	113953705	113974076	C13orf46	0	-	20371
chr19	23222755	23274221	ENSG00000283201	0	-	51466
chr8	1763888	1958627	KBTBD11-OT1	0	+	194739
chr10	133309410	133352529	ZNF511-PRAP1	0	+	43119
chr19	58228914	58315183	ENSG00000283515	0	+	86269
chr9	131545514	131558620	PRRT1B	0	+	13106
chrX	149548210	149549924	HSFX3	0	-	1714
