Chr	Start	End	Mutation	Size	Middle	Start_C	End_C	Mutations_C
chr1	32360278	32368278	32363805	8000	32364278	-4000	4000	-473
chr1	145841630	145849630	145847270	8000	145845630	-4000	4000	1640
chr1	145906111	145914111	145912056	8000	145910111	-4000	4000	1945
chr1	161148776	161156776	161153822	8000	161152776	-4000	4000	1046
chr1	19284770	19292770	19286262	8000	19288770	-4000	4000	-2508
chr1	232801416	232809416	232805052	8000	232805416	-4000	4000	-364
chr1	23365836	23373836	23369496	8000	23369836	-4000	4000	-340
chr1	149808373	149816373	149812291	8000	149812373	-4000	4000	-82
chr1	181084700	181092700	181088914	8000	181088700	-4000	4000	214
chr1	246503312	246511312	246507283	8000	246507312	-4000	4000	-29
chr1	248855144	248863144	248855418	8000	248859144	-4000	4000	-3726
chr1	45496300	45504300	45500381	8000	45500300	-4000	4000	81
chr1	231333852	231341852	231338305	8000	231337852	-4000	4000	453
chr1	11056020	11064020	11056717	8000	11060020	-4000	4000	-3303
chr1	25612791	25620791	25618268	8000	25616791	-4000	4000	1477
chr1	18476930	18484930	18483028	8000	18480930	-4000	4000	2098
chr1	39022318	39030318	39028861	8000	39026318	-4000	4000	2543
chr1	149808373	149816373	149813390	8000	149812373	-4000	4000	1017
chr1	151043751	151051751	151050674	8000	151047751	-4000	4000	2923
chr1	153612986	153620986	153618854	8000	153616986	-4000	4000	1868
chr1	247100372	247108372	247101772	8000	247104372	-4000	4000	-2600
chr1	248855144	248863144	248857848	8000	248859144	-4000	4000	-1296
chr1	32201671	32209671	32207474	8000	32205671	-4000	4000	1803
chr1	37855592	37863592	37857466	8000	37859592	-4000	4000	-2126
chr1	156587756	156595756	156592448	8000	156591756	-4000	4000	692
chr1	1320756	1328756	1321057	8000	1324756	-4000	4000	-3699
chr1	19247552	19255552	19251813	8000	19251552	-4000	4000	261
chr1	19284770	19292770	19285103	8000	19288770	-4000	4000	-3667
chr1	26107165	26115165	26114330	8000	26111165	-4000	4000	3165
chr1	27379333	27387333	27380117	8000	27383333	-4000	4000	-3216
chr1	36080094	36088094	36085835	8000	36084094	-4000	4000	1741
chr1	93875918	93883918	93877337	8000	93879918	-4000	4000	-2581
chr1	148479302	148487302	148483103	8000	148483302	-4000	4000	-199
chr1	150253251	150261251	150260233	8000	150257251	-4000	4000	2982
chr1	151395560	151403560	151400643	8000	151399560	-4000	4000	1083
chr1	153982358	153990358	153983538	8000	153986358	-4000	4000	-2820
chr1	154555028	154563028	154555955	8000	154559028	-4000	4000	-3073
chr1	155316894	155324894	155321156	8000	155320894	-4000	4000	262
chr1	155907404	155915404	155914223	8000	155911404	-4000	4000	2819
chr1	161162056	161170056	161168025	8000	161166056	-4000	4000	1969
chr1	197142694	197150694	197143455	8000	197146694	-4000	4000	-3239
chr1	232801416	232809416	232807134	8000	232805416	-4000	4000	1718
chr1	248855144	248863144	248857466	8000	248859144	-4000	4000	-1678
chr1	248855144	248863144	248857457	8000	248859144	-4000	4000	-1687
chr1	109707780	109715780	109712259	8000	109711780	-4000	4000	479
chr1	117363449	117371449	117368238	8000	117367449	-4000	4000	789
chr1	1720357	1728357	1721603	8000	1724357	-4000	4000	-2754
chr1	155606205	155614205	155611578	8000	155610205	-4000	4000	1373
chr1	46715146	46723146	46717972	8000	46719146	-4000	4000	-1174
chr1	100128955	100136955	100132845	8000	100132955	-4000	4000	-110
chr1	6205389	6213389	6212390	8000	6209389	-4000	4000	3001
chr1	43970487	43978487	43972155	8000	43974487	-4000	4000	-2332
chr1	149883890	149891890	149886521	8000	149887890	-4000	4000	-1369
chr1	150625612	150633612	150629506	8000	150629612	-4000	4000	-106
chr1	155304748	155312748	155312373	8000	155308748	-4000	4000	3625
chr1	171777660	171785660	171784019	8000	171781660	-4000	4000	2359
chr1	222544104	222552104	222548008	8000	222548104	-4000	4000	-96
chr1	184047651	184055651	184054790	8000	184051651	-4000	4000	3139
chr1	203182704	203190704	203183727	8000	203186704	-4000	4000	-2977
chr1	162019869	162027869	162019984	8000	162023869	-4000	4000	-3885
chr1	197142694	197150694	197143355	8000	197146694	-4000	4000	-3339
chr1	179587613	179595613	179588303	8000	179591613	-4000	4000	-3310
chr1	919923	927923	925952	8000	923923	-4000	4000	2029
chr1	26313958	26321958	26317976	8000	26317958	-4000	4000	18
chr1	20657544	20665544	20664589	8000	20661544	-4000	4000	3045
chr1	151759496	151767496	151767237	8000	151763496	-4000	4000	3741
chr1	108742674	108750674	108746730	8000	108746674	-4000	4000	56
chr1	52400423	52408423	52405803	8000	52404423	-4000	4000	1380
chr1	180908897	180916897	180916241	8000	180912897	-4000	4000	3344
chr1	153546136	153554136	153547714	8000	153550136	-4000	4000	-2422
chr1	151032321	151040321	151038939	8000	151036321	-4000	4000	2618
chr1	153986762	153994762	153992859	8000	153990762	-4000	4000	2097
chr1	93341907	93349907	93346623	8000	93345907	-4000	4000	716
chr1	92828013	92836013	92832079	8000	92832013	-4000	4000	66
chr1	112707433	112715433	112710471	8000	112711433	-4000	4000	-962
chr1	36446451	36454451	36450273	8000	36450451	-4000	4000	-178
chr1	161155450	161163450	161158123	8000	161159450	-4000	4000	-1327
chr1	26313958	26321958	26318024	8000	26317958	-4000	4000	66
chr1	1228237	1236237	1228592	8000	1232237	-4000	4000	-3645
chr1	12844720	12852720	12847829	8000	12848720	-4000	4000	-891
chr1	6205389	6213389	6211894	8000	6209389	-4000	4000	2505
chr1	202003945	202011945	202011158	8000	202007945	-4000	4000	3213
chr1	42654335	42662335	42659319	8000	42658335	-4000	4000	984
chr1	159776932	159784932	159782260	8000	159780932	-4000	4000	1328
chr1	76070746	76078746	76074852	8000	76074746	-4000	4000	106
chr1	145923258	145931258	145924521	8000	145927258	-4000	4000	-2737
chr1	151849712	151857712	151853551	8000	151853712	-4000	4000	-161
chr1	158174030	158182030	158180943	8000	158178030	-4000	4000	2913
chr1	145992579	146000579	145996228	8000	145996579	-4000	4000	-351
chr1	209780559	209788559	209781442	8000	209784559	-4000	4000	-3117
chr1	150625612	150633612	150629466	8000	150629612	-4000	4000	-146
chr1	244860560	244868560	244862501	8000	244864560	-4000	4000	-2059
chr1	54883195	54891195	54883745	8000	54887195	-4000	4000	-3450
chr1	43987359	43995359	43992137	8000	43991359	-4000	4000	778
chr1	202885149	202893149	202892351	8000	202889149	-4000	4000	3202
chr1	200406056	200414056	200407700	8000	200410056	-4000	4000	-2356
chr1	158349696	158357696	158355431	8000	158353696	-4000	4000	1735
chr1	158349696	158357696	158355432	8000	158353696	-4000	4000	1736
chr1	234369456	234377456	234374369	8000	234373456	-4000	4000	913
chr1	154970395	154978395	154975757	8000	154974395	-4000	4000	1362
chr1	169790963	169798963	169793302	8000	169794963	-4000	4000	-1661
chr1	145841630	145849630	145847587	8000	145845630	-4000	4000	1957
chr1	85576761	85584761	85583095	8000	85580761	-4000	4000	2334
chr1	35189145	35197145	35193050	8000	35193145	-4000	4000	-95
chr1	217627090	217635090	217631406	8000	217631090	-4000	4000	316
chr1	154952123	154960123	154958907	8000	154956123	-4000	4000	2784
chr1	209671412	209679412	209676006	8000	209675412	-4000	4000	594
chr1	107052674	107060674	107057655	8000	107056674	-4000	4000	981
chr1	152997747	153005747	153003097	8000	153001747	-4000	4000	1350
chr1	227559543	227567543	227563695	8000	227563543	-4000	4000	152
chr1	31292788	31300788	31296684	8000	31296788	-4000	4000	-104
chr1	31292788	31300788	31296685	8000	31296788	-4000	4000	-103
chr1	109707780	109715780	109713368	8000	109711780	-4000	4000	1588
chr1	23796781	23804781	23802404	8000	23800781	-4000	4000	1623
chr1	26356080	26364080	26361851	8000	26360080	-4000	4000	1771
chr1	109612104	109620104	109620076	8000	109616104	-4000	4000	3972
chr1	161520540	161528540	161525612	8000	161524540	-4000	4000	1072
chr1	160281130	160289130	160282107	8000	160285130	-4000	4000	-3023
chr1	43168330	43176330	43172123	8000	43172330	-4000	4000	-207
chr1	110959965	110967965	110963627	8000	110963965	-4000	4000	-338
chr1	150253251	150261251	150260269	8000	150257251	-4000	4000	3018
chr1	160111759	160119759	160115864	8000	160115759	-4000	4000	105
chr1	201465237	201473237	201468521	8000	201469237	-4000	4000	-716
chr1	111445256	111453256	111449189	8000	111449256	-4000	4000	-67
chr1	225920278	225928278	225924126	8000	225924278	-4000	4000	-152
chr1	149932879	149940879	149936201	8000	149936879	-4000	4000	-678
chr1	156291689	156299689	156293366	8000	156295689	-4000	4000	-2323
chr1	203182704	203190704	203182841	8000	203186704	-4000	4000	-3863
chr1	28644291	28652291	28648696	8000	28648291	-4000	4000	405
chr1	1403293	1411293	1405761	8000	1407293	-4000	4000	-1532
chr1	13112854	13120854	13115751	8000	13116854	-4000	4000	-1103
chr1	37510766	37518766	37513509	8000	37514766	-4000	4000	-1257
chr1	160339316	160347316	160339939	8000	160343316	-4000	4000	-3377
chr1	179078070	179086070	179085633	8000	179082070	-4000	4000	3563
chr1	67050148	67058148	67053960	8000	67054148	-4000	4000	-188
chr1	152997747	153005747	153003583	8000	153001747	-4000	4000	1836
chr1	109245539	109253539	109251479	8000	109249539	-4000	4000	1940
chr1	161211234	161219234	161214164	8000	161215234	-4000	4000	-1070
chr1	1371207	1379207	1373903	8000	1375207	-4000	4000	-1304
chr1	150504062	150512062	150504338	8000	150508062	-4000	4000	-3724
chr1	149883890	149891890	149887265	8000	149887890	-4000	4000	-625
chr1	211575161	211583161	211575385	8000	211579161	-4000	4000	-3776
chr1	145954017	145962017	145960402	8000	145958017	-4000	4000	2385
chr1	43970487	43978487	43975847	8000	43974487	-4000	4000	1360
chr1	18476930	18484930	18481783	8000	18480930	-4000	4000	853
chr1	93875918	93883918	93877504	8000	93879918	-4000	4000	-2414
chr1	150545369	150553369	150553225	8000	150549369	-4000	4000	3856
chr1	154563778	154571778	154571367	8000	154567778	-4000	4000	3589
chr1	186292279	186300279	186296901	8000	186296279	-4000	4000	622
chr1	186676922	186684922	186679164	8000	186680922	-4000	4000	-1758
chr1	42813122	42821122	42816441	8000	42817122	-4000	4000	-681
chr1	246720409	246728409	246726957	8000	246724409	-4000	4000	2548
chr1	155059748	155067748	155062509	8000	155063748	-4000	4000	-1239
chr1	42452253	42460253	42456776	8000	42456253	-4000	4000	523
chr1	153963534	153971534	153969004	8000	153967534	-4000	4000	1470
chr1	183586876	183594876	183590303	8000	183590876	-4000	4000	-573
chr1	26313958	26321958	26318082	8000	26317958	-4000	4000	124
chr1	234369456	234377456	234373760	8000	234373456	-4000	4000	304
chr1	1327280	1335280	1331863	8000	1331280	-4000	4000	583
chr1	6205389	6213389	6207426	8000	6209389	-4000	4000	-1963
chr1	6550513	6558513	6555500	8000	6554513	-4000	4000	987
chr1	37943057	37951057	37946266	8000	37947057	-4000	4000	-791
chr1	45006950	45014950	45008510	8000	45010950	-4000	4000	-2440
chr1	66529267	66537267	66534260	8000	66533267	-4000	4000	993
chr1	85576761	85584761	85582466	8000	85580761	-4000	4000	1705
chr1	86910424	86918424	86914089	8000	86914424	-4000	4000	-335
chr1	109209918	109217918	109213977	8000	109213918	-4000	4000	59
chr1	114712771	114720771	114713920	8000	114716771	-4000	4000	-2851
chr1	150922263	150930263	150927915	8000	150926263	-4000	4000	1652
chr1	153387073	153395073	153390035	8000	153391073	-4000	4000	-1038
chr1	155131344	155139344	155137693	8000	155135344	-4000	4000	2349
chr1	155169787	155177787	155176104	8000	155173787	-4000	4000	2317
chr1	156724442	156732442	156732329	8000	156728442	-4000	4000	3887
chr1	160094943	160102943	160094983	8000	160098943	-4000	4000	-3960
chr1	160707831	160715831	160711748	8000	160711831	-4000	4000	-83
chr1	161114055	161122055	161118016	8000	161118055	-4000	4000	-39
chr1	161627963	161635963	161630367	8000	161631963	-4000	4000	-1596
chr1	171648688	171656688	171652408	8000	171652688	-4000	4000	-280
chr1	173864082	173872082	173870380	8000	173868082	-4000	4000	2298
chr1	179078070	179086070	179085752	8000	179082070	-4000	4000	3682
chr1	186676922	186684922	186679152	8000	186680922	-4000	4000	-1770
chr1	200406056	200414056	200408991	8000	200410056	-4000	4000	-1065
chr1	202157588	202165588	202157801	8000	202161588	-4000	4000	-3787
chr1	207048980	207056980	207049516	8000	207052980	-4000	4000	-3464
chr1	211575161	211583161	211576004	8000	211579161	-4000	4000	-3157
chr1	228101411	228109411	228108075	8000	228105411	-4000	4000	2664
chr1	228412861	228420861	228414820	8000	228416861	-4000	4000	-2041
chr1	11922428	11930428	11922784	8000	11926428	-4000	4000	-3644
chr1	26173484	26181484	26180515	8000	26177484	-4000	4000	3031
chr1	26406817	26414817	26410846	8000	26410817	-4000	4000	29
chr1	110334506	110342506	110342101	8000	110338506	-4000	4000	3595
chr1	113975391	113983391	113981135	8000	113979391	-4000	4000	1744
chr1	113975391	113983391	113981136	8000	113979391	-4000	4000	1745
chr1	6575994	6583994	6577030	8000	6579994	-4000	4000	-2964
chr1	11802455	11810455	11803100	8000	11806455	-4000	4000	-3355
chr1	156587756	156595756	156594040	8000	156591756	-4000	4000	2284
chr1	156746610	156754610	156752190	8000	156750610	-4000	4000	1580
chr1	1915279	1923279	1916828	8000	1919279	-4000	4000	-2451
chr1	37943057	37951057	37943816	8000	37947057	-4000	4000	-3241
chr1	58573252	58581252	58576516	8000	58577252	-4000	4000	-736
chr1	85255672	85263672	85258673	8000	85259672	-4000	4000	-999
chr1	955309	963309	962441	8000	959309	-4000	4000	3132
chr1	16000236	16008236	16004303	8000	16004236	-4000	4000	67
chr1	16015594	16023594	16022691	8000	16019594	-4000	4000	3097
chr1	18626846	18634846	18634463	8000	18630846	-4000	4000	3617
chr1	37943057	37951057	37943884	8000	37947057	-4000	4000	-3173
chr1	44771251	44779251	44777615	8000	44775251	-4000	4000	2364
chr1	78645796	78653796	78650592	8000	78649796	-4000	4000	796
chr1	93875918	93883918	93877724	8000	93879918	-4000	4000	-2194
chr1	112707433	112715433	112710478	8000	112711433	-4000	4000	-955
chr1	145992579	146000579	145993675	8000	145996579	-4000	4000	-2904
chr1	147168550	147176550	147172039	8000	147172550	-4000	4000	-511
chr1	149808373	149816373	149813683	8000	149812373	-4000	4000	1310
chr1	150805577	150813577	150806710	8000	150809577	-4000	4000	-2867
chr1	153609145	153617145	153615902	8000	153613145	-4000	4000	2757
chr1	153654703	153662703	153662399	8000	153658703	-4000	4000	3696
chr1	154268589	154276589	154275644	8000	154272589	-4000	4000	3055
chr1	154952123	154960123	154959512	8000	154956123	-4000	4000	3389
chr1	155059748	155067748	155062548	8000	155063748	-4000	4000	-1200
chr1	155183272	155191272	155183813	8000	155187272	-4000	4000	-3459
chr1	155316894	155324894	155321129	8000	155320894	-4000	4000	235
chr1	156812848	156820848	156816747	8000	156816848	-4000	4000	-101
chr1	161221939	161229939	161228752	8000	161225939	-4000	4000	2813
chr1	161520540	161528540	161526496	8000	161524540	-4000	4000	1956
chr1	179587613	179595613	179592602	8000	179591613	-4000	4000	989
chr1	202963275	202971275	202966775	8000	202967275	-4000	4000	-500
chr1	206466476	206474476	206474467	8000	206470476	-4000	4000	3991
chr1	224326189	224334189	224330126	8000	224330189	-4000	4000	-63
chr1	228101411	228109411	228107841	8000	228105411	-4000	4000	2430
chr1	245150985	245158985	245155300	8000	245154985	-4000	4000	315
chr1	247100372	247108372	247100837	8000	247104372	-4000	4000	-3535
chr1	149883890	149891890	149886301	8000	149887890	-4000	4000	-1589
chr1	43970487	43978487	43970623	8000	43974487	-4000	4000	-3864
chr1	148148322	148156322	148149275	8000	148152322	-4000	4000	-3047
chr1	156244117	156252117	156245654	8000	156248117	-4000	4000	-2463
chr1	113069198	113077198	113073567	8000	113073198	-4000	4000	369
chr1	109737038	109745038	109738337	8000	109741038	-4000	4000	-2701
chr1	150278543	150286543	150283554	8000	150282543	-4000	4000	1011
chr1	150504062	150512062	150511484	8000	150508062	-4000	4000	3422
chr1	153982358	153990358	153982627	8000	153986358	-4000	4000	-3731
chr1	154866281	154874281	154869401	8000	154870281	-4000	4000	-880
chr1	156724442	156732442	156729215	8000	156728442	-4000	4000	773
chr1	160735057	160743057	160739293	8000	160739057	-4000	4000	236
chr1	173203331	173211331	173207168	8000	173207331	-4000	4000	-163
chr1	205809748	205817748	205810148	8000	205813748	-4000	4000	-3600
chr1	145992579	146000579	145995223	8000	145996579	-4000	4000	-1356
chr1	149932879	149940879	149933698	8000	149936879	-4000	4000	-3181
chr1	18476930	18484930	18483716	8000	18480930	-4000	4000	2786
chr1	154952123	154960123	154957788	8000	154956123	-4000	4000	1665
chr1	205746182	205754182	205750235	8000	205750182	-4000	4000	53
chr1	210324252	210332252	210328948	8000	210328252	-4000	4000	696
chr1	156208982	156216982	156213022	8000	156212982	-4000	4000	40
chr1	186676922	186684922	186679327	8000	186680922	-4000	4000	-1595
chr1	229430104	229438104	229431456	8000	229434104	-4000	4000	-2648
chr1	155123876	155131876	155127956	8000	155127876	-4000	4000	80
chr1	161065970	161073970	161073272	8000	161069970	-4000	4000	3302
chr1	162374841	162382841	162382102	8000	162378841	-4000	4000	3261
chr1	202344699	202352699	202348849	8000	202348699	-4000	4000	150
chr1	206861623	206869623	206866009	8000	206865623	-4000	4000	386
chr1	150504062	150512062	150511754	8000	150508062	-4000	4000	3692
chr1	109490052	109498052	109490117	8000	109494052	-4000	4000	-3935
chr1	155029824	155037824	155033193	8000	155033824	-4000	4000	-631
chr1	155316894	155324894	155320486	8000	155320894	-4000	4000	-408
chr1	197197293	197205293	197200414	8000	197201293	-4000	4000	-879
chr1	89194942	89202942	89195320	8000	89198942	-4000	4000	-3622
chr1	157696769	157704769	157698430	8000	157700769	-4000	4000	-2339
chr1	225920278	225928278	225921971	8000	225924278	-4000	4000	-2307
chr1	181084700	181092700	181088945	8000	181088700	-4000	4000	245
chr1	32960809	32968809	32964229	8000	32964809	-4000	4000	-580
chr1	52400423	52408423	52405774	8000	52404423	-4000	4000	1351
chr1	200734893	200742893	200739795	8000	200738893	-4000	4000	902
chr1	39635643	39643643	39639554	8000	39639643	-4000	4000	-89
chr1	161520540	161528540	161526482	8000	161524540	-4000	4000	1942
chr1	150253251	150261251	150258157	8000	150257251	-4000	4000	906
chr1	89194942	89202942	89195312	8000	89198942	-4000	4000	-3630
chr1	40473290	40481290	40479483	8000	40477290	-4000	4000	2193
chr1	43354981	43362981	43359271	8000	43358981	-4000	4000	290
chr1	151032321	151040321	151033913	8000	151036321	-4000	4000	-2408
chr1	247412156	247420156	247418764	8000	247416156	-4000	4000	2608
chr1	145820095	145828095	145826646	8000	145824095	-4000	4000	2551
chr1	151368707	151376707	151369885	8000	151372707	-4000	4000	-2822
chr1	77278019	77286019	77282371	8000	77282019	-4000	4000	352
chr1	149808373	149816373	149813650	8000	149812373	-4000	4000	1277
chr1	150504062	150512062	150511702	8000	150508062	-4000	4000	3640
chr1	154190648	154198648	154191229	8000	154194648	-4000	4000	-3419
chr1	158349696	158357696	158355863	8000	158353696	-4000	4000	2167
chr1	11258551	11266551	11259385	8000	11262551	-4000	4000	-3166
chr1	36460384	36468384	36467968	8000	36464384	-4000	4000	3584
chr1	116750430	116758430	116754719	8000	116754430	-4000	4000	289
chr1	155316894	155324894	155320489	8000	155320894	-4000	4000	-405
chr1	235124837	235132837	235127886	8000	235128837	-4000	4000	-951
chr1	107052674	107060674	107057976	8000	107056674	-4000	4000	1302
chr1	6205389	6213389	6210593	8000	6209389	-4000	4000	1204
chr1	150805577	150813577	150812110	8000	150809577	-4000	4000	2533
chr1	153623926	153631926	153626323	8000	153627926	-4000	4000	-1603
chr1	156291689	156299689	156293074	8000	156295689	-4000	4000	-2615
chr1	157134474	157142474	157136319	8000	157138474	-4000	4000	-2155
chr1	248855144	248863144	248857447	8000	248859144	-4000	4000	-1697
chr1	109086764	109094764	109094442	8000	109090764	-4000	4000	3678
chr1	113975391	113983391	113981269	8000	113979391	-4000	4000	1878
chr1	153654703	153662703	153662545	8000	153658703	-4000	4000	3842
chr1	202157588	202165588	202159715	8000	202161588	-4000	4000	-1873
chr1	48468208	48476208	48471964	8000	48472208	-4000	4000	-244
chr1	109707780	109715780	109713374	8000	109711780	-4000	4000	1594
chr1	112615805	112623805	112619775	8000	112619805	-4000	4000	-30
chr1	147924393	147932393	147928548	8000	147928393	-4000	4000	155
chr1	186676922	186684922	186679379	8000	186680922	-4000	4000	-1543
chr1	201425866	201433866	201429050	8000	201429866	-4000	4000	-816
chr1	212410901	212418901	212414854	8000	212414901	-4000	4000	-47
chr1	148148322	148156322	148149294	8000	148152322	-4000	4000	-3028
chr1	171648688	171656688	171652643	8000	171652688	-4000	4000	-45
chr1	75720431	75728431	75724638	8000	75724431	-4000	4000	207
chr1	154563778	154571778	154571343	8000	154567778	-4000	4000	3565
chr1	149883890	149891890	149887475	8000	149887890	-4000	4000	-415
chr1	155606205	155614205	155614177	8000	155610205	-4000	4000	3972
chr1	155606205	155614205	155614178	8000	155610205	-4000	4000	3973
chr1	154952123	154960123	154957928	8000	154956123	-4000	4000	1805
chr1	158250424	158258424	158254462	8000	158254424	-4000	4000	38
chr1	158349696	158357696	158356829	8000	158353696	-4000	4000	3133
chr1	153654703	153662703	153661255	8000	153658703	-4000	4000	2552
chr1	153654703	153662703	153662324	8000	153658703	-4000	4000	3621
chr1	110670940	110678940	110673068	8000	110674940	-4000	4000	-1872
chr1	28644291	28652291	28648715	8000	28648291	-4000	4000	424
chr1	155316894	155324894	155318278	8000	155320894	-4000	4000	-2616
chr1	155316894	155324894	155320499	8000	155320894	-4000	4000	-395
chr1	34777214	34785214	34785078	8000	34781214	-4000	4000	3864
chr1	151395560	151403560	151400649	8000	151399560	-4000	4000	1089
chr1	1395335	1403335	1402194	8000	1399335	-4000	4000	2859
chr1	1720357	1728357	1721601	8000	1724357	-4000	4000	-2756
chr1	197142694	197150694	197142818	8000	197146694	-4000	4000	-3876
chr1	204407887	204415887	204410071	8000	204411887	-4000	4000	-1816
chr1	66920856	66928856	66924965	8000	66924856	-4000	4000	109
chr1	166163001	166171001	166166303	8000	166167001	-4000	4000	-698
chr1	183414380	183422380	183418286	8000	183418380	-4000	4000	-94
chr1	43970487	43978487	43976304	8000	43974487	-4000	4000	1817
chr1	103521691	103529691	103526221	8000	103525691	-4000	4000	530
chr1	211575161	211583161	211578515	8000	211579161	-4000	4000	-646
chr1	11056020	11064020	11059273	8000	11060020	-4000	4000	-747
chr1	151801419	151809419	151801865	8000	151805419	-4000	4000	-3554
chr1	996172	1004172	999551	8000	1000172	-4000	4000	-621
chr1	44351260	44359260	44354913	8000	44355260	-4000	4000	-347
chr1	145841630	145849630	145846633	8000	145845630	-4000	4000	1003
chr1	149808373	149816373	149812264	8000	149812373	-4000	4000	-109
chr1	154268589	154276589	154268785	8000	154272589	-4000	4000	-3804
chr1	92828013	92836013	92832999	8000	92832013	-4000	4000	986
chr1	63589721	63597721	63593719	8000	63593721	-4000	4000	-2
chr1	161094361	161102361	161098646	8000	161098361	-4000	4000	285
chr1	161162056	161170056	161169695	8000	161166056	-4000	4000	3639
chr1	201465237	201473237	201465853	8000	201469237	-4000	4000	-3384
chr1	158250424	158258424	158256988	8000	158254424	-4000	4000	2564
chr1	180908897	180916897	180916674	8000	180912897	-4000	4000	3777
chr1	150504062	150512062	150507053	8000	150508062	-4000	4000	-1009
chr1	150504062	150512062	150508167	8000	150508062	-4000	4000	105
chr1	155274491	155282491	155282415	8000	155278491	-4000	4000	3924
chr1	158174030	158182030	158181668	8000	158178030	-4000	4000	3638
chr1	51232273	51240273	51236720	8000	51236273	-4000	4000	447
chr1	22632628	22640628	22638971	8000	22636628	-4000	4000	2343
chr1	113975391	113983391	113981346	8000	113979391	-4000	4000	1955
chr1	31812022	31820022	31813973	8000	31816022	-4000	4000	-2049
chr1	145841630	145849630	145846069	8000	145845630	-4000	4000	439
chr1	155183272	155191272	155188499	8000	155187272	-4000	4000	1227
chr1	1628163	1636163	1629667	8000	1632163	-4000	4000	-2496
chr1	39022318	39030318	39028818	8000	39026318	-4000	4000	2500
chr1	227731411	227739411	227734082	8000	227735411	-4000	4000	-1329
chr1	149932879	149940879	149936787	8000	149936879	-4000	4000	-92
chr1	153963534	153971534	153969288	8000	153967534	-4000	4000	1754
chr1	155258430	155266430	155263318	8000	155262430	-4000	4000	888
chr1	244860560	244868560	244864013	8000	244864560	-4000	4000	-547
chr1	171181249	171189249	171185836	8000	171185249	-4000	4000	587
chr1	44796377	44804377	44803932	8000	44800377	-4000	4000	3555
chr1	169101697	169109697	169106826	8000	169105697	-4000	4000	1129
chr1	203182704	203190704	203185207	8000	203186704	-4000	4000	-1497
chr1	160201380	160209380	160208588	8000	160205380	-4000	4000	3208
chr1	214599195	214607195	214605805	8000	214603195	-4000	4000	2610
chr1	226735323	226743323	226737077	8000	226739323	-4000	4000	-2246
chr1	19976416	19984416	19978782	8000	19980416	-4000	4000	-1634
chr1	203022491	203030491	203023181	8000	203026491	-4000	4000	-3310
chr1	211575161	211583161	211575526	8000	211579161	-4000	4000	-3635
chr1	26107165	26115165	26114360	8000	26111165	-4000	4000	3195
chr1	196648043	196656043	196651951	8000	196652043	-4000	4000	-92
chr1	20714017	20722017	20715516	8000	20718017	-4000	4000	-2501
chr1	32175675	32183675	32181472	8000	32179675	-4000	4000	1797
chr1	32201671	32209671	32207922	8000	32205671	-4000	4000	2251
chr1	46242461	46250461	46248265	8000	46246461	-4000	4000	1804
chr1	153942718	153950718	153944312	8000	153946718	-4000	4000	-2406
chr1	26468440	26476440	26469326	8000	26472440	-4000	4000	-3114
chr1	32360278	32368278	32361360	8000	32364278	-4000	4000	-2918
chr1	1915279	1923279	1916819	8000	1919279	-4000	4000	-2460
chr1	28229029	28237029	28236188	8000	28233029	-4000	4000	3159
chr1	151343326	151351326	151344268	8000	151347326	-4000	4000	-3058
chr1	112707433	112715433	112710799	8000	112711433	-4000	4000	-634
chr1	58780048	58788048	58782713	8000	58784048	-4000	4000	-1335
chr1	85704433	85712433	85707834	8000	85708433	-4000	4000	-599
chr1	209671412	209679412	209675837	8000	209675412	-4000	4000	425
chr1	27370824	27378824	27374412	8000	27374824	-4000	4000	-412
chr1	151536305	151544305	151537853	8000	151540305	-4000	4000	-2452
chr1	147924393	147932393	147928455	8000	147928393	-4000	4000	62
chr1	179878042	179886042	179882722	8000	179882042	-4000	4000	680
chr1	206608465	206616465	206612449	8000	206612465	-4000	4000	-16
chr1	150264200	150272200	150266105	8000	150268200	-4000	4000	-2095
chr1	202344699	202352699	202349083	8000	202348699	-4000	4000	384
chr1	150264200	150272200	150268047	8000	150268200	-4000	4000	-153
chr1	247412156	247420156	247419008	8000	247416156	-4000	4000	2852
chr1	154563778	154571778	154571196	8000	154567778	-4000	4000	3418
chr1	32646903	32654903	32651948	8000	32650903	-4000	4000	1045
chr1	43987359	43995359	43992566	8000	43991359	-4000	4000	1207
chr1	956584	964584	963353	8000	960584	-4000	4000	2769
chr1	11269198	11277198	11273542	8000	11273198	-4000	4000	344
chr1	26468440	26476440	26475946	8000	26472440	-4000	4000	3506
chr1	37986075	37994075	37987616	8000	37990075	-4000	4000	-2459
chr1	153724050	153732050	153728498	8000	153728050	-4000	4000	448
chr1	161162056	161170056	161165604	8000	161166056	-4000	4000	-452
chr1	161546737	161554737	161549873	8000	161550737	-4000	4000	-864
chr1	179878042	179886042	179882928	8000	179882042	-4000	4000	886
chr1	184033729	184041729	184037700	8000	184037729	-4000	4000	-29
chr1	209780559	209788559	209781381	8000	209784559	-4000	4000	-3178
chr1	12015466	12023466	12022377	8000	12019466	-4000	4000	2911
chr1	156291689	156299689	156292926	8000	156295689	-4000	4000	-2763
chr1	158250424	158258424	158254242	8000	158254424	-4000	4000	-182
chr1	32247239	32255239	32247263	8000	32251239	-4000	4000	-3976
chr1	159941613	159949613	159943596	8000	159945613	-4000	4000	-2017
chr1	226404154	226412154	226407828	8000	226408154	-4000	4000	-326
chr1	248855144	248863144	248858452	8000	248859144	-4000	4000	-692
chr1	1915279	1923279	1923091	8000	1919279	-4000	4000	3812
chr1	35714894	35722894	35716118	8000	35718894	-4000	4000	-2776
chr1	956584	964584	964004	8000	960584	-4000	4000	3420
chr1	234369456	234377456	234373529	8000	234373456	-4000	4000	73
chr1	161173968	161181968	161175132	8000	161177968	-4000	4000	-2836
chr1	154563778	154571778	154570302	8000	154567778	-4000	4000	2524
chr1	203301491	203309491	203305552	8000	203305491	-4000	4000	61
chr1	11922428	11930428	11922937	8000	11926428	-4000	4000	-3491
chr1	151368707	151376707	151372665	8000	151372707	-4000	4000	-42
chr1	165823614	165831614	165827843	8000	165827614	-4000	4000	229
chr1	42813122	42821122	42816492	8000	42817122	-4000	4000	-630
chr1	149808373	149816373	149812029	8000	149812373	-4000	4000	-344
chr1	149808373	149816373	149812186	8000	149812373	-4000	4000	-187
chr1	149808373	149816373	149812364	8000	149812373	-4000	4000	-9
chr1	152997747	153005747	153003423	8000	153001747	-4000	4000	1676
chr1	151849712	151857712	151851123	8000	151853712	-4000	4000	-2589
chr1	212787828	212795828	212791541	8000	212791828	-4000	4000	-287
chr1	45322895	45330895	45328036	8000	45326895	-4000	4000	1141
chr1	149883890	149891890	149887046	8000	149887890	-4000	4000	-844
chr1	155258430	155266430	155263227	8000	155262430	-4000	4000	797
chr1	32247239	32255239	32247588	8000	32251239	-4000	4000	-3651
chr1	157696769	157704769	157697543	8000	157700769	-4000	4000	-3226
chr1	223360233	223368233	223363282	8000	223364233	-4000	4000	-951
chr1	119136654	119144654	119140477	8000	119140654	-4000	4000	-177
chr1	153412520	153420520	153419206	8000	153416520	-4000	4000	2686
chr1	160147586	160155586	160153225	8000	160151586	-4000	4000	1639
chr1	150289861	150297861	150294400	8000	150293861	-4000	4000	539
chr1	201884680	201892680	201890476	8000	201888680	-4000	4000	1796
chr1	149883890	149891890	149887316	8000	149887890	-4000	4000	-574
chr1	212854275	212862275	212858612	8000	212858275	-4000	4000	337
chr1	154216179	154224179	154220535	8000	154220179	-4000	4000	356
chr1	28549085	28557085	28553658	8000	28553085	-4000	4000	573
chr1	107052674	107060674	107057145	8000	107056674	-4000	4000	471
chr1	148479302	148487302	148483241	8000	148483302	-4000	4000	-61
chr1	152997747	153005747	153003016	8000	153001747	-4000	4000	1269
chr1	153627360	153635360	153630580	8000	153631360	-4000	4000	-780
chr1	206199346	206207346	206199830	8000	206203346	-4000	4000	-3516
chr1	155316894	155324894	155321406	8000	155320894	-4000	4000	512
chr1	119136654	119144654	119140614	8000	119140654	-4000	4000	-40
chr1	149883890	149891890	149886455	8000	149887890	-4000	4000	-1435
chr1	154498412	154506412	154499236	8000	154502412	-4000	4000	-3176
chr1	155258430	155266430	155262143	8000	155262430	-4000	4000	-287
chr1	155907404	155915404	155910768	8000	155911404	-4000	4000	-636
chr1	169790963	169798963	169793536	8000	169794963	-4000	4000	-1427
chr1	185730391	185738391	185735016	8000	185734391	-4000	4000	625
chr1	201942588	201950588	201946188	8000	201946588	-4000	4000	-400
chr1	246503312	246511312	246507070	8000	246507312	-4000	4000	-242
chr1	101232865	101240865	101238922	8000	101236865	-4000	4000	2057
chr1	149923803	149931803	149926722	8000	149927803	-4000	4000	-1081
chr1	193102114	193110114	193105522	8000	193106114	-4000	4000	-592
chr1	182600389	182608389	182603327	8000	182604389	-4000	4000	-1062
chr1	228145930	228153930	228147668	8000	228149930	-4000	4000	-2262
chr1	15832095	15840095	15835617	8000	15836095	-4000	4000	-478
chr1	179587613	179595613	179592848	8000	179591613	-4000	4000	1235
chr1	231333852	231341852	231336323	8000	231337852	-4000	4000	-1529
chr1	6205389	6213389	6211967	8000	6209389	-4000	4000	2578
chr1	156737590	156745590	156742576	8000	156741590	-4000	4000	986
chr1	154970395	154978395	154978037	8000	154974395	-4000	4000	3642
chr1	155131344	155139344	155131361	8000	155135344	-4000	4000	-3983
chr1	145906111	145914111	145912221	8000	145910111	-4000	4000	2110
chr1	151395560	151403560	151399711	8000	151399560	-4000	4000	151
chr1	161041977	161049977	161048438	8000	161045977	-4000	4000	2461
chr1	224352858	224360858	224356993	8000	224356858	-4000	4000	135
chr1	236600516	236608516	236603332	8000	236604516	-4000	4000	-1184
chr1	84475259	84483259	84479482	8000	84479259	-4000	4000	223
chr1	111469792	111477792	111477704	8000	111473792	-4000	4000	3912
chr1	150575738	150583738	150578456	8000	150579738	-4000	4000	-1282
chr1	153724050	153732050	153728607	8000	153728050	-4000	4000	557
chr1	44804482	44812482	44810262	8000	44808482	-4000	4000	1780
chr1	172528349	172536349	172532500	8000	172532349	-4000	4000	151
chr1	23787145	23795145	23787468	8000	23791145	-4000	4000	-3677
chr1	120885771	120893771	120889872	8000	120889771	-4000	4000	101
chr1	89194942	89202942	89197189	8000	89198942	-4000	4000	-1753
chr1	149923803	149931803	149930684	8000	149927803	-4000	4000	2881
chr1	200616751	200624751	200617773	8000	200620751	-4000	4000	-2978
chr1	201951503	201959503	201955494	8000	201955503	-4000	4000	-9
chr1	11922428	11930428	11922782	8000	11926428	-4000	4000	-3646
chr1	18626846	18634846	18634520	8000	18630846	-4000	4000	3674
chr1	36320154	36328154	36320719	8000	36324154	-4000	4000	-3435
chr1	43970487	43978487	43978033	8000	43974487	-4000	4000	3546
chr1	44796377	44804377	44800848	8000	44800377	-4000	4000	471
chr1	44804482	44812482	44810302	8000	44808482	-4000	4000	1820
chr1	67681201	67689201	67687841	8000	67685201	-4000	4000	2640
chr1	74194187	74202187	74199689	8000	74198187	-4000	4000	1502
chr1	92482925	92490925	92483015	8000	92486925	-4000	4000	-3910
chr1	109505738	109513738	109507542	8000	109509738	-4000	4000	-2196
chr1	150264200	150272200	150268720	8000	150268200	-4000	4000	520
chr1	154555028	154563028	154555518	8000	154559028	-4000	4000	-3510
chr1	161363876	161371876	161365556	8000	161367876	-4000	4000	-2320
chr1	206608465	206616465	206611363	8000	206612465	-4000	4000	-1102
chr1	1327280	1335280	1334323	8000	1331280	-4000	4000	3043
chr1	154563778	154571778	154571384	8000	154567778	-4000	4000	3606
chr1	207492147	207500147	207496294	8000	207496147	-4000	4000	147
chr1	111196771	111204771	111197228	8000	111200771	-4000	4000	-3543
chr1	26886283	26894283	26893404	8000	26890283	-4000	4000	3121
chr1	156737590	156745590	156738361	8000	156741590	-4000	4000	-3229
chr1	248855144	248863144	248858584	8000	248859144	-4000	4000	-560
chr1	149883890	149891890	149886630	8000	149887890	-4000	4000	-1260
chr1	158250424	158258424	158255328	8000	158254424	-4000	4000	904
chr1	47019669	47027669	47023991	8000	47023669	-4000	4000	322
chr1	108688310	108696310	108692600	8000	108692310	-4000	4000	290
chr1	154970395	154978395	154974854	8000	154974395	-4000	4000	459
chr1	19247552	19255552	19251446	8000	19251552	-4000	4000	-106
chr1	226735323	226743323	226736725	8000	226739323	-4000	4000	-2598
chr1	145923258	145931258	145926820	8000	145927258	-4000	4000	-438
chr1	156597496	156605496	156598117	8000	156601496	-4000	4000	-3379
chr1	151801419	151809419	151801558	8000	151805419	-4000	4000	-3861
chr1	226735323	226743323	226735634	8000	226739323	-4000	4000	-3689
chr1	92828013	92836013	92833489	8000	92832013	-4000	4000	1476
chr1	160281130	160289130	160283010	8000	160285130	-4000	4000	-2120
chr1	160792074	160800074	160799833	8000	160796074	-4000	4000	3759
chr1	32247239	32255239	32247274	8000	32251239	-4000	4000	-3965
chr1	89146456	89154456	89152437	8000	89150456	-4000	4000	1981
chr1	111196771	111204771	111199665	8000	111200771	-4000	4000	-1106
chr1	52923276	52931276	52927335	8000	52927276	-4000	4000	59
chr1	161162056	161170056	161167414	8000	161166056	-4000	4000	1358
chr1	156587756	156595756	156595657	8000	156591756	-4000	4000	3901
chr1	229430104	229438104	229432040	8000	229434104	-4000	4000	-2064
chr1	231333852	231341852	231338269	8000	231337852	-4000	4000	417
chr1	37591937	37599937	37595823	8000	37595937	-4000	4000	-114
chr1	109906242	109914242	109910782	8000	109910242	-4000	4000	540
chr1	111342600	111350600	111347042	8000	111346600	-4000	4000	442
chr1	152904546	152912546	152910375	8000	152908546	-4000	4000	1829
chr1	203182704	203190704	203185302	8000	203186704	-4000	4000	-1402
chr1	45496300	45504300	45500262	8000	45500300	-4000	4000	-38
chr1	86910424	86918424	86914265	8000	86914424	-4000	4000	-159
chr1	156049798	156057798	156054935	8000	156053798	-4000	4000	1137
chr1	32360278	32368278	32364104	8000	32364278	-4000	4000	-174
chr1	70350734	70358734	70354983	8000	70354734	-4000	4000	249
chr1	92828013	92836013	92834879	8000	92832013	-4000	4000	2866
chr1	1016120	1024120	1022338	8000	1020120	-4000	4000	2218
chr1	154321525	154329525	154327817	8000	154325525	-4000	4000	2292
chr1	158285923	158293923	158289946	8000	158289923	-4000	4000	23
chr1	37591937	37599937	37595832	8000	37595937	-4000	4000	-105
chr1	229430104	229438104	229433047	8000	229434104	-4000	4000	-1057
chr1	26468440	26476440	26468962	8000	26472440	-4000	4000	-3478
chr1	150264200	150272200	150266092	8000	150268200	-4000	4000	-2108
chr1	173864082	173872082	173870206	8000	173868082	-4000	4000	2124
chr1	211575161	211583161	211576049	8000	211579161	-4000	4000	-3112
chr1	211671630	211679630	211675524	8000	211675630	-4000	4000	-106
chr1	219169869	219177869	219173906	8000	219173869	-4000	4000	37
chr1	113901201	113909201	113904697	8000	113905201	-4000	4000	-504
chr1	149923803	149931803	149927847	8000	149927803	-4000	4000	44
chr1	206919247	206927247	206921849	8000	206923247	-4000	4000	-1398
chr1	109393918	109401918	109401902	8000	109397918	-4000	4000	3984
chr1	148148322	148156322	148149324	8000	148152322	-4000	4000	-2998
chr1	145603988	145611988	145608100	8000	145607988	-4000	4000	112
chr1	17245098	17253098	17249218	8000	17249098	-4000	4000	120
chr1	160339316	160347316	160344806	8000	160343316	-4000	4000	1490
chr1	92828013	92836013	92832894	8000	92832013	-4000	4000	881
chr1	220090132	220098132	220096193	8000	220094132	-4000	4000	2061
chr1	151758899	151766899	151763073	8000	151762899	-4000	4000	174
chr1	46715146	46723146	46718167	8000	46719146	-4000	4000	-979
chr1	153412520	153420520	153419328	8000	153416520	-4000	4000	2808
chr1	161034962	161042962	161040648	8000	161038962	-4000	4000	1686
chr1	156724442	156732442	156727239	8000	156728442	-4000	4000	-1203
chr1	20115566	20123566	20119488	8000	20119566	-4000	4000	-78
chr1	145954017	145962017	145961364	8000	145958017	-4000	4000	3347
chr1	201884680	201892680	201889504	8000	201888680	-4000	4000	824
chr1	151161948	151169948	151166168	8000	151165948	-4000	4000	220
chr1	86910424	86918424	86915110	8000	86914424	-4000	4000	686
chr1	149883890	149891890	149886215	8000	149887890	-4000	4000	-1675
chr1	149923803	149931803	149931422	8000	149927803	-4000	4000	3619
chr1	200406056	200414056	200409095	8000	200410056	-4000	4000	-961
chr1	71043816	71051816	71047200	8000	71047816	-4000	4000	-616
chr1	109245539	109253539	109250590	8000	109249539	-4000	4000	1051
chr1	151161948	151169948	151165818	8000	151165948	-4000	4000	-130
chr1	151536305	151544305	151536821	8000	151540305	-4000	4000	-3484
chr1	156762925	156770925	156767937	8000	156766925	-4000	4000	1012
chr1	161546737	161554737	161548461	8000	161550737	-4000	4000	-2276
chr1	200665907	200673907	200666194	8000	200669907	-4000	4000	-3713
chr1	149883890	149891890	149886087	8000	149887890	-4000	4000	-1803
chr1	13112854	13120854	13116119	8000	13116854	-4000	4000	-735
chr1	156244117	156252117	156246087	8000	156248117	-4000	4000	-2030
chr1	246562261	246570261	246566041	8000	246566261	-4000	4000	-220
chr1	109279186	109287186	109281924	8000	109283186	-4000	4000	-1262
chr1	156587756	156595756	156595734	8000	156591756	-4000	4000	3978
chr1	161627963	161635963	161631231	8000	161631963	-4000	4000	-732
chr1	23527233	23535233	23530542	8000	23531233	-4000	4000	-691
chr1	244447909	244455909	244451797	8000	244451909	-4000	4000	-112
chr1	248855144	248863144	248858458	8000	248859144	-4000	4000	-686
chr1	155169787	155177787	155173381	8000	155173787	-4000	4000	-406
chr1	205080460	205088460	205084202	8000	205084460	-4000	4000	-258
chr1	32332233	32340233	32335011	8000	32336233	-4000	4000	-1222
chr1	44804482	44812482	44804729	8000	44808482	-4000	4000	-3753
chr1	43449989	43457989	43451332	8000	43453989	-4000	4000	-2657
chr1	230974981	230982981	230979232	8000	230978981	-4000	4000	251
chr1	75720431	75728431	75724584	8000	75724431	-4000	4000	153
chr1	154979338	154987338	154983525	8000	154983338	-4000	4000	187
chr1	161034962	161042962	161039827	8000	161038962	-4000	4000	865
chr1	169582588	169590588	169586501	8000	169586588	-4000	4000	-87
chr1	158285923	158293923	158291383	8000	158289923	-4000	4000	1460
chr1	155606205	155614205	155611480	8000	155610205	-4000	4000	1275
chr1	27379333	27387333	27379884	8000	27383333	-4000	4000	-3449
chr1	145603988	145611988	145608052	8000	145607988	-4000	4000	64
chr1	200406056	200414056	200408787	8000	200410056	-4000	4000	-1269
chr1	156291689	156299689	156293519	8000	156295689	-4000	4000	-2170
chr1	23365836	23373836	23371091	8000	23369836	-4000	4000	1255
chr1	150264200	150272200	150266043	8000	150268200	-4000	4000	-2157
chr1	201951503	201959503	201955543	8000	201955503	-4000	4000	40
chr1	226305869	226313869	226309460	8000	226309869	-4000	4000	-409
chr1	182585256	182593256	182585809	8000	182589256	-4000	4000	-3447
chr1	151161948	151169948	151165245	8000	151165948	-4000	4000	-703
chr1	110334506	110342506	110341965	8000	110338506	-4000	4000	3459
chr1	101232865	101240865	101239928	8000	101236865	-4000	4000	3063
chr1	18476930	18484930	18481418	8000	18480930	-4000	4000	488
chr1	110959965	110967965	110963627	8000	110963965	-4000	4000	-338
chr1	149808373	149816373	149813574	8000	149812373	-4000	4000	1201
chr1	149883890	149891890	149886428	8000	149887890	-4000	4000	-1462
chr1	155183272	155191272	155188477	8000	155187272	-4000	4000	1205
chr1	226404154	226412154	226407902	8000	226408154	-4000	4000	-252
chr1	202157588	202165588	202161543	8000	202161588	-4000	4000	-45
chr1	232801416	232809416	232808569	8000	232805416	-4000	4000	3153
chr1	45336052	45344052	45342530	8000	45340052	-4000	4000	2478
chr1	149883890	149891890	149886569	8000	149887890	-4000	4000	-1321
chr1	153053512	153061512	153056273	8000	153057512	-4000	4000	-1239
chr1	204407887	204415887	204410670	8000	204411887	-4000	4000	-1217
chr1	10028832	10036832	10033647	8000	10032832	-4000	4000	815
chr1	43168330	43176330	43172808	8000	43172330	-4000	4000	478
chr1	224352858	224360858	224356919	8000	224356858	-4000	4000	61
chr1	211575161	211583161	211576005	8000	211579161	-4000	4000	-3156
chr1	6620868	6628868	6622503	8000	6624868	-4000	4000	-2365
chr1	23787145	23795145	23793900	8000	23791145	-4000	4000	2755
chr1	23787145	23795145	23794790	8000	23791145	-4000	4000	3645
chr1	70350734	70358734	70355116	8000	70354734	-4000	4000	382
chr1	109490052	109498052	109490285	8000	109494052	-4000	4000	-3767
chr1	109612104	109620104	109612813	8000	109616104	-4000	4000	-3291
chr1	114577629	114585629	114581552	8000	114581629	-4000	4000	-77
chr1	149883890	149891890	149886378	8000	149887890	-4000	4000	-1512
chr1	150693154	150701154	150698712	8000	150697154	-4000	4000	1558
chr1	151152664	151160664	151159454	8000	151156664	-4000	4000	2790
chr1	155131344	155139344	155131400	8000	155135344	-4000	4000	-3944
chr1	155136595	155144595	155140252	8000	155140595	-4000	4000	-343
chr1	161041977	161049977	161047819	8000	161045977	-4000	4000	1842
chr1	212410901	212418901	212414854	8000	212414901	-4000	4000	-47
chr1	110206314	110214314	110211505	8000	110210314	-4000	4000	1191
chr1	110206314	110214314	110211927	8000	110210314	-4000	4000	1613
chr1	159776932	159784932	159782228	8000	159780932	-4000	4000	1296
chr1	159776932	159784932	159782432	8000	159780932	-4000	4000	1500
chr1	181084700	181092700	181089816	8000	181088700	-4000	4000	1116
chr1	77215430	77223430	77219337	8000	77219430	-4000	4000	-93
chr1	158349696	158357696	158355307	8000	158353696	-4000	4000	1611
chr1	149778671	149786671	149784253	8000	149782671	-4000	4000	1582
chr1	153053512	153061512	153056439	8000	153057512	-4000	4000	-1073
chr1	180908897	180916897	180916230	8000	180912897	-4000	4000	3333
chr1	186676922	186684922	186678373	8000	186680922	-4000	4000	-2549
chr1	162019869	162027869	162023304	8000	162023869	-4000	4000	-565
chr1	155316894	155324894	155322712	8000	155320894	-4000	4000	1818
chr1	978093	986093	979128	8000	982093	-4000	4000	-2965
chr1	160792074	160800074	160799833	8000	160796074	-4000	4000	3759
chr1	192571763	192579763	192576828	8000	192575763	-4000	4000	1065
chr1	43929320	43937320	43936688	8000	43933320	-4000	4000	3368
chr1	156016951	156024951	156020137	8000	156020951	-4000	4000	-814
chr1	204407887	204415887	204409881	8000	204411887	-4000	4000	-2006
chr1	181084700	181092700	181089838	8000	181088700	-4000	4000	1138
chr1	85574363	85582363	85582140	8000	85578363	-4000	4000	3777
chr1	226057851	226065851	226064358	8000	226061851	-4000	4000	2507
chr1	43385808	43393808	43386600	8000	43389808	-4000	4000	-3208
chr1	158250424	158258424	158254527	8000	158254424	-4000	4000	103
chr1	151043751	151051751	151046113	8000	151047751	-4000	4000	-1638
chr1	89268860	89276860	89269392	8000	89272860	-4000	4000	-3468
chr1	171481530	171489530	171485616	8000	171485530	-4000	4000	86
chr1	160147586	160155586	160151922	8000	160151586	-4000	4000	336
chr1	955309	963309	961658	8000	959309	-4000	4000	2349
chr1	166163001	166171001	166166177	8000	166167001	-4000	4000	-824
chr1	145992579	146000579	145993423	8000	145996579	-4000	4000	-3156
chr1	10468288	10476288	10472424	8000	10472288	-4000	4000	136
chr1	32196595	32204595	32202037	8000	32200595	-4000	4000	1442
chr1	101232865	101240865	101240007	8000	101236865	-4000	4000	3142
chr1	110334506	110342506	110339967	8000	110338506	-4000	4000	1461
chr1	120885771	120893771	120889826	8000	120889771	-4000	4000	55
chr1	151758899	151766899	151762836	8000	151762899	-4000	4000	-63
chr1	155059748	155067748	155060270	8000	155063748	-4000	4000	-3478
chr1	155907404	155915404	155910801	8000	155911404	-4000	4000	-603
chr1	156587756	156595756	156593608	8000	156591756	-4000	4000	1852
chr1	157696769	157704769	157697688	8000	157700769	-4000	4000	-3081
chr1	161041977	161049977	161047895	8000	161045977	-4000	4000	1918
chr1	162374841	162382841	162376700	8000	162378841	-4000	4000	-2141
chr1	200616751	200624751	200618333	8000	200620751	-4000	4000	-2418
chr1	201884680	201892680	201890493	8000	201888680	-4000	4000	1813
chr1	203182704	203190704	203185224	8000	203186704	-4000	4000	-1480
chr1	204407887	204415887	204409718	8000	204411887	-4000	4000	-2169
chr1	205080460	205088460	205083613	8000	205084460	-4000	4000	-847
chr1	211671630	211679630	211673575	8000	211675630	-4000	4000	-2055
chr1	226735323	226743323	226735958	8000	226739323	-4000	4000	-3365
chr1	228412861	228420861	228413845	8000	228416861	-4000	4000	-3016
chr1	231333852	231341852	231336641	8000	231337852	-4000	4000	-1211
chr1	247100372	247108372	247102003	8000	247104372	-4000	4000	-2369
chr1	145992579	146000579	145994992	8000	145996579	-4000	4000	-1587
chr1	227731411	227739411	227732476	8000	227735411	-4000	4000	-2935
chr1	45006950	45014950	45013558	8000	45010950	-4000	4000	2608
chr1	149923803	149931803	149923867	8000	149927803	-4000	4000	-3936
chr1	161034962	161042962	161038626	8000	161038962	-4000	4000	-336
chr1	43385808	43393808	43386588	8000	43389808	-4000	4000	-3220
chr1	158174030	158182030	158181588	8000	158178030	-4000	4000	3558
chr1	156278825	156286825	156285884	8000	156282825	-4000	4000	3059
chr1	221738089	221746089	221739148	8000	221742089	-4000	4000	-2941
chr1	23365836	23373836	23370247	8000	23369836	-4000	4000	411
chr1	27668212	27676212	27669329	8000	27672212	-4000	4000	-2883
chr1	40687648	40695648	40691830	8000	40691648	-4000	4000	182
chr1	46336789	46344789	46341994	8000	46340789	-4000	4000	1205
chr1	153627360	153635360	153631623	8000	153631360	-4000	4000	263
chr1	162374841	162382841	162382208	8000	162378841	-4000	4000	3367
chr1	161627963	161635963	161630374	8000	161631963	-4000	4000	-1589
chr1	211575161	211583161	211578403	8000	211579161	-4000	4000	-758
chr1	150625612	150633612	150627541	8000	150629612	-4000	4000	-2071
chr1	153654703	153662703	153659499	8000	153658703	-4000	4000	796
chr1	23796781	23804781	23798268	8000	23800781	-4000	4000	-2513
chr1	76863480	76871480	76868646	8000	76867480	-4000	4000	1166
chr1	160201380	160209380	160208571	8000	160205380	-4000	4000	3191
chr1	35189145	35197145	35192966	8000	35193145	-4000	4000	-179
chr1	115972513	115980513	115976586	8000	115976513	-4000	4000	73
chr1	151801419	151809419	151807633	8000	151805419	-4000	4000	2214
chr1	34788999	34796999	34794460	8000	34792999	-4000	4000	1461
chr1	153942718	153950718	153949293	8000	153946718	-4000	4000	2575
chr1	172655103	172663103	172659508	8000	172659103	-4000	4000	405
chr1	202963275	202971275	202965934	8000	202967275	-4000	4000	-1341
chr1	158250424	158258424	158254509	8000	158254424	-4000	4000	85
chr1	173864082	173872082	173865268	8000	173868082	-4000	4000	-2814
chr1	182388206	182396206	182390627	8000	182392206	-4000	4000	-1579
chr1	154979338	154987338	154983777	8000	154983338	-4000	4000	439
chr1	155258430	155266430	155263978	8000	155262430	-4000	4000	1548
chr1	109245539	109253539	109250506	8000	109249539	-4000	4000	967
chr1	955309	963309	956126	8000	959309	-4000	4000	-3183
chr1	32247239	32255239	32247498	8000	32251239	-4000	4000	-3741
chr1	173864082	173872082	173864703	8000	173868082	-4000	4000	-3379
chr1	32201671	32209671	32207899	8000	32205671	-4000	4000	2228
chr1	36460384	36468384	36466729	8000	36464384	-4000	4000	2345
chr1	44670481	44678481	44674362	8000	44674481	-4000	4000	-119
chr1	46336789	46344789	46340795	8000	46340789	-4000	4000	6
chr1	85576761	85584761	85582550	8000	85580761	-4000	4000	1789
chr1	108688310	108696310	108692841	8000	108692310	-4000	4000	531
chr1	109245539	109253539	109252821	8000	109249539	-4000	4000	3282
chr1	110334506	110342506	110341651	8000	110338506	-4000	4000	3145
chr1	111750832	111758832	111755777	8000	111754832	-4000	4000	945
chr1	145923258	145931258	145927069	8000	145927258	-4000	4000	-189
chr1	149923803	149931803	149928751	8000	149927803	-4000	4000	948
chr1	151849712	151857712	151851074	8000	151853712	-4000	4000	-2638
chr1	154979338	154987338	154984055	8000	154983338	-4000	4000	717
chr1	156673407	156681407	156675239	8000	156677407	-4000	4000	-2168
chr1	156724442	156732442	156727227	8000	156728442	-4000	4000	-1215
chr1	161195054	161203054	161196086	8000	161199054	-4000	4000	-2968
chr1	181029374	181037374	181034072	8000	181033374	-4000	4000	698
chr1	193102114	193110114	193105599	8000	193106114	-4000	4000	-515
chr1	202924636	202932636	202925085	8000	202928636	-4000	4000	-3551
chr1	224171756	224179756	224175849	8000	224175756	-4000	4000	93
chr1	230743384	230751384	230747558	8000	230747384	-4000	4000	174
chr1	155183272	155191272	155188239	8000	155187272	-4000	4000	967
chr1	150504062	150512062	150510155	8000	150508062	-4000	4000	2093
chr1	160339316	160347316	160339923	8000	160343316	-4000	4000	-3393
chr1	161114055	161122055	161119186	8000	161118055	-4000	4000	1131
chr1	161195054	161203054	161196554	8000	161199054	-4000	4000	-2500
chr1	171648688	171656688	171652122	8000	171652688	-4000	4000	-566
chr1	186676922	186684922	186679074	8000	186680922	-4000	4000	-1848
chr1	247853187	247861187	247860623	8000	247857187	-4000	4000	3436
chr1	978093	986093	979362	8000	982093	-4000	4000	-2731
chr1	1276436	1284436	1281422	8000	1280436	-4000	4000	986
chr1	2522597	2530597	2526579	8000	2526597	-4000	4000	-18
chr1	15613458	15621458	15617623	8000	15617458	-4000	4000	165
chr1	28732621	28740621	28737576	8000	28736621	-4000	4000	955
chr1	32068031	32076031	32073022	8000	32072031	-4000	4000	991
chr1	32217077	32225077	32222455	8000	32221077	-4000	4000	1378
chr1	32217077	32225077	32224036	8000	32221077	-4000	4000	2959
chr1	37030515	37038515	37034060	8000	37034515	-4000	4000	-455
chr1	38005258	38013258	38012724	8000	38009258	-4000	4000	3466
chr1	43265983	43273983	43270594	8000	43269983	-4000	4000	611
chr1	92828013	92836013	92833631	8000	92832013	-4000	4000	1618
chr1	112707433	112715433	112710206	8000	112711433	-4000	4000	-1227
chr1	113386515	113394515	113391110	8000	113390515	-4000	4000	595
chr1	117206960	117214960	117210832	8000	117210960	-4000	4000	-128
chr1	149808373	149816373	149813390	8000	149812373	-4000	4000	1017
chr1	149883890	149891890	149887097	8000	149887890	-4000	4000	-793
chr1	149883890	149891890	149887749	8000	149887890	-4000	4000	-141
chr1	150006726	150014726	150010534	8000	150010726	-4000	4000	-192
chr1	154268589	154276589	154274956	8000	154272589	-4000	4000	2367
chr1	154555028	154563028	154558274	8000	154559028	-4000	4000	-754
chr1	155123876	155131876	155127922	8000	155127876	-4000	4000	46
chr1	160186575	160194575	160192854	8000	160190575	-4000	4000	2279
chr1	170527819	170535819	170532249	8000	170531819	-4000	4000	430
chr1	172528349	172536349	172532671	8000	172532349	-4000	4000	322
chr1	197142694	197150694	197143378	8000	197146694	-4000	4000	-3316
chr1	202157588	202165588	202158390	8000	202161588	-4000	4000	-3198
chr1	202804487	202812487	202808327	8000	202808487	-4000	4000	-160
chr1	213011867	213019867	213015757	8000	213015867	-4000	4000	-110
chr1	230865589	230873589	230868263	8000	230869589	-4000	4000	-1326
chr1	231333852	231341852	231333916	8000	231337852	-4000	4000	-3936
chr1	232801416	232809416	232804958	8000	232805416	-4000	4000	-458
chr1	233610106	233618106	233614348	8000	233614106	-4000	4000	242
chr1	247327867	247335867	247329571	8000	247331867	-4000	4000	-2296
chr1	161546737	161554737	161549940	8000	161550737	-4000	4000	-797
chr1	35553950	35561950	35560634	8000	35557950	-4000	4000	2684
chr1	43942950	43950950	43949730	8000	43946950	-4000	4000	2780
chr1	43970487	43978487	43971502	8000	43974487	-4000	4000	-2985
chr1	47187044	47195044	47187358	8000	47191044	-4000	4000	-3686
chr1	54619556	54627556	54619976	8000	54623556	-4000	4000	-3580
chr1	109245539	109253539	109252282	8000	109249539	-4000	4000	2743
chr1	149923803	149931803	149929170	8000	149927803	-4000	4000	1367
chr1	151161948	151169948	151161956	8000	151165948	-4000	4000	-3992
chr1	156244117	156252117	156245192	8000	156248117	-4000	4000	-2925
chr1	156737590	156745590	156744187	8000	156741590	-4000	4000	2597
chr1	161211234	161219234	161213712	8000	161215234	-4000	4000	-1522
chr1	212787828	212795828	212795101	8000	212791828	-4000	4000	3273
chr1	228101411	228109411	228108002	8000	228105411	-4000	4000	2591
chr1	232801416	232809416	232807845	8000	232805416	-4000	4000	2429
chr1	11043239	11051239	11044936	8000	11047239	-4000	4000	-2303
chr1	26428282	26436282	26429396	8000	26432282	-4000	4000	-2886
chr1	210324252	210332252	210329025	8000	210328252	-4000	4000	773
chr1	31292788	31300788	31296701	8000	31296788	-4000	4000	-87
chr1	34788999	34796999	34795153	8000	34792999	-4000	4000	2154
chr1	45006950	45014950	45009420	8000	45010950	-4000	4000	-1530
chr1	26356080	26364080	26362170	8000	26360080	-4000	4000	2090
chr1	32646903	32654903	32650570	8000	32650903	-4000	4000	-333
chr1	36080094	36088094	36085205	8000	36084094	-4000	4000	1111
chr1	43970487	43978487	43976634	8000	43974487	-4000	4000	2147
chr1	182585256	182593256	182586060	8000	182589256	-4000	4000	-3196
chr1	153667028	153675028	153668547	8000	153671028	-4000	4000	-2481
chr1	209671412	209679412	209675688	8000	209675412	-4000	4000	276
chr1	158285923	158293923	158291357	8000	158289923	-4000	4000	1434
chr1	31812022	31820022	31814105	8000	31816022	-4000	4000	-1917
chr1	45006950	45014950	45006978	8000	45010950	-4000	4000	-3972
chr1	161195054	161203054	161198307	8000	161199054	-4000	4000	-747
chr1	43987359	43995359	43992225	8000	43991359	-4000	4000	866
chr1	1395335	1403335	1402205	8000	1399335	-4000	4000	2870
chr1	37855592	37863592	37857414	8000	37859592	-4000	4000	-2178
chr1	158250424	158258424	158254589	8000	158254424	-4000	4000	165
chr1	1371207	1379207	1374747	8000	1375207	-4000	4000	-460
chr1	109072012	109080012	109075010	8000	109076012	-4000	4000	-1002
chr1	161085558	161093558	161089226	8000	161089558	-4000	4000	-332
chr1	227731411	227739411	227733581	8000	227735411	-4000	4000	-1830
chr1	13112854	13120854	13116458	8000	13116854	-4000	4000	-396
chr1	44804482	44812482	44805349	8000	44808482	-4000	4000	-3133
chr1	44804482	44812482	44805636	8000	44808482	-4000	4000	-2846
chr1	155606205	155614205	155610305	8000	155610205	-4000	4000	100
chr1	20115566	20123566	20116410	8000	20119566	-4000	4000	-3156
chr1	32217077	32225077	32222528	8000	32221077	-4000	4000	1451
chr1	149883890	149891890	149887584	8000	149887890	-4000	4000	-306
chr1	25334213	25342213	25340518	8000	25338213	-4000	4000	2305
chr1	32196595	32204595	32203925	8000	32200595	-4000	4000	3330
chr1	153532244	153540244	153534797	8000	153536244	-4000	4000	-1447
chr1	2551639	2559639	2558349	8000	2555639	-4000	4000	2710
chr1	12844720	12852720	12847529	8000	12848720	-4000	4000	-1191
chr1	202157588	202165588	202158271	8000	202161588	-4000	4000	-3317
chr1	160281130	160289130	160282941	8000	160285130	-4000	4000	-2189
chr1	215001775	215009775	215005809	8000	215005775	-4000	4000	34
chr1	11043239	11051239	11045424	8000	11047239	-4000	4000	-1815
chr1	108196849	108204849	108200029	8000	108200849	-4000	4000	-820
chr1	151536305	151544305	151536849	8000	151540305	-4000	4000	-3456
chr1	92295059	92303059	92299109	8000	92299059	-4000	4000	50
chr1	109490052	109498052	109491164	8000	109494052	-4000	4000	-2888
chr1	156568604	156576604	156572581	8000	156572604	-4000	4000	-23
chr1	46612843	46620843	46613012	8000	46616843	-4000	4000	-3831
chr1	46336789	46344789	46343745	8000	46340789	-4000	4000	2956
chr1	111751824	111759824	111759543	8000	111755824	-4000	4000	3719
chr1	145992579	146000579	145996330	8000	145996579	-4000	4000	-249
chr1	20714017	20722017	20721836	8000	20718017	-4000	4000	3819
chr1	45006950	45014950	45008366	8000	45010950	-4000	4000	-2584
chr1	108688310	108696310	108696139	8000	108692310	-4000	4000	3829
chr1	202963275	202971275	202966024	8000	202967275	-4000	4000	-1251
chr1	201884680	201892680	201890480	8000	201888680	-4000	4000	1800
chr1	955309	963309	956911	8000	959309	-4000	4000	-2398
chr1	955309	963309	956912	8000	959309	-4000	4000	-2397
chr1	39022318	39030318	39028930	8000	39026318	-4000	4000	2612
chr1	145906111	145914111	145912505	8000	145910111	-4000	4000	2394
chr1	43970487	43978487	43977242	8000	43974487	-4000	4000	2755
chr1	155183272	155191272	155187728	8000	155187272	-4000	4000	456
chr1	11043239	11051239	11046959	8000	11047239	-4000	4000	-280
chr1	20714017	20722017	20715534	8000	20718017	-4000	4000	-2483
chr1	43354981	43362981	43362303	8000	43358981	-4000	4000	3322
chr1	43970487	43978487	43975151	8000	43974487	-4000	4000	664
chr1	151849712	151857712	151851187	8000	151853712	-4000	4000	-2525
chr1	153942718	153950718	153948530	8000	153946718	-4000	4000	1812
chr1	156568604	156576604	156569428	8000	156572604	-4000	4000	-3176
chr1	156597496	156605496	156598420	8000	156601496	-4000	4000	-3076
chr1	154866281	154874281	154869692	8000	154870281	-4000	4000	-589
chr1	161162056	161170056	161168104	8000	161166056	-4000	4000	2048
chr1	151343326	151351326	151344217	8000	151347326	-4000	4000	-3109
chr1	158349696	158357696	158356774	8000	158353696	-4000	4000	3078
chr1	26859149	26867149	26863246	8000	26863149	-4000	4000	97
chr1	37550293	37558293	37557743	8000	37554293	-4000	4000	3450
chr1	93875918	93883918	93876645	8000	93879918	-4000	4000	-3273
chr1	155029824	155037824	155033462	8000	155033824	-4000	4000	-362
chr1	109490052	109498052	109496394	8000	109494052	-4000	4000	2342
chr1	160281130	160289130	160282170	8000	160285130	-4000	4000	-2960
chr1	6575994	6583994	6579224	8000	6579994	-4000	4000	-770
chr1	23864290	23872290	23865559	8000	23868290	-4000	4000	-2731
chr1	45496300	45504300	45497365	8000	45500300	-4000	4000	-2935
chr1	145992579	146000579	145995501	8000	145996579	-4000	4000	-1078
chr1	154498412	154506412	154501541	8000	154502412	-4000	4000	-871
chr1	248855144	248863144	248858458	8000	248859144	-4000	4000	-686
chr1	244447909	244455909	244451866	8000	244451909	-4000	4000	-43
chr1	26896467	26904467	26900134	8000	26900467	-4000	4000	-333
chr1	93875918	93883918	93879074	8000	93879918	-4000	4000	-844
chr1	161065970	161073970	161072721	8000	161069970	-4000	4000	2751
chr1	232801416	232809416	232807894	8000	232805416	-4000	4000	2478
chr1	111196771	111204771	111199690	8000	111200771	-4000	4000	-1081
chr1	154190648	154198648	154191272	8000	154194648	-4000	4000	-3376
chr1	151161948	151169948	151165248	8000	151165948	-4000	4000	-700
chr1	212031553	212039553	212035896	8000	212035553	-4000	4000	343
chr1	232801416	232809416	232806737	8000	232805416	-4000	4000	1321
chr1	232801416	232809416	232805309	8000	232805416	-4000	4000	-107
chr1	200023614	200031614	200027802	8000	200027614	-4000	4000	188
chr1	70350734	70358734	70354888	8000	70354734	-4000	4000	154
chr1	151043751	151051751	151048729	8000	151047751	-4000	4000	978
chr1	155258430	155266430	155260487	8000	155262430	-4000	4000	-1943
chr1	155559162	155567162	155562125	8000	155563162	-4000	4000	-1037
chr1	197142694	197150694	197144101	8000	197146694	-4000	4000	-2593
chr1	229430104	229438104	229431627	8000	229434104	-4000	4000	-2477
chr1	211575161	211583161	211575896	8000	211579161	-4000	4000	-3265
chr1	34751047	34759047	34758020	8000	34755047	-4000	4000	2973
chr1	151250709	151258709	151254764	8000	151254709	-4000	4000	55
chr1	155169787	155177787	155173311	8000	155173787	-4000	4000	-476
chr1	232801416	232809416	232806491	8000	232805416	-4000	4000	1075
chr1	161520540	161528540	161525458	8000	161524540	-4000	4000	918
chr1	32201671	32209671	32207279	8000	32205671	-4000	4000	1608
chr1	246720409	246728409	246726952	8000	246724409	-4000	4000	2543
chr1	77975110	77983110	77978973	8000	77979110	-4000	4000	-137
chr1	99642113	99650113	99646060	8000	99646113	-4000	4000	-53
chr1	109245539	109253539	109251449	8000	109249539	-4000	4000	1910
chr1	145992579	146000579	145996069	8000	145996579	-4000	4000	-510
chr1	151043751	151051751	151048711	8000	151047751	-4000	4000	960
chr1	165694562	165702562	165698466	8000	165698562	-4000	4000	-96
chr1	154190648	154198648	154192028	8000	154194648	-4000	4000	-2620
chr1	43970487	43978487	43971025	8000	43974487	-4000	4000	-3462
chr1	209780559	209788559	209782738	8000	209784559	-4000	4000	-1821
chr1	224171756	224179756	224175805	8000	224175756	-4000	4000	49
chr1	70350734	70358734	70355012	8000	70354734	-4000	4000	278
chr1	247853187	247861187	247857293	8000	247857187	-4000	4000	106
chr1	42842573	42850573	42849474	8000	42846573	-4000	4000	2901
chr1	43987359	43995359	43990956	8000	43991359	-4000	4000	-403
chr1	169707702	169715702	169708557	8000	169711702	-4000	4000	-3145
chr1	222614097	222622097	222621185	8000	222618097	-4000	4000	3088
chr1	232801416	232809416	232805957	8000	232805416	-4000	4000	541
chr1	32217077	32225077	32217087	8000	32221077	-4000	4000	-3990
chr1	151836557	151844557	151839171	8000	151840557	-4000	4000	-1386
chr1	158349696	158357696	158355333	8000	158353696	-4000	4000	1637
chr1	158349696	158357696	158355335	8000	158353696	-4000	4000	1639
chr1	160147586	160155586	160155050	8000	160151586	-4000	4000	3464
chr1	236600516	236608516	236603323	8000	236604516	-4000	4000	-1193
chr1	205118015	205126015	205121945	8000	205122015	-4000	4000	-70
chr1	173864082	173872082	173871027	8000	173868082	-4000	4000	2945
chr1	248855144	248863144	248858458	8000	248859144	-4000	4000	-686
chr1	36460384	36468384	36467903	8000	36464384	-4000	4000	3519
chr1	155258430	155266430	155258931	8000	155262430	-4000	4000	-3499
chr1	212787828	212795828	212791682	8000	212791828	-4000	4000	-146
chr1	228453873	228461873	228458358	8000	228457873	-4000	4000	485
chr1	32332233	32340233	32334829	8000	32336233	-4000	4000	-1404
chr1	153954615	153962615	153954889	8000	153958615	-4000	4000	-3726
chr1	151801419	151809419	151802350	8000	151805419	-4000	4000	-3069
chr1	160339316	160347316	160344500	8000	160343316	-4000	4000	1184
chr1	150545369	150553369	150553208	8000	150549369	-4000	4000	3839
chr1	236791260	236799260	236795713	8000	236795260	-4000	4000	453
chr1	151536305	151544305	151540355	8000	151540305	-4000	4000	50
chr1	197898630	197906630	197905888	8000	197902630	-4000	4000	3258
chr1	44771251	44779251	44775576	8000	44775251	-4000	4000	325
chr1	145923258	145931258	145927411	8000	145927258	-4000	4000	153
chr1	151536305	151544305	151536790	8000	151540305	-4000	4000	-3515
chr1	109109679	109117679	109114315	8000	109113679	-4000	4000	636
chr1	3648516	3656516	3649987	8000	3652516	-4000	4000	-2529
chr1	44804482	44812482	44810265	8000	44808482	-4000	4000	1783
chr1	1395335	1403335	1402084	8000	1399335	-4000	4000	2749
chr1	3621015	3629015	3625459	8000	3625015	-4000	4000	444
chr1	6205389	6213389	6213167	8000	6209389	-4000	4000	3778
chr1	6257098	6265098	6264593	8000	6261098	-4000	4000	3495
chr1	16015594	16023594	16022644	8000	16019594	-4000	4000	3050
chr1	19976416	19984416	19978835	8000	19980416	-4000	4000	-1581
chr1	26468440	26476440	26473810	8000	26472440	-4000	4000	1370
chr1	26859149	26867149	26863230	8000	26863149	-4000	4000	81
chr1	26859149	26867149	26863581	8000	26863149	-4000	4000	432
chr1	29119903	29127903	29120958	8000	29123903	-4000	4000	-2945
chr1	32332233	32340233	32333082	8000	32336233	-4000	4000	-3151
chr1	37591937	37599937	37595870	8000	37595937	-4000	4000	-67
chr1	37802979	37810979	37806902	8000	37806979	-4000	4000	-77
chr1	40254041	40262041	40258169	8000	40258041	-4000	4000	128
chr1	43385808	43393808	43389925	8000	43389808	-4000	4000	117
chr1	43929320	43937320	43935602	8000	43933320	-4000	4000	2282
chr1	43942950	43950950	43947641	8000	43946950	-4000	4000	691
chr1	43942950	43950950	43949992	8000	43946950	-4000	4000	3042
chr1	44804482	44812482	44808816	8000	44808482	-4000	4000	334
chr1	52400423	52408423	52404721	8000	52404423	-4000	4000	298
chr1	54180041	54188041	54184248	8000	54184041	-4000	4000	207
chr1	63363575	63371575	63370869	8000	63367575	-4000	4000	3294
chr1	93875918	93883918	93876674	8000	93879918	-4000	4000	-3244
chr1	94923223	94931223	94927002	8000	94927223	-4000	4000	-221
chr1	109245539	109253539	109253086	8000	109249539	-4000	4000	3547
chr1	109707780	109715780	109713271	8000	109711780	-4000	4000	1491
chr1	110334506	110342506	110342023	8000	110338506	-4000	4000	3517
chr1	110670940	110678940	110673244	8000	110674940	-4000	4000	-1696
chr1	112462541	112470541	112467428	8000	112466541	-4000	4000	887
chr1	112615805	112623805	112618986	8000	112619805	-4000	4000	-819
chr1	113901201	113909201	113904657	8000	113905201	-4000	4000	-544
chr1	117363449	117371449	117368303	8000	117367449	-4000	4000	854
chr1	145906111	145914111	145912071	8000	145910111	-4000	4000	1960
chr1	145992579	146000579	145996261	8000	145996579	-4000	4000	-318
chr1	145992579	146000579	145996358	8000	145996579	-4000	4000	-221
chr1	148479302	148487302	148483114	8000	148483302	-4000	4000	-188
chr1	149808373	149816373	149811694	8000	149812373	-4000	4000	-679
chr1	149808373	149816373	149812114	8000	149812373	-4000	4000	-259
chr1	149883890	149891890	149886228	8000	149887890	-4000	4000	-1662
chr1	149883890	149891890	149886593	8000	149887890	-4000	4000	-1297
chr1	149923803	149931803	149927840	8000	149927803	-4000	4000	37
chr1	149932879	149940879	149936725	8000	149936879	-4000	4000	-154
chr1	150063279	150071279	150067939	8000	150067279	-4000	4000	660
chr1	151032321	151040321	151034295	8000	151036321	-4000	4000	-2026
chr1	151191321	151199321	151199079	8000	151195321	-4000	4000	3758
chr1	151536305	151544305	151536850	8000	151540305	-4000	4000	-3455
chr1	153456651	153464651	153459014	8000	153460651	-4000	4000	-1637
chr1	153982358	153990358	153982801	8000	153986358	-4000	4000	-3557
chr1	154190648	154198648	154191983	8000	154194648	-4000	4000	-2665
chr1	154321525	154329525	154323264	8000	154325525	-4000	4000	-2261
chr1	154866281	154874281	154869641	8000	154870281	-4000	4000	-640
chr1	155169787	155177787	155172388	8000	155173787	-4000	4000	-1399
chr1	155204695	155212695	155205081	8000	155208695	-4000	4000	-3614
chr1	155204695	155212695	155206377	8000	155208695	-4000	4000	-2318
chr1	155251483	155259483	155253554	8000	155255483	-4000	4000	-1929
chr1	155316894	155324894	155319905	8000	155320894	-4000	4000	-989
chr1	155316894	155324894	155320531	8000	155320894	-4000	4000	-363
chr1	155559162	155567162	155562141	8000	155563162	-4000	4000	-1021
chr1	155606205	155614205	155611441	8000	155610205	-4000	4000	1236
chr1	155606205	155614205	155612209	8000	155610205	-4000	4000	2004
chr1	156278825	156286825	156285404	8000	156282825	-4000	4000	2579
chr1	156587756	156595756	156595485	8000	156591756	-4000	4000	3729
chr1	156812848	156820848	156814236	8000	156816848	-4000	4000	-2612
chr1	157696769	157704769	157697450	8000	157700769	-4000	4000	-3319
chr1	157696769	157704769	157700527	8000	157700769	-4000	4000	-242
chr1	158250424	158258424	158256088	8000	158254424	-4000	4000	1664
chr1	159941613	159949613	159943407	8000	159945613	-4000	4000	-2206
chr1	160147586	160155586	160151916	8000	160151586	-4000	4000	330
chr1	161041977	161049977	161043280	8000	161045977	-4000	4000	-2697
chr1	161094361	161102361	161099669	8000	161098361	-4000	4000	1308
chr1	161195054	161203054	161196232	8000	161199054	-4000	4000	-2822
chr1	161501430	161509430	161506397	8000	161505430	-4000	4000	967
chr1	171738074	171746074	171738384	8000	171742074	-4000	4000	-3690
chr1	181084700	181092700	181088777	8000	181088700	-4000	4000	77
chr1	181084700	181092700	181089808	8000	181088700	-4000	4000	1108
chr1	182585256	182593256	182585410	8000	182589256	-4000	4000	-3846
chr1	183631783	183639783	183635581	8000	183635783	-4000	4000	-202
chr1	186676922	186684922	186677708	8000	186680922	-4000	4000	-3214
chr1	192805039	192813039	192811644	8000	192809039	-4000	4000	2605
chr1	202118886	202126886	202123503	8000	202122886	-4000	4000	617
chr1	204407887	204415887	204409551	8000	204411887	-4000	4000	-2336
chr1	205080460	205088460	205083508	8000	205084460	-4000	4000	-952
chr1	206199346	206207346	206202113	8000	206203346	-4000	4000	-1233
chr1	207450230	207458230	207454457	8000	207454230	-4000	4000	227
chr1	211671630	211679630	211674409	8000	211675630	-4000	4000	-1221
chr1	214599195	214607195	214605805	8000	214603195	-4000	4000	2610
chr1	223661723	223669723	223665436	8000	223665723	-4000	4000	-287
chr1	227314492	227322492	227317021	8000	227318492	-4000	4000	-1471
chr1	228145930	228153930	228147508	8000	228149930	-4000	4000	-2422
chr1	228453873	228461873	228457649	8000	228457873	-4000	4000	-224
chr1	232801416	232809416	232805211	8000	232805416	-4000	4000	-205
chr1	232801416	232809416	232805333	8000	232805416	-4000	4000	-83
chr1	234369456	234377456	234374294	8000	234373456	-4000	4000	838
chr1	236600516	236608516	236603024	8000	236604516	-4000	4000	-1492
chr1	236791260	236799260	236795708	8000	236795260	-4000	4000	448
chr1	245150985	245158985	245155324	8000	245154985	-4000	4000	339
chr1	154866281	154874281	154869435	8000	154870281	-4000	4000	-846
chr1	227559543	227567543	227563582	8000	227563543	-4000	4000	39
chr1	154321525	154329525	154323318	8000	154325525	-4000	4000	-2207
chr1	151455494	151463494	151459444	8000	151459494	-4000	4000	-50
chr1	155131344	155139344	155133764	8000	155135344	-4000	4000	-1580
chr1	172528349	172536349	172532615	8000	172532349	-4000	4000	266
chr1	154866281	154874281	154869453	8000	154870281	-4000	4000	-828
chr1	161221939	161229939	161228746	8000	161225939	-4000	4000	2807
chr1	248855144	248863144	248856343	8000	248859144	-4000	4000	-2801
chr1	248855144	248863144	248858458	8000	248859144	-4000	4000	-686
chr1	151343326	151351326	151344430	8000	151347326	-4000	4000	-2896
chr1	157696769	157704769	157699696	8000	157700769	-4000	4000	-1073
chr1	23976927	23984927	23980312	8000	23980927	-4000	4000	-615
chr1	200406056	200414056	200408596	8000	200410056	-4000	4000	-1460
chr1	147238654	147246654	147242706	8000	147242654	-4000	4000	52
chr1	6231972	6239972	6231979	8000	6235972	-4000	4000	-3993
chr1	13112854	13120854	13115562	8000	13116854	-4000	4000	-1292
chr1	23796781	23804781	23798511	8000	23800781	-4000	4000	-2270
chr1	28644291	28652291	28648618	8000	28648291	-4000	4000	327
chr1	100128955	100136955	100132812	8000	100132955	-4000	4000	-143
chr1	149883890	149891890	149887226	8000	149887890	-4000	4000	-664
chr1	17245098	17253098	17249112	8000	17249098	-4000	4000	14
chr1	28229029	28237029	28236134	8000	28233029	-4000	4000	3105
chr1	31292788	31300788	31296627	8000	31296788	-4000	4000	-161
chr1	149883890	149891890	149886419	8000	149887890	-4000	4000	-1471
chr1	155251483	155259483	155254725	8000	155255483	-4000	4000	-758
chr1	156737590	156745590	156738733	8000	156741590	-4000	4000	-2857
chr1	226735323	226743323	226737008	8000	226739323	-4000	4000	-2315
chr1	149808373	149816373	149813418	8000	149812373	-4000	4000	1045
chr1	113975391	113983391	113981370	8000	113979391	-4000	4000	1979
chr1	179878042	179886042	179882581	8000	179882042	-4000	4000	539
chr1	74729152	74737152	74733308	8000	74733152	-4000	4000	156
chr1	45336052	45344052	45343750	8000	45340052	-4000	4000	3698
chr1	154216179	154224179	154220456	8000	154220179	-4000	4000	277
chr1	158349696	158357696	158356770	8000	158353696	-4000	4000	3074
chr1	160094943	160102943	160095092	8000	160098943	-4000	4000	-3851
chr1	6575994	6583994	6576613	8000	6579994	-4000	4000	-3381
chr1	9647731	9655731	9654233	8000	9651731	-4000	4000	2502
chr1	25228502	25236502	25229044	8000	25232502	-4000	4000	-3458
chr1	26886283	26894283	26892705	8000	26890283	-4000	4000	2422
chr1	27362961	27370961	27370678	8000	27366961	-4000	4000	3717
chr1	27370824	27378824	27373510	8000	27374824	-4000	4000	-1314
chr1	36393908	36401908	36394006	8000	36397908	-4000	4000	-3902
chr1	37943057	37951057	37946326	8000	37947057	-4000	4000	-731
chr1	86420171	86428171	86424134	8000	86424171	-4000	4000	-37
chr1	93175919	93183919	93183375	8000	93179919	-4000	4000	3456
chr1	99642113	99650113	99646180	8000	99646113	-4000	4000	67
chr1	100715742	100723742	100720627	8000	100719742	-4000	4000	885
chr1	101232865	101240865	101239101	8000	101236865	-4000	4000	2236
chr1	101232865	101240865	101239942	8000	101236865	-4000	4000	3077
chr1	109505738	109513738	109507830	8000	109509738	-4000	4000	-1908
chr1	110670940	110678940	110673836	8000	110674940	-4000	4000	-1104
chr1	110670940	110678940	110674341	8000	110674940	-4000	4000	-599
chr1	111196771	111204771	111197917	8000	111200771	-4000	4000	-2854
chr1	112669141	112677141	112670078	8000	112673141	-4000	4000	-3063
chr1	113975391	113983391	113980588	8000	113979391	-4000	4000	1197
chr1	113975391	113983391	113981687	8000	113979391	-4000	4000	2296
chr1	145841630	145849630	145847629	8000	145845630	-4000	4000	1999
chr1	145923258	145931258	145925919	8000	145927258	-4000	4000	-1339
chr1	145992579	146000579	145995010	8000	145996579	-4000	4000	-1569
chr1	149808373	149816373	149813294	8000	149812373	-4000	4000	921
chr1	150145183	150153183	150150956	8000	150149183	-4000	4000	1773
chr1	150232156	150240156	150235860	8000	150236156	-4000	4000	-296
chr1	150693154	150701154	150700163	8000	150697154	-4000	4000	3009
chr1	151043751	151051751	151046089	8000	151047751	-4000	4000	-1662
chr1	151152664	151160664	151159030	8000	151156664	-4000	4000	2366
chr1	151759496	151767496	151767204	8000	151763496	-4000	4000	3708
chr1	151801419	151809419	151802068	8000	151805419	-4000	4000	-3351
chr1	151836557	151844557	151838041	8000	151840557	-4000	4000	-2516
chr1	154563778	154571778	154570318	8000	154567778	-4000	4000	2540
chr1	154979338	154987338	154983916	8000	154983338	-4000	4000	578
chr1	155029824	155037824	155033481	8000	155033824	-4000	4000	-343
chr1	155169787	155177787	155172458	8000	155173787	-4000	4000	-1329
chr1	155316894	155324894	155320616	8000	155320894	-4000	4000	-278
chr1	157696769	157704769	157697214	8000	157700769	-4000	4000	-3555
chr1	158174030	158182030	158181658	8000	158178030	-4000	4000	3628
chr1	158250424	158258424	158256921	8000	158254424	-4000	4000	2497
chr1	158349696	158357696	158354019	8000	158353696	-4000	4000	323
chr1	159822811	159830811	159830191	8000	159826811	-4000	4000	3380
chr1	159921507	159929507	159928586	8000	159925507	-4000	4000	3079
chr1	160147586	160155586	160155152	8000	160151586	-4000	4000	3566
chr1	160186575	160194575	160186833	8000	160190575	-4000	4000	-3742
chr1	160643044	160651044	160647106	8000	160647044	-4000	4000	62
chr1	161094361	161102361	161100633	8000	161098361	-4000	4000	2272
chr1	161162056	161170056	161163061	8000	161166056	-4000	4000	-2995
chr1	161162056	161170056	161169660	8000	161166056	-4000	4000	3604
chr1	161173968	161181968	161175966	8000	161177968	-4000	4000	-2002
chr1	161211234	161219234	161214188	8000	161215234	-4000	4000	-1046
chr1	166163001	166171001	166166012	8000	166167001	-4000	4000	-989
chr1	170658728	170666728	170664314	8000	170662728	-4000	4000	1586
chr1	182585256	182593256	182585387	8000	182589256	-4000	4000	-3869
chr1	186676922	186684922	186679200	8000	186680922	-4000	4000	-1722
chr1	192571763	192579763	192575903	8000	192575763	-4000	4000	140
chr1	200616751	200624751	200617760	8000	200620751	-4000	4000	-2991
chr1	200665907	200673907	200665940	8000	200669907	-4000	4000	-3967
chr1	200665907	200673907	200666714	8000	200669907	-4000	4000	-3193
chr1	200734893	200742893	200739937	8000	200738893	-4000	4000	1044
chr1	207317532	207325532	207324678	8000	207321532	-4000	4000	3146
chr1	207748054	207756054	207752186	8000	207752054	-4000	4000	132
chr1	209648425	209656425	209651046	8000	209652425	-4000	4000	-1379
chr1	212031553	212039553	212035861	8000	212035553	-4000	4000	308
chr1	212695840	212703840	212697004	8000	212699840	-4000	4000	-2836
chr1	229430104	229438104	229431408	8000	229434104	-4000	4000	-2696
chr1	241673376	241681376	241674677	8000	241677376	-4000	4000	-2699
chr1	244860560	244868560	244864004	8000	244864560	-4000	4000	-556
chr1	247100372	247108372	247100466	8000	247104372	-4000	4000	-3906
chr1	1655012	1663012	1655433	8000	1659012	-4000	4000	-3579
chr1	27910746	27918746	27914474	8000	27914746	-4000	4000	-272
chr1	35714894	35722894	35716000	8000	35718894	-4000	4000	-2894
chr1	36460384	36468384	36466473	8000	36464384	-4000	4000	2089
chr1	37855592	37863592	37857629	8000	37859592	-4000	4000	-1963
chr1	42842573	42850573	42843248	8000	42846573	-4000	4000	-3325
chr1	43970487	43978487	43972155	8000	43974487	-4000	4000	-2332
chr1	45006950	45014950	45008334	8000	45010950	-4000	4000	-2616
chr1	149923803	149931803	149926722	8000	149927803	-4000	4000	-1081
chr1	153954615	153962615	153958529	8000	153958615	-4000	4000	-86
chr1	154190648	154198648	154193702	8000	154194648	-4000	4000	-946
chr1	154970395	154978395	154974883	8000	154974395	-4000	4000	488
chr1	156208982	156216982	156210509	8000	156212982	-4000	4000	-2473
chr1	161162056	161170056	161162623	8000	161166056	-4000	4000	-3433
chr1	209823972	209831972	209828162	8000	209827972	-4000	4000	190
chr1	224352858	224360858	224360550	8000	224356858	-4000	4000	3692
chr1	228453873	228461873	228458343	8000	228457873	-4000	4000	470
chr1	231237187	231245187	231241120	8000	231241187	-4000	4000	-67
chr1	11269198	11277198	11273844	8000	11273198	-4000	4000	646
chr1	151032321	151040321	151037523	8000	151036321	-4000	4000	1202
chr1	153027203	153035203	153032681	8000	153031203	-4000	4000	1478
chr1	161162056	161170056	161164539	8000	161166056	-4000	4000	-1517
chr1	109505738	109513738	109507883	8000	109509738	-4000	4000	-1855
chr1	151827845	151835845	151831725	8000	151831845	-4000	4000	-120
chr1	148479302	148487302	148483114	8000	148483302	-4000	4000	-188
chr1	113867753	113875753	113871630	8000	113871753	-4000	4000	-123
chr1	233900676	233908676	233905703	8000	233904676	-4000	4000	1027
chr1	12844720	12852720	12847985	8000	12848720	-4000	4000	-735
chr1	155131344	155139344	155136931	8000	155135344	-4000	4000	1587
chr1	200665907	200673907	200666644	8000	200669907	-4000	4000	-3263
chr1	201465237	201473237	201468555	8000	201469237	-4000	4000	-682
chr1	209780559	209788559	209782840	8000	209784559	-4000	4000	-1719
chr1	247412156	247420156	247419024	8000	247416156	-4000	4000	2868
chr1	32332233	32340233	32333017	8000	32336233	-4000	4000	-3216
chr1	203182704	203190704	203182793	8000	203186704	-4000	4000	-3911
chr1	154563778	154571778	154571510	8000	154567778	-4000	4000	3732
chr1	206631536	206639536	206636963	8000	206635536	-4000	4000	1427
chr1	207492147	207500147	207496231	8000	207496147	-4000	4000	84
chr1	18476930	18484930	18483220	8000	18480930	-4000	4000	2290
chr1	32217077	32225077	32224454	8000	32221077	-4000	4000	3377
chr1	44839253	44847253	44842919	8000	44843253	-4000	4000	-334
chr1	47187044	47195044	47187390	8000	47191044	-4000	4000	-3654
chr1	28644291	28652291	28648648	8000	28648291	-4000	4000	357
chr1	43970487	43978487	43976100	8000	43974487	-4000	4000	1613
chr1	62432297	62440297	62437139	8000	62436297	-4000	4000	842
chr1	100534139	100542139	100540698	8000	100538139	-4000	4000	2559
chr1	101232865	101240865	101240728	8000	101236865	-4000	4000	3863
chr1	151395560	151403560	151400862	8000	151399560	-4000	4000	1302
chr1	151801419	151809419	151802339	8000	151805419	-4000	4000	-3080
chr1	201373764	201381764	201381357	8000	201377764	-4000	4000	3593
chr1	9647731	9655731	9653833	8000	9651731	-4000	4000	2102
chr1	26468440	26476440	26473504	8000	26472440	-4000	4000	1064
chr1	26468440	26476440	26475197	8000	26472440	-4000	4000	2757
chr1	32646903	32654903	32650530	8000	32650903	-4000	4000	-373
chr1	44796377	44804377	44802805	8000	44800377	-4000	4000	2428
chr1	152997747	153005747	153003618	8000	153001747	-4000	4000	1871
chr1	183414380	183422380	183418254	8000	183418380	-4000	4000	-126
chr1	201884680	201892680	201889444	8000	201888680	-4000	4000	764
chr1	205771482	205779482	205775097	8000	205775482	-4000	4000	-385
chr1	156701816	156709816	156705387	8000	156705816	-4000	4000	-429
chr1	193117983	193125983	193122272	8000	193121983	-4000	4000	289
chr1	158250424	158258424	158256183	8000	158254424	-4000	4000	1759
chr1	145992579	146000579	145993540	8000	145996579	-4000	4000	-3039
chr1	150264200	150272200	150264851	8000	150268200	-4000	4000	-3349
chr1	150278543	150286543	150283329	8000	150282543	-4000	4000	786
chr1	151343326	151351326	151343406	8000	151347326	-4000	4000	-3920
chr1	27668212	27676212	27669338	8000	27672212	-4000	4000	-2874
chr1	151250709	151258709	151254792	8000	151254709	-4000	4000	83
chr1	154190648	154198648	154193664	8000	154194648	-4000	4000	-984
chr1	155559162	155567162	155562177	8000	155563162	-4000	4000	-985
chr1	228402835	228410835	228408508	8000	228406835	-4000	4000	1673
chr1	145992579	146000579	145993822	8000	145996579	-4000	4000	-2757
chr1	6575994	6583994	6580703	8000	6579994	-4000	4000	709
chr1	117118587	117126587	117118709	8000	117122587	-4000	4000	-3878
chr1	156762925	156770925	156768118	8000	156766925	-4000	4000	1193
chr1	13112854	13120854	13115870	8000	13116854	-4000	4000	-984
chr1	169707702	169715702	169710507	8000	169711702	-4000	4000	-1195
chr1	228101411	228109411	228107865	8000	228105411	-4000	4000	2454
chr1	117118587	117126587	117121008	8000	117122587	-4000	4000	-1579
chr1	117118587	117126587	117121247	8000	117122587	-4000	4000	-1340
chr1	153982358	153990358	153982426	8000	153986358	-4000	4000	-3932
chr1	32646903	32654903	32651948	8000	32650903	-4000	4000	1045
chr1	209780559	209788559	209782867	8000	209784559	-4000	4000	-1692
chr1	247327867	247335867	247329364	8000	247331867	-4000	4000	-2503
chr1	36084892	36092892	36091640	8000	36088892	-4000	4000	2748
chr1	155258430	155266430	155262115	8000	155262430	-4000	4000	-315
chr1	27362961	27370961	27364874	8000	27366961	-4000	4000	-2087
chr1	215001775	215009775	215005946	8000	215005775	-4000	4000	171
chr1	207748054	207756054	207752086	8000	207752054	-4000	4000	32
chr1	1395335	1403335	1402116	8000	1399335	-4000	4000	2781
chr1	231237187	231245187	231241240	8000	231241187	-4000	4000	53
chr1	32218359	32226359	32226305	8000	32222359	-4000	4000	3946
chr1	43281617	43289617	43282361	8000	43285617	-4000	4000	-3256
chr1	192571763	192579763	192578631	8000	192575763	-4000	4000	2868
chr1	160792074	160800074	160799888	8000	160796074	-4000	4000	3814
chr1	11043239	11051239	11046909	8000	11047239	-4000	4000	-330
chr1	1395335	1403335	1395413	8000	1399335	-4000	4000	-3922
chr1	2387775	2395775	2388258	8000	2391775	-4000	4000	-3517
chr1	37789847	37797847	37795729	8000	37793847	-4000	4000	1882
chr1	101232865	101240865	101239714	8000	101236865	-4000	4000	2849
chr1	111342600	111350600	111348531	8000	111346600	-4000	4000	1931
chr1	113975391	113983391	113979424	8000	113979391	-4000	4000	33
chr1	116750430	116758430	116754774	8000	116754430	-4000	4000	344
chr1	145401567	145409567	145405120	8000	145405567	-4000	4000	-447
chr1	145906111	145914111	145912548	8000	145910111	-4000	4000	2437
chr1	149883890	149891890	149886247	8000	149887890	-4000	4000	-1643
chr1	149923803	149931803	149931299	8000	149927803	-4000	4000	3496
chr1	150063279	150071279	150067822	8000	150067279	-4000	4000	543
chr1	155251483	155259483	155254664	8000	155255483	-4000	4000	-819
chr1	155316894	155324894	155324698	8000	155320894	-4000	4000	3804
chr1	156278825	156286825	156286398	8000	156282825	-4000	4000	3573
chr1	169790963	169798963	169793074	8000	169794963	-4000	4000	-1889
chr1	197142694	197150694	197143205	8000	197146694	-4000	4000	-3489
chr1	202118886	202126886	202123412	8000	202122886	-4000	4000	526
chr1	203182704	203190704	203183734	8000	203186704	-4000	4000	-2970
chr1	209780559	209788559	209788316	8000	209784559	-4000	4000	3757
chr1	221738089	221746089	221739725	8000	221742089	-4000	4000	-2364
chr1	229430104	229438104	229432364	8000	229434104	-4000	4000	-1740
chr1	231333852	231341852	231337664	8000	231337852	-4000	4000	-188
chr1	243252034	243260034	243256104	8000	243256034	-4000	4000	70
chr1	248855144	248863144	248856409	8000	248859144	-4000	4000	-2735
chr1	41480683	41488683	41482547	8000	41484683	-4000	4000	-2136
chr1	119764905	119772905	119768810	8000	119768905	-4000	4000	-95
chr1	36080094	36088094	36087974	8000	36084094	-4000	4000	3880
chr1	152904546	152912546	152911229	8000	152908546	-4000	4000	2683
chr1	232801416	232809416	232807066	8000	232805416	-4000	4000	1650
chr1	962482	970482	966556	8000	966482	-4000	4000	74
chr1	13112854	13120854	13116462	8000	13116854	-4000	4000	-392
chr1	37550293	37558293	37552687	8000	37554293	-4000	4000	-1606
chr1	92025985	92033985	92030208	8000	92029985	-4000	4000	223
chr1	109245539	109253539	109252998	8000	109249539	-4000	4000	3459
chr1	150264200	150272200	150268720	8000	150268200	-4000	4000	520
chr1	150504062	150512062	150505643	8000	150508062	-4000	4000	-2419
chr1	155606205	155614205	155610258	8000	155610205	-4000	4000	53
chr1	158250424	158258424	158255321	8000	158254424	-4000	4000	897
chr1	202963275	202971275	202965456	8000	202967275	-4000	4000	-1819
chr1	203347758	203355758	203348169	8000	203351758	-4000	4000	-3589
chr1	47063231	47071231	47067666	8000	47067231	-4000	4000	435
chr1	78645796	78653796	78650300	8000	78649796	-4000	4000	504
chr1	209780559	209788559	209788282	8000	209784559	-4000	4000	3723
chr1	161520540	161528540	161526342	8000	161524540	-4000	4000	1802
chr1	202954572	202962572	202962549	8000	202958572	-4000	4000	3977
chr1	6205389	6213389	6206561	8000	6209389	-4000	4000	-2828
chr1	156291689	156299689	156294150	8000	156295689	-4000	4000	-1539
chr1	156568604	156576604	156572551	8000	156572604	-4000	4000	-53
chr1	161114055	161122055	161118053	8000	161118055	-4000	4000	-2
chr1	156003070	156011070	156010949	8000	156007070	-4000	4000	3879
chr1	32360278	32368278	32362779	8000	32364278	-4000	4000	-1499
chr1	101992926	102000926	101996764	8000	101996926	-4000	4000	-162
chr1	154268589	154276589	154275636	8000	154272589	-4000	4000	3047
chr1	156587756	156595756	156595090	8000	156591756	-4000	4000	3334
chr1	156587756	156595756	156595584	8000	156591756	-4000	4000	3828
chr1	161162056	161170056	161168125	8000	161166056	-4000	4000	2069
chr1	173864082	173872082	173870899	8000	173868082	-4000	4000	2817
chr1	211575161	211583161	211575481	8000	211579161	-4000	4000	-3680
chr1	43966000	43974000	43970266	8000	43970000	-4000	4000	266
chr1	58573252	58581252	58576516	8000	58577252	-4000	4000	-736
chr1	207048980	207056980	207049256	8000	207052980	-4000	4000	-3724
chr1	101992926	102000926	101996890	8000	101996926	-4000	4000	-36
chr1	183586876	183594876	183586923	8000	183590876	-4000	4000	-3953
chr1	32360278	32368278	32363592	8000	32364278	-4000	4000	-686
chr1	71077289	71085289	71078463	8000	71081289	-4000	4000	-2826
chr1	113901201	113909201	113902795	8000	113905201	-4000	4000	-2406
chr1	151004420	151012420	151006325	8000	151008420	-4000	4000	-2095
chr1	153986762	153994762	153991226	8000	153990762	-4000	4000	464
chr1	155258430	155266430	155260520	8000	155262430	-4000	4000	-1910
chr1	200406056	200414056	200408388	8000	200410056	-4000	4000	-1668
chr1	224110111	224118111	224114167	8000	224114111	-4000	4000	56
chr1	226544764	226552764	226549084	8000	226548764	-4000	4000	320
chr1	25228502	25236502	25232132	8000	25232502	-4000	4000	-370
chr1	151758899	151766899	151762451	8000	151762899	-4000	4000	-448
chr1	28588200	28596200	28593816	8000	28592200	-4000	4000	1616
chr1	150625612	150633612	150629438	8000	150629612	-4000	4000	-174
chr1	161034962	161042962	161039881	8000	161038962	-4000	4000	919
chr1	1655012	1663012	1655385	8000	1659012	-4000	4000	-3627
chr1	10426102	10434102	10430532	8000	10430102	-4000	4000	430
chr1	108742674	108750674	108746761	8000	108746674	-4000	4000	87
chr1	155169787	155177787	155172864	8000	155173787	-4000	4000	-923
chr1	161162056	161170056	161163559	8000	161166056	-4000	4000	-2497
chr1	197197293	197205293	197200084	8000	197201293	-4000	4000	-1209
chr1	37802979	37810979	37803949	8000	37806979	-4000	4000	-3030
chr1	157548515	157556515	157552366	8000	157552515	-4000	4000	-149
chr1	111750832	111758832	111755842	8000	111754832	-4000	4000	1010
chr1	158349696	158357696	158356587	8000	158353696	-4000	4000	2891
chr1	158349696	158357696	158354403	8000	158353696	-4000	4000	707
chr1	232801416	232809416	232807803	8000	232805416	-4000	4000	2387
chr1	2387775	2395775	2388291	8000	2391775	-4000	4000	-3484
chr1	155169787	155177787	155172759	8000	155173787	-4000	4000	-1028
chr1	156208982	156216982	156210243	8000	156212982	-4000	4000	-2739
chr1	34751047	34759047	34758049	8000	34755047	-4000	4000	3002
chr1	1304597	1312597	1310552	8000	1308597	-4000	4000	1955
chr1	1445689	1453689	1450566	8000	1449689	-4000	4000	877
chr1	11043239	11051239	11046717	8000	11047239	-4000	4000	-522
chr1	28644291	28652291	28648619	8000	28648291	-4000	4000	328
chr1	152997747	153005747	153003620	8000	153001747	-4000	4000	1873
chr1	201884680	201892680	201889605	8000	201888680	-4000	4000	925
chr1	233610106	233618106	233614217	8000	233614106	-4000	4000	111
chr1	247100372	247108372	247100504	8000	247104372	-4000	4000	-3868
chr1	111445256	111453256	111449461	8000	111449256	-4000	4000	205
chr1	23787145	23795145	23794323	8000	23791145	-4000	4000	3178
chr1	154979338	154987338	154983433	8000	154983338	-4000	4000	95
chr1	151758899	151766899	151763399	8000	151762899	-4000	4000	500
chr1	200406056	200414056	200408924	8000	200410056	-4000	4000	-1132
chr1	35189145	35197145	35190862	8000	35193145	-4000	4000	-2283
chr1	161501430	161509430	161505494	8000	161505430	-4000	4000	64
chr1	152997747	153005747	153003422	8000	153001747	-4000	4000	1675
chr1	203761177	203769177	203765340	8000	203765177	-4000	4000	163
chr1	1417769	1425769	1420868	8000	1421769	-4000	4000	-901
chr1	6205389	6213389	6212824	8000	6209389	-4000	4000	3435
chr1	23555501	23563501	23559051	8000	23559501	-4000	4000	-450
chr1	45336052	45344052	45341536	8000	45340052	-4000	4000	1484
chr1	75720431	75728431	75724719	8000	75724431	-4000	4000	288
chr1	89991110	89999110	89993937	8000	89995110	-4000	4000	-1173
chr1	158349696	158357696	158356842	8000	158353696	-4000	4000	3146
chr1	151395560	151403560	151401509	8000	151399560	-4000	4000	1949
chr1	158285923	158293923	158291256	8000	158289923	-4000	4000	1333
chr1	155240699	155248699	155240699	8000	155244699	-4000	4000	-4000
chr1	201465237	201473237	201465607	8000	201469237	-4000	4000	-3630
chr1	109707780	109715780	109713281	8000	109711780	-4000	4000	1501
chr1	161114055	161122055	161121830	8000	161118055	-4000	4000	3775
chr1	26173484	26181484	26180575	8000	26177484	-4000	4000	3091
chr1	6205389	6213389	6212869	8000	6209389	-4000	4000	3480
chr1	145841630	145849630	145846039	8000	145845630	-4000	4000	409
chr1	151758899	151766899	151762382	8000	151762899	-4000	4000	-517
chr1	156762925	156770925	156767812	8000	156766925	-4000	4000	887
chr1	211575161	211583161	211575757	8000	211579161	-4000	4000	-3404
chr1	247100372	247108372	247102092	8000	247104372	-4000	4000	-2280
chr1	37802979	37810979	37809109	8000	37806979	-4000	4000	2130
chr1	156049798	156057798	156051798	8000	156053798	-4000	4000	-2000
chr1	155131344	155139344	155137999	8000	155135344	-4000	4000	2655
chr1	182600389	182608389	182600396	8000	182604389	-4000	4000	-3993
chr1	150063279	150071279	150068674	8000	150067279	-4000	4000	1395
chr1	155169787	155177787	155173207	8000	155173787	-4000	4000	-580
chr1	161702972	161710972	161710877	8000	161706972	-4000	4000	3905
chr1	151152664	151160664	151158768	8000	151156664	-4000	4000	2104
chr1	151536305	151544305	151536870	8000	151540305	-4000	4000	-3435
chr1	155316894	155324894	155321607	8000	155320894	-4000	4000	713
chr1	158285923	158293923	158291337	8000	158289923	-4000	4000	1414
chr1	204407887	204415887	204410137	8000	204411887	-4000	4000	-1750
chr1	204407887	204415887	204411241	8000	204411887	-4000	4000	-646
chr1	64741095	64749095	64745287	8000	64745095	-4000	4000	192
chr1	184033729	184041729	184037632	8000	184037729	-4000	4000	-97
chr1	246562261	246570261	246565895	8000	246566261	-4000	4000	-366
chr1	155316894	155324894	155322045	8000	155320894	-4000	4000	1151
chr1	32332233	32340233	32333015	8000	32336233	-4000	4000	-3218
chr1	228402835	228410835	228409187	8000	228406835	-4000	4000	2352
chr1	224171756	224179756	224175811	8000	224175756	-4000	4000	55
chr1	6575994	6583994	6580741	8000	6579994	-4000	4000	747
chr1	43987359	43995359	43992213	8000	43991359	-4000	4000	854
chr1	169101697	169109697	169106835	8000	169105697	-4000	4000	1138
chr1	220268529	220276529	220272240	8000	220272529	-4000	4000	-289
chr1	153963534	153971534	153969370	8000	153967534	-4000	4000	1836
chr1	51874805	51882805	51878406	8000	51878805	-4000	4000	-399
chr1	152904546	152912546	152910865	8000	152908546	-4000	4000	2319
chr1	156049798	156057798	156051755	8000	156053798	-4000	4000	-2043
chr1	203182704	203190704	203185328	8000	203186704	-4000	4000	-1376
chr1	149883890	149891890	149887261	8000	149887890	-4000	4000	-629
chr1	151161948	151169948	151165245	8000	151165948	-4000	4000	-703
chr1	23555501	23563501	23558041	8000	23559501	-4000	4000	-1460
chr1	154268589	154276589	154272677	8000	154272589	-4000	4000	88
chr1	2224319	2232319	2229410	8000	2228319	-4000	4000	1091
chr1	221738089	221746089	221739699	8000	221742089	-4000	4000	-2390
chr1	16436721	16444721	16443725	8000	16440721	-4000	4000	3004
chr1	155930413	155938413	155933670	8000	155934413	-4000	4000	-743
chr1	11651785	11659785	11658594	8000	11655785	-4000	4000	2809
chr1	202003945	202011945	202004445	8000	202007945	-4000	4000	-3500
chr1	203182704	203190704	203184623	8000	203186704	-4000	4000	-2081
chr1	150278543	150286543	150283549	8000	150282543	-4000	4000	1006
chr1	157696769	157704769	157696788	8000	157700769	-4000	4000	-3981
chr1	149808373	149816373	149813312	8000	149812373	-4000	4000	939
chr1	149808373	149816373	149813313	8000	149812373	-4000	4000	940
chr1	161546737	161554737	161549901	8000	161550737	-4000	4000	-836
chr1	173864082	173872082	173865371	8000	173868082	-4000	4000	-2711
chr1	183586876	183594876	183586929	8000	183590876	-4000	4000	-3947
chr1	192571763	192579763	192579205	8000	192575763	-4000	4000	3442
chr1	226057851	226065851	226064376	8000	226061851	-4000	4000	2525
chr1	11650375	11658375	11658275	8000	11654375	-4000	4000	3900
chr1	62432297	62440297	62439966	8000	62436297	-4000	4000	3669
chr1	160147586	160155586	160152121	8000	160151586	-4000	4000	535
chr1	26276086	26284086	26277147	8000	26280086	-4000	4000	-2939
chr1	170527819	170535819	170532262	8000	170531819	-4000	4000	443
chr1	171181249	171189249	171185809	8000	171185249	-4000	4000	560
chr1	200616751	200624751	200617823	8000	200620751	-4000	4000	-2928
chr1	150575738	150583738	150578883	8000	150579738	-4000	4000	-855
chr1	145954017	145962017	145961186	8000	145958017	-4000	4000	3169
chr1	179587613	179595613	179588301	8000	179591613	-4000	4000	-3312
chr1	247100372	247108372	247100384	8000	247104372	-4000	4000	-3988
chr1	27362961	27370961	27362986	8000	27366961	-4000	4000	-3975
chr1	156291689	156299689	156294473	8000	156295689	-4000	4000	-1216
chr1	160147586	160155586	160152118	8000	160151586	-4000	4000	532
chr1	46336789	46344789	46340838	8000	46340789	-4000	4000	49
chr1	56815696	56823696	56819376	8000	56819696	-4000	4000	-320
chr1	222544104	222552104	222544122	8000	222548104	-4000	4000	-3982
chr1	42763084	42771084	42767325	8000	42767084	-4000	4000	241
chr1	150264200	150272200	150268061	8000	150268200	-4000	4000	-139
chr1	153942718	153950718	153943051	8000	153946718	-4000	4000	-3667
chr1	243252034	243260034	243256208	8000	243256034	-4000	4000	174
chr1	156291689	156299689	156294134	8000	156295689	-4000	4000	-1555
chr1	58780048	58788048	58782737	8000	58784048	-4000	4000	-1311
chr1	154866281	154874281	154869064	8000	154870281	-4000	4000	-1217
chr1	6205389	6213389	6212368	8000	6209389	-4000	4000	2979
chr1	160186575	160194575	160190846	8000	160190575	-4000	4000	271
chr1	205080460	205088460	205084414	8000	205084460	-4000	4000	-46
chr1	43281617	43289617	43283069	8000	43285617	-4000	4000	-2548
chr1	109707780	109715780	109713174	8000	109711780	-4000	4000	1394
chr1	113975391	113983391	113980400	8000	113979391	-4000	4000	1009
chr1	114666422	114674422	114673963	8000	114670422	-4000	4000	3541
chr1	161041977	161049977	161048554	8000	161045977	-4000	4000	2577
chr1	228453873	228461873	228458430	8000	228457873	-4000	4000	557
chr1	221738089	221746089	221739023	8000	221742089	-4000	4000	-3066
chr1	100534139	100542139	100539143	8000	100538139	-4000	4000	1004
chr1	149883890	149891890	149887004	8000	149887890	-4000	4000	-886
chr1	182585256	182593256	182585717	8000	182589256	-4000	4000	-3539
chr1	6620868	6628868	6621494	8000	6624868	-4000	4000	-3374
chr1	150504062	150512062	150510064	8000	150508062	-4000	4000	2002
chr1	100891179	100899179	100896248	8000	100895179	-4000	4000	1069
chr1	150693154	150701154	150698704	8000	150697154	-4000	4000	1550
chr1	151343326	151351326	151343409	8000	151347326	-4000	4000	-3917
chr1	151758899	151766899	151760159	8000	151762899	-4000	4000	-2740
chr1	155136595	155144595	155140176	8000	155140595	-4000	4000	-419
chr1	161094361	161102361	161100107	8000	161098361	-4000	4000	1746
chr1	161745758	161753758	161751955	8000	161749758	-4000	4000	2197
chr1	209780559	209788559	209783376	8000	209784559	-4000	4000	-1183
chr1	156244117	156252117	156244886	8000	156248117	-4000	4000	-3231
chr1	150805577	150813577	150811308	8000	150809577	-4000	4000	1731
chr1	13112854	13120854	13116396	8000	13116854	-4000	4000	-458
chr1	26886283	26894283	26891047	8000	26890283	-4000	4000	764
chr1	32897438	32905438	32898128	8000	32901438	-4000	4000	-3310
chr1	34788999	34796999	34794696	8000	34792999	-4000	4000	1697
chr1	40254041	40262041	40260981	8000	40258041	-4000	4000	2940
chr1	43970487	43978487	43971096	8000	43974487	-4000	4000	-3391
chr1	74194187	74202187	74199680	8000	74198187	-4000	4000	1493
chr1	89146456	89154456	89147584	8000	89150456	-4000	4000	-2872
chr1	149778671	149786671	149784156	8000	149782671	-4000	4000	1485
chr1	151152664	151160664	151159271	8000	151156664	-4000	4000	2607
chr1	158349696	158357696	158356201	8000	158353696	-4000	4000	2505
chr1	170527819	170535819	170532179	8000	170531819	-4000	4000	360
chr1	205771482	205779482	205771499	8000	205775482	-4000	4000	-3983
chr1	225920278	225928278	225921862	8000	225924278	-4000	4000	-2416
chr1	241515799	241523799	241517245	8000	241519799	-4000	4000	-2554
chr1	207048980	207056980	207052219	8000	207052980	-4000	4000	-761
chr1	149883890	149891890	149886147	8000	149887890	-4000	4000	-1743
chr1	151250709	151258709	151254781	8000	151254709	-4000	4000	72
chr1	149923803	149931803	149930750	8000	149927803	-4000	4000	2947
chr1	43449989	43457989	43451622	8000	43453989	-4000	4000	-2367
chr1	149808373	149816373	149812366	8000	149812373	-4000	4000	-7
chr1	154498412	154506412	154501474	8000	154502412	-4000	4000	-938
chr1	212787828	212795828	212791784	8000	212791828	-4000	4000	-44
chr1	32218359	32226359	32226210	8000	32222359	-4000	4000	3851
chr1	245150985	245158985	245155407	8000	245154985	-4000	4000	422
chr1	44804482	44812482	44805698	8000	44808482	-4000	4000	-2784
chr1	109245539	109253539	109252099	8000	109249539	-4000	4000	2560
chr1	109245539	109253539	109253158	8000	109249539	-4000	4000	3619
chr1	114712771	114720771	114719652	8000	114716771	-4000	4000	2881
chr1	150504062	150512062	150509751	8000	150508062	-4000	4000	1689
chr1	153053512	153061512	153056437	8000	153057512	-4000	4000	-1075
chr1	155316894	155324894	155319905	8000	155320894	-4000	4000	-989
chr1	156762925	156770925	156767737	8000	156766925	-4000	4000	812
chr1	156762925	156770925	156767937	8000	156766925	-4000	4000	1012
chr1	157696769	157704769	157697971	8000	157700769	-4000	4000	-2798
chr1	167216876	167224876	167220939	8000	167220876	-4000	4000	63
chr1	26468440	26476440	26474009	8000	26472440	-4000	4000	1569
chr1	89146456	89154456	89147768	8000	89150456	-4000	4000	-2688
chr1	145906111	145914111	145907113	8000	145910111	-4000	4000	-2998
chr1	153982358	153990358	153982589	8000	153986358	-4000	4000	-3769
chr1	44804482	44812482	44805941	8000	44808482	-4000	4000	-2541
chr1	182835347	182843347	182842633	8000	182839347	-4000	4000	3286
chr1	231333852	231341852	231338528	8000	231337852	-4000	4000	676
chr2	73922826	73930826	73926944	8000	73926826	-4000	4000	118
chr2	20443074	20451074	20447368	8000	20447074	-4000	4000	294
chr2	74451088	74459088	74458494	8000	74455088	-4000	4000	3406
chr2	27366496	27374496	27369462	8000	27370496	-4000	4000	-1034
chr2	132412805	132420805	132417327	8000	132416805	-4000	4000	522
chr2	219414377	219422377	219420276	8000	219418377	-4000	4000	1899
chr2	178108424	178116424	178112566	8000	178112424	-4000	4000	142
chr2	27376790	27384790	27378308	8000	27380790	-4000	4000	-2482
chr2	3571260	3579260	3576853	8000	3575260	-4000	4000	1593
chr2	3571260	3579260	3577807	8000	3575260	-4000	4000	2547
chr2	85129392	85137392	85134399	8000	85133392	-4000	4000	1007
chr2	88166295	88174295	88173281	8000	88170295	-4000	4000	2986
chr2	98604579	98612579	98610846	8000	98608579	-4000	4000	2267
chr2	136114149	136122149	136115496	8000	136118149	-4000	4000	-2653
chr2	177548796	177556796	177551421	8000	177552796	-4000	4000	-1375
chr2	70289740	70297740	70297307	8000	70293740	-4000	4000	3567
chr2	71126239	71134239	71133139	8000	71130239	-4000	4000	2900
chr2	224398107	224406107	224401141	8000	224402107	-4000	4000	-966
chr2	43222606	43230606	43226311	8000	43226606	-4000	4000	-295
chr2	206155509	206163509	206159979	8000	206159509	-4000	4000	470
chr2	37227596	37235596	37228858	8000	37231596	-4000	4000	-2738
chr2	32161841	32169841	32165891	8000	32165841	-4000	4000	50
chr2	206761328	206769328	206765283	8000	206765328	-4000	4000	-45
chr2	19897983	19905983	19901721	8000	19901983	-4000	4000	-262
chr2	85324251	85332251	85327341	8000	85328251	-4000	4000	-910
chr2	219273902	219281902	219279860	8000	219277902	-4000	4000	1958
chr2	27321680	27329680	27327185	8000	27325680	-4000	4000	1505
chr2	152713997	152721997	152717343	8000	152717997	-4000	4000	-654
chr2	64984477	64992477	64990105	8000	64988477	-4000	4000	1628
chr2	152713997	152721997	152718833	8000	152717997	-4000	4000	836
chr2	142127016	142135016	142130781	8000	142131016	-4000	4000	-235
chr2	47172511	47180511	47176461	8000	47176511	-4000	4000	-50
chr2	27578969	27586969	27581560	8000	27582969	-4000	4000	-1409
chr2	183074559	183082559	183078956	8000	183078559	-4000	4000	397
chr2	130141134	130149134	130142971	8000	130145134	-4000	4000	-2163
chr2	152713997	152721997	152717456	8000	152717997	-4000	4000	-541
chr2	181676665	181684665	181676865	8000	181680665	-4000	4000	-3800
chr2	85129392	85137392	85134075	8000	85133392	-4000	4000	683
chr2	206439532	206447532	206445337	8000	206443532	-4000	4000	1805
chr2	219305648	219313648	219307516	8000	219309648	-4000	4000	-2132
chr2	168452249	168460249	168456472	8000	168456249	-4000	4000	223
chr2	28866309	28874309	28869963	8000	28870309	-4000	4000	-346
chr2	73229420	73237420	73234294	8000	73233420	-4000	4000	874
chr2	158791317	158799317	158795368	8000	158795317	-4000	4000	51
chr2	154693855	154701855	154698988	8000	154697855	-4000	4000	1133
chr2	189875609	189883609	189877398	8000	189879609	-4000	4000	-2211
chr2	74525725	74533725	74528935	8000	74529725	-4000	4000	-790
chr2	178476457	178484457	178478426	8000	178480457	-4000	4000	-2031
chr2	219166827	219174827	219168223	8000	219170827	-4000	4000	-2604
chr2	240021743	240029743	240022211	8000	240025743	-4000	4000	-3532
chr2	152713997	152721997	152720552	8000	152717997	-4000	4000	2555
chr2	27491200	27499200	27493936	8000	27495200	-4000	4000	-1264
chr2	240021743	240029743	240029284	8000	240025743	-4000	4000	3541
chr2	119675167	119683167	119680853	8000	119679167	-4000	4000	1686
chr2	112760664	112768664	112760730	8000	112764664	-4000	4000	-3934
chr2	226795820	226803820	226798253	8000	226799820	-4000	4000	-1567
chr2	152713997	152721997	152720471	8000	152717997	-4000	4000	2474
chr2	176265395	176273395	176270291	8000	176269395	-4000	4000	896
chr2	72883382	72891382	72888369	8000	72887382	-4000	4000	987
chr2	102183006	102191006	102189239	8000	102187006	-4000	4000	2233
chr2	108782757	108790757	108786763	8000	108786757	-4000	4000	6
chr2	231121042	231129042	231123699	8000	231125042	-4000	4000	-1343
chr2	202029855	202037855	202035314	8000	202033855	-4000	4000	1459
chr2	27438366	27446366	27443253	8000	27442366	-4000	4000	887
chr2	197701369	197709369	197706553	8000	197705369	-4000	4000	1184
chr2	74461410	74469410	74461781	8000	74465410	-4000	4000	-3629
chr2	177548796	177556796	177552301	8000	177552796	-4000	4000	-495
chr2	10907934	10915934	10912850	8000	10911934	-4000	4000	916
chr2	27208958	27216958	27213283	8000	27212958	-4000	4000	325
chr2	72143862	72151862	72147689	8000	72147862	-4000	4000	-173
chr2	96141440	96149440	96144259	8000	96145440	-4000	4000	-1181
chr2	96853934	96861934	96861783	8000	96857934	-4000	4000	3849
chr2	97642062	97650062	97648053	8000	97646062	-4000	4000	1991
chr2	100998229	101006229	101005979	8000	101002229	-4000	4000	3750
chr2	27366496	27374496	27368418	8000	27370496	-4000	4000	-2078
chr2	32059556	32067556	32063784	8000	32063556	-4000	4000	228
chr2	27074615	27082615	27080737	8000	27078615	-4000	4000	2122
chr2	27321680	27329680	27329482	8000	27325680	-4000	4000	3802
chr2	85324251	85332251	85324800	8000	85328251	-4000	4000	-3451
chr2	96853934	96861934	96860539	8000	96857934	-4000	4000	2605
chr2	130194439	130202439	130195085	8000	130198439	-4000	4000	-3354
chr2	130832914	130840914	130837622	8000	130836914	-4000	4000	708
chr2	131472119	131480119	131478256	8000	131476119	-4000	4000	2137
chr2	213148427	213156427	213148635	8000	213152427	-4000	4000	-3792
chr2	219241455	219249455	219247119	8000	219245455	-4000	4000	1664
chr2	27438366	27446366	27441838	8000	27442366	-4000	4000	-528
chr2	131488743	131496743	131490916	8000	131492743	-4000	4000	-1827
chr2	219565162	219573162	219567059	8000	219569162	-4000	4000	-2103
chr2	96756902	96764902	96762275	8000	96760902	-4000	4000	1373
chr2	202029855	202037855	202034915	8000	202033855	-4000	4000	1060
chr2	15936550	15944550	15942064	8000	15940550	-4000	4000	1514
chr2	219166827	219174827	219168235	8000	219170827	-4000	4000	-2592
chr2	96736064	96744064	96740011	8000	96740064	-4000	4000	-53
chr2	207163267	207171267	207165501	8000	207167267	-4000	4000	-1766
chr2	207765906	207773906	207768608	8000	207769906	-4000	4000	-1298
chr2	177208563	177216563	177215620	8000	177212563	-4000	4000	3057
chr2	10907934	10915934	10912914	8000	10911934	-4000	4000	980
chr2	27213369	27221369	27217419	8000	27217369	-4000	4000	50
chr2	241352285	241360285	241353906	8000	241356285	-4000	4000	-2379
chr2	216408414	216416414	216415149	8000	216412414	-4000	4000	2735
chr2	216408414	216416414	216415246	8000	216412414	-4000	4000	2832
chr2	5688384	5696384	5695205	8000	5692384	-4000	4000	2821
chr2	27376790	27384790	27377790	8000	27380790	-4000	4000	-3000
chr2	20443074	20451074	20448392	8000	20447074	-4000	4000	1318
chr2	159282703	159290703	159282850	8000	159286703	-4000	4000	-3853
chr2	74479408	74487408	74481348	8000	74483408	-4000	4000	-2060
chr2	74551690	74559690	74558858	8000	74555690	-4000	4000	3168
chr2	5688384	5696384	5693064	8000	5692384	-4000	4000	680
chr2	157253705	157261705	157258736	8000	157257705	-4000	4000	1031
chr2	74525725	74533725	74527875	8000	74529725	-4000	4000	-1850
chr2	200885303	200893303	200892299	8000	200889303	-4000	4000	2996
chr2	226795820	226803820	226798447	8000	226799820	-4000	4000	-1373
chr2	237081882	237089882	237086025	8000	237085882	-4000	4000	143
chr2	85608066	85616066	85608928	8000	85612066	-4000	4000	-3138
chr2	27578969	27586969	27580547	8000	27582969	-4000	4000	-2422
chr2	53783009	53791009	53787305	8000	53787009	-4000	4000	296
chr2	27366496	27374496	27368425	8000	27370496	-4000	4000	-2071
chr2	42490569	42498569	42493247	8000	42494569	-4000	4000	-1322
chr2	74522281	74530281	74525070	8000	74526281	-4000	4000	-1211
chr2	96321317	96329317	96328231	8000	96325317	-4000	4000	2914
chr2	128314868	128322868	128318331	8000	128318868	-4000	4000	-537
chr2	207765906	207773906	207768163	8000	207769906	-4000	4000	-1743
chr2	219567859	219575859	219568313	8000	219571859	-4000	4000	-3546
chr2	33595347	33603347	33599275	8000	33599347	-4000	4000	-72
chr2	72143862	72151862	72144072	8000	72147862	-4000	4000	-3790
chr2	27038364	27046364	27039803	8000	27042364	-4000	4000	-2561
chr2	74417678	74425678	74424949	8000	74421678	-4000	4000	3271
chr2	42760261	42768261	42767624	8000	42764261	-4000	4000	3363
chr2	70289740	70297740	70293696	8000	70293740	-4000	4000	-44
chr2	74551690	74559690	74556465	8000	74555690	-4000	4000	775
chr2	172098900	172106900	172102498	8000	172102900	-4000	4000	-402
chr2	28866309	28874309	28869901	8000	28870309	-4000	4000	-408
chr2	74545026	74553026	74550258	8000	74549026	-4000	4000	1232
chr2	26304547	26312547	26310911	8000	26308547	-4000	4000	2364
chr2	10038849	10046849	10046256	8000	10042849	-4000	4000	3407
chr2	71126239	71134239	71134018	8000	71130239	-4000	4000	3779
chr2	74650228	74658228	74656630	8000	74654228	-4000	4000	2402
chr2	26304547	26312547	26311307	8000	26308547	-4000	4000	2760
chr2	120342136	120350136	120349419	8000	120346136	-4000	4000	3283
chr2	223048190	223056190	223053251	8000	223052190	-4000	4000	1061
chr2	231782272	231790272	231788559	8000	231786272	-4000	4000	2287
chr2	46537806	46545806	46543040	8000	46541806	-4000	4000	1234
chr2	219623394	219631394	219628495	8000	219627394	-4000	4000	1101
chr2	148017604	148025604	148021449	8000	148021604	-4000	4000	-155
chr2	96262159	96270159	96267626	8000	96266159	-4000	4000	1467
chr2	109610143	109618143	109615915	8000	109614143	-4000	4000	1772
chr2	95398708	95406708	95405607	8000	95402708	-4000	4000	2899
chr2	240132807	240140807	240140081	8000	240136807	-4000	4000	3274
chr2	42760261	42768261	42767327	8000	42764261	-4000	4000	3066
chr2	26304547	26312547	26311750	8000	26308547	-4000	4000	3203
chr2	27321680	27329680	27328849	8000	27325680	-4000	4000	3169
chr2	65223788	65231788	65227866	8000	65227788	-4000	4000	78
chr2	132667579	132675579	132673219	8000	132671579	-4000	4000	1640
chr2	27578969	27586969	27580249	8000	27582969	-4000	4000	-2720
chr2	27130666	27138666	27132725	8000	27134666	-4000	4000	-1941
chr2	85535168	85543168	85539257	8000	85539168	-4000	4000	89
chr2	3571260	3579260	3576580	8000	3575260	-4000	4000	1320
chr2	85591725	85599725	85591744	8000	85595725	-4000	4000	-3981
chr2	45647345	45655345	45652302	8000	45651345	-4000	4000	957
chr2	27376790	27384790	27381601	8000	27380790	-4000	4000	811
chr2	75195520	75203520	75198739	8000	75199520	-4000	4000	-781
chr2	48436598	48444598	48440961	8000	48440598	-4000	4000	363
chr2	197701369	197709369	197705880	8000	197705369	-4000	4000	511
chr2	206155509	206163509	206162880	8000	206159509	-4000	4000	3371
chr2	5688384	5696384	5695728	8000	5692384	-4000	4000	3344
chr2	9626997	9634997	9630241	8000	9630997	-4000	4000	-756
chr2	14628700	14636700	14634815	8000	14632700	-4000	4000	2115
chr2	27491200	27499200	27497273	8000	27495200	-4000	4000	2073
chr2	27578969	27586969	27579072	8000	27582969	-4000	4000	-3897
chr2	45647345	45655345	45652356	8000	45651345	-4000	4000	1011
chr2	55227903	55235903	55232665	8000	55231903	-4000	4000	762
chr2	73210222	73218222	73210809	8000	73214222	-4000	4000	-3413
chr2	74830127	74838127	74834539	8000	74834127	-4000	4000	412
chr2	108530355	108538355	108534135	8000	108534355	-4000	4000	-220
chr2	183074559	183082559	183079118	8000	183078559	-4000	4000	559
chr2	208355714	208363714	208356649	8000	208359714	-4000	4000	-3065
chr2	216494825	216502825	216499268	8000	216498825	-4000	4000	443
chr2	70831816	70839816	70833741	8000	70835816	-4000	4000	-2075
chr2	108782757	108790757	108786876	8000	108786757	-4000	4000	119
chr2	202908214	202916214	202911535	8000	202912214	-4000	4000	-679
chr2	130177737	130185737	130181698	8000	130181737	-4000	4000	-39
chr2	196795725	196803725	196797796	8000	196799725	-4000	4000	-1929
chr2	19986105	19994105	19990072	8000	19990105	-4000	4000	-33
chr2	181676665	181684665	181678072	8000	181680665	-4000	4000	-2593
chr2	25978749	25986749	25981435	8000	25982749	-4000	4000	-1314
chr2	218394256	218402256	218394705	8000	218398256	-4000	4000	-3551
chr2	42760261	42768261	42762862	8000	42764261	-4000	4000	-1399
chr2	181676665	181684665	181678217	8000	181680665	-4000	4000	-2448
chr2	27366496	27374496	27370051	8000	27370496	-4000	4000	-445
chr2	27130666	27138666	27137950	8000	27134666	-4000	4000	3284
chr2	181676665	181684665	181678315	8000	181680665	-4000	4000	-2350
chr2	44937702	44945702	44942685	8000	44941702	-4000	4000	983
chr2	44937702	44945702	44942686	8000	44941702	-4000	4000	984
chr2	215432073	215440073	215433415	8000	215436073	-4000	4000	-2658
chr2	219565162	219573162	219567301	8000	219569162	-4000	4000	-1861
chr2	202372327	202380327	202377490	8000	202376327	-4000	4000	1163
chr2	27321680	27329680	27327274	8000	27325680	-4000	4000	1594
chr2	74503695	74511695	74506797	8000	74507695	-4000	4000	-898
chr2	74503695	74511695	74506798	8000	74507695	-4000	4000	-897
chr2	173961373	173969373	173965169	8000	173965373	-4000	4000	-204
chr2	20443074	20451074	20447783	8000	20447074	-4000	4000	709
chr2	32624032	32632032	32628214	8000	32628032	-4000	4000	182
chr2	10907934	10915934	10913539	8000	10911934	-4000	4000	1605
chr2	10907934	10915934	10913537	8000	10911934	-4000	4000	1603
chr2	74503695	74511695	74507061	8000	74507695	-4000	4000	-634
chr2	219174106	219182106	219181201	8000	219178106	-4000	4000	3095
chr2	85535168	85543168	85542739	8000	85539168	-4000	4000	3571
chr2	36351778	36359778	36356556	8000	36355778	-4000	4000	778
chr2	25978749	25986749	25980823	8000	25982749	-4000	4000	-1926
chr2	70253386	70261386	70259390	8000	70257386	-4000	4000	2004
chr2	226795820	226803820	226796540	8000	226799820	-4000	4000	-3280
chr2	172080740	172088740	172088191	8000	172084740	-4000	4000	3451
chr2	27438366	27446366	27440692	8000	27442366	-4000	4000	-1674
chr2	27885941	27893941	27890268	8000	27889941	-4000	4000	327
chr2	226795820	226803820	226798070	8000	226799820	-4000	4000	-1750
chr2	27366496	27374496	27369035	8000	27370496	-4000	4000	-1461
chr2	27438366	27446366	27441758	8000	27442366	-4000	4000	-608
chr2	67393322	67401322	67397451	8000	67397322	-4000	4000	129
chr2	74525725	74533725	74530932	8000	74529725	-4000	4000	1207
chr2	85598856	85606856	85601283	8000	85602856	-4000	4000	-1573
chr2	157253705	157261705	157258134	8000	157257705	-4000	4000	429
chr2	197672045	197680045	197675390	8000	197676045	-4000	4000	-655
chr2	112641939	112649939	112647439	8000	112645939	-4000	4000	1500
chr2	73210222	73218222	73210875	8000	73214222	-4000	4000	-3347
chr2	241098332	241106332	241099572	8000	241102332	-4000	4000	-2760
chr2	197496413	197504413	197497177	8000	197500413	-4000	4000	-3236
chr2	107822892	107830892	107827085	8000	107826892	-4000	4000	193
chr2	24789136	24797136	24793269	8000	24793136	-4000	4000	133
chr2	33595347	33603347	33599253	8000	33599347	-4000	4000	-94
chr2	174391712	174399712	174395705	8000	174395712	-4000	4000	-7
chr2	27885941	27893941	27890360	8000	27889941	-4000	4000	419
chr2	96812245	96820245	96817311	8000	96816245	-4000	4000	1066
chr2	131523675	131531675	131530586	8000	131527675	-4000	4000	2911
chr2	55689863	55697863	55693808	8000	55693863	-4000	4000	-55
chr2	191843088	191851088	191846739	8000	191847088	-4000	4000	-349
chr2	70831816	70839816	70835782	8000	70835816	-4000	4000	-34
chr2	74461410	74469410	74462039	8000	74465410	-4000	4000	-3371
chr2	149583778	149591778	149587089	8000	149587778	-4000	4000	-689
chr2	75195520	75203520	75198677	8000	75199520	-4000	4000	-843
chr2	232483834	232491834	232484155	8000	232487834	-4000	4000	-3679
chr2	24916237	24924237	24918657	8000	24920237	-4000	4000	-1580
chr2	131472119	131480119	131480074	8000	131476119	-4000	4000	3955
chr2	188970373	188978373	188974391	8000	188974373	-4000	4000	18
chr2	27578969	27586969	27581333	8000	27582969	-4000	4000	-1636
chr2	14628700	14636700	14635173	8000	14632700	-4000	4000	2473
chr2	97585877	97593877	97589805	8000	97589877	-4000	4000	-72
chr2	74417678	74425678	74423882	8000	74421678	-4000	4000	2204
chr2	43222606	43230606	43225731	8000	43226606	-4000	4000	-875
chr2	70550193	70558193	70553244	8000	70554193	-4000	4000	-949
chr2	63836952	63844952	63842005	8000	63840952	-4000	4000	1053
chr2	71449561	71457561	71454059	8000	71453561	-4000	4000	498
chr2	84901656	84909656	84906483	8000	84905656	-4000	4000	827
chr2	95145434	95153434	95150090	8000	95149434	-4000	4000	656
chr2	96321317	96329317	96327719	8000	96325317	-4000	4000	2402
chr2	105333532	105341532	105339684	8000	105337532	-4000	4000	2152
chr2	165949851	165957851	165953771	8000	165953851	-4000	4000	-80
chr2	182862637	182870637	182866080	8000	182866637	-4000	4000	-557
chr2	38747494	38755494	38751479	8000	38751494	-4000	4000	-15
chr2	69640425	69648425	69642949	8000	69644425	-4000	4000	-1476
chr2	112641939	112649939	112647329	8000	112645939	-4000	4000	1390
chr2	197512737	197520737	197516123	8000	197516737	-4000	4000	-614
chr2	26304547	26312547	26311637	8000	26308547	-4000	4000	3090
chr2	130338877	130346877	130345654	8000	130342877	-4000	4000	2777
chr2	85535168	85543168	85541336	8000	85539168	-4000	4000	2168
chr2	27038364	27046364	27041092	8000	27042364	-4000	4000	-1272
chr2	10685987	10693987	10689944	8000	10689987	-4000	4000	-43
chr2	27376790	27384790	27378683	8000	27380790	-4000	4000	-2107
chr2	161420332	161428332	161423999	8000	161424332	-4000	4000	-333
chr2	85535168	85543168	85542131	8000	85539168	-4000	4000	2963
chr2	223598361	223606361	223598750	8000	223602361	-4000	4000	-3611
chr2	10116698	10124698	10123386	8000	10120698	-4000	4000	2688
chr2	130338877	130346877	130346270	8000	130342877	-4000	4000	3393
chr2	219172225	219180225	219178981	8000	219176225	-4000	4000	2756
chr2	27625012	27633012	27628829	8000	27629012	-4000	4000	-183
chr2	191843088	191851088	191846546	8000	191847088	-4000	4000	-542
chr2	203863771	203871771	203870886	8000	203867771	-4000	4000	3115
chr2	25978749	25986749	25981397	8000	25982749	-4000	4000	-1352
chr2	219565162	219573162	219565357	8000	219569162	-4000	4000	-3805
chr2	18585564	18593564	18586292	8000	18589564	-4000	4000	-3272
chr2	66429452	66437452	66435769	8000	66433452	-4000	4000	2317
chr2	127290166	127298166	127292707	8000	127294166	-4000	4000	-1459
chr2	218378029	218386029	218385216	8000	218382029	-4000	4000	3187
chr2	130141134	130149134	130143283	8000	130145134	-4000	4000	-1851
chr2	129975666	129983666	129980852	8000	129979666	-4000	4000	1186
chr2	189670290	189678290	189670586	8000	189674290	-4000	4000	-3704
chr2	64449969	64457969	64456390	8000	64453969	-4000	4000	2421
chr2	262398	270398	262414	8000	266398	-4000	4000	-3984
chr2	38747494	38755494	38749049	8000	38751494	-4000	4000	-2445
chr2	226795820	226803820	226797909	8000	226799820	-4000	4000	-1911
chr2	206155509	206163509	206161387	8000	206159509	-4000	4000	1878
chr2	42760261	42768261	42763524	8000	42764261	-4000	4000	-737
chr2	224398107	224406107	224401516	8000	224402107	-4000	4000	-591
chr2	70831816	70839816	70835602	8000	70835816	-4000	4000	-214
chr2	85535168	85543168	85541139	8000	85539168	-4000	4000	1971
chr2	144517057	144525057	144520226	8000	144521057	-4000	4000	-831
chr2	213280389	213288389	213284519	8000	213284389	-4000	4000	130
chr2	215432073	215440073	215434699	8000	215436073	-4000	4000	-1374
chr2	231777671	231785671	231781809	8000	231781671	-4000	4000	138
chr2	240892889	240900889	240895730	8000	240896889	-4000	4000	-1159
chr2	32624032	32632032	32628139	8000	32628032	-4000	4000	107
chr2	26304547	26312547	26311963	8000	26308547	-4000	4000	3416
chr2	71126239	71134239	71133375	8000	71130239	-4000	4000	3136
chr2	27208958	27216958	27212274	8000	27212958	-4000	4000	-684
chr2	231702895	231710895	231708546	8000	231706895	-4000	4000	1651
chr2	8674845	8682845	8682419	8000	8678845	-4000	4000	3574
chr2	172080740	172088740	172086680	8000	172084740	-4000	4000	1940
chr2	74522281	74530281	74523471	8000	74526281	-4000	4000	-2810
chr2	152171763	152179763	152175615	8000	152175763	-4000	4000	-148
chr2	189780364	189788364	189782424	8000	189784364	-4000	4000	-1940
chr2	85535168	85543168	85542369	8000	85539168	-4000	4000	3201
chr2	207765906	207773906	207768470	8000	207769906	-4000	4000	-1436
chr2	224398107	224406107	224401431	8000	224402107	-4000	4000	-676
chr2	46612416	46620416	46617282	8000	46616416	-4000	4000	866
chr2	129975666	129983666	129980065	8000	129979666	-4000	4000	399
chr2	27028910	27036910	27036505	8000	27032910	-4000	4000	3595
chr2	27886681	27894681	27894617	8000	27890681	-4000	4000	3936
chr2	196795725	196803725	196797857	8000	196799725	-4000	4000	-1868
chr2	43222606	43230606	43226295	8000	43226606	-4000	4000	-311
chr2	238236662	238244662	238244371	8000	238240662	-4000	4000	3709
chr2	162070394	162078394	162073426	8000	162074394	-4000	4000	-968
chr2	20443074	20451074	20447828	8000	20447074	-4000	4000	754
chr2	27130666	27138666	27133296	8000	27134666	-4000	4000	-1370
chr2	27376790	27384790	27377821	8000	27380790	-4000	4000	-2969
chr2	27578969	27586969	27579653	8000	27582969	-4000	4000	-3316
chr2	74359377	74367377	74366569	8000	74363377	-4000	4000	3192
chr2	127290166	127298166	127292718	8000	127294166	-4000	4000	-1448
chr2	137960020	137968020	137964573	8000	137964020	-4000	4000	553
chr2	173350820	173358820	173358810	8000	173354820	-4000	4000	3990
chr2	177548796	177556796	177552181	8000	177552796	-4000	4000	-615
chr2	183074559	183082559	183078665	8000	183078559	-4000	4000	106
chr2	215432073	215440073	215433421	8000	215436073	-4000	4000	-2652
chr2	216494825	216502825	216498809	8000	216498825	-4000	4000	-16
chr2	218265651	218273651	218272620	8000	218269651	-4000	4000	2969
chr2	219166827	219174827	219170000	8000	219170827	-4000	4000	-827
chr2	26304547	26312547	26308855	8000	26308547	-4000	4000	308
chr2	231782272	231790272	231788682	8000	231786272	-4000	4000	2410
chr2	132412805	132420805	132417585	8000	132416805	-4000	4000	780
chr2	26030084	26038084	26034237	8000	26034084	-4000	4000	153
chr2	27074615	27082615	27080823	8000	27078615	-4000	4000	2208
chr2	70289740	70297740	70297307	8000	70293740	-4000	4000	3567
chr2	96204827	96212827	96208835	8000	96208827	-4000	4000	8
chr2	99137485	99145485	99141560	8000	99141485	-4000	4000	75
chr2	108782757	108790757	108786786	8000	108786757	-4000	4000	29
chr2	121732911	121740911	121735623	8000	121736911	-4000	4000	-1288
chr2	132412805	132420805	132417004	8000	132416805	-4000	4000	199
chr2	169580342	169588342	169584698	8000	169584342	-4000	4000	356
chr2	191843088	191851088	191846688	8000	191847088	-4000	4000	-400
chr2	191843088	191851088	191846877	8000	191847088	-4000	4000	-211
chr2	202029855	202037855	202034731	8000	202033855	-4000	4000	876
chr2	202029855	202037855	202035041	8000	202033855	-4000	4000	1186
chr2	219539663	219547663	219541675	8000	219543663	-4000	4000	-1988
chr2	226795820	226803820	226798375	8000	226799820	-4000	4000	-1445
chr2	241805065	241813065	241811386	8000	241809065	-4000	4000	2321
chr2	27208958	27216958	27215699	8000	27212958	-4000	4000	2741
chr2	159282703	159290703	159283018	8000	159286703	-4000	4000	-3685
chr2	10907934	10915934	10912738	8000	10911934	-4000	4000	804
chr2	45647345	45655345	45652179	8000	45651345	-4000	4000	834
chr2	30227534	30235534	30234405	8000	30231534	-4000	4000	2871
chr2	144517057	144525057	144517317	8000	144521057	-4000	4000	-3740
chr2	46612416	46620416	46617275	8000	46616416	-4000	4000	859
chr2	27578969	27586969	27582028	8000	27582969	-4000	4000	-941
chr2	197701369	197709369	197706828	8000	197705369	-4000	4000	1459
chr2	10907934	10915934	10913236	8000	10911934	-4000	4000	1302
chr2	14628700	14636700	14634815	8000	14632700	-4000	4000	2115
chr2	27082747	27090747	27083600	8000	27086747	-4000	4000	-3147
chr2	63836952	63844952	63842075	8000	63840952	-4000	4000	1123
chr2	102732905	102740905	102736720	8000	102736905	-4000	4000	-185
chr2	134834616	134842616	134838680	8000	134838616	-4000	4000	64
chr2	205677990	205685990	205683267	8000	205681990	-4000	4000	1277
chr2	231391710	231399710	231398323	8000	231395710	-4000	4000	2613
chr2	42760261	42768261	42763714	8000	42764261	-4000	4000	-547
chr2	69957631	69965631	69960704	8000	69961631	-4000	4000	-927
chr2	69957631	69965631	69961051	8000	69961631	-4000	4000	-580
chr2	10685987	10693987	10689806	8000	10689987	-4000	4000	-181
chr2	20443074	20451074	20447429	8000	20447074	-4000	4000	355
chr2	24072526	24080526	24076286	8000	24076526	-4000	4000	-240
chr2	24789136	24797136	24793392	8000	24793136	-4000	4000	256
chr2	64449969	64457969	64455395	8000	64453969	-4000	4000	1426
chr2	64984477	64992477	64989468	8000	64988477	-4000	4000	991
chr2	71449561	71457561	71454004	8000	71453561	-4000	4000	443
chr2	74359377	74367377	74367099	8000	74363377	-4000	4000	3722
chr2	74954643	74962643	74958670	8000	74958643	-4000	4000	27
chr2	74954643	74962643	74958812	8000	74958643	-4000	4000	169
chr2	101248866	101256866	101253281	8000	101252866	-4000	4000	415
chr2	120342136	120350136	120349556	8000	120346136	-4000	4000	3420
chr2	127697497	127705497	127702335	8000	127701497	-4000	4000	838
chr2	127697497	127705497	127703102	8000	127701497	-4000	4000	1605
chr2	127697497	127705497	127704285	8000	127701497	-4000	4000	2788
chr2	127697497	127705497	127704574	8000	127701497	-4000	4000	3077
chr2	129975666	129983666	129981041	8000	129979666	-4000	4000	1375
chr2	148640440	148648440	148645153	8000	148644440	-4000	4000	713
chr2	149583778	149591778	149587209	8000	149587778	-4000	4000	-569
chr2	152095167	152103167	152098663	8000	152099167	-4000	4000	-504
chr2	152713997	152721997	152718751	8000	152717997	-4000	4000	754
chr2	170779786	170787786	170784729	8000	170783786	-4000	4000	943
chr2	177388746	177396746	177393004	8000	177392746	-4000	4000	258
chr2	196795725	196803725	196797883	8000	196799725	-4000	4000	-1842
chr2	203010608	203018608	203016298	8000	203014608	-4000	4000	1690
chr2	206155509	206163509	206159830	8000	206159509	-4000	4000	321
chr2	207765906	207773906	207768207	8000	207769906	-4000	4000	-1699
chr2	231702895	231710895	231708659	8000	231706895	-4000	4000	1764
chr2	74359377	74367377	74363026	8000	74363377	-4000	4000	-351
chr2	131472119	131480119	131478209	8000	131476119	-4000	4000	2090
chr2	177208563	177216563	177215861	8000	177212563	-4000	4000	3298
chr2	181676665	181684665	181678567	8000	181680665	-4000	4000	-2098
chr2	53763804	53771804	53767938	8000	53767804	-4000	4000	134
chr2	157253705	157261705	157258386	8000	157257705	-4000	4000	681
chr2	231782272	231790272	231786460	8000	231786272	-4000	4000	188
chr2	233613633	233621633	233618323	8000	233617633	-4000	4000	690
chr2	219225783	219233783	219233102	8000	219229783	-4000	4000	3319
chr2	231391710	231399710	231397927	8000	231395710	-4000	4000	2217
chr2	73824916	73832916	73830959	8000	73828916	-4000	4000	2043
chr2	26304547	26312547	26308826	8000	26308547	-4000	4000	279
chr2	27578969	27586969	27581609	8000	27582969	-4000	4000	-1360
chr2	233055967	233063967	233060577	8000	233059967	-4000	4000	610
chr2	85598856	85606856	85599918	8000	85602856	-4000	4000	-2938
chr2	5688384	5696384	5695766	8000	5692384	-4000	4000	3382
chr2	28778517	28786517	28781828	8000	28782517	-4000	4000	-689
chr2	112537915	112545915	112542384	8000	112541915	-4000	4000	469
chr2	224398107	224406107	224401278	8000	224402107	-4000	4000	-829
chr2	130141134	130149134	130141266	8000	130145134	-4000	4000	-3868
chr2	27038364	27046364	27040894	8000	27042364	-4000	4000	-1470
chr2	151257863	151265863	151261743	8000	151261863	-4000	4000	-120
chr2	226795820	226803820	226798601	8000	226799820	-4000	4000	-1219
chr2	27659840	27667840	27663805	8000	27663840	-4000	4000	-35
chr2	74525725	74533725	74531537	8000	74529725	-4000	4000	1812
chr2	44937702	44945702	44942771	8000	44941702	-4000	4000	1069
chr2	85535168	85543168	85539194	8000	85539168	-4000	4000	26
chr2	64449969	64457969	64456412	8000	64453969	-4000	4000	2443
chr2	178447512	178455512	178453608	8000	178451512	-4000	4000	2096
chr2	27578969	27586969	27579146	8000	27582969	-4000	4000	-3823
chr2	38747494	38755494	38748651	8000	38751494	-4000	4000	-2843
chr2	10685987	10693987	10689832	8000	10689987	-4000	4000	-155
chr2	74451088	74459088	74457708	8000	74455088	-4000	4000	2620
chr2	74479408	74487408	74482242	8000	74483408	-4000	4000	-1166
chr2	108373911	108381911	108381829	8000	108377911	-4000	4000	3918
chr2	202029855	202037855	202035524	8000	202033855	-4000	4000	1669
chr2	673406	681406	675561	8000	677406	-4000	4000	-1845
chr2	25978749	25986749	25981779	8000	25982749	-4000	4000	-970
chr2	85535168	85543168	85542609	8000	85539168	-4000	4000	3441
chr2	27578969	27586969	27581252	8000	27582969	-4000	4000	-1717
chr2	223048190	223056190	223054584	8000	223052190	-4000	4000	2394
chr2	241145576	241153576	241153544	8000	241149576	-4000	4000	3968
chr2	218378029	218386029	218382211	8000	218382029	-4000	4000	182
chr2	69957631	69965631	69961165	8000	69961631	-4000	4000	-466
chr2	157253705	157261705	157258517	8000	157257705	-4000	4000	812
chr2	176125694	176133694	176131549	8000	176129694	-4000	4000	1855
chr2	189780364	189788364	189782433	8000	189784364	-4000	4000	-1931
chr2	106464413	106472413	106468248	8000	106468413	-4000	4000	-165
chr2	206761328	206769328	206765280	8000	206765328	-4000	4000	-48
chr2	232483834	232491834	232484832	8000	232487834	-4000	4000	-3002
chr2	27028910	27036910	27035611	8000	27032910	-4000	4000	2701
chr2	85324251	85332251	85327927	8000	85328251	-4000	4000	-324
chr2	37227596	37235596	37231710	8000	37231596	-4000	4000	114
chr2	102183006	102191006	102189095	8000	102187006	-4000	4000	2089
chr2	113433691	113441691	113437719	8000	113437691	-4000	4000	28
chr2	130141134	130149134	130141179	8000	130145134	-4000	4000	-3955
chr2	162314840	162322840	162318187	8000	162318840	-4000	4000	-653
chr2	189875609	189883609	189877340	8000	189879609	-4000	4000	-2269
chr2	219166827	219174827	219173441	8000	219170827	-4000	4000	2614
chr2	183074559	183082559	183079122	8000	183078559	-4000	4000	563
chr2	218777749	218785749	218782301	8000	218781749	-4000	4000	552
chr2	74417678	74425678	74424940	8000	74421678	-4000	4000	3262
chr2	20443074	20451074	20447502	8000	20447074	-4000	4000	428
chr2	201383858	201391858	201389878	8000	201387858	-4000	4000	2020
chr2	219623394	219631394	219630255	8000	219627394	-4000	4000	2861
chr2	96756902	96764902	96762181	8000	96760902	-4000	4000	1279
chr2	27438366	27446366	27444413	8000	27442366	-4000	4000	2047
chr2	74461410	74469410	74462607	8000	74465410	-4000	4000	-2803
chr2	85591725	85599725	85591736	8000	85595725	-4000	4000	-3989
chr2	223048190	223056190	223055121	8000	223052190	-4000	4000	2931
chr2	27028910	27036910	27035173	8000	27032910	-4000	4000	2263
chr2	27130666	27138666	27137088	8000	27134666	-4000	4000	2422
chr2	218654764	218662764	218662575	8000	218658764	-4000	4000	3811
chr2	70991336	70999336	70994722	8000	70995336	-4000	4000	-614
chr2	85535168	85543168	85542256	8000	85539168	-4000	4000	3088
chr2	171518247	171526247	171522489	8000	171522247	-4000	4000	242
chr2	176104790	176112790	176109269	8000	176108790	-4000	4000	479
chr2	200860691	200868691	200861318	8000	200864691	-4000	4000	-3373
chr2	191147596	191155596	191148150	8000	191151596	-4000	4000	-3446
chr2	27366496	27374496	27369010	8000	27370496	-4000	4000	-1486
chr2	199951736	199959736	199956161	8000	199955736	-4000	4000	425
chr2	27438366	27446366	27444435	8000	27442366	-4000	4000	2069
chr2	108373911	108381911	108381838	8000	108377911	-4000	4000	3927
chr2	231033523	231041523	231041372	8000	231037523	-4000	4000	3849
chr2	10116698	10124698	10122750	8000	10120698	-4000	4000	2052
chr2	19897983	19905983	19901719	8000	19901983	-4000	4000	-264
chr2	24072526	24080526	24079462	8000	24076526	-4000	4000	2936
chr2	27130666	27138666	27133200	8000	27134666	-4000	4000	-1466
chr2	27321680	27329680	27328159	8000	27325680	-4000	4000	2479
chr2	27366496	27374496	27367618	8000	27370496	-4000	4000	-2878
chr2	27578969	27586969	27581597	8000	27582969	-4000	4000	-1372
chr2	27578969	27586969	27582362	8000	27582969	-4000	4000	-607
chr2	43592038	43600038	43592038	8000	43596038	-4000	4000	-4000
chr2	55614880	55622880	55615460	8000	55618880	-4000	4000	-3420
chr2	63046057	63054057	63052911	8000	63050057	-4000	4000	2854
chr2	66429452	66437452	66435812	8000	66433452	-4000	4000	2360
chr2	68316051	68324051	68317140	8000	68320051	-4000	4000	-2911
chr2	69893688	69901688	69896500	8000	69897688	-4000	4000	-1188
chr2	69893688	69901688	69897400	8000	69897688	-4000	4000	-288
chr2	70289740	70297740	70293647	8000	70293740	-4000	4000	-93
chr2	73922826	73930826	73926876	8000	73926826	-4000	4000	50
chr2	74359377	74367377	74361537	8000	74363377	-4000	4000	-1840
chr2	74451088	74459088	74458530	8000	74455088	-4000	4000	3442
chr2	74479408	74487408	74481061	8000	74483408	-4000	4000	-2347
chr2	74503695	74511695	74506026	8000	74507695	-4000	4000	-1669
chr2	74525725	74533725	74529111	8000	74529725	-4000	4000	-614
chr2	74551690	74559690	74554797	8000	74555690	-4000	4000	-893
chr2	85535168	85543168	85541106	8000	85539168	-4000	4000	1938
chr2	88060252	88068252	88067960	8000	88064252	-4000	4000	3708
chr2	88166295	88174295	88173058	8000	88170295	-4000	4000	2763
chr2	95021677	95029677	95025880	8000	95025677	-4000	4000	203
chr2	95270449	95278449	95276594	8000	95274449	-4000	4000	2145
chr2	96262159	96270159	96268478	8000	96266159	-4000	4000	2319
chr2	96321317	96329317	96327222	8000	96325317	-4000	4000	1905
chr2	98604579	98612579	98609876	8000	98608579	-4000	4000	1297
chr2	105333532	105341532	105339659	8000	105337532	-4000	4000	2127
chr2	130338877	130346877	130346510	8000	130342877	-4000	4000	3633
chr2	136114149	136122149	136115730	8000	136118149	-4000	4000	-2419
chr2	137960020	137968020	137964481	8000	137964020	-4000	4000	461
chr2	151353592	151361592	151357591	8000	151357592	-4000	4000	-1
chr2	152713997	152721997	152720485	8000	152717997	-4000	4000	2488
chr2	160196313	160204313	160200111	8000	160200313	-4000	4000	-202
chr2	200885303	200893303	200892058	8000	200889303	-4000	4000	2755
chr2	201178898	201186898	201185780	8000	201182898	-4000	4000	2882
chr2	201383858	201391858	201389370	8000	201387858	-4000	4000	1512
chr2	202029855	202037855	202036143	8000	202033855	-4000	4000	2288
chr2	203234977	203242977	203239035	8000	203238977	-4000	4000	58
chr2	206761328	206769328	206767282	8000	206765328	-4000	4000	1954
chr2	218265651	218273651	218272570	8000	218269651	-4000	4000	2919
chr2	218655655	218663655	218663268	8000	218659655	-4000	4000	3613
chr2	219166827	219174827	219168568	8000	219170827	-4000	4000	-2259
chr2	219241455	219249455	219243526	8000	219245455	-4000	4000	-1929
chr2	226795820	226803820	226797952	8000	226799820	-4000	4000	-1868
chr2	226795820	226803820	226798454	8000	226799820	-4000	4000	-1366
chr2	230199110	230207110	230202669	8000	230203110	-4000	4000	-441
chr2	230221729	230229729	230225752	8000	230225729	-4000	4000	23
chr2	233613633	233621633	233618402	8000	233617633	-4000	4000	769
chr2	237081882	237089882	237085949	8000	237085882	-4000	4000	67
chr2	43222606	43230606	43225335	8000	43226606	-4000	4000	-1271
chr2	181676665	181684665	181678252	8000	181680665	-4000	4000	-2413
chr2	96321317	96329317	96327950	8000	96325317	-4000	4000	2633
chr2	43222606	43230606	43225428	8000	43226606	-4000	4000	-1178
chr2	199951736	199959736	199959337	8000	199955736	-4000	4000	3601
chr2	70831816	70839816	70832999	8000	70835816	-4000	4000	-2817
chr2	75195520	75203520	75198746	8000	75199520	-4000	4000	-774
chr2	97090882	97098882	97091658	8000	97094882	-4000	4000	-3224
chr2	219565162	219573162	219565384	8000	219569162	-4000	4000	-3778
chr2	45005452	45013452	45008980	8000	45009452	-4000	4000	-472
chr2	70831816	70839816	70835530	8000	70835816	-4000	4000	-286
chr2	74551690	74559690	74556793	8000	74555690	-4000	4000	1103
chr2	70253386	70261386	70258216	8000	70257386	-4000	4000	830
chr2	86191472	86199472	86195461	8000	86195472	-4000	4000	-11
chr2	86191472	86199472	86195462	8000	86195472	-4000	4000	-10
chr2	118938194	118946194	118942387	8000	118942194	-4000	4000	193
chr2	162241151	162249151	162243376	8000	162245151	-4000	4000	-1775
chr2	171430802	171438802	171435087	8000	171434802	-4000	4000	285
chr2	9469658	9477658	9471389	8000	9473658	-4000	4000	-2269
chr2	10907934	10915934	10913741	8000	10911934	-4000	4000	1807
chr2	15557334	15565334	15558593	8000	15561334	-4000	4000	-2741
chr2	18585564	18593564	18587517	8000	18589564	-4000	4000	-2047
chr2	20443074	20451074	20447804	8000	20447074	-4000	4000	730
chr2	24072526	24080526	24074191	8000	24076526	-4000	4000	-2335
chr2	27321680	27329680	27326647	8000	27325680	-4000	4000	967
chr2	27438366	27446366	27445825	8000	27442366	-4000	4000	3459
chr2	27578969	27586969	27578975	8000	27582969	-4000	4000	-3994
chr2	27578969	27586969	27579272	8000	27582969	-4000	4000	-3697
chr2	27578969	27586969	27580902	8000	27582969	-4000	4000	-2067
chr2	27625012	27633012	27627325	8000	27629012	-4000	4000	-1687
chr2	31230152	31238152	31234699	8000	31234152	-4000	4000	547
chr2	74522281	74530281	74522766	8000	74526281	-4000	4000	-3515
chr2	75195520	75203520	75198860	8000	75199520	-4000	4000	-660
chr2	85580431	85588431	85581746	8000	85584431	-4000	4000	-2685
chr2	95145434	95153434	95149394	8000	95149434	-4000	4000	-40
chr2	95145434	95153434	95150242	8000	95149434	-4000	4000	808
chr2	95987831	95995831	95991586	8000	95991831	-4000	4000	-245
chr2	96756902	96764902	96762232	8000	96760902	-4000	4000	1330
chr2	102183006	102191006	102189086	8000	102187006	-4000	4000	2080
chr2	112580240	112588240	112584539	8000	112584240	-4000	4000	299
chr2	117810691	117818691	117817493	8000	117814691	-4000	4000	2802
chr2	129975666	129983666	129980790	8000	129979666	-4000	4000	1124
chr2	136114149	136122149	136115324	8000	136118149	-4000	4000	-2825
chr2	157323713	157331713	157324673	8000	157327713	-4000	4000	-3040
chr2	174391712	174399712	174398310	8000	174395712	-4000	4000	2598
chr2	177548796	177556796	177551507	8000	177552796	-4000	4000	-1289
chr2	178476457	178484457	178480885	8000	178480457	-4000	4000	428
chr2	183074559	183082559	183079042	8000	183078559	-4000	4000	483
chr2	189670290	189678290	189670620	8000	189674290	-4000	4000	-3670
chr2	201383858	201391858	201386418	8000	201387858	-4000	4000	-1440
chr2	201383858	201391858	201389876	8000	201387858	-4000	4000	2018
chr2	219166827	219174827	219169999	8000	219170827	-4000	4000	-828
chr2	219172225	219180225	219174852	8000	219176225	-4000	4000	-1373
chr2	219241455	219249455	219242549	8000	219245455	-4000	4000	-2906
chr2	219241455	219249455	219247224	8000	219245455	-4000	4000	1769
chr2	219241455	219249455	219248584	8000	219245455	-4000	4000	3129
chr2	219494865	219502865	219501904	8000	219498865	-4000	4000	3039
chr2	219539663	219547663	219540994	8000	219543663	-4000	4000	-2669
chr2	223953463	223961463	223959733	8000	223957463	-4000	4000	2270
chr2	232546659	232554659	232549674	8000	232550659	-4000	4000	-985
chr2	233562782	233570782	233565509	8000	233566782	-4000	4000	-1273
chr2	233613633	233621633	233618468	8000	233617633	-4000	4000	835
chr2	84512455	84520455	84517965	8000	84516455	-4000	4000	1510
chr2	181676665	181684665	181678594	8000	181680665	-4000	4000	-2071
chr2	201178898	201186898	201185838	8000	201182898	-4000	4000	2940
chr2	9469658	9477658	9472931	8000	9473658	-4000	4000	-727
chr2	219539663	219547663	219539815	8000	219543663	-4000	4000	-3848
chr2	61014259	61022259	61017790	8000	61018259	-4000	4000	-469
chr2	73071619	73079619	73075359	8000	73075619	-4000	4000	-260
chr2	132412805	132420805	132417294	8000	132416805	-4000	4000	489
chr2	15557334	15565334	15561326	8000	15561334	-4000	4000	-8
chr2	113752693	113760693	113755176	8000	113756693	-4000	4000	-1517
chr2	226795820	226803820	226798060	8000	226799820	-4000	4000	-1760
chr2	48525925	48533925	48529958	8000	48529925	-4000	4000	33
chr2	223048190	223056190	223053651	8000	223052190	-4000	4000	1461
chr2	151353592	151361592	151357747	8000	151357592	-4000	4000	155
chr2	219172225	219180225	219175624	8000	219176225	-4000	4000	-601
chr2	152171763	152179763	152175695	8000	152175763	-4000	4000	-68
chr2	74551690	74559690	74556597	8000	74555690	-4000	4000	907
chr2	74451088	74459088	74458553	8000	74455088	-4000	4000	3465
chr2	240132807	240140807	240139173	8000	240136807	-4000	4000	2366
chr2	118938194	118946194	118942242	8000	118942194	-4000	4000	48
chr2	177208563	177216563	177216534	8000	177212563	-4000	4000	3971
chr2	201639570	201647570	201645370	8000	201643570	-4000	4000	1800
chr2	27028910	27036910	27035630	8000	27032910	-4000	4000	2720
chr2	219539663	219547663	219541058	8000	219543663	-4000	4000	-2605
chr2	219567859	219575859	219572507	8000	219571859	-4000	4000	648
chr2	96321317	96329317	96328176	8000	96325317	-4000	4000	2859
chr2	74551690	74559690	74556693	8000	74555690	-4000	4000	1003
chr2	131360168	131368168	131363285	8000	131364168	-4000	4000	-883
chr2	112580240	112588240	112586009	8000	112584240	-4000	4000	1769
chr2	12712910	12720910	12718192	8000	12716910	-4000	4000	1282
chr2	27376790	27384790	27383976	8000	27380790	-4000	4000	3186
chr2	27376790	27384790	27384722	8000	27380790	-4000	4000	3932
chr2	55614880	55622880	55617267	8000	55618880	-4000	4000	-1613
chr2	102615553	102623553	102620076	8000	102619553	-4000	4000	523
chr2	119675167	119683167	119680929	8000	119679167	-4000	4000	1762
chr2	136114149	136122149	136115555	8000	136118149	-4000	4000	-2594
chr2	172098900	172106900	172101403	8000	172102900	-4000	4000	-1497
chr2	199951736	199959736	199956138	8000	199955736	-4000	4000	402
chr2	218668002	218676002	218668520	8000	218672002	-4000	4000	-3482
chr2	219166827	219174827	219172977	8000	219170827	-4000	4000	2150
chr2	241683085	241691085	241685796	8000	241687085	-4000	4000	-1289
chr2	102183006	102191006	102187857	8000	102187006	-4000	4000	851
chr2	119675167	119683167	119681214	8000	119679167	-4000	4000	2047
chr2	74479408	74487408	74482243	8000	74483408	-4000	4000	-1165
chr2	3373830	3381830	3377669	8000	3377830	-4000	4000	-161
chr2	96141440	96149440	96144341	8000	96145440	-4000	4000	-1099
chr2	177548796	177556796	177552013	8000	177552796	-4000	4000	-783
chr2	240582734	240590734	240589453	8000	240586734	-4000	4000	2719
chr2	64449969	64457969	64456346	8000	64453969	-4000	4000	2377
chr2	218394256	218402256	218402117	8000	218398256	-4000	4000	3861
chr2	201639570	201647570	201645392	8000	201643570	-4000	4000	1822
chr2	85591725	85599725	85597531	8000	85595725	-4000	4000	1806
chr2	27376790	27384790	27378634	8000	27380790	-4000	4000	-2156
chr2	27366496	27374496	27367326	8000	27370496	-4000	4000	-3170
chr2	70083477	70091477	70087762	8000	70087477	-4000	4000	285
chr2	74545026	74553026	74549446	8000	74549026	-4000	4000	420
chr2	108782757	108790757	108788054	8000	108786757	-4000	4000	1297
chr2	160196313	160204313	160200111	8000	160200313	-4000	4000	-202
chr2	172551373	172559373	172558755	8000	172555373	-4000	4000	3382
chr2	132412805	132420805	132417639	8000	132416805	-4000	4000	834
chr2	215307956	215315956	215312530	8000	215311956	-4000	4000	574
chr2	27659840	27667840	27661193	8000	27663840	-4000	4000	-2647
chr2	130338877	130346877	130346403	8000	130342877	-4000	4000	3526
chr2	159282703	159290703	159282705	8000	159286703	-4000	4000	-3998
chr2	262398	270398	264982	8000	266398	-4000	4000	-1416
chr2	74461410	74469410	74462752	8000	74465410	-4000	4000	-2658
chr2	27886681	27894681	27894617	8000	27890681	-4000	4000	3936
chr2	10907934	10915934	10913425	8000	10911934	-4000	4000	1491
chr2	108445107	108453107	108452427	8000	108449107	-4000	4000	3320
chr2	108782757	108790757	108783672	8000	108786757	-4000	4000	-3085
chr2	27625012	27633012	27626987	8000	27629012	-4000	4000	-2025
chr2	70289740	70297740	70296011	8000	70293740	-4000	4000	2271
chr2	218655655	218663655	218663266	8000	218659655	-4000	4000	3611
chr2	74479408	74487408	74482659	8000	74483408	-4000	4000	-749
chr2	136114149	136122149	136116194	8000	136118149	-4000	4000	-1955
chr2	172080740	172088740	172088685	8000	172084740	-4000	4000	3945
chr2	27578969	27586969	27579661	8000	27582969	-4000	4000	-3308
chr2	19897983	19905983	19901769	8000	19901983	-4000	4000	-214
chr2	178447512	178455512	178453587	8000	178451512	-4000	4000	2075
chr2	61850143	61858143	61853915	8000	61854143	-4000	4000	-228
chr2	96262159	96270159	96268498	8000	96266159	-4000	4000	2339
chr2	215432073	215440073	215433408	8000	215436073	-4000	4000	-2665
chr2	27038364	27046364	27040363	8000	27042364	-4000	4000	-2001
chr2	113433691	113441691	113437730	8000	113437691	-4000	4000	39
chr2	55515604	55523604	55519763	8000	55519604	-4000	4000	159
chr2	202372327	202380327	202377490	8000	202376327	-4000	4000	1163
chr2	27028910	27036910	27035639	8000	27032910	-4000	4000	2729
chr2	177548796	177556796	177552356	8000	177552796	-4000	4000	-440
chr2	95270449	95278449	95274748	8000	95274449	-4000	4000	299
chr2	69957631	69965631	69960562	8000	69961631	-4000	4000	-1069
chr2	86857924	86865924	86858409	8000	86861924	-4000	4000	-3515
chr2	130352045	130360045	130359425	8000	130356045	-4000	4000	3380
chr2	74650228	74658228	74657866	8000	74654228	-4000	4000	3638
chr2	8674845	8682845	8682075	8000	8678845	-4000	4000	3230
chr2	68153888	68161888	68161687	8000	68157888	-4000	4000	3799
chr2	219567859	219575859	219574874	8000	219571859	-4000	4000	3015
chr2	172080740	172088740	172086870	8000	172084740	-4000	4000	2130
chr2	74461410	74469410	74463474	8000	74465410	-4000	4000	-1936
chr2	85608066	85616066	85609437	8000	85612066	-4000	4000	-2629
chr2	61534741	61542741	61538107	8000	61538741	-4000	4000	-634
chr2	74451088	74459088	74456249	8000	74455088	-4000	4000	1161
chr2	74525725	74533725	74527495	8000	74529725	-4000	4000	-2230
chr2	74525725	74533725	74527322	8000	74529725	-4000	4000	-2403
chr2	224035318	224043318	224038630	8000	224039318	-4000	4000	-688
chr2	240556054	240564054	240561350	8000	240560054	-4000	4000	1296
chr2	3373830	3381830	3377708	8000	3377830	-4000	4000	-122
chr2	68316051	68324051	68319256	8000	68320051	-4000	4000	-795
chr2	70991336	70999336	70991858	8000	70995336	-4000	4000	-3478
chr2	75195520	75203520	75199015	8000	75199520	-4000	4000	-505
chr2	95398708	95406708	95405791	8000	95402708	-4000	4000	3083
chr2	178447512	178455512	178454500	8000	178451512	-4000	4000	2988
chr2	212534841	212542841	212538591	8000	212538841	-4000	4000	-250
chr2	219567859	219575859	219575266	8000	219571859	-4000	4000	3407
chr2	238844032	238852032	238848395	8000	238848032	-4000	4000	363
chr2	127290166	127298166	127293544	8000	127294166	-4000	4000	-622
chr2	135048289	135056289	135052301	8000	135052289	-4000	4000	12
chr2	202029855	202037855	202035047	8000	202033855	-4000	4000	1192
chr2	25978749	25986749	25981597	8000	25982749	-4000	4000	-1152
chr2	27376790	27384790	27383440	8000	27380790	-4000	4000	2650
chr2	96321317	96329317	96326917	8000	96325317	-4000	4000	1600
chr2	197496413	197504413	197501185	8000	197500413	-4000	4000	772
chr2	74503695	74511695	74507207	8000	74507695	-4000	4000	-488
chr2	169569875	169577875	169571940	8000	169573875	-4000	4000	-1935
chr2	219414377	219422377	219418819	8000	219418377	-4000	4000	442
chr2	223048190	223056190	223053436	8000	223052190	-4000	4000	1246
chr3	186563403	186571403	186564311	8000	186567403	-4000	4000	-3092
chr3	48658886	48666886	48658972	8000	48662886	-4000	4000	-3914
chr3	49129118	49137118	49132131	8000	49133118	-4000	4000	-987
chr3	49354353	49362353	49360170	8000	49358353	-4000	4000	1817
chr3	119464830	119472830	119468979	8000	119468830	-4000	4000	149
chr3	194132148	194140148	194136645	8000	194136148	-4000	4000	497
chr3	12837582	12845582	12840180	8000	12841582	-4000	4000	-1402
chr3	15095163	15103163	15096009	8000	15099163	-4000	4000	-3154
chr3	15423598	15431598	15429982	8000	15427598	-4000	4000	2384
chr3	49129118	49137118	49130845	8000	49133118	-4000	4000	-2273
chr3	52052571	52060571	52054079	8000	52056571	-4000	4000	-2492
chr3	114001833	114009833	114004699	8000	114005833	-4000	4000	-1134
chr3	138604606	138612606	138610930	8000	138608606	-4000	4000	2324
chr3	142444062	142452062	142451456	8000	142448062	-4000	4000	3394
chr3	151199216	151207216	151199256	8000	151203216	-4000	4000	-3960
chr3	185495057	185503057	185496899	8000	185499057	-4000	4000	-2158
chr3	39103680	39111680	39110052	8000	39107680	-4000	4000	2372
chr3	53878152	53886152	53878438	8000	53882152	-4000	4000	-3714
chr3	32234679	32242679	32239062	8000	32238679	-4000	4000	383
chr3	143115771	143123771	143122056	8000	143119771	-4000	4000	2285
chr3	169865935	169873935	169869817	8000	169869935	-4000	4000	-118
chr3	181707925	181715925	181712610	8000	181711925	-4000	4000	685
chr3	111975010	111983010	111981800	8000	111979010	-4000	4000	2790
chr3	57552274	57560274	57557015	8000	57556274	-4000	4000	741
chr3	49018293	49026293	49024908	8000	49022293	-4000	4000	2615
chr3	52052571	52060571	52054062	8000	52056571	-4000	4000	-2509
chr3	150542678	150550678	150546763	8000	150546678	-4000	4000	85
chr3	172707218	172715218	172711015	8000	172711218	-4000	4000	-203
chr3	49167598	49175598	49174942	8000	49171598	-4000	4000	3344
chr3	170353678	170361678	170361192	8000	170357678	-4000	4000	3514
chr3	46975666	46983666	46976684	8000	46979666	-4000	4000	-2982
chr3	184357650	184365650	184364989	8000	184361650	-4000	4000	3339
chr3	49425314	49433314	49429224	8000	49429314	-4000	4000	-90
chr3	129970688	129978688	129976806	8000	129974688	-4000	4000	2118
chr3	179600649	179608649	179604835	8000	179604649	-4000	4000	186
chr3	121890401	121898401	121894455	8000	121894401	-4000	4000	54
chr3	129245606	129253606	129249705	8000	129249606	-4000	4000	99
chr3	151457061	151465061	151458616	8000	151461061	-4000	4000	-2445
chr3	93976003	93984003	93980374	8000	93980003	-4000	4000	371
chr3	149125638	149133638	149129789	8000	149129638	-4000	4000	151
chr3	111591346	111599346	111593895	8000	111595346	-4000	4000	-1451
chr3	111591346	111599346	111593896	8000	111595346	-4000	4000	-1450
chr3	112971103	112979103	112975015	8000	112975103	-4000	4000	-88
chr3	151325549	151333549	151328308	8000	151329549	-4000	4000	-1241
chr3	49852574	49860574	49859274	8000	49856574	-4000	4000	2700
chr3	50346826	50354826	50353632	8000	50350826	-4000	4000	2806
chr3	10812201	10820201	10819484	8000	10816201	-4000	4000	3283
chr3	49018293	49026293	49022530	8000	49022293	-4000	4000	237
chr3	153158226	153166226	153164473	8000	153162226	-4000	4000	2247
chr3	158640527	158648527	158646918	8000	158644527	-4000	4000	2391
chr3	9886574	9894574	9893024	8000	9890574	-4000	4000	2450
chr3	197025817	197033817	197027782	8000	197029817	-4000	4000	-2035
chr3	150599228	150607228	150603497	8000	150603228	-4000	4000	269
chr3	49809953	49817953	49810118	8000	49813953	-4000	4000	-3835
chr3	52406008	52414008	52406327	8000	52410008	-4000	4000	-3681
chr3	48500826	48508826	48501246	8000	48504826	-4000	4000	-3580
chr3	10104255	10112255	10104750	8000	10108255	-4000	4000	-3505
chr3	142444062	142452062	142450671	8000	142448062	-4000	4000	2609
chr3	51937904	51945904	51944131	8000	51941904	-4000	4000	2227
chr3	169962635	169970635	169966829	8000	169966635	-4000	4000	194
chr3	112971103	112979103	112975013	8000	112975103	-4000	4000	-90
chr3	46349864	46357864	46357543	8000	46353864	-4000	4000	3679
chr3	49116938	49124938	49122729	8000	49120938	-4000	4000	1791
chr3	196499768	196507768	196503222	8000	196503768	-4000	4000	-546
chr3	197295330	197303330	197296358	8000	197299330	-4000	4000	-2972
chr3	8765628	8773628	8767369	8000	8769628	-4000	4000	-2259
chr3	48558015	48566015	48565185	8000	48562015	-4000	4000	3170
chr3	49116938	49124938	49122810	8000	49120938	-4000	4000	1872
chr3	49719973	49727973	49727204	8000	49723973	-4000	4000	3231
chr3	147389422	147397422	147396403	8000	147393422	-4000	4000	2981
chr3	184182095	184190095	184186230	8000	184186095	-4000	4000	135
chr3	12837582	12845582	12840256	8000	12841582	-4000	4000	-1326
chr3	48591329	48599329	48593378	8000	48595329	-4000	4000	-1951
chr3	123445090	123453090	123447672	8000	123449090	-4000	4000	-1418
chr3	131022850	131030850	131024514	8000	131026850	-4000	4000	-2336
chr3	50336980	50344980	50343772	8000	50340980	-4000	4000	2792
chr3	25786039	25794039	25791969	8000	25790039	-4000	4000	1930
chr3	15597852	15605852	15601823	8000	15601852	-4000	4000	-29
chr3	50346826	50354826	50353704	8000	50350826	-4000	4000	2878
chr3	120678269	120686269	120682316	8000	120682269	-4000	4000	47
chr3	152831131	152839131	152836561	8000	152835131	-4000	4000	1430
chr3	139535829	139543829	139539709	8000	139539829	-4000	4000	-120
chr3	184295198	184303198	184301637	8000	184299198	-4000	4000	2439
chr3	108818770	108826770	108822903	8000	108822770	-4000	4000	133
chr3	147389422	147397422	147395998	8000	147393422	-4000	4000	2576
chr3	184331926	184339926	184337707	8000	184335926	-4000	4000	1781
chr3	138430586	138438586	138434962	8000	138434586	-4000	4000	376
chr3	48591329	48599329	48591706	8000	48595329	-4000	4000	-3623
chr3	101557868	101565868	101565611	8000	101561868	-4000	4000	3743
chr3	9789011	9797011	9789945	8000	9793011	-4000	4000	-3066
chr3	184245548	184253548	184245768	8000	184249548	-4000	4000	-3780
chr3	184182095	184190095	184186221	8000	184186095	-4000	4000	126
chr3	170353678	170361678	170360972	8000	170357678	-4000	4000	3294
chr3	51387285	51395285	51393724	8000	51391285	-4000	4000	2439
chr3	121890401	121898401	121897426	8000	121894401	-4000	4000	3025
chr3	131377671	131385671	131382061	8000	131381671	-4000	4000	390
chr3	147389422	147397422	147391170	8000	147393422	-4000	4000	-2252
chr3	9745944	9753944	9750183	8000	9749944	-4000	4000	239
chr3	169765561	169773561	169773203	8000	169769561	-4000	4000	3642
chr3	158668648	158676648	158672577	8000	158672648	-4000	4000	-71
chr3	49162331	49170331	49162633	8000	49166331	-4000	4000	-3698
chr3	48682364	48690364	48682467	8000	48686364	-4000	4000	-3897
chr3	152831131	152839131	152836428	8000	152835131	-4000	4000	1297
chr3	49719973	49727973	49721989	8000	49723973	-4000	4000	-1984
chr3	50346826	50354826	50348728	8000	50350826	-4000	4000	-2098
chr3	113437610	113445610	113445261	8000	113441610	-4000	4000	3651
chr3	49116938	49124938	49124888	8000	49120938	-4000	4000	3950
chr3	49162331	49170331	49163285	8000	49166331	-4000	4000	-3046
chr3	111591346	111599346	111593925	8000	111595346	-4000	4000	-1421
chr3	190318446	190326446	190322110	8000	190322446	-4000	4000	-336
chr3	186779205	186787205	186786163	8000	186783205	-4000	4000	2958
chr3	120345354	120353354	120348794	8000	120349354	-4000	4000	-560
chr3	139535829	139543829	139539523	8000	139539829	-4000	4000	-306
chr3	186563403	186571403	186564128	8000	186567403	-4000	4000	-3275
chr3	180598163	180606163	180603256	8000	180602163	-4000	4000	1093
chr3	33093202	33101202	33093590	8000	33097202	-4000	4000	-3612
chr3	134791260	134799260	134795458	8000	134795260	-4000	4000	198
chr3	38035205	38043205	38039436	8000	38039205	-4000	4000	231
chr3	153158226	153166226	153162988	8000	153162226	-4000	4000	762
chr3	129274828	129282828	129279823	8000	129278828	-4000	4000	995
chr3	112129270	112137270	112130395	8000	112133270	-4000	4000	-2875
chr3	122676839	122684839	122681025	8000	122680839	-4000	4000	186
chr3	49408212	49416212	49412409	8000	49412212	-4000	4000	197
chr3	52241759	52249759	52248662	8000	52245759	-4000	4000	2903
chr3	142444062	142452062	142451516	8000	142448062	-4000	4000	3454
chr3	40305707	40313707	40312169	8000	40309707	-4000	4000	2462
chr3	184182095	184190095	184187957	8000	184186095	-4000	4000	1862
chr3	133658380	133666380	133659129	8000	133662380	-4000	4000	-3251
chr3	194681883	194689883	194687123	8000	194685883	-4000	4000	1240
chr3	48219347	48227347	48223500	8000	48223347	-4000	4000	153
chr3	138170921	138178921	138171700	8000	138174921	-4000	4000	-3221
chr3	142960497	142968497	142962271	8000	142964497	-4000	4000	-2226
chr3	39188596	39196596	39188989	8000	39192596	-4000	4000	-3607
chr3	184131038	184139038	184137903	8000	184135038	-4000	4000	2865
chr3	12837582	12845582	12840437	8000	12841582	-4000	4000	-1145
chr3	9745944	9753944	9750397	8000	9749944	-4000	4000	453
chr3	179600649	179608649	179604891	8000	179604649	-4000	4000	242
chr3	152831131	152839131	152836391	8000	152835131	-4000	4000	1260
chr3	38492127	38500127	38492376	8000	38496127	-4000	4000	-3751
chr3	143115771	143123771	143121301	8000	143119771	-4000	4000	1530
chr3	143115771	143123771	143121302	8000	143119771	-4000	4000	1531
chr3	52241759	52249759	52249473	8000	52245759	-4000	4000	3714
chr3	127668935	127676935	127671540	8000	127672935	-4000	4000	-1395
chr3	121890401	121898401	121894408	8000	121894401	-4000	4000	7
chr3	129274828	129282828	129277293	8000	129278828	-4000	4000	-1535
chr3	4299332	4307332	4303812	8000	4303332	-4000	4000	480
chr3	9840602	9848602	9841833	8000	9844602	-4000	4000	-2769
chr3	111591346	111599346	111594772	8000	111595346	-4000	4000	-574
chr3	185277990	185285990	185285598	8000	185281990	-4000	4000	3608
chr3	49025447	49033447	49033202	8000	49029447	-4000	4000	3755
chr3	52406008	52414008	52408584	8000	52410008	-4000	4000	-1424
chr3	52681917	52689917	52689091	8000	52685917	-4000	4000	3174
chr3	94059389	94067389	94063211	8000	94063389	-4000	4000	-178
chr3	32947644	32955644	32954205	8000	32951644	-4000	4000	2561
chr3	160561571	160569571	160568175	8000	160565571	-4000	4000	2604
chr3	184310495	184318495	184317336	8000	184314495	-4000	4000	2841
chr3	69048339	69056339	69052060	8000	69052339	-4000	4000	-279
chr3	143844485	143852485	143848190	8000	143848485	-4000	4000	-295
chr3	153158226	153166226	153162938	8000	153162226	-4000	4000	712
chr3	150599228	150607228	150603290	8000	150603228	-4000	4000	62
chr3	190318446	190326446	190322027	8000	190322446	-4000	4000	-419
chr3	48658886	48666886	48659921	8000	48662886	-4000	4000	-2965
chr3	184131038	184139038	184138234	8000	184135038	-4000	4000	3196
chr3	38134478	38142478	38141360	8000	38138478	-4000	4000	2882
chr3	142960497	142968497	142963100	8000	142964497	-4000	4000	-1397
chr3	131377671	131385671	131383479	8000	131381671	-4000	4000	1808
chr3	172519475	172527475	172523352	8000	172523475	-4000	4000	-123
chr3	179343709	179351709	179348868	8000	179347709	-4000	4000	1159
chr3	195807973	195815973	195811948	8000	195811973	-4000	4000	-25
chr3	114052594	114060594	114056412	8000	114056594	-4000	4000	-182
chr3	57288685	57296685	57296396	8000	57292685	-4000	4000	3711
chr3	197295330	197303330	197297189	8000	197299330	-4000	4000	-2141
chr3	49016459	49024459	49017475	8000	49020459	-4000	4000	-2984
chr3	49719973	49727973	49720858	8000	49723973	-4000	4000	-3115
chr3	127668935	127676935	127676299	8000	127672935	-4000	4000	3364
chr3	187364385	187372385	187371001	8000	187368385	-4000	4000	2616
chr3	100256992	100264992	100261057	8000	100260992	-4000	4000	65
chr3	184182095	184190095	184186623	8000	184186095	-4000	4000	528
chr3	27718711	27726711	27718854	8000	27722711	-4000	4000	-3857
chr3	184310495	184318495	184317349	8000	184314495	-4000	4000	2854
chr3	50295405	50303405	50297488	8000	50299405	-4000	4000	-1917
chr3	10104255	10112255	10104504	8000	10108255	-4000	4000	-3751
chr3	184131038	184139038	184136939	8000	184135038	-4000	4000	1901
chr3	184376073	184384073	184381720	8000	184380073	-4000	4000	1647
chr3	10245372	10253372	10249535	8000	10249372	-4000	4000	163
chr3	48658886	48666886	48662271	8000	48662886	-4000	4000	-615
chr3	147389422	147397422	147396152	8000	147393422	-4000	4000	2730
chr3	52530013	52538013	52534569	8000	52534013	-4000	4000	556
chr3	94059389	94067389	94064439	8000	94063389	-4000	4000	1050
chr3	150404298	150412298	150409585	8000	150408298	-4000	4000	1287
chr3	151325549	151333549	151329509	8000	151329549	-4000	4000	-40
chr3	147389422	147397422	147396229	8000	147393422	-4000	4000	2807
chr3	9886574	9894574	9893449	8000	9890574	-4000	4000	2875
chr3	151325549	151333549	151328627	8000	151329549	-4000	4000	-922
chr3	184182095	184190095	184187955	8000	184186095	-4000	4000	1860
chr3	151199216	151207216	151199312	8000	151203216	-4000	4000	-3904
chr3	179558886	179566886	179563031	8000	179562886	-4000	4000	145
chr3	142444062	142452062	142451327	8000	142448062	-4000	4000	3265
chr3	48591329	48599329	48593172	8000	48595329	-4000	4000	-2157
chr3	169659775	169667775	169663476	8000	169663775	-4000	4000	-299
chr3	49025447	49033447	49029312	8000	49029447	-4000	4000	-135
chr3	5118249	5126249	5122351	8000	5122249	-4000	4000	102
chr3	120592328	120600328	120596439	8000	120596328	-4000	4000	111
chr3	148987408	148995408	148994276	8000	148991408	-4000	4000	2868
chr3	129602676	129610676	129606199	8000	129606676	-4000	4000	-477
chr3	9898612	9906612	9902624	8000	9902612	-4000	4000	12
chr3	186779205	186787205	186784457	8000	186783205	-4000	4000	1252
chr3	20008267	20016267	20012128	8000	20012267	-4000	4000	-139
chr3	142960497	142968497	142962294	8000	142964497	-4000	4000	-2203
chr3	197295330	197303330	197297224	8000	197299330	-4000	4000	-2106
chr3	57552274	57560274	57556705	8000	57556274	-4000	4000	431
chr3	48591329	48599329	48591913	8000	48595329	-4000	4000	-3416
chr3	72442621	72450621	72446606	8000	72446621	-4000	4000	-15
chr3	147389422	147397422	147395899	8000	147393422	-4000	4000	2477
chr3	184331926	184339926	184337656	8000	184335926	-4000	4000	1730
chr3	185495057	185503057	185498969	8000	185499057	-4000	4000	-88
chr3	170866208	170874208	170870197	8000	170870208	-4000	4000	-11
chr3	121890401	121898401	121894339	8000	121894401	-4000	4000	-62
chr3	39379370	39387370	39383773	8000	39383370	-4000	4000	403
chr3	50565152	50573152	50571187	8000	50569152	-4000	4000	2035
chr3	69048339	69056339	69052169	8000	69052339	-4000	4000	-170
chr3	129970688	129978688	129977040	8000	129974688	-4000	4000	2352
chr3	52677156	52685156	52679685	8000	52681156	-4000	4000	-1471
chr3	49018293	49026293	49024348	8000	49022293	-4000	4000	2055
chr3	184131038	184139038	184137918	8000	184135038	-4000	4000	2880
chr3	196564611	196572611	196569215	8000	196568611	-4000	4000	604
chr3	49162331	49170331	49163127	8000	49166331	-4000	4000	-3204
chr3	49018293	49026293	49018499	8000	49022293	-4000	4000	-3794
chr3	52406008	52414008	52408595	8000	52410008	-4000	4000	-1413
chr3	89103621	89111621	89107667	8000	89107621	-4000	4000	46
chr3	131022850	131030850	131025038	8000	131026850	-4000	4000	-1812
chr3	108585705	108593705	108589392	8000	108589705	-4000	4000	-313
chr3	56679265	56687265	56682800	8000	56683265	-4000	4000	-465
chr3	46403166	46411166	46409106	8000	46407166	-4000	4000	1940
chr3	27718711	27726711	27720242	8000	27722711	-4000	4000	-2469
chr3	158668648	158676648	158669553	8000	158672648	-4000	4000	-3095
chr3	49101130	49109130	49103917	8000	49105130	-4000	4000	-1213
chr3	57552274	57560274	57557240	8000	57556274	-4000	4000	966
chr3	129245606	129253606	129252683	8000	129249606	-4000	4000	3077
chr3	33093202	33101202	33094001	8000	33097202	-4000	4000	-3201
chr3	184131038	184139038	184138187	8000	184135038	-4000	4000	3149
chr3	46403166	46411166	46408286	8000	46407166	-4000	4000	1120
chr3	46403166	46411166	46408736	8000	46407166	-4000	4000	1570
chr3	111066071	111074071	111072293	8000	111070071	-4000	4000	2222
chr3	112986984	112994984	112991333	8000	112990984	-4000	4000	349
chr3	122412062	122420062	122416014	8000	122416062	-4000	4000	-48
chr3	184257553	184265553	184259656	8000	184261553	-4000	4000	-1897
chr3	184170689	184178689	184170786	8000	184174689	-4000	4000	-3903
chr3	130742829	130750829	130744530	8000	130746829	-4000	4000	-2299
chr3	156821481	156829481	156829366	8000	156825481	-4000	4000	3885
chr3	184245548	184253548	184249334	8000	184249548	-4000	4000	-214
chr3	46366946	46374946	46373303	8000	46370946	-4000	4000	2357
chr3	52052571	52060571	52054028	8000	52056571	-4000	4000	-2543
chr3	196207487	196215487	196209492	8000	196211487	-4000	4000	-1995
chr3	48658886	48666886	48661705	8000	48662886	-4000	4000	-1181
chr3	119575268	119583268	119582387	8000	119579268	-4000	4000	3119
chr3	186563403	186571403	186564102	8000	186567403	-4000	4000	-3301
chr3	49129118	49137118	49130776	8000	49133118	-4000	4000	-2342
chr3	81757645	81765645	81761395	8000	81761645	-4000	4000	-250
chr3	120678269	120686269	120682146	8000	120682269	-4000	4000	-123
chr3	49719973	49727973	49721799	8000	49723973	-4000	4000	-2174
chr3	46403166	46411166	46408417	8000	46407166	-4000	4000	1251
chr3	49899873	49907873	49902991	8000	49903873	-4000	4000	-882
chr3	112971103	112979103	112975025	8000	112975103	-4000	4000	-78
chr3	122560338	122568338	122565996	8000	122564338	-4000	4000	1658
chr3	133742040	133750040	133748529	8000	133746040	-4000	4000	2489
chr3	143844485	143852485	143848462	8000	143848485	-4000	4000	-23
chr3	192913856	192921856	192917673	8000	192917856	-4000	4000	-183
chr3	120090994	120098994	120093408	8000	120094994	-4000	4000	-1586
chr3	151325549	151333549	151328194	8000	151329549	-4000	4000	-1355
chr3	9948408	9956408	9948872	8000	9952408	-4000	4000	-3536
chr3	114001833	114009833	114005713	8000	114005833	-4000	4000	-120
chr3	4975437	4983437	4979727	8000	4979437	-4000	4000	290
chr3	39103680	39111680	39107835	8000	39107680	-4000	4000	155
chr3	40305707	40313707	40312159	8000	40309707	-4000	4000	2452
chr3	49016459	49024459	49017779	8000	49020459	-4000	4000	-2680
chr3	51387285	51395285	51393534	8000	51391285	-4000	4000	2249
chr3	51387285	51395285	51394902	8000	51391285	-4000	4000	3617
chr3	121831079	121839079	121836748	8000	121835079	-4000	4000	1669
chr3	122412062	122420062	122416007	8000	122416062	-4000	4000	-55
chr3	139535829	139543829	139539631	8000	139539829	-4000	4000	-198
chr3	154117003	154125003	154122817	8000	154121003	-4000	4000	1814
chr3	154320487	154328487	154324277	8000	154324487	-4000	4000	-210
chr3	160445829	160453829	160449732	8000	160449829	-4000	4000	-97
chr3	170866208	170874208	170866388	8000	170870208	-4000	4000	-3820
chr3	181707925	181715925	181712483	8000	181711925	-4000	4000	558
chr3	185149060	185157060	185152807	8000	185153060	-4000	4000	-253
chr3	186779205	186787205	186784841	8000	186783205	-4000	4000	1636
chr3	186779205	186787205	186786241	8000	186783205	-4000	4000	3036
chr3	49809953	49817953	49810057	8000	49813953	-4000	4000	-3896
chr3	50263558	50271558	50271099	8000	50267558	-4000	4000	3541
chr3	9745944	9753944	9750183	8000	9749944	-4000	4000	239
chr3	132593270	132601270	132601199	8000	132597270	-4000	4000	3929
chr3	9727729	9735729	9734376	8000	9731729	-4000	4000	2647
chr3	51387285	51395285	51393008	8000	51391285	-4000	4000	1723
chr3	129245606	129253606	129252866	8000	129249606	-4000	4000	3260
chr3	52241759	52249759	52248407	8000	52245759	-4000	4000	2648
chr3	150404298	150412298	150409842	8000	150408298	-4000	4000	1544
chr3	157432850	157440850	157436928	8000	157436850	-4000	4000	78
chr3	179600649	179608649	179601762	8000	179604649	-4000	4000	-2887
chr3	180033053	180041053	180036635	8000	180037053	-4000	4000	-418
chr3	185821042	185829042	185824848	8000	185825042	-4000	4000	-194
chr3	9789011	9797011	9793072	8000	9793011	-4000	4000	61
chr3	25786039	25794039	25791244	8000	25790039	-4000	4000	1205
chr3	32566858	32574858	32570741	8000	32570858	-4000	4000	-117
chr3	44644732	44652732	44652667	8000	44648732	-4000	4000	3935
chr3	49799261	49807261	49804875	8000	49803261	-4000	4000	1614
chr3	51381291	51389291	51382381	8000	51385291	-4000	4000	-2910
chr3	52766946	52774946	52768547	8000	52770946	-4000	4000	-2399
chr3	123957408	123965408	123961285	8000	123961408	-4000	4000	-123
chr3	150542678	150550678	150547011	8000	150546678	-4000	4000	333
chr3	151325549	151333549	151328767	8000	151329549	-4000	4000	-782
chr3	158567163	158575163	158571347	8000	158571163	-4000	4000	184
chr3	169769396	169777396	169774389	8000	169773396	-4000	4000	993
chr3	184131038	184139038	184135272	8000	184135038	-4000	4000	234
chr3	186779205	186787205	186784475	8000	186783205	-4000	4000	1270
chr3	129274828	129282828	129275292	8000	129278828	-4000	4000	-3536
chr3	39277735	39285735	39281685	8000	39281735	-4000	4000	-50
chr3	48237100	48245100	48241136	8000	48241100	-4000	4000	36
chr3	48658886	48666886	48658950	8000	48662886	-4000	4000	-3936
chr3	49809953	49817953	49813541	8000	49813953	-4000	4000	-412
chr3	50355521	50363521	50358755	8000	50359521	-4000	4000	-766
chr3	122573628	122581628	122577794	8000	122577628	-4000	4000	166
chr3	125591497	125599497	125594763	8000	125595497	-4000	4000	-734
chr3	131377671	131385671	131383231	8000	131381671	-4000	4000	1560
chr3	138183248	138191248	138187521	8000	138187248	-4000	4000	273
chr3	185548588	185556588	185552448	8000	185552588	-4000	4000	-140
chr3	10160919	10168919	10165017	8000	10164919	-4000	4000	98
chr3	50336980	50344980	50341628	8000	50340980	-4000	4000	648
chr3	184131038	184139038	184137940	8000	184135038	-4000	4000	2902
chr3	61557569	61565569	61562334	8000	61561569	-4000	4000	765
chr3	157432850	157440850	157437521	8000	157436850	-4000	4000	671
chr3	9898612	9906612	9902895	8000	9902612	-4000	4000	283
chr3	111975010	111983010	111975772	8000	111979010	-4000	4000	-3238
chr3	50607520	50615520	50607940	8000	50611520	-4000	4000	-3580
chr3	185495057	185503057	185495374	8000	185499057	-4000	4000	-3683
chr3	143115771	143123771	143121910	8000	143119771	-4000	4000	2139
chr3	58210697	58218697	58210952	8000	58214697	-4000	4000	-3745
chr3	131498983	131506983	131500491	8000	131502983	-4000	4000	-2492
chr3	9358971	9366971	9365200	8000	9362971	-4000	4000	2229
chr3	114001833	114009833	114002515	8000	114005833	-4000	4000	-3318
chr3	49129118	49137118	49132344	8000	49133118	-4000	4000	-774
chr3	191325085	191333085	191329697	8000	191329085	-4000	4000	612
chr3	46403166	46411166	46408944	8000	46407166	-4000	4000	1778
chr3	170353678	170361678	170360987	8000	170357678	-4000	4000	3309
chr3	197946190	197954190	197951270	8000	197950190	-4000	4000	1080
chr3	47509712	47517712	47513537	8000	47513712	-4000	4000	-175
chr3	15423598	15431598	15427848	8000	15427598	-4000	4000	250
chr3	169769396	169777396	169774485	8000	169773396	-4000	4000	1089
chr3	10104255	10112255	10104493	8000	10108255	-4000	4000	-3762
chr3	142444062	142452062	142451211	8000	142448062	-4000	4000	3149
chr3	52681917	52689917	52688122	8000	52685917	-4000	4000	2205
chr3	48500826	48508826	48501144	8000	48504826	-4000	4000	-3682
chr3	152831131	152839131	152836555	8000	152835131	-4000	4000	1424
chr3	44757721	44765721	44761642	8000	44761721	-4000	4000	-79
chr3	84954989	84962989	84959421	8000	84958989	-4000	4000	432
chr3	49018293	49026293	49018538	8000	49022293	-4000	4000	-3755
chr3	49116938	49124938	49124703	8000	49120938	-4000	4000	3765
chr3	129436179	129444179	129439776	8000	129440179	-4000	4000	-403
chr3	151380753	151388753	151382702	8000	151384753	-4000	4000	-2051
chr3	51938345	51946345	51946302	8000	51942345	-4000	4000	3957
chr3	184331926	184339926	184332043	8000	184335926	-4000	4000	-3883
chr3	69080937	69088937	69084991	8000	69084937	-4000	4000	54
chr3	151325549	151333549	151329005	8000	151329549	-4000	4000	-544
chr3	197025817	197033817	197026667	8000	197029817	-4000	4000	-3150
chr3	16170680	16178680	16175214	8000	16174680	-4000	4000	534
chr3	89103621	89111621	89107688	8000	89107621	-4000	4000	67
chr3	49408212	49416212	49412624	8000	49412212	-4000	4000	412
chr3	119575268	119583268	119582309	8000	119579268	-4000	4000	3041
chr3	129245606	129253606	129252705	8000	129249606	-4000	4000	3099
chr3	47279451	47287451	47282995	8000	47283451	-4000	4000	-456
chr3	57552274	57560274	57557276	8000	57556274	-4000	4000	1002
chr3	32681145	32689145	32685455	8000	32685145	-4000	4000	310
chr3	32681145	32689145	32685456	8000	32685145	-4000	4000	311
chr3	10104255	10112255	10104429	8000	10108255	-4000	4000	-3826
chr3	154117003	154125003	154122590	8000	154121003	-4000	4000	1587
chr3	50346826	50354826	50350424	8000	50350826	-4000	4000	-402
chr3	49129118	49137118	49129980	8000	49133118	-4000	4000	-3138
chr3	184295198	184303198	184300388	8000	184299198	-4000	4000	1190
chr3	196938594	196946594	196942565	8000	196942594	-4000	4000	-29
chr3	50336980	50344980	50343369	8000	50340980	-4000	4000	2389
chr3	120678269	120686269	120682313	8000	120682269	-4000	4000	44
chr3	53878152	53886152	53882134	8000	53882152	-4000	4000	-18
chr3	158640527	158648527	158646776	8000	158644527	-4000	4000	2249
chr3	143115771	143123771	143121583	8000	143119771	-4000	4000	1812
chr3	169765561	169773561	169768076	8000	169769561	-4000	4000	-1485
chr3	9727729	9735729	9734156	8000	9731729	-4000	4000	2427
chr3	9745944	9753944	9750245	8000	9749944	-4000	4000	301
chr3	9886574	9894574	9893131	8000	9890574	-4000	4000	2557
chr3	16260969	16268969	16264846	8000	16264969	-4000	4000	-123
chr3	25786039	25794039	25789925	8000	25790039	-4000	4000	-114
chr3	32234679	32242679	32239029	8000	32238679	-4000	4000	350
chr3	36989131	36997131	36992382	8000	36993131	-4000	4000	-749
chr3	39103680	39111680	39109211	8000	39107680	-4000	4000	1531
chr3	46403166	46411166	46408605	8000	46407166	-4000	4000	1439
chr3	48682364	48690364	48682365	8000	48686364	-4000	4000	-3999
chr3	48985889	48993889	48990898	8000	48989889	-4000	4000	1009
chr3	49090363	49098363	49096046	8000	49094363	-4000	4000	1683
chr3	49090363	49098363	49098033	8000	49094363	-4000	4000	3670
chr3	49101130	49109130	49101379	8000	49105130	-4000	4000	-3751
chr3	49116938	49124938	49117813	8000	49120938	-4000	4000	-3125
chr3	50295405	50303405	50299295	8000	50299405	-4000	4000	-110
chr3	50324251	50332251	50326431	8000	50328251	-4000	4000	-1820
chr3	50346826	50354826	50350739	8000	50350826	-4000	4000	-87
chr3	50565152	50573152	50571312	8000	50569152	-4000	4000	2160
chr3	51937904	51945904	51944997	8000	51941904	-4000	4000	3093
chr3	52491338	52499338	52492752	8000	52495338	-4000	4000	-2586
chr3	53887885	53895885	53891775	8000	53891885	-4000	4000	-110
chr3	58004398	58012398	58008727	8000	58008398	-4000	4000	329
chr3	58533283	58541283	58534379	8000	58537283	-4000	4000	-2904
chr3	69048339	69056339	69048349	8000	69052339	-4000	4000	-3990
chr3	100989515	100997515	100993430	8000	100993515	-4000	4000	-85
chr3	101557868	101565868	101565065	8000	101561868	-4000	4000	3197
chr3	123957408	123965408	123961202	8000	123961408	-4000	4000	-206
chr3	129436179	129444179	129439954	8000	129440179	-4000	4000	-225
chr3	132593270	132601270	132600874	8000	132597270	-4000	4000	3604
chr3	142720034	142728034	142724609	8000	142724034	-4000	4000	575
chr3	154117003	154125003	154122065	8000	154121003	-4000	4000	1062
chr3	169765561	169773561	169767737	8000	169769561	-4000	4000	-1824
chr3	169765561	169773561	169768128	8000	169769561	-4000	4000	-1433
chr3	169765561	169773561	169769480	8000	169769561	-4000	4000	-81
chr3	169769396	169777396	169774287	8000	169773396	-4000	4000	891
chr3	179263002	179271002	179266925	8000	179267002	-4000	4000	-77
chr3	180033053	180041053	180036701	8000	180037053	-4000	4000	-352
chr3	184131038	184139038	184136609	8000	184135038	-4000	4000	1571
chr3	184245548	184253548	184249763	8000	184249548	-4000	4000	215
chr3	184257553	184265553	184257649	8000	184261553	-4000	4000	-3904
chr3	184708064	184716064	184711590	8000	184712064	-4000	4000	-474
chr3	185934103	185942103	185937976	8000	185938103	-4000	4000	-127
chr3	192913856	192921856	192917724	8000	192917856	-4000	4000	-132
chr3	49719973	49727973	49720530	8000	49723973	-4000	4000	-3443
chr3	9886574	9894574	9890651	8000	9890574	-4000	4000	77
chr3	10104255	10112255	10104334	8000	10108255	-4000	4000	-3921
chr3	179263002	179271002	179266663	8000	179267002	-4000	4000	-339
chr3	152831131	152839131	152836417	8000	152835131	-4000	4000	1286
chr3	57288685	57296685	57292080	8000	57292685	-4000	4000	-605
chr3	57552274	57560274	57557357	8000	57556274	-4000	4000	1083
chr3	62315015	62323015	62321979	8000	62319015	-4000	4000	2964
chr3	112082335	112090335	112086525	8000	112086335	-4000	4000	190
chr3	36989131	36997131	36991960	8000	36993131	-4000	4000	-1171
chr3	46403166	46411166	46408164	8000	46407166	-4000	4000	998
chr3	124726433	124734433	124730549	8000	124730433	-4000	4000	116
chr3	132313369	132321369	132317539	8000	132317369	-4000	4000	170
chr3	153158226	153166226	153163107	8000	153162226	-4000	4000	881
chr3	121656927	121664927	121657322	8000	121660927	-4000	4000	-3605
chr3	196499768	196507768	196503333	8000	196503768	-4000	4000	-435
chr3	129424651	129432651	129428482	8000	129428651	-4000	4000	-169
chr3	153158226	153166226	153165544	8000	153162226	-4000	4000	3318
chr3	194681883	194689883	194688381	8000	194685883	-4000	4000	2498
chr3	9765992	9773992	9766222	8000	9769992	-4000	4000	-3770
chr3	9948408	9956408	9950039	8000	9952408	-4000	4000	-2369
chr3	151325549	151333549	151328583	8000	151329549	-4000	4000	-966
chr3	9745944	9753944	9751785	8000	9749944	-4000	4000	1841
chr3	14174621	14182621	14181656	8000	14178621	-4000	4000	3035
chr3	46349864	46357864	46357561	8000	46353864	-4000	4000	3697
chr3	48184417	48192417	48184680	8000	48188417	-4000	4000	-3737
chr3	48558015	48566015	48563021	8000	48562015	-4000	4000	1006
chr3	48658886	48666886	48659916	8000	48662886	-4000	4000	-2970
chr3	50295405	50303405	50302788	8000	50299405	-4000	4000	3383
chr3	50336980	50344980	50342553	8000	50340980	-4000	4000	1573
chr3	51387285	51395285	51393078	8000	51391285	-4000	4000	1793
chr3	94059389	94067389	94061277	8000	94063389	-4000	4000	-2112
chr3	101557868	101565868	101565415	8000	101561868	-4000	4000	3547
chr3	101682718	101690718	101682786	8000	101686718	-4000	4000	-3932
chr3	105865552	105873552	105867510	8000	105869552	-4000	4000	-2042
chr3	112129270	112137270	112133110	8000	112133270	-4000	4000	-160
chr3	112971103	112979103	112974841	8000	112975103	-4000	4000	-262
chr3	113943901	113951901	113945546	8000	113947901	-4000	4000	-2355
chr3	129424651	129432651	129432531	8000	129428651	-4000	4000	3880
chr3	139001806	139009806	139006041	8000	139005806	-4000	4000	235
chr3	139535829	139543829	139538904	8000	139539829	-4000	4000	-925
chr3	149748495	149756495	149750800	8000	149752495	-4000	4000	-1695
chr3	180985774	180993774	180985955	8000	180989774	-4000	4000	-3819
chr3	184331926	184339926	184338464	8000	184335926	-4000	4000	2538
chr3	32947644	32955644	32954023	8000	32951644	-4000	4000	2379
chr3	40453292	40461292	40457332	8000	40457292	-4000	4000	40
chr3	51937904	51945904	51944133	8000	51941904	-4000	4000	2229
chr3	51937904	51945904	51944874	8000	51941904	-4000	4000	2970
chr3	64020010	64028010	64023363	8000	64024010	-4000	4000	-647
chr3	129436179	129444179	129436969	8000	129440179	-4000	4000	-3210
chr3	48914821	48922821	48918736	8000	48918821	-4000	4000	-85
chr3	194668463	194676463	194672246	8000	194672463	-4000	4000	-217
chr3	147402809	147410809	147410669	8000	147406809	-4000	4000	3860
chr3	180598163	180606163	180602274	8000	180602163	-4000	4000	111
chr3	51387285	51395285	51394616	8000	51391285	-4000	4000	3331
chr3	186779205	186787205	186784585	8000	186783205	-4000	4000	1380
chr3	49899873	49907873	49902475	8000	49903873	-4000	4000	-1398
chr3	121890401	121898401	121894443	8000	121894401	-4000	4000	42
chr3	49167598	49175598	49174268	8000	49171598	-4000	4000	2670
chr3	12154912	12162912	12162143	8000	12158912	-4000	4000	3231
chr3	49016459	49024459	49017445	8000	49020459	-4000	4000	-3014
chr3	49101130	49109130	49103367	8000	49105130	-4000	4000	-1763
chr3	50324251	50332251	50331818	8000	50328251	-4000	4000	3567
chr3	101673135	101681135	101676576	8000	101677135	-4000	4000	-559
chr3	49852574	49860574	49859563	8000	49856574	-4000	4000	2989
chr3	142720034	142728034	142724686	8000	142724034	-4000	4000	652
chr3	132593270	132601270	132600960	8000	132597270	-4000	4000	3690
chr3	170353678	170361678	170361136	8000	170357678	-4000	4000	3458
chr3	179263002	179271002	179266778	8000	179267002	-4000	4000	-224
chr3	9948408	9956408	9949128	8000	9952408	-4000	4000	-3280
chr3	170353678	170361678	170360898	8000	170357678	-4000	4000	3220
chr3	113437610	113445610	113445315	8000	113441610	-4000	4000	3705
chr3	150404298	150412298	150411042	8000	150408298	-4000	4000	2744
chr3	48426086	48434086	48432449	8000	48430086	-4000	4000	2363
chr3	122412062	122420062	122414473	8000	122416062	-4000	4000	-1589
chr3	126097561	126105561	126103789	8000	126101561	-4000	4000	2228
chr3	142444062	142452062	142450216	8000	142448062	-4000	4000	2154
chr3	142960497	142968497	142962124	8000	142964497	-4000	4000	-2373
chr3	142960497	142968497	142962715	8000	142964497	-4000	4000	-1782
chr3	151325549	151333549	151327833	8000	151329549	-4000	4000	-1716
chr3	181707925	181715925	181712826	8000	181711925	-4000	4000	901
chr3	48658886	48666886	48661734	8000	48662886	-4000	4000	-1152
chr3	184377968	184385968	184385209	8000	184381968	-4000	4000	3241
chr3	15597852	15605852	15601814	8000	15601852	-4000	4000	-38
chr3	49025447	49033447	49027743	8000	49029447	-4000	4000	-1704
chr3	49670014	49678014	49675288	8000	49674014	-4000	4000	1274
chr3	180598163	180606163	180604854	8000	180602163	-4000	4000	2691
chr3	185149060	185157060	185152750	8000	185153060	-4000	4000	-310
chr3	158668648	158676648	158669477	8000	158672648	-4000	4000	-3171
chr3	48658886	48666886	48659118	8000	48662886	-4000	4000	-3768
chr3	112495472	112503472	112499453	8000	112499472	-4000	4000	-19
chr3	157156760	157164760	157159434	8000	157160760	-4000	4000	-1326
chr3	196499768	196507768	196507709	8000	196503768	-4000	4000	3941
chr3	33093202	33101202	33097133	8000	33097202	-4000	4000	-69
chr3	44644732	44652732	44651196	8000	44648732	-4000	4000	2464
chr3	101509241	101517241	101513176	8000	101513241	-4000	4000	-65
chr3	10111675	10119675	10115756	8000	10115675	-4000	4000	81
chr3	160561571	160569571	160565253	8000	160565571	-4000	4000	-318
chr3	48914821	48922821	48918570	8000	48918821	-4000	4000	-251
chr3	184376073	184384073	184383058	8000	184380073	-4000	4000	2985
chr3	52406008	52414008	52406889	8000	52410008	-4000	4000	-3119
chr3	51970706	51978706	51978408	8000	51974706	-4000	4000	3702
chr3	112558046	112566046	112561561	8000	112562046	-4000	4000	-485
chr3	36989131	36997131	36992432	8000	36993131	-4000	4000	-699
chr3	48558015	48566015	48564153	8000	48562015	-4000	4000	2138
chr3	51387285	51395285	51393748	8000	51391285	-4000	4000	2463
chr3	125965160	125973160	125972153	8000	125969160	-4000	4000	2993
chr3	152831131	152839131	152836484	8000	152835131	-4000	4000	1353
chr3	15436566	15444566	15439322	8000	15440566	-4000	4000	-1244
chr3	33093202	33101202	33093743	8000	33097202	-4000	4000	-3459
chr3	186779205	186787205	186786241	8000	186783205	-4000	4000	3036
chr3	196207487	196215487	196210662	8000	196211487	-4000	4000	-825
chr3	158668648	158676648	158672625	8000	158672648	-4000	4000	-23
chr3	47576792	47584792	47577465	8000	47580792	-4000	4000	-3327
chr3	61557569	61565569	61562363	8000	61561569	-4000	4000	794
chr3	50355521	50363521	50358818	8000	50359521	-4000	4000	-703
chr3	126097561	126105561	126103741	8000	126101561	-4000	4000	2180
chr3	142444062	142452062	142450232	8000	142448062	-4000	4000	2170
chr3	108818770	108826770	108822923	8000	108822770	-4000	4000	153
chr3	112082335	112090335	112086423	8000	112086335	-4000	4000	88
chr3	33093202	33101202	33094001	8000	33097202	-4000	4000	-3201
chr3	186779205	186787205	186783612	8000	186783205	-4000	4000	407
chr3	52406008	52414008	52408056	8000	52410008	-4000	4000	-1952
chr3	133658380	133666380	133661046	8000	133662380	-4000	4000	-1334
chr3	50295405	50303405	50303036	8000	50299405	-4000	4000	3631
chr3	156551149	156559149	156555059	8000	156555149	-4000	4000	-90
chr3	121656927	121664927	121664328	8000	121660927	-4000	4000	3401
chr3	20008267	20016267	20012247	8000	20012267	-4000	4000	-20
chr3	15423598	15431598	15427768	8000	15427598	-4000	4000	170
chr3	49116938	49124938	49121999	8000	49120938	-4000	4000	1061
chr3	113437610	113445610	113445292	8000	113441610	-4000	4000	3682
chr3	160395274	160403274	160401935	8000	160399274	-4000	4000	2661
chr3	49016459	49024459	49017245	8000	49020459	-4000	4000	-3214
chr3	169765561	169773561	169769470	8000	169769561	-4000	4000	-91
chr3	47576792	47584792	47576903	8000	47580792	-4000	4000	-3889
chr3	38134478	38142478	38141265	8000	38138478	-4000	4000	2787
chr3	39048013	39056013	39052040	8000	39052013	-4000	4000	27
chr3	71749855	71757855	71754948	8000	71753855	-4000	4000	1093
chr3	9840602	9848602	9840606	8000	9844602	-4000	4000	-3996
chr3	10022370	10030370	10023706	8000	10026370	-4000	4000	-2664
chr3	51937904	51945904	51944095	8000	51941904	-4000	4000	2191
chr3	101557868	101565868	101565721	8000	101561868	-4000	4000	3853
chr3	20182206	20190206	20183620	8000	20186206	-4000	4000	-2586
chr3	52406008	52414008	52408598	8000	52410008	-4000	4000	-1410
chr3	94059389	94067389	94061468	8000	94063389	-4000	4000	-1921
chr3	114001833	114009833	114004652	8000	114005833	-4000	4000	-1181
chr3	122560338	122568338	122565932	8000	122564338	-4000	4000	1594
chr3	139001806	139009806	139005988	8000	139005806	-4000	4000	182
chr3	184331926	184339926	184334749	8000	184335926	-4000	4000	-1177
chr3	187364385	187372385	187368465	8000	187368385	-4000	4000	80
chr3	149748495	149756495	149750775	8000	149752495	-4000	4000	-1720
chr3	150599228	150607228	150603341	8000	150603228	-4000	4000	113
chr3	149082554	149090554	149086349	8000	149086554	-4000	4000	-205
chr3	197787226	197795226	197791445	8000	197791226	-4000	4000	219
chr3	51970016	51978016	51977882	8000	51974016	-4000	4000	3866
chr3	184257553	184265553	184258538	8000	184261553	-4000	4000	-3015
chr3	149964385	149972385	149966518	8000	149968385	-4000	4000	-1867
chr3	149964385	149972385	149966519	8000	149968385	-4000	4000	-1866
chr3	58004398	58012398	58008543	8000	58008398	-4000	4000	145
chr4	7039001	7047001	7041823	8000	7043001	-4000	4000	-1178
chr4	101344278	101352278	101348743	8000	101348278	-4000	4000	465
chr4	3037363	3045363	3038486	8000	3041363	-4000	4000	-2877
chr4	56973722	56981722	56977423	8000	56977722	-4000	4000	-299
chr4	76894144	76902144	76896589	8000	76898144	-4000	4000	-1555
chr4	173526229	173534229	173528750	8000	173530229	-4000	4000	-1479
chr4	73865393	73873393	73870519	8000	73869393	-4000	4000	1126
chr4	154608967	154616967	154612203	8000	154612967	-4000	4000	-764
chr4	89107533	89115533	89113094	8000	89111533	-4000	4000	1561
chr4	151757007	151765007	151758842	8000	151761007	-4000	4000	-2165
chr4	1717358	1725358	1723495	8000	1721358	-4000	4000	2137
chr4	6705865	6713865	6709497	8000	6709865	-4000	4000	-368
chr4	52858317	52866317	52865539	8000	52862317	-4000	4000	3222
chr4	151757007	151765007	151760815	8000	151761007	-4000	4000	-192
chr4	99084801	99092801	99085121	8000	99088801	-4000	4000	-3680
chr4	121819883	121827883	121822496	8000	121823883	-4000	4000	-1387
chr4	73865393	73873393	73869978	8000	73869393	-4000	4000	585
chr4	143180917	143188917	143185410	8000	143184917	-4000	4000	493
chr4	109811510	109819510	109816195	8000	109815510	-4000	4000	685
chr4	56973722	56981722	56976515	8000	56977722	-4000	4000	-1207
chr4	75510764	75518764	75514353	8000	75514764	-4000	4000	-411
chr4	151011727	151019727	151014535	8000	151015727	-4000	4000	-1192
chr4	137528494	137536494	137531722	8000	137532494	-4000	4000	-772
chr4	183440635	183448635	183446790	8000	183444635	-4000	4000	2155
chr4	13540508	13548508	13542289	8000	13544508	-4000	4000	-2219
chr4	56973722	56981722	56976579	8000	56977722	-4000	4000	-1143
chr4	134197789	134205789	134200229	8000	134201789	-4000	4000	-1560
chr4	48982275	48990275	48988646	8000	48986275	-4000	4000	2371
chr4	117081576	117089576	117084712	8000	117085576	-4000	4000	-864
chr4	117081576	117089576	117084714	8000	117085576	-4000	4000	-862
chr4	76003509	76011509	76003518	8000	76007509	-4000	4000	-3991
chr4	117081576	117089576	117085073	8000	117085576	-4000	4000	-503
chr4	685271	693271	686630	8000	689271	-4000	4000	-2641
chr4	183316276	183324276	183319758	8000	183320276	-4000	4000	-518
chr4	109811510	109819510	109815972	8000	109815510	-4000	4000	462
chr4	154586745	154594745	154589543	8000	154590745	-4000	4000	-1202
chr4	89107533	89115533	89113753	8000	89111533	-4000	4000	2220
chr4	74095196	74103196	74099105	8000	74099196	-4000	4000	-91
chr4	83451855	83459855	83453885	8000	83455855	-4000	4000	-1970
chr4	83531914	83539914	83536653	8000	83535914	-4000	4000	739
chr4	133145294	133153294	133152090	8000	133149294	-4000	4000	2796
chr4	173526229	173534229	173528786	8000	173530229	-4000	4000	-1443
chr4	6636091	6644091	6640935	8000	6640091	-4000	4000	844
chr4	133145294	133153294	133151180	8000	133149294	-4000	4000	1886
chr4	70684532	70692532	70689236	8000	70688532	-4000	4000	704
chr4	103194445	103202445	103198325	8000	103198445	-4000	4000	-120
chr4	134197789	134205789	134200496	8000	134201789	-4000	4000	-1293
chr4	127876893	127884893	127881909	8000	127880893	-4000	4000	1016
chr4	685271	693271	685833	8000	689271	-4000	4000	-3438
chr4	70366093	70374093	70366709	8000	70370093	-4000	4000	-3384
chr4	100186782	100194782	100187776	8000	100190782	-4000	4000	-3006
chr4	133145294	133153294	133152842	8000	133149294	-4000	4000	3548
chr4	154487799	154495799	154489816	8000	154491799	-4000	4000	-1983
chr4	154608967	154616967	154612532	8000	154612967	-4000	4000	-435
chr4	68666652	68674652	68670492	8000	68670652	-4000	4000	-160
chr4	137528494	137536494	137530118	8000	137532494	-4000	4000	-2376
chr4	154608967	154616967	154611857	8000	154612967	-4000	4000	-1110
chr4	16894678	16902678	16898478	8000	16898678	-4000	4000	-200
chr4	47834106	47842106	47837924	8000	47838106	-4000	4000	-182
chr4	69276475	69284475	69280834	8000	69280475	-4000	4000	359
chr4	154487799	154495799	154489868	8000	154491799	-4000	4000	-1931
chr4	107985714	107993714	107989794	8000	107989714	-4000	4000	80
chr4	107716234	107724234	107720187	8000	107720234	-4000	4000	-47
chr4	2238121	2246121	2240542	8000	2242121	-4000	4000	-1579
chr4	119300445	119308445	119300483	8000	119304445	-4000	4000	-3962
chr4	70191725	70199725	70196547	8000	70195725	-4000	4000	822
chr4	16894678	16902678	16898549	8000	16898678	-4000	4000	-129
chr4	99946355	99954355	99946447	8000	99950355	-4000	4000	-3908
chr4	137528494	137536494	137531077	8000	137532494	-4000	4000	-1417
chr4	185421979	185429979	185429395	8000	185425979	-4000	4000	3416
chr4	121819883	121827883	121822607	8000	121823883	-4000	4000	-1276
chr4	4855665	4863665	4862698	8000	4859665	-4000	4000	3033
chr4	982895	990895	988932	8000	986895	-4000	4000	2037
chr4	133145294	133153294	133151023	8000	133149294	-4000	4000	1729
chr4	117081576	117089576	117084538	8000	117085576	-4000	4000	-1038
chr4	117081576	117089576	117084539	8000	117085576	-4000	4000	-1037
chr4	185391924	185399924	185396948	8000	185395924	-4000	4000	1024
chr4	89107533	89115533	89113094	8000	89111533	-4000	4000	1561
chr4	173526229	173534229	173528951	8000	173530229	-4000	4000	-1278
chr4	185421979	185429979	185422515	8000	185425979	-4000	4000	-3464
chr4	17806758	17814758	17811031	8000	17810758	-4000	4000	273
chr4	185391924	185399924	185396908	8000	185395924	-4000	4000	984
chr4	140520168	140528168	140525534	8000	140524168	-4000	4000	1366
chr4	6636091	6644091	6641147	8000	6640091	-4000	4000	1056
chr4	99946355	99954355	99948711	8000	99950355	-4000	4000	-1644
chr4	87418573	87426573	87422882	8000	87422573	-4000	4000	309
chr4	125310918	125318918	125317629	8000	125314918	-4000	4000	2711
chr4	41252413	41260413	41257140	8000	41256413	-4000	4000	727
chr4	1109564	1117564	1113419	8000	1113564	-4000	4000	-145
chr4	53373839	53381839	53377957	8000	53377839	-4000	4000	118
chr4	82426462	82434462	82429363	8000	82430462	-4000	4000	-1099
chr4	76019497	76027497	76022807	8000	76023497	-4000	4000	-690
chr4	154487799	154495799	154489567	8000	154491799	-4000	4000	-2232
chr4	4855665	4863665	4862758	8000	4859665	-4000	4000	3093
chr4	53362066	53370066	53366016	8000	53366066	-4000	4000	-50
chr4	154487799	154495799	154490678	8000	154491799	-4000	4000	-1121
chr4	173526229	173534229	173528979	8000	173530229	-4000	4000	-1250
chr4	6571189	6579189	6576637	8000	6575189	-4000	4000	1448
chr4	183316276	183324276	183318561	8000	183320276	-4000	4000	-1715
chr4	127962034	127970034	127965131	8000	127966034	-4000	4000	-903
chr4	125310918	125318918	125318273	8000	125314918	-4000	4000	3355
chr4	3037363	3045363	3037409	8000	3041363	-4000	4000	-3954
chr4	99946355	99954355	99948732	8000	99950355	-4000	4000	-1623
chr4	73254798	73262798	73258410	8000	73258798	-4000	4000	-388
chr4	73736541	73744541	73741670	8000	73740541	-4000	4000	1129
chr4	185391924	185399924	185399920	8000	185395924	-4000	4000	3996
chr4	186204979	186212979	186209194	8000	186208979	-4000	4000	215
chr4	154559011	154567011	154565966	8000	154563011	-4000	4000	2955
chr4	137528494	137536494	137530216	8000	137532494	-4000	4000	-2278
chr4	77153207	77161207	77159428	8000	77157207	-4000	4000	2221
chr4	70366093	70374093	70367074	8000	70370093	-4000	4000	-3019
chr4	69927068	69935068	69932549	8000	69931068	-4000	4000	1481
chr4	4855665	4863665	4862841	8000	4859665	-4000	4000	3176
chr4	17508206	17516206	17515502	8000	17512206	-4000	4000	3296
chr4	124708732	124716732	124710261	8000	124712732	-4000	4000	-2471
chr4	153785083	153793083	153788389	8000	153789083	-4000	4000	-694
chr4	40331333	40339333	40335873	8000	40335333	-4000	4000	540
chr4	76144444	76152444	76148388	8000	76148444	-4000	4000	-56
chr4	103194445	103202445	103194654	8000	103198445	-4000	4000	-3791
chr4	99348760	99356760	99352739	8000	99352760	-4000	4000	-21
chr4	138238349	138246349	138241798	8000	138242349	-4000	4000	-551
chr4	83331153	83339153	83334773	8000	83335153	-4000	4000	-380
chr4	133145294	133153294	133150251	8000	133149294	-4000	4000	957
chr4	185531507	185539507	185535432	8000	185535507	-4000	4000	-75
chr4	121797318	121805318	121801424	8000	121801318	-4000	4000	106
chr4	54060605	54068605	54064263	8000	54064605	-4000	4000	-342
chr4	70684532	70692532	70689300	8000	70688532	-4000	4000	768
chr4	117081576	117089576	117085071	8000	117085576	-4000	4000	-505
chr4	52858317	52866317	52865433	8000	52862317	-4000	4000	3116
chr4	76431229	76439229	76436017	8000	76435229	-4000	4000	788
chr4	2930834	2938834	2932461	8000	2934834	-4000	4000	-2373
chr4	165275679	165283679	165279458	8000	165279679	-4000	4000	-221
chr4	41931129	41939129	41938657	8000	41935129	-4000	4000	3528
chr4	98925133	98933133	98929157	8000	98929133	-4000	4000	24
chr4	98925133	98933133	98929265	8000	98929133	-4000	4000	132
chr4	87795554	87803554	87802669	8000	87799554	-4000	4000	3115
chr4	108164956	108172956	108166361	8000	108168956	-4000	4000	-2595
chr4	3762348	3770348	3767967	8000	3766348	-4000	4000	1619
chr4	186204979	186212979	186209199	8000	186208979	-4000	4000	220
chr4	74441136	74449136	74445386	8000	74445136	-4000	4000	250
chr4	134197789	134205789	134200855	8000	134201789	-4000	4000	-934
chr4	185139266	185147266	185145019	8000	185143266	-4000	4000	1753
chr4	87795554	87803554	87802402	8000	87799554	-4000	4000	2848
chr4	3037363	3045363	3038374	8000	3041363	-4000	4000	-2989
chr4	153462346	153470346	153467236	8000	153466346	-4000	4000	890
chr4	165275679	165283679	165278599	8000	165279679	-4000	4000	-1080
chr4	99946355	99954355	99948895	8000	99950355	-4000	4000	-1460
chr4	173330432	173338432	173333553	8000	173334432	-4000	4000	-879
chr4	17508206	17516206	17515477	8000	17512206	-4000	4000	3271
chr4	30716415	30724415	30722748	8000	30720415	-4000	4000	2333
chr4	76019497	76027497	76021716	8000	76023497	-4000	4000	-1781
chr4	110195199	110203199	110198350	8000	110199199	-4000	4000	-849
chr4	117081576	117089576	117084442	8000	117085576	-4000	4000	-1134
chr4	133145294	133153294	133150270	8000	133149294	-4000	4000	976
chr4	173330432	173338432	173331892	8000	173334432	-4000	4000	-2540
chr4	53362066	53370066	53365175	8000	53366066	-4000	4000	-891
chr4	16223410	16231410	16227477	8000	16227410	-4000	4000	67
chr4	70191725	70199725	70198066	8000	70195725	-4000	4000	2341
chr4	103194445	103202445	103195182	8000	103198445	-4000	4000	-3263
chr4	107716234	107724234	107720187	8000	107720234	-4000	4000	-47
chr4	121819883	121827883	121823592	8000	121823883	-4000	4000	-291
chr4	158719396	158727396	158723276	8000	158723396	-4000	4000	-120
chr4	99946355	99954355	99949720	8000	99950355	-4000	4000	-635
chr4	154608967	154616967	154612176	8000	154612967	-4000	4000	-791
chr4	74790523	74798523	74794539	8000	74794523	-4000	4000	16
chr4	84962690	84970690	84967044	8000	84966690	-4000	4000	354
chr4	118349003	118357003	118352329	8000	118353003	-4000	4000	-674
chr4	39454931	39462931	39457632	8000	39458931	-4000	4000	-1299
chr4	4244223	4252223	4247714	8000	4248223	-4000	4000	-509
chr4	134197789	134205789	134201095	8000	134201789	-4000	4000	-694
chr4	68666652	68674652	68668143	8000	68670652	-4000	4000	-2509
chr4	82794796	82802796	82798450	8000	82798796	-4000	4000	-346
chr4	44674420	44682420	44680531	8000	44678420	-4000	4000	2111
chr4	75720589	75728589	75724607	8000	75724589	-4000	4000	18
chr4	56431741	56439741	56436272	8000	56435741	-4000	4000	531
chr4	133145294	133153294	133152685	8000	133149294	-4000	4000	3391
chr4	109298752	109306752	109301731	8000	109302752	-4000	4000	-1021
chr4	44674420	44682420	44678667	8000	44678420	-4000	4000	247
chr4	56973722	56981722	56978956	8000	56977722	-4000	4000	1234
chr4	105891986	105899986	105895691	8000	105895986	-4000	4000	-295
chr4	113975727	113983727	113978603	8000	113979727	-4000	4000	-1124
chr4	165275679	165283679	165278493	8000	165279679	-4000	4000	-1186
chr4	182139987	182147987	182142806	8000	182143987	-4000	4000	-1181
chr4	1341691	1349691	1349557	8000	1345691	-4000	4000	3866
chr4	173365969	173373969	173373943	8000	173369969	-4000	4000	3974
chr4	73865393	73873393	73869693	8000	73869393	-4000	4000	300
chr4	109298752	109306752	109302027	8000	109302752	-4000	4000	-725
chr4	82426462	82434462	82427469	8000	82430462	-4000	4000	-2993
chr4	117081576	117089576	117085316	8000	117085576	-4000	4000	-260
chr4	68666652	68674652	68670586	8000	68670652	-4000	4000	-66
chr4	6712174	6720174	6716952	8000	6716174	-4000	4000	778
chr4	137528494	137536494	137531752	8000	137532494	-4000	4000	-742
chr4	56383508	56391508	56384226	8000	56387508	-4000	4000	-3282
chr4	44674420	44682420	44680841	8000	44678420	-4000	4000	2421
chr4	1245953	1253953	1250704	8000	1249953	-4000	4000	751
chr4	185139266	185147266	185144890	8000	185143266	-4000	4000	1624
chr4	109298752	109306752	109300622	8000	109302752	-4000	4000	-2130
chr4	173330432	173338432	173333614	8000	173334432	-4000	4000	-818
chr4	16894678	16902678	16898362	8000	16898678	-4000	4000	-316
chr4	82426462	82434462	82426531	8000	82430462	-4000	4000	-3931
chr4	89107533	89115533	89113707	8000	89111533	-4000	4000	2174
chr4	133145294	133153294	133152683	8000	133149294	-4000	4000	3389
chr4	154586745	154594745	154586796	8000	154590745	-4000	4000	-3949
chr4	173330432	173338432	173332946	8000	173334432	-4000	4000	-1486
chr4	127876893	127884893	127883457	8000	127880893	-4000	4000	2564
chr4	40331333	40339333	40337249	8000	40335333	-4000	4000	1916
chr4	53373839	53381839	53377708	8000	53377839	-4000	4000	-131
chr4	100186782	100194782	100187695	8000	100190782	-4000	4000	-3087
chr4	82426462	82434462	82429303	8000	82430462	-4000	4000	-1159
chr4	87795554	87803554	87802680	8000	87799554	-4000	4000	3126
chr4	40331333	40339333	40335840	8000	40335333	-4000	4000	507
chr4	108646585	108654585	108650654	8000	108650585	-4000	4000	69
chr4	10112949	10120949	10116131	8000	10116949	-4000	4000	-818
chr4	137528494	137536494	137532114	8000	137532494	-4000	4000	-380
chr4	117081576	117089576	117084488	8000	117085576	-4000	4000	-1088
chr4	173526229	173534229	173528627	8000	173530229	-4000	4000	-1602
chr4	6705865	6713865	6709558	8000	6709865	-4000	4000	-307
chr4	39454931	39462931	39460956	8000	39458931	-4000	4000	2025
chr4	53362066	53370066	53365171	8000	53366066	-4000	4000	-895
chr4	70684532	70692532	70689368	8000	70688532	-4000	4000	836
chr4	76302733	76310733	76309463	8000	76306733	-4000	4000	2730
chr4	77815615	77823615	77819368	8000	77819615	-4000	4000	-247
chr4	83451855	83459855	83455716	8000	83455855	-4000	4000	-139
chr4	98257384	98265384	98261533	8000	98261384	-4000	4000	149
chr4	99812827	99820827	99816847	8000	99816827	-4000	4000	20
chr4	99812827	99820827	99816978	8000	99816827	-4000	4000	151
chr4	99946355	99954355	99949108	8000	99950355	-4000	4000	-1247
chr4	105548620	105556620	105552714	8000	105552620	-4000	4000	94
chr4	109908883	109916883	109913313	8000	109912883	-4000	4000	430
chr4	120062858	120070858	120065684	8000	120066858	-4000	4000	-1174
chr4	121797318	121805318	121801479	8000	121801318	-4000	4000	161
chr4	125310918	125318918	125318877	8000	125314918	-4000	4000	3959
chr4	137528494	137536494	137531167	8000	137532494	-4000	4000	-1327
chr4	146518372	146526372	146521834	8000	146522372	-4000	4000	-538
chr4	150074445	150082445	150079259	8000	150078445	-4000	4000	814
chr4	158719396	158727396	158723387	8000	158723396	-4000	4000	-9
chr4	173526229	173534229	173528782	8000	173530229	-4000	4000	-1447
chr4	183655267	183663267	183655962	8000	183659267	-4000	4000	-3305
chr4	185139266	185147266	185144818	8000	185143266	-4000	4000	1552
chr4	189936870	189944870	189940899	8000	189940870	-4000	4000	29
chr4	189936870	189944870	189941056	8000	189940870	-4000	4000	186
chr4	189936870	189944870	189941057	8000	189940870	-4000	4000	187
chr4	48337529	48345529	48341832	8000	48341529	-4000	4000	303
chr4	4244223	4252223	4246221	8000	4248223	-4000	4000	-2002
chr4	25308774	25316774	25314082	8000	25312774	-4000	4000	1308
chr4	30716415	30724415	30722969	8000	30720415	-4000	4000	2554
chr4	30716415	30724415	30723175	8000	30720415	-4000	4000	2760
chr4	44674420	44682420	44680735	8000	44678420	-4000	4000	2315
chr4	70191725	70199725	70196540	8000	70195725	-4000	4000	815
chr4	73736541	73744541	73742644	8000	73740541	-4000	4000	2103
chr4	74095196	74103196	74098806	8000	74099196	-4000	4000	-390
chr4	82897166	82905166	82904750	8000	82901166	-4000	4000	3584
chr4	83331153	83339153	83334659	8000	83335153	-4000	4000	-494
chr4	87795554	87803554	87802523	8000	87799554	-4000	4000	2969
chr4	89107533	89115533	89112889	8000	89111533	-4000	4000	1356
chr4	89107533	89115533	89113274	8000	89111533	-4000	4000	1741
chr4	89107533	89115533	89114271	8000	89111533	-4000	4000	2738
chr4	100186782	100194782	100187735	8000	100190782	-4000	4000	-3047
chr4	100186782	100194782	100187868	8000	100190782	-4000	4000	-2914
chr4	105891986	105899986	105897925	8000	105895986	-4000	4000	1939
chr4	120062858	120070858	120066666	8000	120066858	-4000	4000	-192
chr4	121797318	121805318	121802783	8000	121801318	-4000	4000	1465
chr4	121819883	121827883	121820982	8000	121823883	-4000	4000	-2901
chr4	125310918	125318918	125317135	8000	125314918	-4000	4000	2217
chr4	125310918	125318918	125317843	8000	125314918	-4000	4000	2925
chr4	133145294	133153294	133150389	8000	133149294	-4000	4000	1095
chr4	134197789	134205789	134200488	8000	134201789	-4000	4000	-1301
chr4	134197789	134205789	134200711	8000	134201789	-4000	4000	-1078
chr4	154608967	154616967	154609992	8000	154612967	-4000	4000	-2975
chr4	158169318	158177318	158170374	8000	158173318	-4000	4000	-2944
chr4	185391924	185399924	185399825	8000	185395924	-4000	4000	3901
chr4	186204979	186212979	186210534	8000	186208979	-4000	4000	1555
chr4	75510764	75518764	75514234	8000	75514764	-4000	4000	-530
chr4	87795554	87803554	87802729	8000	87799554	-4000	4000	3175
chr4	137528494	137536494	137528805	8000	137532494	-4000	4000	-3689
chr4	157072125	157080125	157078104	8000	157076125	-4000	4000	1979
chr4	165275679	165283679	165277997	8000	165279679	-4000	4000	-1682
chr4	117081576	117089576	117085071	8000	117085576	-4000	4000	-505
chr4	25156550	25164550	25159100	8000	25160550	-4000	4000	-1450
chr4	83451855	83459855	83456015	8000	83455855	-4000	4000	160
chr4	145934823	145942823	145938446	8000	145938823	-4000	4000	-377
chr4	127876893	127884893	127883336	8000	127880893	-4000	4000	2443
chr4	6705865	6713865	6709594	8000	6709865	-4000	4000	-271
chr4	83008926	83016926	83010505	8000	83012926	-4000	4000	-2421
chr4	183440635	183448635	183446523	8000	183444635	-4000	4000	1888
chr4	121797318	121805318	121804658	8000	121801318	-4000	4000	3340
chr4	154608967	154616967	154612081	8000	154612967	-4000	4000	-886
chr4	77858830	77866830	77862671	8000	77862830	-4000	4000	-159
chr4	82426462	82434462	82429344	8000	82430462	-4000	4000	-1118
chr4	1245953	1253953	1252101	8000	1249953	-4000	4000	2148
chr4	30716415	30724415	30724241	8000	30720415	-4000	4000	3826
chr4	2037903	2045903	2043889	8000	2041903	-4000	4000	1986
chr4	154487799	154495799	154490624	8000	154491799	-4000	4000	-1175
chr4	53362066	53370066	53365453	8000	53366066	-4000	4000	-613
chr4	2930834	2938834	2932605	8000	2934834	-4000	4000	-2229
chr4	88519776	88527776	88521770	8000	88523776	-4000	4000	-2006
chr4	99946355	99954355	99948895	8000	99950355	-4000	4000	-1460
chr4	133145294	133153294	133151253	8000	133149294	-4000	4000	1959
chr4	137528494	137536494	137531536	8000	137532494	-4000	4000	-958
chr4	173526229	173534229	173528906	8000	173530229	-4000	4000	-1323
chr4	119300445	119308445	119300582	8000	119304445	-4000	4000	-3863
chr4	183316276	183324276	183319606	8000	183320276	-4000	4000	-670
chr4	52858317	52866317	52863303	8000	52862317	-4000	4000	986
chr4	165203561	165211561	165210056	8000	165207561	-4000	4000	2495
chr4	99946355	99954355	99948571	8000	99950355	-4000	4000	-1784
chr4	119300445	119308445	119300538	8000	119304445	-4000	4000	-3907
chr4	133145294	133153294	133151740	8000	133149294	-4000	4000	2446
chr4	154608967	154616967	154610143	8000	154612967	-4000	4000	-2824
chr4	173526229	173534229	173527029	8000	173530229	-4000	4000	-3200
chr4	74095196	74103196	74097611	8000	74099196	-4000	4000	-1585
chr4	134197789	134205789	134200560	8000	134201789	-4000	4000	-1229
chr4	25308774	25316774	25314084	8000	25312774	-4000	4000	1310
chr4	133145294	133153294	133152414	8000	133149294	-4000	4000	3120
chr4	173526229	173534229	173528750	8000	173530229	-4000	4000	-1479
chr4	104490901	104498901	104490925	8000	104494901	-4000	4000	-3976
chr4	99946355	99954355	99950220	8000	99950355	-4000	4000	-135
chr4	2930834	2938834	2938834	8000	2934834	-4000	4000	4000
chr4	30716415	30724415	30723739	8000	30720415	-4000	4000	3324
chr4	133145294	133153294	133152765	8000	133149294	-4000	4000	3471
chr4	89107533	89115533	89114472	8000	89111533	-4000	4000	2939
chr4	56973722	56981722	56976610	8000	56977722	-4000	4000	-1112
chr4	100186782	100194782	100189977	8000	100190782	-4000	4000	-805
chr4	83451855	83459855	83456083	8000	83455855	-4000	4000	228
chr4	74095196	74103196	74098799	8000	74099196	-4000	4000	-397
chr4	89107533	89115533	89113729	8000	89111533	-4000	4000	2196
chr4	49286	57286	53340	8000	53286	-4000	4000	54
chr4	13540508	13548508	13542187	8000	13544508	-4000	4000	-2321
chr4	67554727	67562727	67558848	8000	67558727	-4000	4000	121
chr4	118681392	118689392	118687925	8000	118685392	-4000	4000	2533
chr4	56903876	56911876	56911416	8000	56907876	-4000	4000	3540
chr4	6636091	6644091	6641222	8000	6640091	-4000	4000	1131
chr4	53362066	53370066	53365659	8000	53366066	-4000	4000	-407
chr4	73736541	73744541	73742593	8000	73740541	-4000	4000	2052
chr4	76431229	76439229	76436068	8000	76435229	-4000	4000	839
chr4	117081576	117089576	117085071	8000	117085576	-4000	4000	-505
chr4	117081576	117089576	117085073	8000	117085576	-4000	4000	-503
chr4	133145294	133153294	133150981	8000	133149294	-4000	4000	1687
chr4	154608967	154616967	154612169	8000	154612967	-4000	4000	-798
chr4	143180917	143188917	143187916	8000	143184917	-4000	4000	2999
chr4	134197789	134205789	134200744	8000	134201789	-4000	4000	-1045
chr4	20247905	20255905	20253984	8000	20251905	-4000	4000	2079
chr4	76019497	76027497	76022797	8000	76023497	-4000	4000	-700
chr4	88693829	88701829	88697511	8000	88697829	-4000	4000	-318
chr4	125310918	125318918	125317351	8000	125314918	-4000	4000	2433
chr4	133145294	133153294	133151032	8000	133149294	-4000	4000	1738
chr4	133145294	133153294	133152083	8000	133149294	-4000	4000	2789
chr4	143180917	143188917	143185673	8000	143184917	-4000	4000	756
chr4	21944772	21952772	21948723	8000	21948772	-4000	4000	-49
chr4	165275679	165283679	165278541	8000	165279679	-4000	4000	-1138
chr4	48982275	48990275	48988496	8000	48986275	-4000	4000	2221
chr4	158169318	158177318	158170366	8000	158173318	-4000	4000	-2952
chr5	141168644	141176644	141173798	8000	141172644	-4000	4000	1154
chr5	69185574	69193574	69189588	8000	69189574	-4000	4000	14
chr5	141178387	141186387	141179421	8000	141182387	-4000	4000	-2966
chr5	161843063	161851063	161850753	8000	161847063	-4000	4000	3690
chr5	174041706	174049706	174046810	8000	174045706	-4000	4000	1104
chr5	53476626	53484626	53483022	8000	53480626	-4000	4000	2396
chr5	69365293	69373293	69366613	8000	69369293	-4000	4000	-2680
chr5	69365293	69373293	69366721	8000	69369293	-4000	4000	-2572
chr5	93579222	93587222	93585401	8000	93583222	-4000	4000	2179
chr5	139386081	139394081	139387847	8000	139390081	-4000	4000	-2234
chr5	141090606	141098606	141095223	8000	141094606	-4000	4000	617
chr5	141146057	141154057	141150682	8000	141150057	-4000	4000	625
chr5	150109372	150117372	150115873	8000	150113372	-4000	4000	2501
chr5	141096473	141104473	141103096	8000	141100473	-4000	4000	2623
chr5	32440740	32448740	32444238	8000	32444740	-4000	4000	-502
chr5	69163135	69171135	69167092	8000	69167135	-4000	4000	-43
chr5	95818726	95826726	95822736	8000	95822726	-4000	4000	10
chr5	132862630	132870630	132864248	8000	132866630	-4000	4000	-2382
chr5	138461479	138469479	138467594	8000	138465479	-4000	4000	2115
chr5	140553677	140561677	140558672	8000	140557677	-4000	4000	995
chr5	141146057	141154057	141151624	8000	141150057	-4000	4000	1567
chr5	141188353	141196353	141189797	8000	141192353	-4000	4000	-2556
chr5	141632950	141640950	141635015	8000	141636950	-4000	4000	-1935
chr5	177507274	177515274	177512144	8000	177511274	-4000	4000	870
chr5	91379317	91387317	91383044	8000	91383317	-4000	4000	-273
chr5	139380553	139388553	139381977	8000	139384553	-4000	4000	-2576
chr5	156846295	156854295	156850719	8000	156850295	-4000	4000	424
chr5	140782136	140790136	140788188	8000	140786136	-4000	4000	2052
chr5	141178387	141186387	141178771	8000	141182387	-4000	4000	-3616
chr5	141209919	141217919	141214860	8000	141213919	-4000	4000	941
chr5	141168644	141176644	141174126	8000	141172644	-4000	4000	1482
chr5	62399943	62407943	62403327	8000	62403943	-4000	4000	-616
chr5	141326514	141334514	141332923	8000	141330514	-4000	4000	2409
chr5	34911677	34919677	34914861	8000	34915677	-4000	4000	-816
chr5	155009755	155017755	155016591	8000	155013755	-4000	4000	2836
chr5	129900465	129908465	129908287	8000	129904465	-4000	4000	3822
chr5	141168644	141176644	141174508	8000	141172644	-4000	4000	1864
chr5	138461479	138469479	138467637	8000	138465479	-4000	4000	2158
chr5	138334355	138342355	138341837	8000	138338355	-4000	4000	3482
chr5	159206053	159214053	159207536	8000	159210053	-4000	4000	-2517
chr5	140694680	140702680	140696995	8000	140698680	-4000	4000	-1685
chr5	2747677	2755677	2755114	8000	2751677	-4000	4000	3437
chr5	140039299	140047299	140042474	8000	140043299	-4000	4000	-825
chr5	141954328	141962328	141956360	8000	141958328	-4000	4000	-1968
chr5	74636023	74644023	74636094	8000	74640023	-4000	4000	-3929
chr5	81747797	81755797	81751010	8000	81751797	-4000	4000	-787
chr5	40837308	40845308	40843710	8000	40841308	-4000	4000	2402
chr5	14867778	14875778	14871460	8000	14871778	-4000	4000	-318
chr5	141678230	141686230	141680211	8000	141682230	-4000	4000	-2019
chr5	7865037	7873037	7867743	8000	7869037	-4000	4000	-1294
chr5	55098646	55106646	55102731	8000	55102646	-4000	4000	85
chr5	141209919	141217919	141216873	8000	141213919	-4000	4000	2954
chr5	141195610	141203610	141199724	8000	141199610	-4000	4000	114
chr5	141195610	141203610	141200275	8000	141199610	-4000	4000	665
chr5	140687537	140695537	140691322	8000	140691537	-4000	4000	-215
chr5	140782136	140790136	140786740	8000	140786136	-4000	4000	604
chr5	140121937	140129937	140126983	8000	140125937	-4000	4000	1046
chr5	176384927	176392927	176389328	8000	176388927	-4000	4000	401
chr5	177299799	177307799	177307789	8000	177303799	-4000	4000	3990
chr5	439175	447175	446214	8000	443175	-4000	4000	3039
chr5	141195610	141203610	141201858	8000	141199610	-4000	4000	2248
chr5	140121937	140129937	140127559	8000	140125937	-4000	4000	1622
chr5	141090606	141098606	141096042	8000	141094606	-4000	4000	1436
chr5	888884	896884	889702	8000	892884	-4000	4000	-3182
chr5	129456281	129464281	129461717	8000	129460281	-4000	4000	1436
chr5	161545044	161553044	161546674	8000	161549044	-4000	4000	-2370
chr5	161843063	161851063	161850724	8000	161847063	-4000	4000	3661
chr5	176384927	176392927	176386624	8000	176388927	-4000	4000	-2303
chr5	129900465	129908465	129908211	8000	129904465	-4000	4000	3746
chr5	135575279	135583279	135578510	8000	135579279	-4000	4000	-769
chr5	138461479	138469479	138466935	8000	138465479	-4000	4000	1456
chr5	150755095	150763095	150756422	8000	150759095	-4000	4000	-2673
chr5	177299799	177307799	177303985	8000	177303799	-4000	4000	186
chr5	141326514	141334514	141330817	8000	141330514	-4000	4000	303
chr5	141117818	141125818	141122542	8000	141121818	-4000	4000	724
chr5	34914989	34922989	34915715	8000	34918989	-4000	4000	-3274
chr5	54306582	54314582	54310486	8000	54310582	-4000	4000	-96
chr5	56905260	56913260	56911442	8000	56909260	-4000	4000	2182
chr5	112857188	112865188	112864513	8000	112861188	-4000	4000	3325
chr5	141209919	141217919	141215932	8000	141213919	-4000	4000	2013
chr5	141678230	141686230	141680231	8000	141682230	-4000	4000	-1999
chr5	141316784	141324784	141318676	8000	141320784	-4000	4000	-2108
chr5	888884	896884	896792	8000	892884	-4000	4000	3908
chr5	140782136	140790136	140787376	8000	140786136	-4000	4000	1240
chr5	141204697	141212697	141209171	8000	141208697	-4000	4000	474
chr5	141326514	141334514	141331434	8000	141330514	-4000	4000	920
chr5	141632950	141640950	141640312	8000	141636950	-4000	4000	3362
chr5	148822611	148830611	148827146	8000	148826611	-4000	4000	535
chr5	141195610	141203610	141201306	8000	141199610	-4000	4000	1696
chr5	141096473	141104473	141102971	8000	141100473	-4000	4000	2498
chr5	132862630	132870630	132864510	8000	132866630	-4000	4000	-2120
chr5	140643058	140651058	140647588	8000	140647058	-4000	4000	530
chr5	141168644	141176644	141176369	8000	141172644	-4000	4000	3725
chr5	141178387	141186387	141183486	8000	141182387	-4000	4000	1099
chr5	141146057	141154057	141152381	8000	141150057	-4000	4000	2324
chr5	141209919	141217919	141211036	8000	141213919	-4000	4000	-2883
chr5	62574819	62582819	62580232	8000	62578819	-4000	4000	1413
chr5	138461479	138469479	138465791	8000	138465479	-4000	4000	312
chr5	81297587	81305587	81304845	8000	81301587	-4000	4000	3258
chr5	141178387	141186387	141180422	8000	141182387	-4000	4000	-1965
chr5	177347668	177355668	177351542	8000	177351668	-4000	4000	-126
chr5	16932288	16940288	16935790	8000	16936288	-4000	4000	-498
chr5	73561667	73569667	73569604	8000	73565667	-4000	4000	3937
chr5	79232131	79240131	79237680	8000	79236131	-4000	4000	1549
chr5	96430143	96438143	96432896	8000	96434143	-4000	4000	-1247
chr5	139400089	139408089	139401771	8000	139404089	-4000	4000	-2318
chr5	140397908	140405908	140402256	8000	140401908	-4000	4000	348
chr5	141326514	141334514	141330824	8000	141330514	-4000	4000	310
chr5	141188353	141196353	141193897	8000	141192353	-4000	4000	1544
chr5	177512961	177520961	177515193	8000	177516961	-4000	4000	-1768
chr5	141178387	141186387	141185021	8000	141182387	-4000	4000	2634
chr5	176443628	176451628	176448472	8000	176447628	-4000	4000	844
chr5	37367106	37375106	37370951	8000	37371106	-4000	4000	-155
chr5	141117818	141125818	141123379	8000	141121818	-4000	4000	1561
chr5	140553677	140561677	140560315	8000	140557677	-4000	4000	2638
chr5	35613844	35621844	35617979	8000	35617844	-4000	4000	135
chr5	177347668	177355668	177351491	8000	177351668	-4000	4000	-177
chr5	141326514	141334514	141330908	8000	141330514	-4000	4000	394
chr5	141188353	141196353	141188564	8000	141192353	-4000	4000	-3789
chr5	58456139	58464139	58458402	8000	58460139	-4000	4000	-1737
chr5	6374571	6382571	6378484	8000	6378571	-4000	4000	-87
chr5	141178387	141186387	141184812	8000	141182387	-4000	4000	2425
chr5	65621975	65629975	65629574	8000	65625975	-4000	4000	3599
chr5	154934211	154942211	154937181	8000	154938211	-4000	4000	-1030
chr5	177127830	177135830	177135355	8000	177131830	-4000	4000	3525
chr5	178200533	178208533	178207109	8000	178204533	-4000	4000	2576
chr5	141168644	141176644	141173460	8000	141172644	-4000	4000	816
chr5	141168644	141176644	141174813	8000	141172644	-4000	4000	2169
chr5	439175	447175	446186	8000	443175	-4000	4000	3011
chr5	141188353	141196353	141194874	8000	141192353	-4000	4000	2521
chr5	141647418	141655418	141654360	8000	141651418	-4000	4000	2942
chr5	141195610	141203610	141200529	8000	141199610	-4000	4000	919
chr5	6374571	6382571	6378513	8000	6378571	-4000	4000	-58
chr5	140782136	140790136	140788036	8000	140786136	-4000	4000	1900
chr5	71451651	71459651	71458641	8000	71455651	-4000	4000	2990
chr5	178626615	178634615	178627007	8000	178630615	-4000	4000	-3608
chr5	141209919	141217919	141210430	8000	141213919	-4000	4000	-3489
chr5	141117818	141125818	141124282	8000	141121818	-4000	4000	2464
chr5	32170319	32178319	32173822	8000	32174319	-4000	4000	-497
chr5	132862630	132870630	132864551	8000	132866630	-4000	4000	-2079
chr5	141131206	141139206	141136316	8000	141135206	-4000	4000	1110
chr5	54306582	54314582	54310559	8000	54310582	-4000	4000	-23
chr5	122839439	122847439	122845664	8000	122843439	-4000	4000	2225
chr5	146443311	146451311	146447345	8000	146447311	-4000	4000	34
chr5	156846295	156854295	156850621	8000	156850295	-4000	4000	326
chr5	156846295	156854295	156850718	8000	156850295	-4000	4000	423
chr5	156846295	156854295	156850951	8000	156850295	-4000	4000	656
chr5	177512961	177520961	177515945	8000	177516961	-4000	4000	-1016
chr5	177512961	177520961	177516185	8000	177516961	-4000	4000	-776
chr5	141096473	141104473	141100645	8000	141100473	-4000	4000	172
chr5	141096473	141104473	141101237	8000	141100473	-4000	4000	764
chr5	65718205	65726205	65720753	8000	65722205	-4000	4000	-1452
chr5	141131206	141139206	141137480	8000	141135206	-4000	4000	2274
chr5	79685836	79693836	79685856	8000	79689836	-4000	4000	-3980
chr5	141146057	141154057	141151263	8000	141150057	-4000	4000	1206
chr5	141090606	141098606	141096506	8000	141094606	-4000	4000	1900
chr5	141954328	141962328	141955372	8000	141958328	-4000	4000	-2956
chr5	138327935	138335935	138331195	8000	138331935	-4000	4000	-740
chr5	141178387	141186387	141184995	8000	141182387	-4000	4000	2608
chr5	140560446	140568446	140564389	8000	140564446	-4000	4000	-57
chr5	140560446	140568446	140564390	8000	140564446	-4000	4000	-56
chr5	141326514	141334514	141332754	8000	141330514	-4000	4000	2240
chr5	139386081	139394081	139393614	8000	139390081	-4000	4000	3533
chr5	34914989	34922989	34915786	8000	34918989	-4000	4000	-3203
chr5	132862630	132870630	132866830	8000	132866630	-4000	4000	200
chr5	141146057	141154057	141151910	8000	141150057	-4000	4000	1853
chr5	141131206	141139206	141137765	8000	141135206	-4000	4000	2559
chr5	141188353	141196353	141193773	8000	141192353	-4000	4000	1420
chr5	40794374	40802374	40798086	8000	40798374	-4000	4000	-288
chr5	141131206	141139206	141136515	8000	141135206	-4000	4000	1309
chr5	155009755	155017755	155016422	8000	155013755	-4000	4000	2667
chr5	78290698	78298698	78294478	8000	78294698	-4000	4000	-220
chr5	40794374	40802374	40798076	8000	40798374	-4000	4000	-298
chr5	36147887	36155887	36152895	8000	36151887	-4000	4000	1008
chr5	7865037	7873037	7869137	8000	7869037	-4000	4000	100
chr5	141326514	141334514	141332256	8000	141330514	-4000	4000	1742
chr5	100531374	100539374	100535929	8000	100535374	-4000	4000	555
chr5	140643058	140651058	140643929	8000	140647058	-4000	4000	-3129
chr5	160341396	160349396	160349205	8000	160345396	-4000	4000	3809
chr5	141146057	141154057	141150195	8000	141150057	-4000	4000	138
chr5	87263883	87271883	87268816	8000	87267883	-4000	4000	933
chr5	132743426	132751426	132751145	8000	132747426	-4000	4000	3719
chr5	141195610	141203610	141200050	8000	141199610	-4000	4000	440
chr5	141146057	141154057	141151092	8000	141150057	-4000	4000	1035
chr5	154934211	154942211	154937970	8000	154938211	-4000	4000	-241
chr5	155009755	155017755	155014247	8000	155013755	-4000	4000	492
chr5	34914989	34922989	34922885	8000	34918989	-4000	4000	3896
chr5	141178387	141186387	141183245	8000	141182387	-4000	4000	858
chr5	141178387	141186387	141184680	8000	141182387	-4000	4000	2293
chr5	149137483	149145483	149142025	8000	149141483	-4000	4000	542
chr5	161545044	161553044	161546674	8000	161549044	-4000	4000	-2370
chr5	177588203	177596203	177593652	8000	177592203	-4000	4000	1449
chr5	141178387	141186387	141182764	8000	141182387	-4000	4000	377
chr5	141178387	141186387	141184717	8000	141182387	-4000	4000	2330
chr5	141678230	141686230	141680490	8000	141682230	-4000	4000	-1740
chr5	140635435	140643435	140643031	8000	140639435	-4000	4000	3596
chr5	141096473	141104473	141102368	8000	141100473	-4000	4000	1895
chr5	138135443	138143443	138140838	8000	138139443	-4000	4000	1395
chr5	139440491	139448491	139442474	8000	139444491	-4000	4000	-2017
chr5	141209919	141217919	141215855	8000	141213919	-4000	4000	1936
chr5	141326514	141334514	141332360	8000	141330514	-4000	4000	1846
chr5	138174953	138182953	138179666	8000	138178953	-4000	4000	713
chr5	78290698	78298698	78294541	8000	78294698	-4000	4000	-157
chr5	141146057	141154057	141152490	8000	141150057	-4000	4000	2433
chr5	7865037	7873037	7867534	8000	7869037	-4000	4000	-1503
chr5	157138869	157146869	157138923	8000	157142869	-4000	4000	-3946
chr5	141209919	141217919	141215968	8000	141213919	-4000	4000	2049
chr5	44385706	44393706	44388426	8000	44389706	-4000	4000	-1280
chr5	141178387	141186387	141184903	8000	141182387	-4000	4000	2516
chr5	171415647	171423647	171420434	8000	171419647	-4000	4000	787
chr5	177299799	177307799	177305717	8000	177303799	-4000	4000	1918
chr5	141209919	141217919	141215657	8000	141213919	-4000	4000	1738
chr5	62574819	62582819	62580039	8000	62578819	-4000	4000	1220
chr5	107666937	107674937	107670629	8000	107670937	-4000	4000	-308
chr5	141178387	141186387	141183261	8000	141182387	-4000	4000	874
chr5	141209919	141217919	141215599	8000	141213919	-4000	4000	1680
chr5	141326514	141334514	141331136	8000	141330514	-4000	4000	622
chr5	139478935	139486935	139481156	8000	139482935	-4000	4000	-1779
chr5	44385706	44393706	44388647	8000	44389706	-4000	4000	-1059
chr5	71451651	71459651	71458663	8000	71455651	-4000	4000	3012
chr5	141090606	141098606	141097050	8000	141094606	-4000	4000	2444
chr5	69213760	69221760	69217823	8000	69217760	-4000	4000	63
chr5	141183127	141191127	141187586	8000	141187127	-4000	4000	459
chr5	141146057	141154057	141151992	8000	141150057	-4000	4000	1935
chr5	141131206	141139206	141137012	8000	141135206	-4000	4000	1806
chr5	140643058	140651058	140647481	8000	140647058	-4000	4000	423
chr5	141209919	141217919	141210038	8000	141213919	-4000	4000	-3881
chr5	76619413	76627413	76623253	8000	76623413	-4000	4000	-160
chr5	110734956	110742956	110739119	8000	110738956	-4000	4000	163
chr5	141117818	141125818	141123660	8000	141121818	-4000	4000	1842
chr5	157727420	157735420	157734742	8000	157731420	-4000	4000	3322
chr5	140782136	140790136	140787795	8000	140786136	-4000	4000	1659
chr5	141178387	141186387	141179538	8000	141182387	-4000	4000	-2849
chr5	177347668	177355668	177351808	8000	177351668	-4000	4000	140
chr5	140782136	140790136	140787831	8000	140786136	-4000	4000	1695
chr5	155009755	155017755	155015988	8000	155013755	-4000	4000	2233
chr5	141131206	141139206	141136503	8000	141135206	-4000	4000	1297
chr5	141209919	141217919	141214876	8000	141213919	-4000	4000	957
chr5	141615055	141623055	141621171	8000	141619055	-4000	4000	2116
chr5	141188353	141196353	141193670	8000	141192353	-4000	4000	1317
chr5	73561667	73569667	73562779	8000	73565667	-4000	4000	-2888
chr5	155009755	155017755	155014560	8000	155013755	-4000	4000	805
chr5	16461800	16469800	16463684	8000	16465800	-4000	4000	-2116
chr5	163456102	163464102	163457609	8000	163460102	-4000	4000	-2493
chr5	140643058	140651058	140644701	8000	140647058	-4000	4000	-2357
chr5	140782136	140790136	140788365	8000	140786136	-4000	4000	2229
chr5	40837308	40845308	40841659	8000	40841308	-4000	4000	351
chr5	141188353	141196353	141193103	8000	141192353	-4000	4000	750
chr5	83073498	83081498	83077318	8000	83077498	-4000	4000	-180
chr5	15496180	15504180	15500685	8000	15500180	-4000	4000	505
chr5	141178387	141186387	141179343	8000	141182387	-4000	4000	-3044
chr5	141209919	141217919	141210962	8000	141213919	-4000	4000	-2957
chr5	141178387	141186387	141184796	8000	141182387	-4000	4000	2409
chr5	181257150	181265150	181260132	8000	181261150	-4000	4000	-1018
chr5	177512961	177520961	177515725	8000	177516961	-4000	4000	-1236
chr5	134734495	134742495	134738564	8000	134738495	-4000	4000	69
chr5	141168644	141176644	141173569	8000	141172644	-4000	4000	925
chr5	141209919	141217919	141210180	8000	141213919	-4000	4000	-3739
chr5	155009755	155017755	155014681	8000	155013755	-4000	4000	926
chr5	140782136	140790136	140787981	8000	140786136	-4000	4000	1845
chr5	141117818	141125818	141122543	8000	141121818	-4000	4000	725
chr5	10245897	10253897	10250557	8000	10249897	-4000	4000	660
chr5	133022604	133030604	133026549	8000	133026604	-4000	4000	-55
chr5	141195610	141203610	141201994	8000	141199610	-4000	4000	2384
chr5	141096473	141104473	141101204	8000	141100473	-4000	4000	731
chr5	141209919	141217919	141216586	8000	141213919	-4000	4000	2667
chr5	53476626	53484626	53483721	8000	53480626	-4000	4000	3095
chr5	141178387	141186387	141179576	8000	141182387	-4000	4000	-2811
chr5	157138869	157146869	157139059	8000	157142869	-4000	4000	-3810
chr5	40831222	40839222	40835199	8000	40835222	-4000	4000	-23
chr5	122074413	122082413	122075441	8000	122078413	-4000	4000	-2972
chr5	140782136	140790136	140787786	8000	140786136	-4000	4000	1650
chr5	141090606	141098606	141095831	8000	141094606	-4000	4000	1225
chr5	141195610	141203610	141201562	8000	141199610	-4000	4000	1952
chr5	122074413	122082413	122077509	8000	122078413	-4000	4000	-904
chr5	141188353	141196353	141192784	8000	141192353	-4000	4000	431
chr5	141090606	141098606	141094673	8000	141094606	-4000	4000	67
chr5	141117818	141125818	141122922	8000	141121818	-4000	4000	1104
chr5	36147887	36155887	36152144	8000	36151887	-4000	4000	257
chr5	141209919	141217919	141210695	8000	141213919	-4000	4000	-3224
chr5	141178387	141186387	141184962	8000	141182387	-4000	4000	2575
chr5	58456139	58464139	58456558	8000	58460139	-4000	4000	-3581
chr5	132862630	132870630	132864567	8000	132866630	-4000	4000	-2063
chr5	137732089	137740089	137735793	8000	137736089	-4000	4000	-296
chr5	140782136	140790136	140787087	8000	140786136	-4000	4000	951
chr5	141096473	141104473	141103073	8000	141100473	-4000	4000	2600
chr5	150697077	150705077	150701078	8000	150701077	-4000	4000	1
chr5	172767195	172775195	172768584	8000	172771195	-4000	4000	-2611
chr5	177493606	177501606	177496432	8000	177497606	-4000	4000	-1174
chr5	137750363	137758363	137753821	8000	137754363	-4000	4000	-542
chr5	141326514	141334514	141331168	8000	141330514	-4000	4000	654
chr5	41506628	41514628	41510519	8000	41510628	-4000	4000	-109
chr5	69213760	69221760	69218078	8000	69217760	-4000	4000	318
chr5	141326514	141334514	141333040	8000	141330514	-4000	4000	2526
chr5	177399204	177407204	177405168	8000	177403204	-4000	4000	1964
chr5	72812312	72820312	72816710	8000	72816312	-4000	4000	398
chr5	141168644	141176644	141175116	8000	141172644	-4000	4000	2472
chr5	141632950	141640950	141640384	8000	141636950	-4000	4000	3434
chr5	168525305	168533305	168530366	8000	168529305	-4000	4000	1061
chr5	141919855	141927855	141923824	8000	141923855	-4000	4000	-31
chr5	178149894	178157894	178153852	8000	178153894	-4000	4000	-42
chr5	141090606	141098606	141095160	8000	141094606	-4000	4000	554
chr5	115176546	115184546	115180220	8000	115180546	-4000	4000	-326
chr5	140560446	140568446	140562866	8000	140564446	-4000	4000	-1580
chr5	177299799	177307799	177301937	8000	177303799	-4000	4000	-1862
chr5	132869444	132877444	132874033	8000	132873444	-4000	4000	589
chr5	141954328	141962328	141957830	8000	141958328	-4000	4000	-498
chr5	159095916	159103916	159096466	8000	159099916	-4000	4000	-3450
chr5	140635435	140643435	140642637	8000	140639435	-4000	4000	3202
chr5	140660868	140668868	140668320	8000	140664868	-4000	4000	3452
chr5	140687537	140695537	140691249	8000	140691537	-4000	4000	-288
chr5	55156167	55164167	55164108	8000	55160167	-4000	4000	3941
chr5	115837592	115845592	115841240	8000	115841592	-4000	4000	-352
chr5	141090606	141098606	141095505	8000	141094606	-4000	4000	899
chr5	141188353	141196353	141189572	8000	141192353	-4000	4000	-2781
chr5	141632950	141640950	141639698	8000	141636950	-4000	4000	2748
chr5	141919855	141927855	141923909	8000	141923855	-4000	4000	54
chr5	148822611	148830611	148828444	8000	148826611	-4000	4000	1833
chr5	173324447	173332447	173328411	8000	173328447	-4000	4000	-36
chr5	178149894	178157894	178153815	8000	178153894	-4000	4000	-79
chr5	141326514	141334514	141331660	8000	141330514	-4000	4000	1146
chr5	142766377	142774377	142770910	8000	142770377	-4000	4000	533
chr5	141178387	141186387	141180341	8000	141182387	-4000	4000	-2046
chr5	141188353	141196353	141193415	8000	141192353	-4000	4000	1062
chr5	55169177	55177177	55170696	8000	55173177	-4000	4000	-2481
chr5	95818726	95826726	95822510	8000	95822726	-4000	4000	-216
chr5	136128845	136136845	136133801	8000	136132845	-4000	4000	956
chr5	173324447	173332447	173328411	8000	173328447	-4000	4000	-36
chr5	137883968	137891968	137890482	8000	137887968	-4000	4000	2514
chr5	141188353	141196353	141188387	8000	141192353	-4000	4000	-3966
chr5	132869444	132877444	132875583	8000	132873444	-4000	4000	2139
chr5	141096473	141104473	141101966	8000	141100473	-4000	4000	1493
chr5	112857188	112865188	112861340	8000	112861188	-4000	4000	152
chr5	141090606	141098606	141095302	8000	141094606	-4000	4000	696
chr5	87408930	87416930	87412837	8000	87412930	-4000	4000	-93
chr5	177512961	177520961	177515946	8000	177516961	-4000	4000	-1015
chr5	141209919	141217919	141210289	8000	141213919	-4000	4000	-3630
chr5	139386081	139394081	139392337	8000	139390081	-4000	4000	2256
chr5	138135443	138143443	138139948	8000	138139443	-4000	4000	505
chr5	140643058	140651058	140645663	8000	140647058	-4000	4000	-1395
chr5	140299113	140307113	140300573	8000	140303113	-4000	4000	-2540
chr5	112918289	112926289	112922230	8000	112922289	-4000	4000	-59
chr5	140560446	140568446	140567539	8000	140564446	-4000	4000	3093
chr5	43553758	43561758	43555939	8000	43557758	-4000	4000	-1819
chr5	173884349	173892349	173890750	8000	173888349	-4000	4000	2401
chr5	31528287	31536287	31532339	8000	31532287	-4000	4000	52
chr5	56905260	56913260	56911520	8000	56909260	-4000	4000	2260
chr5	141188353	141196353	141194076	8000	141192353	-4000	4000	1723
chr5	141178387	141186387	141179726	8000	141182387	-4000	4000	-2661
chr5	34914989	34922989	34922960	8000	34918989	-4000	4000	3971
chr5	100899282	100907282	100902859	8000	100903282	-4000	4000	-423
chr5	140553677	140561677	140560660	8000	140557677	-4000	4000	2983
chr5	155009755	155017755	155013962	8000	155013755	-4000	4000	207
chr5	140694680	140702680	140697678	8000	140698680	-4000	4000	-1002
chr5	141131206	141139206	141137480	8000	141135206	-4000	4000	2274
chr5	55169177	55177177	55170653	8000	55173177	-4000	4000	-2524
chr5	141090606	141098606	141095661	8000	141094606	-4000	4000	1055
chr5	172979771	172987771	172983870	8000	172983771	-4000	4000	99
chr5	140342603	140350603	140346061	8000	140346603	-4000	4000	-542
chr5	140299113	140307113	140303047	8000	140303113	-4000	4000	-66
chr5	181257150	181265150	181260237	8000	181261150	-4000	4000	-913
chr5	7865037	7873037	7867444	8000	7869037	-4000	4000	-1593
chr5	138571675	138579675	138573848	8000	138575675	-4000	4000	-1827
chr5	177512961	177520961	177515965	8000	177516961	-4000	4000	-996
chr5	15496180	15504180	15500566	8000	15500180	-4000	4000	386
chr5	141326514	141334514	141332704	8000	141330514	-4000	4000	2190
chr5	65559236	65567236	65563319	8000	65563236	-4000	4000	83
chr5	65559236	65567236	65563320	8000	65563236	-4000	4000	84
chr5	141195610	141203610	141201136	8000	141199610	-4000	4000	1526
chr5	176384927	176392927	176385285	8000	176388927	-4000	4000	-3642
chr5	141146057	141154057	141150792	8000	141150057	-4000	4000	735
chr5	2747677	2755677	2748638	8000	2751677	-4000	4000	-3039
chr5	73444777	73452777	73446781	8000	73448777	-4000	4000	-1996
chr5	141195610	141203610	141201861	8000	141199610	-4000	4000	2251
chr5	140299113	140307113	140300517	8000	140303113	-4000	4000	-2596
chr5	140342603	140350603	140342709	8000	140346603	-4000	4000	-3894
chr5	140687537	140695537	140691689	8000	140691537	-4000	4000	152
chr5	141168644	141176644	141173052	8000	141172644	-4000	4000	408
chr5	139391104	139399104	139394252	8000	139395104	-4000	4000	-852
chr5	140643058	140651058	140644639	8000	140647058	-4000	4000	-2419
chr5	141131206	141139206	141137696	8000	141135206	-4000	4000	2490
chr5	140635435	140643435	140642065	8000	140639435	-4000	4000	2630
chr5	141209919	141217919	141211186	8000	141213919	-4000	4000	-2733
chr5	58456139	58464139	58458255	8000	58460139	-4000	4000	-1884
chr5	141954328	141962328	141956920	8000	141958328	-4000	4000	-1408
chr5	176361487	176369487	176366490	8000	176365487	-4000	4000	1003
chr5	141195610	141203610	141201484	8000	141199610	-4000	4000	1874
chr5	141209919	141217919	141215757	8000	141213919	-4000	4000	1838
chr5	173884349	173892349	173889882	8000	173888349	-4000	4000	1533
chr5	173884349	173892349	173890294	8000	173888349	-4000	4000	1945
chr5	888884	896884	891754	8000	892884	-4000	4000	-1130
chr5	31528287	31536287	31532357	8000	31532287	-4000	4000	70
chr5	37367106	37375106	37370888	8000	37371106	-4000	4000	-218
chr5	41866425	41874425	41870476	8000	41870425	-4000	4000	51
chr5	58456139	58464139	58458375	8000	58460139	-4000	4000	-1764
chr5	58456139	58464139	58459122	8000	58460139	-4000	4000	-1017
chr5	61158468	61166468	61160189	8000	61162468	-4000	4000	-2279
chr5	62574819	62582819	62579491	8000	62578819	-4000	4000	672
chr5	62574819	62582819	62580702	8000	62578819	-4000	4000	1883
chr5	69163135	69171135	69167907	8000	69167135	-4000	4000	772
chr5	69366013	69374013	69374004	8000	69370013	-4000	4000	3991
chr5	88265476	88273476	88268815	8000	88269476	-4000	4000	-661
chr5	95281094	95289094	95284088	8000	95285094	-4000	4000	-1006
chr5	98764650	98772650	98770612	8000	98768650	-4000	4000	1962
chr5	115176546	115184546	115180103	8000	115180546	-4000	4000	-443
chr5	115837592	115845592	115841546	8000	115841592	-4000	4000	-46
chr5	121957975	121965975	121961982	8000	121961975	-4000	4000	7
chr5	132862630	132870630	132866923	8000	132866630	-4000	4000	293
chr5	134110681	134118681	134115971	8000	134114681	-4000	4000	1290
chr5	138174953	138182953	138182438	8000	138178953	-4000	4000	3485
chr5	139400089	139408089	139401746	8000	139404089	-4000	4000	-2343
chr5	140342603	140350603	140342661	8000	140346603	-4000	4000	-3942
chr5	141096473	141104473	141100456	8000	141100473	-4000	4000	-17
chr5	141117818	141125818	141123186	8000	141121818	-4000	4000	1368
chr5	141131206	141139206	141136596	8000	141135206	-4000	4000	1390
chr5	141173790	141181790	141178089	8000	141177790	-4000	4000	299
chr5	141178387	141186387	141180199	8000	141182387	-4000	4000	-2188
chr5	141178387	141186387	141183086	8000	141182387	-4000	4000	699
chr5	141178387	141186387	141183244	8000	141182387	-4000	4000	857
chr5	141209919	141217919	141214186	8000	141213919	-4000	4000	267
chr5	141326514	141334514	141332588	8000	141330514	-4000	4000	2074
chr5	141326514	141334514	141332883	8000	141330514	-4000	4000	2369
chr5	141919855	141927855	141923846	8000	141923855	-4000	4000	-9
chr5	149547947	149555947	149550127	8000	149551947	-4000	4000	-1820
chr5	149547947	149555947	149551008	8000	149551947	-4000	4000	-939
chr5	176384927	176392927	176389402	8000	176388927	-4000	4000	475
chr5	177127830	177135830	177135129	8000	177131830	-4000	4000	3299
chr5	177299799	177307799	177306424	8000	177303799	-4000	4000	2625
chr5	179789980	179797980	179794195	8000	179793980	-4000	4000	215
chr5	179789980	179797980	179795934	8000	179793980	-4000	4000	1954
chr5	179789980	179797980	179795936	8000	179793980	-4000	4000	1956
chr5	138435057	138443057	138435764	8000	138439057	-4000	4000	-3293
chr5	177299799	177307799	177301750	8000	177303799	-4000	4000	-2049
chr5	97179247	97187247	97183213	8000	97183247	-4000	4000	-34
chr5	181257150	181265150	181257355	8000	181261150	-4000	4000	-3795
chr5	141131206	141139206	141137261	8000	141135206	-4000	4000	2055
chr5	155009755	155017755	155015799	8000	155013755	-4000	4000	2044
chr5	141090606	141098606	141095447	8000	141094606	-4000	4000	841
chr5	160396054	160404054	160403141	8000	160400054	-4000	4000	3087
chr5	181218499	181226499	181224352	8000	181222499	-4000	4000	1853
chr5	139386081	139394081	139393417	8000	139390081	-4000	4000	3336
chr5	58487435	58495435	58494591	8000	58491435	-4000	4000	3156
chr5	181218499	181226499	181224357	8000	181222499	-4000	4000	1858
chr5	141204697	141212697	141209403	8000	141208697	-4000	4000	706
chr5	141204697	141212697	141209404	8000	141208697	-4000	4000	707
chr5	62574819	62582819	62580045	8000	62578819	-4000	4000	1226
chr5	141168644	141176644	141173516	8000	141172644	-4000	4000	872
chr5	140635435	140643435	140641875	8000	140639435	-4000	4000	2440
chr5	36147887	36155887	36152790	8000	36151887	-4000	4000	903
chr5	40837308	40845308	40841536	8000	40841308	-4000	4000	228
chr5	40837308	40845308	40843327	8000	40841308	-4000	4000	2019
chr5	54513759	54521759	54518657	8000	54517759	-4000	4000	898
chr5	55018671	55026671	55024316	8000	55022671	-4000	4000	1645
chr5	58456139	58464139	58457067	8000	58460139	-4000	4000	-3072
chr5	58487435	58495435	58494807	8000	58491435	-4000	4000	3372
chr5	65621975	65629975	65624887	8000	65625975	-4000	4000	-1088
chr5	69365293	69373293	69366560	8000	69369293	-4000	4000	-2733
chr5	71715275	71723275	71720767	8000	71719275	-4000	4000	1492
chr5	73494408	73502408	73499316	8000	73498408	-4000	4000	908
chr5	79232131	79240131	79237451	8000	79236131	-4000	4000	1320
chr5	96871986	96879986	96879866	8000	96875986	-4000	4000	3880
chr5	115812659	115820659	115816416	8000	115816659	-4000	4000	-243
chr5	132862630	132870630	132864191	8000	132866630	-4000	4000	-2439
chr5	140694680	140702680	140700905	8000	140698680	-4000	4000	2225
chr5	140782136	140790136	140786392	8000	140786136	-4000	4000	256
chr5	141195610	141203610	141200516	8000	141199610	-4000	4000	906
chr5	141209919	141217919	141215446	8000	141213919	-4000	4000	1527
chr5	141209919	141217919	141216234	8000	141213919	-4000	4000	2315
chr5	148822611	148830611	148827143	8000	148826611	-4000	4000	532
chr5	149547947	149555947	149550937	8000	149551947	-4000	4000	-1010
chr5	155009755	155017755	155016245	8000	155013755	-4000	4000	2490
chr5	122074413	122082413	122077118	8000	122078413	-4000	4000	-1295
chr5	138135443	138143443	138138770	8000	138139443	-4000	4000	-673
chr5	141096473	141104473	141100488	8000	141100473	-4000	4000	15
chr5	176361487	176369487	176368854	8000	176365487	-4000	4000	3367
chr5	177588203	177596203	177595333	8000	177592203	-4000	4000	3130
chr5	154934211	154942211	154941073	8000	154938211	-4000	4000	2862
chr5	43039170	43047170	43042657	8000	43043170	-4000	4000	-513
chr5	141168644	141176644	141174985	8000	141172644	-4000	4000	2341
chr5	141209919	141217919	141210598	8000	141213919	-4000	4000	-3321
chr5	80650983	80658983	80654760	8000	80654983	-4000	4000	-223
chr5	36147887	36155887	36152179	8000	36151887	-4000	4000	292
chr5	140782136	140790136	140788585	8000	140786136	-4000	4000	2449
chr5	141131206	141139206	141136457	8000	141135206	-4000	4000	1251
chr5	141096473	141104473	141103124	8000	141100473	-4000	4000	2651
chr5	140660868	140668868	140662381	8000	140664868	-4000	4000	-2487
chr5	141131206	141139206	141137766	8000	141135206	-4000	4000	2560
chr5	141188353	141196353	141193141	8000	141192353	-4000	4000	788
chr5	140782136	140790136	140788522	8000	140786136	-4000	4000	2386
chr5	181218499	181226499	181224748	8000	181222499	-4000	4000	2249
chr5	65621975	65629975	65624334	8000	65625975	-4000	4000	-1641
chr5	155009755	155017755	155013778	8000	155013755	-4000	4000	23
chr5	172767195	172775195	172768855	8000	172771195	-4000	4000	-2340
chr5	141131206	141139206	141137260	8000	141135206	-4000	4000	2054
chr5	145831369	145839369	145835243	8000	145835369	-4000	4000	-126
chr5	141195610	141203610	141201835	8000	141199610	-4000	4000	2225
chr5	150445739	150453739	150446892	8000	150449739	-4000	4000	-2847
chr5	177127830	177135830	177135115	8000	177131830	-4000	4000	3285
chr5	157727420	157735420	157731631	8000	157731420	-4000	4000	211
chr5	141117818	141125818	141122128	8000	141121818	-4000	4000	310
chr5	40837308	40845308	40843520	8000	40841308	-4000	4000	2212
chr5	140635435	140643435	140642915	8000	140639435	-4000	4000	3480
chr5	177512961	177520961	177516428	8000	177516961	-4000	4000	-533
chr5	141178387	141186387	141183589	8000	141182387	-4000	4000	1202
chr5	141204697	141212697	141209699	8000	141208697	-4000	4000	1002
chr5	155009755	155017755	155016178	8000	155013755	-4000	4000	2423
chr5	179789980	179797980	179794155	8000	179793980	-4000	4000	175
chr5	176443628	176451628	176448462	8000	176447628	-4000	4000	834
chr5	141316784	141324784	141319506	8000	141320784	-4000	4000	-1278
chr5	141326514	141334514	141332046	8000	141330514	-4000	4000	1532
chr5	40831222	40839222	40832989	8000	40835222	-4000	4000	-2233
chr5	141168644	141176644	141173265	8000	141172644	-4000	4000	621
chr5	141090606	141098606	141094733	8000	141094606	-4000	4000	127
chr5	141195610	141203610	141200691	8000	141199610	-4000	4000	1081
chr5	176384927	176392927	176386842	8000	176388927	-4000	4000	-2085
chr5	58487435	58495435	58494885	8000	58491435	-4000	4000	3450
chr5	177550563	177558563	177553252	8000	177554563	-4000	4000	-1311
chr5	141195610	141203610	141201374	8000	141199610	-4000	4000	1764
chr5	69365293	69373293	69365500	8000	69369293	-4000	4000	-3793
chr5	83073498	83081498	83077318	8000	83077498	-4000	4000	-180
chr5	141090606	141098606	141096095	8000	141094606	-4000	4000	1489
chr5	141096473	141104473	141100839	8000	141100473	-4000	4000	366
chr5	141096473	141104473	141102193	8000	141100473	-4000	4000	1720
chr5	141168644	141176644	141173137	8000	141172644	-4000	4000	493
chr5	141632950	141640950	141639749	8000	141636950	-4000	4000	2799
chr5	172767195	172775195	172769713	8000	172771195	-4000	4000	-1482
chr5	179341461	179349461	179343817	8000	179345461	-4000	4000	-1644
chr5	138135443	138143443	138140028	8000	138139443	-4000	4000	585
chr5	141188353	141196353	141188925	8000	141192353	-4000	4000	-3428
chr5	40905497	40913497	40909544	8000	40909497	-4000	4000	47
chr5	141178387	141186387	141184693	8000	141182387	-4000	4000	2306
chr5	43039170	43047170	43040064	8000	43043170	-4000	4000	-3106
chr5	132743426	132751426	132750894	8000	132747426	-4000	4000	3468
chr5	133964674	133972674	133968564	8000	133968674	-4000	4000	-110
chr5	141090606	141098606	141097176	8000	141094606	-4000	4000	2570
chr5	95281094	95289094	95284052	8000	95285094	-4000	4000	-1042
chr5	141183127	141191127	141187336	8000	141187127	-4000	4000	209
chr5	177512961	177520961	177515000	8000	177516961	-4000	4000	-1961
chr5	141204697	141212697	141209014	8000	141208697	-4000	4000	317
chr5	141678230	141686230	141680102	8000	141682230	-4000	4000	-2128
chr5	2747677	2755677	2755053	8000	2751677	-4000	4000	3376
chr5	72316367	72324367	72320192	8000	72320367	-4000	4000	-175
chr5	141178387	141186387	141178489	8000	141182387	-4000	4000	-3898
chr5	119448465	119456465	119452516	8000	119452465	-4000	4000	51
chr5	170101897	170109897	170108080	8000	170105897	-4000	4000	2183
chr5	141117818	141125818	141123841	8000	141121818	-4000	4000	2023
chr5	69365293	69373293	69366780	8000	69369293	-4000	4000	-2513
chr5	140560446	140568446	140564317	8000	140564446	-4000	4000	-129
chr5	140782136	140790136	140788157	8000	140786136	-4000	4000	2021
chr5	141678230	141686230	141680415	8000	141682230	-4000	4000	-1815
chr5	160115450	160123450	160118806	8000	160119450	-4000	4000	-644
chr5	180587499	180595499	180590716	8000	180591499	-4000	4000	-783
chr5	181218499	181226499	181224084	8000	181222499	-4000	4000	1585
chr5	126596925	126604925	126603939	8000	126600925	-4000	4000	3014
chr5	103558790	103566790	103558908	8000	103562790	-4000	4000	-3882
chr5	148822611	148830611	148826919	8000	148826611	-4000	4000	308
chr5	115540775	115548775	115543211	8000	115544775	-4000	4000	-1564
chr5	159095916	159103916	159096438	8000	159099916	-4000	4000	-3478
chr5	132743426	132751426	132748356	8000	132747426	-4000	4000	930
chr5	177470401	177478401	177472139	8000	177474401	-4000	4000	-2262
chr5	138435057	138443057	138435671	8000	138439057	-4000	4000	-3386
chr5	178228802	178236802	178229970	8000	178232802	-4000	4000	-2832
chr5	87263883	87271883	87268835	8000	87267883	-4000	4000	952
chr5	141168644	141176644	141173045	8000	141172644	-4000	4000	401
chr5	129456281	129464281	129461512	8000	129460281	-4000	4000	1231
chr5	58456139	58464139	58457542	8000	58460139	-4000	4000	-2597
chr5	141209919	141217919	141210753	8000	141213919	-4000	4000	-3166
chr5	134870371	134878371	134874449	8000	134874371	-4000	4000	78
chr5	138327935	138335935	138331161	8000	138331935	-4000	4000	-774
chr5	178183371	178191371	178186007	8000	178187371	-4000	4000	-1364
chr5	141096473	141104473	141102026	8000	141100473	-4000	4000	1553
chr5	141168644	141176644	141173485	8000	141172644	-4000	4000	841
chr5	141209919	141217919	141211267	8000	141213919	-4000	4000	-2652
chr5	139386081	139394081	139393351	8000	139390081	-4000	4000	3270
chr5	137750363	137758363	137752883	8000	137754363	-4000	4000	-1480
chr5	141209919	141217919	141215337	8000	141213919	-4000	4000	1418
chr5	140553677	140561677	140558671	8000	140557677	-4000	4000	994
chr5	16461800	16469800	16465510	8000	16465800	-4000	4000	-290
chr5	16461800	16469800	16465511	8000	16465800	-4000	4000	-289
chr5	139386081	139394081	139393978	8000	139390081	-4000	4000	3897
chr5	111088321	111096321	111092356	8000	111092321	-4000	4000	35
chr5	40837308	40845308	40843463	8000	40841308	-4000	4000	2155
chr5	6444859	6452859	6448968	8000	6448859	-4000	4000	109
chr5	141168644	141176644	141172701	8000	141172644	-4000	4000	57
chr5	141168644	141176644	141175240	8000	141172644	-4000	4000	2596
chr5	141632950	141640950	141640552	8000	141636950	-4000	4000	3602
chr5	140629701	140637701	140633193	8000	140633701	-4000	4000	-508
chr5	55169177	55177177	55172646	8000	55173177	-4000	4000	-531
chr5	141195610	141203610	141200737	8000	141199610	-4000	4000	1127
chr5	141117818	141125818	141123638	8000	141121818	-4000	4000	1820
chr5	141204697	141212697	141209152	8000	141208697	-4000	4000	455
chr5	141209919	141217919	141214785	8000	141213919	-4000	4000	866
chr5	141954328	141962328	141957964	8000	141958328	-4000	4000	-364
chr5	137883968	137891968	137889471	8000	137887968	-4000	4000	1503
chr5	141178387	141186387	141183818	8000	141182387	-4000	4000	1431
chr5	157727420	157735420	157731354	8000	157731420	-4000	4000	-66
chr5	141168644	141176644	141174393	8000	141172644	-4000	4000	1749
chr5	79987311	79995311	79990213	8000	79991311	-4000	4000	-1098
chr5	100899282	100907282	100902905	8000	100903282	-4000	4000	-377
chr5	139400089	139408089	139402678	8000	139404089	-4000	4000	-1411
chr5	140560446	140568446	140567835	8000	140564446	-4000	4000	3389
chr5	177507274	177515274	177511744	8000	177511274	-4000	4000	470
chr5	43039170	43047170	43039519	8000	43043170	-4000	4000	-3651
chr5	181201293	181209293	181203381	8000	181205293	-4000	4000	-1912
chr5	141178387	141186387	141185154	8000	141182387	-4000	4000	2767
chr5	135448351	135456351	135449544	8000	135452351	-4000	4000	-2807
chr5	177399204	177407204	177402561	8000	177403204	-4000	4000	-643
chr5	134367047	134375047	134374426	8000	134371047	-4000	4000	3379
chr5	141178387	141186387	141184459	8000	141182387	-4000	4000	2072
chr5	141173790	141181790	141177995	8000	141177790	-4000	4000	205
chr6	32840679	32848679	32841627	8000	32844679	-4000	4000	-3052
chr6	31823738	31831738	31829965	8000	31827738	-4000	4000	2227
chr6	33313942	33321942	33320589	8000	33317942	-4000	4000	2647
chr6	46683875	46691875	46689144	8000	46687875	-4000	4000	1269
chr6	138984261	138992261	138987586	8000	138988261	-4000	4000	-675
chr6	29718775	29726775	29725139	8000	29722775	-4000	4000	2364
chr6	35464401	35472401	35468959	8000	35468401	-4000	4000	558
chr6	33406399	33414399	33412304	8000	33410399	-4000	4000	1905
chr6	35464401	35472401	35470282	8000	35468401	-4000	4000	1881
chr6	116507639	116515639	116511834	8000	116511639	-4000	4000	195
chr6	33268047	33276047	33268618	8000	33272047	-4000	4000	-3429
chr6	26212975	26220975	26216415	8000	26216975	-4000	4000	-560
chr6	46166980	46174980	46167648	8000	46170980	-4000	4000	-3332
chr6	32034327	32042327	32042301	8000	32038327	-4000	4000	3974
chr6	32126288	32134288	32129539	8000	32130288	-4000	4000	-749
chr6	33273123	33281123	33276234	8000	33277123	-4000	4000	-889
chr6	35777019	35785019	35777482	8000	35781019	-4000	4000	-3537
chr6	43049943	43057943	43051114	8000	43053943	-4000	4000	-2829
chr6	46166980	46174980	46168072	8000	46170980	-4000	4000	-2908
chr6	149959943	149967943	149964093	8000	149963943	-4000	4000	150
chr6	14113256	14121256	14118013	8000	14117256	-4000	4000	757
chr6	10415659	10423659	10419558	8000	10419659	-4000	4000	-101
chr6	27863588	27871588	27867086	8000	27867588	-4000	4000	-502
chr6	33196665	33204665	33201548	8000	33200665	-4000	4000	883
chr6	159796249	159804249	159797292	8000	159800249	-4000	4000	-2957
chr6	55871590	55879590	55874773	8000	55875590	-4000	4000	-817
chr6	26361159	26369159	26368632	8000	26365159	-4000	4000	3473
chr6	43512985	43520985	43517177	8000	43516985	-4000	4000	192
chr6	159785703	159793703	159785719	8000	159789703	-4000	4000	-3984
chr6	27834545	27842545	27838771	8000	27838545	-4000	4000	226
chr6	30614612	30622612	30619592	8000	30618612	-4000	4000	980
chr6	43512985	43520985	43519423	8000	43516985	-4000	4000	2438
chr6	33310254	33318254	33316250	8000	33314254	-4000	4000	1996
chr6	26195516	26203516	26197171	8000	26199516	-4000	4000	-2345
chr6	27863588	27871588	27866966	8000	27867588	-4000	4000	-622
chr6	136818564	136826564	136826373	8000	136822564	-4000	4000	3809
chr6	44269194	44277194	44275587	8000	44273194	-4000	4000	2393
chr6	33406399	33414399	33406871	8000	33410399	-4000	4000	-3528
chr6	26195516	26203516	26196935	8000	26199516	-4000	4000	-2581
chr6	32220067	32228067	32220792	8000	32224067	-4000	4000	-3275
chr6	43178184	43186184	43179433	8000	43182184	-4000	4000	-2751
chr6	108257246	108265246	108260861	8000	108261246	-4000	4000	-385
chr6	33200655	33208655	33205068	8000	33204655	-4000	4000	413
chr6	44269194	44277194	44273372	8000	44273194	-4000	4000	178
chr6	46076348	46084348	46079823	8000	46080348	-4000	4000	-525
chr6	28220886	28228886	28227256	8000	28224886	-4000	4000	2370
chr6	46683875	46691875	46689608	8000	46687875	-4000	4000	1733
chr6	81748774	81756774	81750099	8000	81752774	-4000	4000	-2675
chr6	116457370	116465370	116461887	8000	116461370	-4000	4000	517
chr6	148743030	148751030	148747461	8000	148747030	-4000	4000	431
chr6	33449970	33457970	33455767	8000	33453970	-4000	4000	1797
chr6	116275930	116283930	116277465	8000	116279930	-4000	4000	-2465
chr6	143446695	143454695	143451035	8000	143450695	-4000	4000	340
chr6	26119926	26127926	26123772	8000	26123926	-4000	4000	-154
chr6	42875616	42883616	42883498	8000	42879616	-4000	4000	3882
chr6	21589751	21597751	21595901	8000	21593751	-4000	4000	2150
chr6	29822967	29830967	29829437	8000	29826967	-4000	4000	2470
chr6	87148833	87156833	87155601	8000	87152833	-4000	4000	2768
chr6	143446695	143454695	143450922	8000	143450695	-4000	4000	227
chr6	21589751	21597751	21595706	8000	21593751	-4000	4000	1955
chr6	1605915	1613915	1612073	8000	1609915	-4000	4000	2158
chr6	26154122	26162122	26157096	8000	26158122	-4000	4000	-1026
chr6	33204500	33212500	33211850	8000	33208500	-4000	4000	3350
chr6	42742103	42750103	42745132	8000	42746103	-4000	4000	-971
chr6	26212975	26220975	26217357	8000	26216975	-4000	4000	382
chr6	31680040	31688040	31687711	8000	31684040	-4000	4000	3671
chr6	85674733	85682733	85677249	8000	85678733	-4000	4000	-1484
chr6	26195516	26203516	26199084	8000	26199516	-4000	4000	-432
chr6	26195516	26203516	26199771	8000	26199516	-4000	4000	255
chr6	30553280	30561280	30556156	8000	30557280	-4000	4000	-1124
chr6	31802966	31810966	31809876	8000	31806966	-4000	4000	2910
chr6	31108575	31116575	31111943	8000	31112575	-4000	4000	-632
chr6	2837959	2845959	2840468	8000	2841959	-4000	4000	-1491
chr6	110954706	110962706	110959214	8000	110958706	-4000	4000	508
chr6	32220067	32228067	32220411	8000	32224067	-4000	4000	-3656
chr6	154828697	154836697	154833277	8000	154832697	-4000	4000	580
chr6	26247614	26255614	26251719	8000	26251614	-4000	4000	105
chr6	55871590	55879590	55874511	8000	55875590	-4000	4000	-1079
chr6	26247614	26255614	26250391	8000	26251614	-4000	4000	-1223
chr6	26267413	26275413	26273044	8000	26271413	-4000	4000	1631
chr6	42742103	42750103	42745915	8000	42746103	-4000	4000	-188
chr6	46648830	46656830	46653148	8000	46652830	-4000	4000	318
chr6	33294942	33302942	33295558	8000	33298942	-4000	4000	-3384
chr6	33415661	33423661	33418261	8000	33419661	-4000	4000	-1400
chr6	26220199	26228199	26225303	8000	26224199	-4000	4000	1104
chr6	17983635	17991635	17987407	8000	17987635	-4000	4000	-228
chr6	31893785	31901785	31900218	8000	31897785	-4000	4000	2433
chr6	33415661	33423661	33416680	8000	33419661	-4000	4000	-2981
chr6	43505702	43513702	43507507	8000	43509702	-4000	4000	-2195
chr6	110870770	110878770	110875003	8000	110874770	-4000	4000	233
chr6	131947372	131955372	131950307	8000	131951372	-4000	4000	-1065
chr6	170580692	170588692	170583696	8000	170584692	-4000	4000	-996
chr6	26281638	26289638	26285345	8000	26285638	-4000	4000	-293
chr6	49546666	49554666	49550791	8000	49550666	-4000	4000	125
chr6	26436472	26444472	26443441	8000	26440472	-4000	4000	2969
chr6	31773328	31781328	31776151	8000	31777328	-4000	4000	-1177
chr6	32010795	32018795	32011026	8000	32014795	-4000	4000	-3769
chr6	33310254	33318254	33315611	8000	33314254	-4000	4000	1357
chr6	57168326	57176326	57172679	8000	57172326	-4000	4000	353
chr6	116507639	116515639	116512194	8000	116511639	-4000	4000	555
chr6	132810569	132818569	132814583	8000	132814569	-4000	4000	14
chr6	26200610	26208610	26204723	8000	26204610	-4000	4000	113
chr6	131947372	131955372	131949541	8000	131951372	-4000	4000	-1831
chr6	27142855	27150855	27147488	8000	27146855	-4000	4000	633
chr6	116056891	116064891	116060427	8000	116060891	-4000	4000	-464
chr6	116612479	116620479	116617180	8000	116616479	-4000	4000	701
chr6	26247614	26255614	26251998	8000	26251614	-4000	4000	384
chr6	31791752	31799752	31797813	8000	31795752	-4000	4000	2061
chr6	70562917	70570917	70566935	8000	70566917	-4000	4000	18
chr6	43010103	43018103	43013252	8000	43014103	-4000	4000	-851
chr6	117569571	117577571	117573599	8000	117573571	-4000	4000	28
chr6	27863588	27871588	27865582	8000	27867588	-4000	4000	-2006
chr6	55871590	55879590	55874614	8000	55875590	-4000	4000	-976
chr6	26281638	26289638	26285263	8000	26285638	-4000	4000	-375
chr6	43055438	43063438	43061556	8000	43059438	-4000	4000	2118
chr6	46166980	46174980	46168016	8000	46170980	-4000	4000	-2964
chr6	26212975	26220975	26217357	8000	26216975	-4000	4000	382
chr6	43010103	43018103	43011343	8000	43014103	-4000	4000	-2760
chr6	41732259	41740259	41736858	8000	41736259	-4000	4000	599
chr6	31968290	31976290	31971114	8000	31972290	-4000	4000	-1176
chr6	387752	395752	393127	8000	391752	-4000	4000	1375
chr6	26200610	26208610	26204865	8000	26204610	-4000	4000	255
chr6	30062709	30070709	30069371	8000	30066709	-4000	4000	2662
chr6	31571565	31579565	31573834	8000	31575565	-4000	4000	-1731
chr6	43036777	43044777	43040179	8000	43040777	-4000	4000	-598
chr6	31893785	31901785	31901005	8000	31897785	-4000	4000	3220
chr6	26267413	26275413	26272225	8000	26271413	-4000	4000	812
chr6	43017623	43025623	43020765	8000	43021623	-4000	4000	-858
chr6	81748774	81756774	81751728	8000	81752774	-4000	4000	-1046
chr6	87586067	87594067	87590122	8000	87590067	-4000	4000	55
chr6	159796249	159804249	159797436	8000	159800249	-4000	4000	-2813
chr6	26119926	26127926	26123531	8000	26123926	-4000	4000	-395
chr6	32220067	32228067	32222784	8000	32224067	-4000	4000	-1283
chr6	33273123	33281123	33279803	8000	33277123	-4000	4000	2680
chr6	44253890	44261890	44255531	8000	44257890	-4000	4000	-2359
chr6	44383706	44391706	44390294	8000	44387706	-4000	4000	2588
chr6	33285247	33293247	33292535	8000	33289247	-4000	4000	3288
chr6	26195516	26203516	26198861	8000	26199516	-4000	4000	-655
chr6	29822967	29830967	29829531	8000	29826967	-4000	4000	2564
chr6	46683875	46691875	46690846	8000	46687875	-4000	4000	2971
chr6	30643039	30651039	30649598	8000	30647039	-4000	4000	2559
chr6	109461968	109469968	109466269	8000	109465968	-4000	4000	301
chr6	31955117	31963117	31962565	8000	31959117	-4000	4000	3448
chr6	33273123	33281123	33278080	8000	33277123	-4000	4000	957
chr6	131707017	131715017	131710064	8000	131711017	-4000	4000	-953
chr6	170286703	170294703	170289723	8000	170290703	-4000	4000	-980
chr6	30910205	30918205	30914853	8000	30914205	-4000	4000	648
chr6	139370648	139378648	139373725	8000	139374648	-4000	4000	-923
chr6	149745443	149753443	149749875	8000	149749443	-4000	4000	432
chr6	43505702	43513702	43507274	8000	43509702	-4000	4000	-2428
chr6	6584108	6592108	6588813	8000	6588108	-4000	4000	705
chr6	31802966	31810966	31810241	8000	31806966	-4000	4000	3275
chr6	131707017	131715017	131710693	8000	131711017	-4000	4000	-324
chr6	43178184	43186184	43185507	8000	43182184	-4000	4000	3323
chr6	18118677	18126677	18122069	8000	18122677	-4000	4000	-608
chr6	29718775	29726775	29725115	8000	29722775	-4000	4000	2340
chr6	32435878	32443878	32439906	8000	32439878	-4000	4000	28
chr6	26361159	26369159	26368662	8000	26365159	-4000	4000	3503
chr6	42742103	42750103	42744985	8000	42746103	-4000	4000	-1118
chr6	89142055	89150055	89149377	8000	89146055	-4000	4000	3322
chr6	109436724	109444724	109443043	8000	109440724	-4000	4000	2319
chr6	169747622	169755622	169751067	8000	169751622	-4000	4000	-555
chr6	31717746	31725746	31719001	8000	31721746	-4000	4000	-2745
chr6	83855656	83863656	83857257	8000	83859656	-4000	4000	-2399
chr6	125298078	125306078	125300608	8000	125302078	-4000	4000	-1470
chr6	32126288	32134288	32129450	8000	32130288	-4000	4000	-838
chr6	105133157	105141157	105133449	8000	105137157	-4000	4000	-3708
chr6	31680040	31688040	31687137	8000	31684040	-4000	4000	3097
chr6	149542043	149550043	149545964	8000	149546043	-4000	4000	-79
chr6	26154122	26162122	26158165	8000	26158122	-4000	4000	43
chr6	27889106	27897106	27892868	8000	27893106	-4000	4000	-238
chr6	26212975	26220975	26217034	8000	26216975	-4000	4000	59
chr6	26247614	26255614	26251879	8000	26251614	-4000	4000	265
chr6	27142855	27150855	27147405	8000	27146855	-4000	4000	550
chr6	33196665	33204665	33201420	8000	33200665	-4000	4000	755
chr6	82359206	82367206	82365408	8000	82363206	-4000	4000	2202
chr6	154828697	154836697	154832949	8000	154832697	-4000	4000	252
chr6	154828697	154836697	154833267	8000	154832697	-4000	4000	570
chr6	43017623	43025623	43017850	8000	43021623	-4000	4000	-3773
chr6	27142855	27150855	27146555	8000	27146855	-4000	4000	-300
chr6	44261788	44269788	44265086	8000	44265788	-4000	4000	-702
chr6	33707727	33715727	33711584	8000	33711727	-4000	4000	-143
chr6	31662102	31670102	31668646	8000	31666102	-4000	4000	2544
chr6	52280881	52288881	52282120	8000	52284881	-4000	4000	-2761
chr6	26436472	26444472	26443591	8000	26440472	-4000	4000	3119
chr6	39111186	39119186	39114943	8000	39115186	-4000	4000	-243
chr6	116612479	116620479	116616496	8000	116616479	-4000	4000	17
chr6	169747622	169755622	169755414	8000	169751622	-4000	4000	3792
chr6	117569571	117577571	117570919	8000	117573571	-4000	4000	-2652
chr6	26119926	26127926	26124172	8000	26123926	-4000	4000	246
chr6	26247614	26255614	26250277	8000	26251614	-4000	4000	-1337
chr6	33406399	33414399	33406862	8000	33410399	-4000	4000	-3537
chr6	33196665	33204665	33201583	8000	33200665	-4000	4000	918
chr6	44383706	44391706	44387791	8000	44387706	-4000	4000	85
chr6	26361159	26369159	26368209	8000	26365159	-4000	4000	3050
chr6	39310461	39318461	39310915	8000	39314461	-4000	4000	-3546
chr6	30622842	30630842	30627230	8000	30626842	-4000	4000	388
chr6	83189357	83197357	83195752	8000	83193357	-4000	4000	2395
chr6	18118677	18126677	18121468	8000	18122677	-4000	4000	-1209
chr6	26119926	26127926	26123691	8000	26123926	-4000	4000	-235
chr6	26247614	26255614	26251855	8000	26251614	-4000	4000	241
chr6	33387823	33395823	33391936	8000	33391823	-4000	4000	113
chr6	108161854	108169854	108168060	8000	108165854	-4000	4000	2206
chr6	25958802	25966802	25966609	8000	25962802	-4000	4000	3807
chr6	26247614	26255614	26250290	8000	26251614	-4000	4000	-1324
chr6	170549307	170557307	170557059	8000	170553307	-4000	4000	3752
chr6	43625264	43633264	43625513	8000	43629264	-4000	4000	-3751
chr6	32034327	32042327	32040424	8000	32038327	-4000	4000	2097
chr6	70953060	70961060	70956462	8000	70957060	-4000	4000	-598
chr6	87586067	87594067	87589942	8000	87590067	-4000	4000	-125
chr6	31656778	31664778	31663857	8000	31660778	-4000	4000	3079
chr6	26267413	26275413	26273332	8000	26271413	-4000	4000	1919
chr6	31662102	31670102	31667001	8000	31666102	-4000	4000	899
chr6	33273123	33281123	33277637	8000	33277123	-4000	4000	514
chr6	96517595	96525595	96521873	8000	96521595	-4000	4000	278
chr6	28248269	28256269	28251678	8000	28252269	-4000	4000	-591
chr6	26154122	26162122	26156572	8000	26158122	-4000	4000	-1550
chr6	17983635	17991635	17987076	8000	17987635	-4000	4000	-559
chr6	32737391	32745391	32745274	8000	32741391	-4000	4000	3883
chr6	27128795	27136795	27133088	8000	27132795	-4000	4000	293
chr6	31542870	31550870	31545500	8000	31546870	-4000	4000	-1370
chr6	44253890	44261890	44254773	8000	44257890	-4000	4000	-3117
chr6	139370648	139378648	139373185	8000	139374648	-4000	4000	-1463
chr6	31611217	31619217	31617008	8000	31615217	-4000	4000	1791
chr6	87148833	87156833	87155609	8000	87152833	-4000	4000	2776
chr6	27827560	27835560	27831178	8000	27831560	-4000	4000	-382
chr6	27889106	27897106	27890710	8000	27893106	-4000	4000	-2396
chr6	30614612	30622612	30617758	8000	30618612	-4000	4000	-854
chr6	149938014	149946014	149945373	8000	149942014	-4000	4000	3359
chr6	33273123	33281123	33278318	8000	33277123	-4000	4000	1195
chr6	46166980	46174980	46167708	8000	46170980	-4000	4000	-3272
chr6	131947372	131955372	131950011	8000	131951372	-4000	4000	-1361
chr6	159796249	159804249	159801176	8000	159800249	-4000	4000	927
chr6	26200610	26208610	26204972	8000	26204610	-4000	4000	362
chr6	30614612	30622612	30619956	8000	30618612	-4000	4000	1344
chr6	21589751	21597751	21594705	8000	21593751	-4000	4000	954
chr6	75202267	75210267	75202753	8000	75206267	-4000	4000	-3514
chr6	43017623	43025623	43025076	8000	43021623	-4000	4000	3453
chr6	41093787	41101787	41097378	8000	41097787	-4000	4000	-409
chr6	117671469	117679469	117676023	8000	117675469	-4000	4000	554
chr6	158815368	158823368	158818125	8000	158819368	-4000	4000	-1243
chr6	26212975	26220975	26217357	8000	26216975	-4000	4000	382
chr6	27834545	27842545	27838335	8000	27838545	-4000	4000	-210
chr6	32840679	32848679	32845672	8000	32844679	-4000	4000	993
chr6	42742103	42750103	42745835	8000	42746103	-4000	4000	-268
chr6	167822911	167830911	167826083	8000	167826911	-4000	4000	-828
chr6	33200655	33208655	33206713	8000	33204655	-4000	4000	2058
chr6	42742103	42750103	42745590	8000	42746103	-4000	4000	-513
chr6	26212975	26220975	26217357	8000	26216975	-4000	4000	382
chr6	27820092	27828092	27824167	8000	27824092	-4000	4000	75
chr6	26119926	26127926	26123565	8000	26123926	-4000	4000	-361
chr6	30910205	30918205	30915777	8000	30914205	-4000	4000	1572
chr6	46648830	46656830	46655899	8000	46652830	-4000	4000	3069
chr6	27135282	27143282	27139680	8000	27139282	-4000	4000	398
chr6	43017623	43025623	43017696	8000	43021623	-4000	4000	-3927
chr6	116250075	116258075	116253258	8000	116254075	-4000	4000	-817
chr6	144091573	144099573	144095248	8000	144095573	-4000	4000	-325
chr6	149745443	149753443	149749915	8000	149749443	-4000	4000	472
chr6	27827560	27835560	27831323	8000	27831560	-4000	4000	-237
chr6	31773328	31781328	31773423	8000	31777328	-4000	4000	-3905
chr6	116275930	116283930	116279518	8000	116279930	-4000	4000	-412
chr6	26119926	26127926	26123676	8000	26123926	-4000	4000	-250
chr6	26195516	26203516	26198880	8000	26199516	-4000	4000	-636
chr6	27135282	27143282	27139581	8000	27139282	-4000	4000	299
chr6	142143162	142151162	142147285	8000	142147162	-4000	4000	123
chr6	55575197	55583197	55579042	8000	55579197	-4000	4000	-155
chr6	55575197	55583197	55579043	8000	55579197	-4000	4000	-154
chr6	27889106	27897106	27892792	8000	27893106	-4000	4000	-314
chr6	33273123	33281123	33280808	8000	33277123	-4000	4000	3685
chr6	46076348	46084348	46080143	8000	46080348	-4000	4000	-205
chr6	31662102	31670102	31668032	8000	31666102	-4000	4000	1930
chr6	43036777	43044777	43037711	8000	43040777	-4000	4000	-3066
chr6	18383350	18391350	18387390	8000	18387350	-4000	4000	40
chr6	159785703	159793703	159789537	8000	159789703	-4000	4000	-166
chr6	35293818	35301818	35294483	8000	35297818	-4000	4000	-3335
chr6	31710072	31718072	31717719	8000	31714072	-4000	4000	3647
chr6	42742103	42750103	42745200	8000	42746103	-4000	4000	-903
chr6	26212975	26220975	26217357	8000	26216975	-4000	4000	382
chr6	31571565	31579565	31574010	8000	31575565	-4000	4000	-1555
chr6	30614612	30622612	30619786	8000	30618612	-4000	4000	1174
chr6	41782542	41790542	41787040	8000	41786542	-4000	4000	498
chr6	131624442	131632442	131627666	8000	131628442	-4000	4000	-776
chr6	26119926	26127926	26123767	8000	26123926	-4000	4000	-159
chr6	27820092	27828092	27824252	8000	27824092	-4000	4000	160
chr6	44253890	44261890	44255354	8000	44257890	-4000	4000	-2536
chr6	116275930	116283930	116278782	8000	116279930	-4000	4000	-1148
chr6	148743030	148751030	148747604	8000	148747030	-4000	4000	574
chr6	31116446	31124446	31117289	8000	31120446	-4000	4000	-3157
chr6	26119926	26127926	26123744	8000	26123926	-4000	4000	-182
chr6	33285247	33293247	33290350	8000	33289247	-4000	4000	1103
chr6	31108575	31116575	31112022	8000	31112575	-4000	4000	-553
chr6	30643039	30651039	30647525	8000	30647039	-4000	4000	486
chr6	31968290	31976290	31972666	8000	31972290	-4000	4000	376
chr6	50814723	50822723	50818764	8000	50818723	-4000	4000	41
chr6	39111186	39119186	39114943	8000	39115186	-4000	4000	-243
chr6	44253890	44261890	44256439	8000	44257890	-4000	4000	-1451
chr6	33310254	33318254	33315849	8000	33314254	-4000	4000	1595
chr6	33313942	33321942	33320489	8000	33317942	-4000	4000	2547
chr6	46683875	46691875	46691577	8000	46687875	-4000	4000	3702
chr6	2899309	2907309	2900598	8000	2903309	-4000	4000	-2711
chr6	26119926	26127926	26123691	8000	26123926	-4000	4000	-235
chr6	26247614	26255614	26250438	8000	26251614	-4000	4000	-1176
chr6	33406399	33414399	33414309	8000	33410399	-4000	4000	3910
chr6	87586067	87594067	87589942	8000	87590067	-4000	4000	-125
chr6	116612479	116620479	116616484	8000	116616479	-4000	4000	5
chr6	43010103	43018103	43013334	8000	43014103	-4000	4000	-769
chr6	35293818	35301818	35293912	8000	35297818	-4000	4000	-3906
chr6	2761393	2769393	2768872	8000	2765393	-4000	4000	3479
chr6	1308098	1316098	1313088	8000	1312098	-4000	4000	990
chr6	42742103	42750103	42745786	8000	42746103	-4000	4000	-317
chr6	43010103	43018103	43012476	8000	43014103	-4000	4000	-1627
chr6	31968290	31976290	31970800	8000	31972290	-4000	4000	-1490
chr6	42925480	42933480	42929618	8000	42929480	-4000	4000	138
chr6	32849816	32857816	32853301	8000	32853816	-4000	4000	-515
chr6	46683875	46691875	46689604	8000	46687875	-4000	4000	1729
chr6	42956754	42964754	42963643	8000	42960754	-4000	4000	2889
chr6	111479715	111487715	111484811	8000	111483715	-4000	4000	1096
chr6	43036777	43044777	43038563	8000	43040777	-4000	4000	-2214
chr6	46683875	46691875	46689267	8000	46687875	-4000	4000	1392
chr6	127114671	127122671	127119102	8000	127118671	-4000	4000	431
chr6	27834545	27842545	27838123	8000	27838545	-4000	4000	-422
chr6	100460921	100468921	100463610	8000	100464921	-4000	4000	-1311
chr6	108257246	108265246	108260788	8000	108261246	-4000	4000	-458
chr6	26154122	26162122	26156657	8000	26158122	-4000	4000	-1465
chr6	27806051	27814051	27807515	8000	27810051	-4000	4000	-2536
chr6	32220067	32228067	32220773	8000	32224067	-4000	4000	-3294
chr6	31571565	31579565	31573325	8000	31575565	-4000	4000	-2240
chr6	26212975	26220975	26216488	8000	26216975	-4000	4000	-487
chr6	31490881	31498881	31498182	8000	31494881	-4000	4000	3301
chr6	31656778	31664778	31659841	8000	31660778	-4000	4000	-937
chr6	31811283	31819283	31811637	8000	31815283	-4000	4000	-3646
chr6	33196665	33204665	33200447	8000	33200665	-4000	4000	-218
chr6	33196665	33204665	33201342	8000	33200665	-4000	4000	677
chr6	33616365	33624365	33621657	8000	33620365	-4000	4000	1292
chr6	43010103	43018103	43010986	8000	43014103	-4000	4000	-3117
chr6	109461968	109469968	109465648	8000	109465968	-4000	4000	-320
chr6	151448158	151456158	151452476	8000	151452158	-4000	4000	318
chr6	35493079	35501079	35498299	8000	35497079	-4000	4000	1220
chr6	46683875	46691875	46691868	8000	46687875	-4000	4000	3993
chr6	13324583	13332583	13326899	8000	13328583	-4000	4000	-1684
chr6	26119926	26127926	26123597	8000	26123926	-4000	4000	-329
chr6	33273123	33281123	33280698	8000	33277123	-4000	4000	3575
chr6	159785703	159793703	159791064	8000	159789703	-4000	4000	1361
chr6	3153544	3161544	3153769	8000	3157544	-4000	4000	-3775
chr6	33294942	33302942	33296416	8000	33298942	-4000	4000	-2526
chr6	33294942	33302942	33301634	8000	33298942	-4000	4000	2692
chr6	30324907	30332907	30330835	8000	30328907	-4000	4000	1928
chr6	30643039	30651039	30646066	8000	30647039	-4000	4000	-973
chr6	46683875	46691875	46690020	8000	46687875	-4000	4000	2145
chr6	43505702	43513702	43507538	8000	43509702	-4000	4000	-2164
chr6	31968290	31976290	31968903	8000	31972290	-4000	4000	-3387
chr6	70299084	70307084	70303040	8000	70303084	-4000	4000	-44
chr6	28395747	28403747	28398132	8000	28399747	-4000	4000	-1615
chr6	149745443	149753443	149746505	8000	149749443	-4000	4000	-2938
chr6	3153544	3161544	3153992	8000	3157544	-4000	4000	-3552
chr6	43010103	43018103	43011788	8000	43014103	-4000	4000	-2315
chr6	78863551	78871551	78867679	8000	78867551	-4000	4000	128
chr6	43049943	43057943	43051051	8000	43053943	-4000	4000	-2892
chr6	26230987	26238987	26234589	8000	26234987	-4000	4000	-398
chr6	2746922	2754922	2749295	8000	2750922	-4000	4000	-1627
chr6	26200610	26208610	26204677	8000	26204610	-4000	4000	67
chr6	31656778	31664778	31659272	8000	31660778	-4000	4000	-1506
chr6	31858905	31866905	31862749	8000	31862905	-4000	4000	-156
chr6	31955117	31963117	31960080	8000	31959117	-4000	4000	963
chr6	32149083	32157083	32154693	8000	32153083	-4000	4000	1610
chr6	43010103	43018103	43010688	8000	43014103	-4000	4000	-3415
chr6	43010103	43018103	43011248	8000	43014103	-4000	4000	-2855
chr6	44309347	44317347	44311529	8000	44313347	-4000	4000	-1818
chr6	46683875	46691875	46691050	8000	46687875	-4000	4000	3175
chr6	89076751	89084751	89084178	8000	89080751	-4000	4000	3427
chr6	110811958	110819958	110815026	8000	110815958	-4000	4000	-932
chr6	33576293	33584293	33577548	8000	33580293	-4000	4000	-2745
chr6	27142855	27150855	27146681	8000	27146855	-4000	4000	-174
chr6	30614612	30622612	30619791	8000	30618612	-4000	4000	1179
chr6	39310461	39318461	39315300	8000	39314461	-4000	4000	839
chr6	44309347	44317347	44311147	8000	44313347	-4000	4000	-2200
chr6	1385576	1393576	1390274	8000	1389576	-4000	4000	698
chr6	13483662	13491662	13486770	8000	13487662	-4000	4000	-892
chr6	26052470	26060470	26055889	8000	26056470	-4000	4000	-581
chr6	27142855	27150855	27146802	8000	27146855	-4000	4000	-53
chr6	28248269	28256269	28251614	8000	28252269	-4000	4000	-655
chr6	31268130	31276130	31269973	8000	31272130	-4000	4000	-2157
chr6	31656778	31664778	31660015	8000	31660778	-4000	4000	-763
chr6	33294942	33302942	33300172	8000	33298942	-4000	4000	1230
chr6	33310254	33318254	33315669	8000	33314254	-4000	4000	1415
chr6	33310254	33318254	33316713	8000	33314254	-4000	4000	2459
chr6	34245108	34253108	34247792	8000	34249108	-4000	4000	-1316
chr6	42886821	42894821	42890742	8000	42890821	-4000	4000	-79
chr6	55871590	55879590	55874452	8000	55875590	-4000	4000	-1138
chr6	87586067	87594067	87589942	8000	87590067	-4000	4000	-125
chr6	110176141	110184141	110180476	8000	110180141	-4000	4000	335
chr6	110811958	110819958	110815122	8000	110815958	-4000	4000	-836
chr6	116250075	116258075	116253681	8000	116254075	-4000	4000	-394
chr6	157319601	157327601	157323462	8000	157323601	-4000	4000	-139
chr6	158996202	159004202	158999570	8000	159000202	-4000	4000	-632
chr6	27806051	27814051	27807867	8000	27810051	-4000	4000	-2184
chr6	28919988	28927988	28923260	8000	28923988	-4000	4000	-728
chr6	111255327	111263327	111262310	8000	111259327	-4000	4000	2983
chr6	46076348	46084348	46079858	8000	46080348	-4000	4000	-490
chr6	12286361	12294361	12294327	8000	12290361	-4000	4000	3966
chr6	33414317	33422317	33414538	8000	33418317	-4000	4000	-3779
chr6	147200417	147208417	147204492	8000	147204417	-4000	4000	75
chr6	138399531	138407531	138406022	8000	138403531	-4000	4000	2491
chr6	24662930	24670930	24666707	8000	24666930	-4000	4000	-223
chr6	26436472	26444472	26444250	8000	26440472	-4000	4000	3778
chr6	30910205	30918205	30911179	8000	30914205	-4000	4000	-3026
chr6	31154238	31162238	31159668	8000	31158238	-4000	4000	1430
chr6	31353188	31361188	31356694	8000	31357188	-4000	4000	-494
chr6	33005591	33013591	33007130	8000	33009591	-4000	4000	-2461
chr6	33449970	33457970	33455749	8000	33453970	-4000	4000	1779
chr6	46683875	46691875	46691117	8000	46687875	-4000	4000	3242
chr6	55575197	55583197	55577137	8000	55579197	-4000	4000	-2060
chr6	57168326	57176326	57168422	8000	57172326	-4000	4000	-3904
chr6	122775716	122783716	122780350	8000	122779716	-4000	4000	634
chr6	131707017	131715017	131708640	8000	131711017	-4000	4000	-2377
chr6	156772020	156780020	156778149	8000	156776020	-4000	4000	2129
chr6	26052470	26060470	26055834	8000	26056470	-4000	4000	-636
chr6	26212975	26220975	26217357	8000	26216975	-4000	4000	382
chr6	42925480	42933480	42925505	8000	42929480	-4000	4000	-3975
chr6	26361159	26369159	26368213	8000	26365159	-4000	4000	3054
chr6	31858905	31866905	31865328	8000	31862905	-4000	4000	2423
chr6	42742103	42750103	42745125	8000	42746103	-4000	4000	-978
chr6	83189357	83197357	83194313	8000	83193357	-4000	4000	956
chr6	7385793	7393793	7387069	8000	7389793	-4000	4000	-2724
chr6	26052470	26060470	26055878	8000	26056470	-4000	4000	-592
chr6	26195516	26203516	26198880	8000	26199516	-4000	4000	-636
chr6	27834545	27842545	27838112	8000	27838545	-4000	4000	-433
chr6	27863588	27871588	27865787	8000	27867588	-4000	4000	-1801
chr6	30553280	30561280	30553383	8000	30557280	-4000	4000	-3897
chr6	31648416	31656416	31649204	8000	31652416	-4000	4000	-3212
chr6	31791752	31799752	31797857	8000	31795752	-4000	4000	2105
chr6	32186202	32194202	32192832	8000	32190202	-4000	4000	2630
chr6	33005591	33013591	33007148	8000	33009591	-4000	4000	-2443
chr6	33196665	33204665	33204383	8000	33200665	-4000	4000	3718
chr6	33285247	33293247	33291715	8000	33289247	-4000	4000	2468
chr6	34885192	34893192	34887951	8000	34889192	-4000	4000	-1241
chr6	39310461	39318461	39316360	8000	39314461	-4000	4000	1899
chr6	83189357	83197357	83196093	8000	83193357	-4000	4000	2736
chr6	118890152	118898152	118894358	8000	118894152	-4000	4000	206
chr6	122395551	122403551	122399824	8000	122399551	-4000	4000	273
chr6	125298078	125306078	125302047	8000	125302078	-4000	4000	-31
chr6	155310493	155318493	155314339	8000	155314493	-4000	4000	-154
chr6	169698190	169706190	169702603	8000	169702190	-4000	4000	413
chr6	169698190	169706190	169703368	8000	169702190	-4000	4000	1178
chr6	29718775	29726775	29725079	8000	29722775	-4000	4000	2304
chr6	1605915	1613915	1610818	8000	1609915	-4000	4000	903
chr6	2837959	2845959	2840482	8000	2841959	-4000	4000	-1477
chr6	27863588	27871588	27865358	8000	27867588	-4000	4000	-2230
chr6	31268130	31276130	31269526	8000	31272130	-4000	4000	-2604
chr6	31968290	31976290	31969597	8000	31972290	-4000	4000	-2693
chr6	43512985	43520985	43517129	8000	43516985	-4000	4000	144
chr6	46683875	46691875	46690680	8000	46687875	-4000	4000	2805
chr6	125982479	125990479	125986577	8000	125986479	-4000	4000	98
chr6	26267413	26275413	26271160	8000	26271413	-4000	4000	-253
chr6	41159186	41167186	41163102	8000	41163186	-4000	4000	-84
chr6	33273123	33281123	33278119	8000	33277123	-4000	4000	996
chr6	116056891	116064891	116060121	8000	116060891	-4000	4000	-770
chr6	33188499	33196499	33196022	8000	33192499	-4000	4000	3523
chr6	33273123	33281123	33277432	8000	33277123	-4000	4000	309
chr6	26267413	26275413	26271347	8000	26271413	-4000	4000	-66
chr6	41782542	41790542	41786146	8000	41786542	-4000	4000	-396
chr6	27128795	27136795	27132415	8000	27132795	-4000	4000	-380
chr6	26212975	26220975	26217077	8000	26216975	-4000	4000	102
chr6	27806051	27814051	27807811	8000	27810051	-4000	4000	-2240
chr6	32186202	32194202	32187142	8000	32190202	-4000	4000	-3060
chr6	26361159	26369159	26368685	8000	26365159	-4000	4000	3526
chr6	26398237	26406237	26406029	8000	26402237	-4000	4000	3792
chr6	27820092	27828092	27824421	8000	27824092	-4000	4000	329
chr6	44253890	44261890	44255298	8000	44257890	-4000	4000	-2592
chr6	79230738	79238738	79234610	8000	79234738	-4000	4000	-128
chr6	96517595	96525595	96523292	8000	96521595	-4000	4000	1697
chr6	27142855	27150855	27147262	8000	27146855	-4000	4000	407
chr6	33415661	33423661	33418027	8000	33419661	-4000	4000	-1634
chr6	26195516	26203516	26197017	8000	26199516	-4000	4000	-2499
chr6	87148833	87156833	87155614	8000	87152833	-4000	4000	2781
chr6	26212975	26220975	26217357	8000	26216975	-4000	4000	382
chr6	26398237	26406237	26405962	8000	26402237	-4000	4000	3725
chr6	131707017	131715017	131709898	8000	131711017	-4000	4000	-1119
chr6	34245108	34253108	34246522	8000	34249108	-4000	4000	-2586
chr6	52280881	52288881	52284758	8000	52284881	-4000	4000	-123
chr6	26154122	26162122	26156675	8000	26158122	-4000	4000	-1447
chr6	44253890	44261890	44254706	8000	44257890	-4000	4000	-3184
chr6	27142855	27150855	27147138	8000	27146855	-4000	4000	283
chr6	31823738	31831738	31827955	8000	31827738	-4000	4000	217
chr6	26220199	26228199	26225569	8000	26224199	-4000	4000	1370
chr6	27142855	27150855	27147341	8000	27146855	-4000	4000	486
chr6	32126288	32134288	32127118	8000	32130288	-4000	4000	-3170
chr6	31268130	31276130	31271669	8000	31272130	-4000	4000	-461
chr6	31353188	31361188	31356672	8000	31357188	-4000	4000	-516
chr6	33313942	33321942	33321348	8000	33317942	-4000	4000	3406
chr6	32111334	32119334	32115747	8000	32115334	-4000	4000	413
chr6	33005591	33013591	33007233	8000	33009591	-4000	4000	-2358
chr6	46683875	46691875	46688722	8000	46687875	-4000	4000	847
chr6	150364892	150372892	150369000	8000	150368892	-4000	4000	108
chr6	27834545	27842545	27838306	8000	27838545	-4000	4000	-239
chr6	28395747	28403747	28398103	8000	28399747	-4000	4000	-1644
chr6	33310254	33318254	33313353	8000	33314254	-4000	4000	-901
chr6	39310461	39318461	39314714	8000	39314461	-4000	4000	253
chr6	35448338	35456338	35456196	8000	35452338	-4000	4000	3858
chr6	31968290	31976290	31969828	8000	31972290	-4000	4000	-2462
chr6	43055438	43063438	43055804	8000	43059438	-4000	4000	-3634
chr6	17277361	17285361	17282836	8000	17281361	-4000	4000	1475
chr6	84760598	84768598	84762681	8000	84764598	-4000	4000	-1917
chr6	27128795	27136795	27133203	8000	27132795	-4000	4000	408
chr6	43167269	43175269	43173960	8000	43171269	-4000	4000	2691
chr6	131624442	131632442	131628010	8000	131628442	-4000	4000	-432
chr6	30910205	30918205	30917214	8000	30914205	-4000	4000	3009
chr6	32220067	32228067	32222732	8000	32224067	-4000	4000	-1335
chr6	32034327	32042327	32039429	8000	32038327	-4000	4000	1102
chr6	33313942	33321942	33321678	8000	33317942	-4000	4000	3736
chr6	32186202	32194202	32186371	8000	32190202	-4000	4000	-3831
chr6	35448338	35456338	35455985	8000	35452338	-4000	4000	3647
chr6	26195516	26203516	26199090	8000	26199516	-4000	4000	-426
chr6	43049943	43057943	43054468	8000	43053943	-4000	4000	525
chr6	27889106	27897106	27893026	8000	27893106	-4000	4000	-80
chr6	26119926	26127926	26124172	8000	26123926	-4000	4000	246
chr6	31955117	31963117	31959332	8000	31959117	-4000	4000	215
chr6	30740548	30748548	30743926	8000	30744548	-4000	4000	-622
chr6	33273123	33281123	33276066	8000	33277123	-4000	4000	-1057
chr6	79943553	79951553	79947198	8000	79947553	-4000	4000	-355
chr6	26230987	26238987	26234490	8000	26234987	-4000	4000	-497
chr6	5000063	5008063	5002227	8000	5004063	-4000	4000	-1836
chr6	30071849	30079849	30075769	8000	30075849	-4000	4000	-80
chr6	43055438	43063438	43056339	8000	43059438	-4000	4000	-3099
chr6	1605915	1613915	1610703	8000	1609915	-4000	4000	788
chr6	29937260	29945260	29943100	8000	29941260	-4000	4000	1840
chr6	28248269	28256269	28251640	8000	28252269	-4000	4000	-629
chr6	43010103	43018103	43013122	8000	43014103	-4000	4000	-981
chr6	43017623	43025623	43019126	8000	43021623	-4000	4000	-2497
chr6	159785703	159793703	159790612	8000	159789703	-4000	4000	909
chr6	26154122	26162122	26158156	8000	26158122	-4000	4000	34
chr6	26230987	26238987	26234459	8000	26234987	-4000	4000	-528
chr6	73457578	73465578	73461868	8000	73461578	-4000	4000	290
chr6	136818564	136826564	136826402	8000	136822564	-4000	4000	3838
chr6	43049943	43057943	43054357	8000	43053943	-4000	4000	414
chr6	27128795	27136795	27132573	8000	27132795	-4000	4000	-222
chr6	32034327	32042327	32039174	8000	32038327	-4000	4000	847
chr6	26267413	26275413	26271254	8000	26271413	-4000	4000	-159
chr6	43017623	43025623	43018892	8000	43021623	-4000	4000	-2731
chr6	144091573	144099573	144095588	8000	144095573	-4000	4000	15
chr6	43010103	43018103	43012961	8000	43014103	-4000	4000	-1142
chr6	26230987	26238987	26234743	8000	26234987	-4000	4000	-244
chr6	33294942	33302942	33301651	8000	33298942	-4000	4000	2709
chr6	27806051	27814051	27807897	8000	27810051	-4000	4000	-2154
chr6	169250050	169258050	169250738	8000	169254050	-4000	4000	-3312
chr6	26154122	26162122	26158398	8000	26158122	-4000	4000	276
chr6	26212975	26220975	26216304	8000	26216975	-4000	4000	-671
chr6	30062709	30070709	30069309	8000	30066709	-4000	4000	2600
chr6	49546666	49554666	49551135	8000	49550666	-4000	4000	469
chr6	99564825	99572825	99568788	8000	99568825	-4000	4000	-37
chr6	27834545	27842545	27838745	8000	27838545	-4000	4000	200
chr6	35448338	35456338	35455811	8000	35452338	-4000	4000	3473
chr6	29629976	29637976	29630527	8000	29633976	-4000	4000	-3449
chr6	33268047	33276047	33270006	8000	33272047	-4000	4000	-2041
chr6	44253890	44261890	44255391	8000	44257890	-4000	4000	-2499
chr6	31490881	31498881	31498173	8000	31494881	-4000	4000	3292
chr6	32186202	32194202	32186812	8000	32190202	-4000	4000	-3390
chr6	27806051	27814051	27808591	8000	27810051	-4000	4000	-1460
chr6	29822967	29830967	29829446	8000	29826967	-4000	4000	2479
chr6	26119926	26127926	26123646	8000	26123926	-4000	4000	-280
chr6	154828697	154836697	154832392	8000	154832697	-4000	4000	-305
chr6	26212975	26220975	26217167	8000	26216975	-4000	4000	192
chr6	31268130	31276130	31271117	8000	31272130	-4000	4000	-1013
chr6	33285247	33293247	33287501	8000	33289247	-4000	4000	-1746
chr6	26154122	26162122	26158432	8000	26158122	-4000	4000	310
chr6	26195516	26203516	26196916	8000	26199516	-4000	4000	-2600
chr6	26200610	26208610	26204842	8000	26204610	-4000	4000	232
chr6	26230987	26238987	26234269	8000	26234987	-4000	4000	-718
chr6	26247614	26255614	26250287	8000	26251614	-4000	4000	-1327
chr6	26247614	26255614	26251879	8000	26251614	-4000	4000	265
chr6	26361159	26369159	26368050	8000	26365159	-4000	4000	2891
chr6	26379096	26387096	26385110	8000	26383096	-4000	4000	2014
chr6	26379096	26387096	26385216	8000	26383096	-4000	4000	2120
chr6	27142855	27150855	27147225	8000	27146855	-4000	4000	370
chr6	27806051	27814051	27810226	8000	27810051	-4000	4000	175
chr6	27820092	27828092	27824468	8000	27824092	-4000	4000	376
chr6	27827560	27835560	27831217	8000	27831560	-4000	4000	-343
chr6	27889106	27897106	27893616	8000	27893106	-4000	4000	510
chr6	30910205	30918205	30913180	8000	30914205	-4000	4000	-1025
chr6	30910205	30918205	30915153	8000	30914205	-4000	4000	948
chr6	31968290	31976290	31971606	8000	31972290	-4000	4000	-684
chr6	33285247	33293247	33286842	8000	33289247	-4000	4000	-2405
chr6	33294942	33302942	33296180	8000	33298942	-4000	4000	-2762
chr6	33616365	33624365	33621657	8000	33620365	-4000	4000	1292
chr6	41782542	41790542	41787735	8000	41786542	-4000	4000	1193
chr6	42213861	42221861	42214132	8000	42217861	-4000	4000	-3729
chr6	43049943	43057943	43050055	8000	43053943	-4000	4000	-3888
chr6	46166980	46174980	46168196	8000	46170980	-4000	4000	-2784
chr6	46683875	46691875	46690985	8000	46687875	-4000	4000	3110
chr6	78863551	78871551	78867605	8000	78867551	-4000	4000	54
chr6	79943553	79951553	79947261	8000	79947553	-4000	4000	-292
chr6	110954706	110962706	110960598	8000	110958706	-4000	4000	1892
chr6	116250075	116258075	116253681	8000	116254075	-4000	4000	-394
chr6	126336115	126344115	126340224	8000	126340115	-4000	4000	109
chr6	149745443	149753443	149746378	8000	149749443	-4000	4000	-3065
chr6	151448158	151456158	151452567	8000	151452158	-4000	4000	409
chr6	154828697	154836697	154833249	8000	154832697	-4000	4000	552
chr6	159041152	159049152	159041351	8000	159045152	-4000	4000	-3801
chr6	162723775	162731775	162728379	8000	162727775	-4000	4000	604
chr6	18118677	18126677	18122023	8000	18122677	-4000	4000	-654
chr6	31791752	31799752	31791969	8000	31795752	-4000	4000	-3783
chr6	55575197	55583197	55577131	8000	55579197	-4000	4000	-2066
chr6	32840679	32848679	32842225	8000	32844679	-4000	4000	-2454
chr6	83855656	83863656	83859848	8000	83859656	-4000	4000	192
chr6	112050075	112058075	112054299	8000	112054075	-4000	4000	224
chr6	44269194	44277194	44273402	8000	44273194	-4000	4000	208
chr6	30485509	30493509	30489565	8000	30489509	-4000	4000	56
chr6	33196665	33204665	33201399	8000	33200665	-4000	4000	734
chr6	12286361	12294361	12294053	8000	12290361	-4000	4000	3692
chr6	31735763	31743763	31736305	8000	31739763	-4000	4000	-3458
chr6	31955117	31963117	31959149	8000	31959117	-4000	4000	32
chr6	37166152	37174152	37171322	8000	37170152	-4000	4000	1170
chr6	43572038	43580038	43573507	8000	43576038	-4000	4000	-2531
chr6	169747622	169755622	169751336	8000	169751622	-4000	4000	-286
chr6	26592953	26600953	26598050	8000	26596953	-4000	4000	1097
chr6	33005591	33013591	33007331	8000	33009591	-4000	4000	-2260
chr6	143056496	143064496	143061040	8000	143060496	-4000	4000	544
chr6	43505702	43513702	43512089	8000	43509702	-4000	4000	2387
chr6	12286361	12294361	12294317	8000	12290361	-4000	4000	3956
chr6	17277361	17285361	17282856	8000	17281361	-4000	4000	1495
chr6	25275078	25283078	25279717	8000	25279078	-4000	4000	639
chr6	26212975	26220975	26216280	8000	26216975	-4000	4000	-695
chr6	26212975	26220975	26216430	8000	26216975	-4000	4000	-545
chr6	32149083	32157083	32155742	8000	32153083	-4000	4000	2659
chr6	32186202	32194202	32187029	8000	32190202	-4000	4000	-3173
chr6	32849816	32857816	32850392	8000	32853816	-4000	4000	-3424
chr6	33285247	33293247	33287145	8000	33289247	-4000	4000	-2102
chr6	33313942	33321942	33318781	8000	33317942	-4000	4000	839
chr6	33449970	33457970	33456654	8000	33453970	-4000	4000	2684
chr6	34232873	34240873	34240798	8000	34236873	-4000	4000	3925
chr6	41068974	41076974	41071656	8000	41072974	-4000	4000	-1318
chr6	41159186	41167186	41161456	8000	41163186	-4000	4000	-1730
chr6	43055438	43063438	43056149	8000	43059438	-4000	4000	-3289
chr6	43178184	43186184	43179255	8000	43182184	-4000	4000	-2929
chr6	55871590	55879590	55874718	8000	55875590	-4000	4000	-872
chr6	57168326	57176326	57168526	8000	57172326	-4000	4000	-3800
chr6	73457578	73465578	73461915	8000	73461578	-4000	4000	337
chr6	107486106	107494106	107490706	8000	107490106	-4000	4000	600
chr6	109461968	109469968	109467723	8000	109465968	-4000	4000	1755
chr6	131707017	131715017	131709792	8000	131711017	-4000	4000	-1225
chr6	132810569	132818569	132816984	8000	132814569	-4000	4000	2415
chr6	135847701	135855701	135851955	8000	135851701	-4000	4000	254
chr6	152693897	152701897	152697990	8000	152697897	-4000	4000	93
chr6	154828697	154836697	154833479	8000	154832697	-4000	4000	782
chr6	20397879	20405879	20402235	8000	20401879	-4000	4000	356
chr6	32737391	32745391	32741485	8000	32741391	-4000	4000	94
chr6	41776349	41784349	41784114	8000	41780349	-4000	4000	3765
chr6	42560029	42568029	42564327	8000	42564029	-4000	4000	298
chr6	149938014	149946014	149942103	8000	149942014	-4000	4000	89
chr6	27142855	27150855	27146837	8000	27146855	-4000	4000	-18
chr6	26212975	26220975	26217357	8000	26216975	-4000	4000	382
chr6	32220067	32228067	32222662	8000	32224067	-4000	4000	-1405
chr6	26200610	26208610	26204984	8000	26204610	-4000	4000	374
chr6	31353188	31361188	31355208	8000	31357188	-4000	4000	-1980
chr6	71882550	71890550	71887109	8000	71886550	-4000	4000	559
chr6	109461968	109469968	109466455	8000	109465968	-4000	4000	487
chr6	26195516	26203516	26199787	8000	26199516	-4000	4000	271
chr6	27863588	27871588	27867101	8000	27867588	-4000	4000	-487
chr6	27889106	27897106	27893732	8000	27893106	-4000	4000	626
chr6	149745443	149753443	149746378	8000	149749443	-4000	4000	-3065
chr6	167822911	167830911	167825958	8000	167826911	-4000	4000	-953
chr6	167822911	167830911	167826035	8000	167826911	-4000	4000	-876
chr6	27834545	27842545	27837976	8000	27838545	-4000	4000	-569
chr6	169698190	169706190	169704024	8000	169702190	-4000	4000	1834
chr6	26281638	26289638	26285375	8000	26285638	-4000	4000	-263
chr6	112250939	112258939	112254015	8000	112254939	-4000	4000	-924
chr6	24715998	24723998	24716303	8000	24719998	-4000	4000	-3695
chr6	18118677	18126677	18121630	8000	18122677	-4000	4000	-1047
chr6	31968290	31976290	31970020	8000	31972290	-4000	4000	-2270
chr6	44269194	44277194	44273393	8000	44273194	-4000	4000	199
chr6	116250075	116258075	116253813	8000	116254075	-4000	4000	-262
chr6	139370648	139378648	139373952	8000	139374648	-4000	4000	-696
chr6	46683875	46691875	46689368	8000	46687875	-4000	4000	1493
chr6	89076751	89084751	89084378	8000	89080751	-4000	4000	3627
chr6	26247614	26255614	26250433	8000	26251614	-4000	4000	-1181
chr6	106321791	106329791	106325817	8000	106325791	-4000	4000	26
chr6	159758529	159766529	159762111	8000	159762529	-4000	4000	-418
chr6	10743794	10751794	10749199	8000	10747794	-4000	4000	1405
chr6	43049943	43057943	43051292	8000	43053943	-4000	4000	-2651
chr6	2746922	2754922	2749318	8000	2750922	-4000	4000	-1604
chr6	78863551	78871551	78867615	8000	78867551	-4000	4000	64
chr6	27142855	27150855	27147470	8000	27146855	-4000	4000	615
chr6	30740548	30748548	30743972	8000	30744548	-4000	4000	-576
chr6	43178184	43186184	43184511	8000	43182184	-4000	4000	2327
chr6	32186202	32194202	32191498	8000	32190202	-4000	4000	1296
chr6	43505702	43513702	43508785	8000	43509702	-4000	4000	-917
chr6	13611335	13619335	13618085	8000	13615335	-4000	4000	2750
chr6	33310254	33318254	33316004	8000	33314254	-4000	4000	1750
chr6	35793206	35801206	35797238	8000	35797206	-4000	4000	32
chr6	31735763	31743763	31736546	8000	31739763	-4000	4000	-3217
chr6	132710055	132718055	132711800	8000	132714055	-4000	4000	-2255
chr6	36383800	36391800	36387566	8000	36387800	-4000	4000	-234
chr6	46166980	46174980	46168003	8000	46170980	-4000	4000	-2977
chr6	159758529	159766529	159762150	8000	159762529	-4000	4000	-379
chr6	24662930	24670930	24666712	8000	24666930	-4000	4000	-218
chr6	27128795	27136795	27133383	8000	27132795	-4000	4000	588
chr6	27863588	27871588	27865668	8000	27867588	-4000	4000	-1920
chr6	31582124	31590124	31587308	8000	31586124	-4000	4000	1184
chr6	31717746	31725746	31720182	8000	31721746	-4000	4000	-1564
chr6	31955117	31963117	31963052	8000	31959117	-4000	4000	3935
chr6	32664383	32672383	32665008	8000	32668383	-4000	4000	-3375
chr6	33268047	33276047	33269505	8000	33272047	-4000	4000	-2542
chr6	39310461	39318461	39316876	8000	39314461	-4000	4000	2415
chr6	83189357	83197357	83196307	8000	83193357	-4000	4000	2950
chr6	116275930	116283930	116278611	8000	116279930	-4000	4000	-1319
chr6	7385793	7393793	7393138	8000	7389793	-4000	4000	3345
chr6	49546666	49554666	49551390	8000	49550666	-4000	4000	724
chr6	26212975	26220975	26217357	8000	26216975	-4000	4000	382
chr6	26592953	26600953	26598289	8000	26596953	-4000	4000	1336
chr6	35464401	35472401	35468429	8000	35468401	-4000	4000	28
chr6	32186202	32194202	32186460	8000	32190202	-4000	4000	-3742
chr6	26212975	26220975	26217139	8000	26216975	-4000	4000	164
chr6	31858905	31866905	31860136	8000	31862905	-4000	4000	-2769
chr6	32849816	32857816	32854162	8000	32853816	-4000	4000	346
chr6	33196665	33204665	33201635	8000	33200665	-4000	4000	970
chr6	132810569	132818569	132814595	8000	132814569	-4000	4000	26
chr6	132810569	132818569	132814596	8000	132814569	-4000	4000	27
chr6	26200610	26208610	26204794	8000	26204610	-4000	4000	184
chr6	43055438	43063438	43058228	8000	43059438	-4000	4000	-1210
chr6	116457370	116465370	116463607	8000	116461370	-4000	4000	2237
chr6	158815368	158823368	158818118	8000	158819368	-4000	4000	-1250
chr6	159758529	159766529	159762769	8000	159762529	-4000	4000	240
chr6	26592953	26600953	26597982	8000	26596953	-4000	4000	1029
chr6	26195516	26203516	26199067	8000	26199516	-4000	4000	-449
chr6	138769769	138777769	138776158	8000	138773769	-4000	4000	2389
chr6	46683875	46691875	46690207	8000	46687875	-4000	4000	2332
chr6	43036777	43044777	43037743	8000	43040777	-4000	4000	-3034
chr6	27889106	27897106	27893024	8000	27893106	-4000	4000	-82
chr6	44253890	44261890	44256461	8000	44257890	-4000	4000	-1429
chr6	26220199	26228199	26225580	8000	26224199	-4000	4000	1381
chr6	31717746	31725746	31723649	8000	31721746	-4000	4000	1903
chr6	43036777	43044777	43037773	8000	43040777	-4000	4000	-3004
chr6	83189357	83197357	83194639	8000	83193357	-4000	4000	1282
chr6	143853318	143861318	143857928	8000	143857318	-4000	4000	610
chr6	21589751	21597751	21596112	8000	21593751	-4000	4000	2361
chr6	46683875	46691875	46689378	8000	46687875	-4000	4000	1503
chr6	72617792	72625792	72622573	8000	72621792	-4000	4000	781
chr6	27863588	27871588	27867416	8000	27867588	-4000	4000	-172
chr6	43178184	43186184	43179915	8000	43182184	-4000	4000	-2269
chr6	31656778	31664778	31663994	8000	31660778	-4000	4000	3216
chr6	30062709	30070709	30068342	8000	30066709	-4000	4000	1633
chr6	29718775	29726775	29725541	8000	29722775	-4000	4000	2766
chr6	32220067	32228067	32220282	8000	32224067	-4000	4000	-3785
chr6	44242166	44250166	44249733	8000	44246166	-4000	4000	3567
chr6	33273123	33281123	33279534	8000	33277123	-4000	4000	2411
chr6	37001646	37009646	37008904	8000	37005646	-4000	4000	3258
chr6	27834545	27842545	27837957	8000	27838545	-4000	4000	-588
chr6	31268130	31276130	31271424	8000	31272130	-4000	4000	-706
chr6	33310254	33318254	33316566	8000	33314254	-4000	4000	2312
chr6	43512985	43520985	43520701	8000	43516985	-4000	4000	3716
chr6	26119926	26127926	26124236	8000	26123926	-4000	4000	310
chr6	83855656	83863656	83859733	8000	83859656	-4000	4000	77
chr6	32965094	32973094	32971690	8000	32969094	-4000	4000	2596
chr6	10415659	10423659	10419520	8000	10419659	-4000	4000	-139
chr6	33200655	33208655	33205264	8000	33204655	-4000	4000	609
chr6	33415661	33423661	33423548	8000	33419661	-4000	4000	3887
chr6	46683875	46691875	46691255	8000	46687875	-4000	4000	3380
chr6	21589751	21597751	21597493	8000	21593751	-4000	4000	3742
chr6	32149083	32157083	32155702	8000	32153083	-4000	4000	2619
chr6	33449970	33457970	33456347	8000	33453970	-4000	4000	2377
chr6	43505702	43513702	43512822	8000	43509702	-4000	4000	3120
chr6	27806051	27814051	27808542	8000	27810051	-4000	4000	-1509
chr6	33449970	33457970	33455430	8000	33453970	-4000	4000	1460
chr6	26052470	26060470	26055811	8000	26056470	-4000	4000	-659
chr6	43036777	43044777	43042986	8000	43040777	-4000	4000	2209
chr6	149959943	149967943	149964045	8000	149963943	-4000	4000	102
chr6	167822911	167830911	167826132	8000	167826911	-4000	4000	-779
chr6	71882550	71890550	71887171	8000	71886550	-4000	4000	621
chr6	33273123	33281123	33278670	8000	33277123	-4000	4000	1547
chr6	41782542	41790542	41784937	8000	41786542	-4000	4000	-1605
chr6	30643039	30651039	30644482	8000	30647039	-4000	4000	-2557
chr6	31735763	31743763	31736380	8000	31739763	-4000	4000	-3383
chr6	26267413	26275413	26270991	8000	26271413	-4000	4000	-422
chr6	99390195	99398195	99394146	8000	99394195	-4000	4000	-49
chr6	26230987	26238987	26234265	8000	26234987	-4000	4000	-722
chr6	131707017	131715017	131709367	8000	131711017	-4000	4000	-1650
chr6	26436472	26444472	26444007	8000	26440472	-4000	4000	3535
chr6	31893785	31901785	31900059	8000	31897785	-4000	4000	2274
chr6	43167269	43175269	43173939	8000	43171269	-4000	4000	2670
chr6	100460921	100468921	100463469	8000	100464921	-4000	4000	-1452
chr6	4017267	4025267	4021450	8000	4021267	-4000	4000	183
chr6	26267413	26275413	26273059	8000	26271413	-4000	4000	1646
chr6	55871590	55879590	55874630	8000	55875590	-4000	4000	-960
chr6	43072307	43080307	43074681	8000	43076307	-4000	4000	-1626
chr6	35464401	35472401	35468429	8000	35468401	-4000	4000	28
chr6	43178184	43186184	43178444	8000	43182184	-4000	4000	-3740
chr6	109436724	109444724	109443834	8000	109440724	-4000	4000	3110
chr6	44253890	44261890	44259224	8000	44257890	-4000	4000	1334
chr6	33196665	33204665	33201078	8000	33200665	-4000	4000	413
chr6	36383800	36391800	36391740	8000	36387800	-4000	4000	3940
chr6	27820092	27828092	27824322	8000	27824092	-4000	4000	230
chr6	3153544	3161544	3153869	8000	3157544	-4000	4000	-3675
chr6	26195516	26203516	26199867	8000	26199516	-4000	4000	351
chr6	26212975	26220975	26217081	8000	26216975	-4000	4000	106
chr6	26379096	26387096	26385328	8000	26383096	-4000	4000	2232
chr6	26398237	26406237	26405923	8000	26402237	-4000	4000	3686
chr6	27806051	27814051	27808438	8000	27810051	-4000	4000	-1613
chr6	31968290	31976290	31970400	8000	31972290	-4000	4000	-1890
chr6	31978057	31986057	31980755	8000	31982057	-4000	4000	-1302
chr6	43010103	43018103	43013185	8000	43014103	-4000	4000	-918
chr6	57168326	57176326	57168586	8000	57172326	-4000	4000	-3740
chr6	116250075	116258075	116253343	8000	116254075	-4000	4000	-732
chr6	116275930	116283930	116278922	8000	116279930	-4000	4000	-1008
chr6	26195516	26203516	26196945	8000	26199516	-4000	4000	-2571
chr6	27142855	27150855	27146792	8000	27146855	-4000	4000	-63
chr6	31662102	31670102	31666901	8000	31666102	-4000	4000	799
chr6	41782542	41790542	41785511	8000	41786542	-4000	4000	-1031
chr6	41782542	41790542	41789309	8000	41786542	-4000	4000	2767
chr6	26212975	26220975	26216362	8000	26216975	-4000	4000	-613
chr6	26496303	26504303	26501907	8000	26500303	-4000	4000	1604
chr6	26592953	26600953	26598605	8000	26596953	-4000	4000	1652
chr6	27142855	27150855	27146601	8000	27146855	-4000	4000	-254
chr6	27834545	27842545	27838278	8000	27838545	-4000	4000	-267
chr6	31710072	31718072	31712001	8000	31714072	-4000	4000	-2071
chr6	31791752	31799752	31795206	8000	31795752	-4000	4000	-546
chr6	31858905	31866905	31860604	8000	31862905	-4000	4000	-2301
chr6	32840679	32848679	32845717	8000	32844679	-4000	4000	1038
chr6	33268047	33276047	33268209	8000	33272047	-4000	4000	-3838
chr6	33313942	33321942	33321448	8000	33317942	-4000	4000	3506
chr6	35793206	35801206	35795147	8000	35797206	-4000	4000	-2059
chr6	42886821	42894821	42890519	8000	42890821	-4000	4000	-302
chr6	44253890	44261890	44256412	8000	44257890	-4000	4000	-1478
chr6	46683875	46691875	46689509	8000	46687875	-4000	4000	1634
chr6	131707017	131715017	131710108	8000	131711017	-4000	4000	-909
chr6	27834545	27842545	27838154	8000	27838545	-4000	4000	-391
chr7	91936840	91944840	91941143	8000	91940840	-4000	4000	303
chr7	73429778	73437778	73434841	8000	73433778	-4000	4000	1063
chr7	21424043	21432043	21428756	8000	21428043	-4000	4000	713
chr7	143358770	143366770	143360119	8000	143362770	-4000	4000	-2651
chr7	25176356	25184356	25179274	8000	25180356	-4000	4000	-1082
chr7	151020499	151028499	151023916	8000	151024499	-4000	4000	-583
chr7	91260433	91268433	91265739	8000	91264433	-4000	4000	1306
chr7	100582129	100590129	100586639	8000	100586129	-4000	4000	510
chr7	100892974	100900974	100893910	8000	100896974	-4000	4000	-3064
chr7	151044292	151052292	151051844	8000	151048292	-4000	4000	3552
chr7	44537330	44545330	44539788	8000	44541330	-4000	4000	-1542
chr7	22721884	22729884	22729672	8000	22725884	-4000	4000	3788
chr7	76393518	76401518	76393861	8000	76397518	-4000	4000	-3657
chr7	100154723	100162723	100160663	8000	100158723	-4000	4000	1940
chr7	100598363	100606363	100600661	8000	100602363	-4000	4000	-1702
chr7	96705880	96713880	96709843	8000	96709880	-4000	4000	-37
chr7	135658496	135666496	135660381	8000	135662496	-4000	4000	-2115
chr7	100608102	100616102	100615194	8000	100612102	-4000	4000	3092
chr7	7636711	7644711	7640412	8000	7640711	-4000	4000	-299
chr7	73679025	73687025	73686640	8000	73683025	-4000	4000	3615
chr7	23466491	23474491	23470027	8000	23470491	-4000	4000	-464
chr7	30907853	30915853	30912089	8000	30911853	-4000	4000	236
chr7	91260433	91268433	91265949	8000	91264433	-4000	4000	1516
chr7	143128077	143136077	143132146	8000	143132077	-4000	4000	69
chr7	94903202	94911202	94910756	8000	94907202	-4000	4000	3554
chr7	87623548	87631548	87628914	8000	87627548	-4000	4000	1366
chr7	100424992	100432992	100431689	8000	100428992	-4000	4000	2697
chr7	158700804	158708804	158701897	8000	158704804	-4000	4000	-2907
chr7	44537330	44545330	44540318	8000	44541330	-4000	4000	-1012
chr7	108565867	108573867	108571890	8000	108569867	-4000	4000	2023
chr7	65978215	65986215	65980334	8000	65982215	-4000	4000	-1881
chr7	100154723	100162723	100160115	8000	100158723	-4000	4000	1392
chr7	100097940	100105940	100103624	8000	100101940	-4000	4000	1684
chr7	74250458	74258458	74254355	8000	74254458	-4000	4000	-103
chr7	152432644	152440644	152435730	8000	152436644	-4000	4000	-914
chr7	139336359	139344359	139341419	8000	139340359	-4000	4000	1060
chr7	100097940	100105940	100099298	8000	100101940	-4000	4000	-2642
chr7	107656828	107664828	107663360	8000	107660828	-4000	4000	2532
chr7	97020950	97028950	97021016	8000	97024950	-4000	4000	-3934
chr7	97020950	97028950	97022271	8000	97024950	-4000	4000	-2679
chr7	79449667	79457667	79453076	8000	79453667	-4000	4000	-591
chr7	17936501	17944501	17940337	8000	17940501	-4000	4000	-164
chr7	150718253	150726253	150720726	8000	150722253	-4000	4000	-1527
chr7	21424043	21432043	21430502	8000	21428043	-4000	4000	2459
chr7	23294739	23302739	23299472	8000	23298739	-4000	4000	733
chr7	73679025	73687025	73683218	8000	73683025	-4000	4000	193
chr7	93886753	93894753	93889113	8000	93890753	-4000	4000	-1640
chr7	94000382	94008382	94004204	8000	94004382	-4000	4000	-178
chr7	99675998	99683998	99676222	8000	99679998	-4000	4000	-3776
chr7	100154723	100162723	100160031	8000	100158723	-4000	4000	1308
chr7	100173381	100181381	100175781	8000	100177381	-4000	4000	-1600
chr7	100424992	100432992	100431331	8000	100428992	-4000	4000	2339
chr7	100475232	100483232	100477375	8000	100479232	-4000	4000	-1857
chr7	102359872	102367872	102366076	8000	102363872	-4000	4000	2204
chr7	102744971	102752971	102749467	8000	102748971	-4000	4000	496
chr7	150364790	150372790	150371370	8000	150368790	-4000	4000	2580
chr7	150718253	150726253	150720236	8000	150722253	-4000	4000	-2017
chr7	120269175	120277175	120275517	8000	120273175	-4000	4000	2342
chr7	120269175	120277175	120275038	8000	120273175	-4000	4000	1863
chr7	149191546	149199546	149198624	8000	149195546	-4000	4000	3078
chr7	44578287	44586287	44579520	8000	44582287	-4000	4000	-2767
chr7	47975615	47983615	47976808	8000	47979615	-4000	4000	-2807
chr7	106861278	106869278	106869175	8000	106865278	-4000	4000	3897
chr7	116520994	116528994	116526629	8000	116524994	-4000	4000	1635
chr7	150364790	150372790	150371922	8000	150368790	-4000	4000	3132
chr7	151076866	151084866	151077136	8000	151080866	-4000	4000	-3730
chr7	151020499	151028499	151021272	8000	151024499	-4000	4000	-3227
chr7	5186196	5194196	5193194	8000	5190196	-4000	4000	2998
chr7	12399941	12407941	12403738	8000	12403941	-4000	4000	-203
chr7	69594296	69602296	69599944	8000	69598296	-4000	4000	1648
chr7	134523567	134531567	134530692	8000	134527567	-4000	4000	3125
chr7	156636281	156644281	156639800	8000	156640281	-4000	4000	-481
chr7	99675998	99683998	99679954	8000	99679998	-4000	4000	-44
chr7	143753696	143761696	143757077	8000	143757696	-4000	4000	-619
chr7	107999213	108007213	108002328	8000	108003213	-4000	4000	-885
chr7	22721884	22729884	22727570	8000	22725884	-4000	4000	1686
chr7	135658496	135666496	135662558	8000	135662496	-4000	4000	62
chr7	65369799	65377799	65373880	8000	65373799	-4000	4000	81
chr7	120269175	120277175	120275558	8000	120273175	-4000	4000	2383
chr7	44571051	44579051	44572593	8000	44575051	-4000	4000	-2458
chr7	6611610	6619610	6617238	8000	6615610	-4000	4000	1628
chr7	150797360	150805360	150801589	8000	150801360	-4000	4000	229
chr7	77195848	77203848	77196926	8000	77199848	-4000	4000	-2922
chr7	44537330	44545330	44539053	8000	44541330	-4000	4000	-2277
chr7	135658496	135666496	135660167	8000	135662496	-4000	4000	-2329
chr7	40130622	40138622	40133117	8000	40134622	-4000	4000	-1505
chr7	100638779	100646779	100640975	8000	100642779	-4000	4000	-1804
chr7	151076866	151084866	151076994	8000	151080866	-4000	4000	-3872
chr7	100945534	100953534	100952894	8000	100949534	-4000	4000	3360
chr7	44040640	44048640	44041014	8000	44044640	-4000	4000	-3626
chr7	128472729	128480729	128479248	8000	128476729	-4000	4000	2519
chr7	19113636	19121636	19116997	8000	19117636	-4000	4000	-639
chr7	65002684	65010684	65006605	8000	65006684	-4000	4000	-79
chr7	99434922	99442922	99435097	8000	99438922	-4000	4000	-3825
chr7	99554536	99562536	99560622	8000	99558536	-4000	4000	2086
chr7	143377295	143385295	143382273	8000	143381295	-4000	4000	978
chr7	74078933	74086933	74085831	8000	74082933	-4000	4000	2898
chr7	21424043	21432043	21430060	8000	21428043	-4000	4000	2017
chr7	143753696	143761696	143756485	8000	143757696	-4000	4000	-1211
chr7	101123104	101131104	101128516	8000	101127104	-4000	4000	1412
chr7	44040640	44048640	44040969	8000	44044640	-4000	4000	-3671
chr7	102547221	102555221	102554434	8000	102551221	-4000	4000	3213
chr7	151873125	151881125	151876557	8000	151877125	-4000	4000	-568
chr7	27148583	27156583	27155127	8000	27152583	-4000	4000	2544
chr7	42928214	42936214	42932435	8000	42932214	-4000	4000	221
chr7	101081481	101089481	101087361	8000	101085481	-4000	4000	1880
chr7	127589611	127597611	127595618	8000	127593611	-4000	4000	2007
chr7	95592516	95600516	95592812	8000	95596516	-4000	4000	-3704
chr7	35693459	35701459	35694423	8000	35697459	-4000	4000	-3036
chr7	77195848	77203848	77196819	8000	77199848	-4000	4000	-3029
chr7	56060002	56068002	56063092	8000	56064002	-4000	4000	-910
chr7	23101758	23109758	23105996	8000	23105758	-4000	4000	238
chr7	44578287	44586287	44582155	8000	44582287	-4000	4000	-132
chr7	100885715	100893715	100887775	8000	100889715	-4000	4000	-1940
chr7	135658496	135666496	135660624	8000	135662496	-4000	4000	-1872
chr7	12566577	12574577	12570916	8000	12570577	-4000	4000	339
chr7	73679453	73687453	73687082	8000	73683453	-4000	4000	3629
chr7	151053210	151061210	151055373	8000	151057210	-4000	4000	-1837
chr7	8429609	8437609	8434427	8000	8433609	-4000	4000	818
chr7	108565867	108573867	108569653	8000	108569867	-4000	4000	-214
chr7	140400433	140408433	140407756	8000	140404433	-4000	4000	3323
chr7	100424992	100432992	100430792	8000	100428992	-4000	4000	1800
chr7	99675998	99683998	99676501	8000	99679998	-4000	4000	-3497
chr7	99925620	99933620	99929601	8000	99929620	-4000	4000	-19
chr7	100598363	100606363	100603943	8000	100602363	-4000	4000	1580
chr7	100871103	100879103	100872721	8000	100875103	-4000	4000	-2382
chr7	101248316	101256316	101251973	8000	101252316	-4000	4000	-343
chr7	151076866	151084866	151077230	8000	151080866	-4000	4000	-3636
chr7	16641817	16649817	16645593	8000	16645817	-4000	4000	-224
chr7	20326702	20334702	20331742	8000	20330702	-4000	4000	1040
chr7	102460863	102468863	102466168	8000	102464863	-4000	4000	1305
chr7	73679025	73687025	73683845	8000	73683025	-4000	4000	820
chr7	98873933	98881933	98881111	8000	98877933	-4000	4000	3178
chr7	100638779	100646779	100641483	8000	100642779	-4000	4000	-1296
chr7	100173381	100181381	100175613	8000	100177381	-4000	4000	-1768
chr7	134982508	134990508	134987943	8000	134986508	-4000	4000	1435
chr7	151044292	151052292	151049344	8000	151048292	-4000	4000	1052
chr7	66083761	66091761	66086629	8000	66087761	-4000	4000	-1132
chr7	15682683	15690683	15686464	8000	15686683	-4000	4000	-219
chr7	150718253	150726253	150720353	8000	150722253	-4000	4000	-1900
chr7	102744971	102752971	102749603	8000	102748971	-4000	4000	632
chr7	113083778	113091778	113084087	8000	113087778	-4000	4000	-3691
chr7	30748137	30756137	30755759	8000	30752137	-4000	4000	3622
chr7	120269175	120277175	120275728	8000	120273175	-4000	4000	2553
chr7	143377295	143385295	143383001	8000	143381295	-4000	4000	1706
chr7	116949238	116957238	116953653	8000	116953238	-4000	4000	415
chr7	151873125	151881125	151876505	8000	151877125	-4000	4000	-620
chr7	100885715	100893715	100888295	8000	100889715	-4000	4000	-1420
chr7	33058796	33066796	33062580	8000	33062796	-4000	4000	-216
chr7	100084969	100092969	100089641	8000	100088969	-4000	4000	672
chr7	150364790	150372790	150369702	8000	150368790	-4000	4000	912
chr7	30748137	30756137	30753754	8000	30752137	-4000	4000	1617
chr7	100097940	100105940	100099651	8000	100101940	-4000	4000	-2289
chr7	101081481	101089481	101088846	8000	101085481	-4000	4000	3365
chr7	133249073	133257073	133253163	8000	133253073	-4000	4000	90
chr7	26197162	26205162	26197651	8000	26201162	-4000	4000	-3511
chr7	100097940	100105940	100102384	8000	100101940	-4000	4000	444
chr7	100097940	100105940	100103489	8000	100101940	-4000	4000	1549
chr7	71128144	71136144	71132983	8000	71132144	-4000	4000	839
chr7	102474922	102482922	102476241	8000	102478922	-4000	4000	-2681
chr7	151053210	151061210	151057861	8000	151057210	-4000	4000	651
chr7	151076866	151084866	151076964	8000	151080866	-4000	4000	-3902
chr7	36720549	36728549	36724306	8000	36724549	-4000	4000	-243
chr7	44571051	44579051	44572407	8000	44575051	-4000	4000	-2644
chr7	151076866	151084866	151076965	8000	151080866	-4000	4000	-3901
chr7	100164617	100172617	100172141	8000	100168617	-4000	4000	3524
chr7	1156759	1164759	1158252	8000	1160759	-4000	4000	-2507
chr7	120269175	120277175	120274767	8000	120273175	-4000	4000	1592
chr7	100424992	100432992	100430941	8000	100428992	-4000	4000	1949
chr7	93917735	93925735	93922028	8000	93921735	-4000	4000	293
chr7	94000382	94008382	94004229	8000	94004382	-4000	4000	-153
chr7	100424992	100432992	100431105	8000	100428992	-4000	4000	2113
chr7	134982508	134990508	134987955	8000	134986508	-4000	4000	1447
chr7	143753696	143761696	143756494	8000	143757696	-4000	4000	-1202
chr7	42928214	42936214	42932418	8000	42932214	-4000	4000	204
chr7	144260792	144268792	144268312	8000	144264792	-4000	4000	3520
chr7	12682856	12690856	12688797	8000	12686856	-4000	4000	1941
chr7	120269175	120277175	120274978	8000	120273175	-4000	4000	1803
chr7	90163590	90171590	90164786	8000	90167590	-4000	4000	-2804
chr7	151228483	151236483	151235247	8000	151232483	-4000	4000	2764
chr7	73734852	73742852	73737263	8000	73738852	-4000	4000	-1589
chr7	2238226	2246226	2244710	8000	2242226	-4000	4000	2484
chr7	66991173	66999173	66998186	8000	66995173	-4000	4000	3013
chr7	75070228	75078228	75070699	8000	75074228	-4000	4000	-3529
chr7	100608102	100616102	100613267	8000	100612102	-4000	4000	1165
chr7	23466491	23474491	23470048	8000	23470491	-4000	4000	-443
chr7	106108576	106116576	106112228	8000	106112576	-4000	4000	-348
chr7	27148583	27156583	27152722	8000	27152583	-4000	4000	139
chr7	151044292	151052292	151048985	8000	151048292	-4000	4000	693
chr7	12566577	12574577	12570332	8000	12570577	-4000	4000	-245
chr7	73838516	73846516	73841078	8000	73842516	-4000	4000	-1438
chr7	100885715	100893715	100888374	8000	100889715	-4000	4000	-1341
chr7	5509809	5517809	5513690	8000	5513809	-4000	4000	-119
chr7	25121260	25129260	25123824	8000	25125260	-4000	4000	-1436
chr7	100432497	100440497	100435396	8000	100436497	-4000	4000	-1101
chr7	100863387	100871387	100870636	8000	100867387	-4000	4000	3249
chr7	100569900	100577900	100572390	8000	100573900	-4000	4000	-1510
chr7	106861278	106869278	106868900	8000	106865278	-4000	4000	3622
chr7	112202407	112210407	112206126	8000	112206407	-4000	4000	-281
chr7	150718253	150726253	150720184	8000	150722253	-4000	4000	-2069
chr7	1567005	1575005	1567824	8000	1571005	-4000	4000	-3181
chr7	101214165	101222165	101216473	8000	101218165	-4000	4000	-1692
chr7	116520994	116528994	116526572	8000	116524994	-4000	4000	1578
chr7	140669993	140677993	140673540	8000	140673993	-4000	4000	-453
chr7	150337662	150345662	150337987	8000	150341662	-4000	4000	-3675
chr7	151406727	151414727	151409030	8000	151410727	-4000	4000	-1697
chr7	66083761	66091761	66087384	8000	66087761	-4000	4000	-377
chr7	76298673	76306673	76304224	8000	76302673	-4000	4000	1551
chr7	100598363	100606363	100600800	8000	100602363	-4000	4000	-1563
chr7	139336359	139344359	139341501	8000	139340359	-4000	4000	1142
chr7	139336359	139344359	139341259	8000	139340359	-4000	4000	900
chr7	94903202	94911202	94910957	8000	94907202	-4000	4000	3755
chr7	27148583	27156583	27155060	8000	27152583	-4000	4000	2477
chr7	101161569	101169569	101164250	8000	101165569	-4000	4000	-1319
chr7	124761792	124769792	124764520	8000	124765792	-4000	4000	-1272
chr7	151024422	151032422	151028534	8000	151028422	-4000	4000	112
chr7	102474922	102482922	102478861	8000	102478922	-4000	4000	-61
chr7	93886753	93894753	93890213	8000	93890753	-4000	4000	-540
chr7	151044292	151052292	151048946	8000	151048292	-4000	4000	654
chr7	100097549	100105549	100097715	8000	100101549	-4000	4000	-3834
chr7	188571	196571	195707	8000	192571	-4000	4000	3136
chr7	22723613	22731613	22731517	8000	22727613	-4000	4000	3904
chr7	27181232	27189232	27182904	8000	27185232	-4000	4000	-2328
chr7	87341664	87349664	87345272	8000	87345664	-4000	4000	-392
chr7	120854402	120862402	120856704	8000	120858402	-4000	4000	-1698
chr7	143284215	143292215	143288436	8000	143288215	-4000	4000	221
chr7	44537330	44545330	44539058	8000	44541330	-4000	4000	-2272
chr7	100084969	100092969	100089315	8000	100088969	-4000	4000	346
chr7	140669993	140677993	140674754	8000	140673993	-4000	4000	761
chr7	150718253	150726253	150720379	8000	150722253	-4000	4000	-1874
chr7	150796403	150804403	150796616	8000	150800403	-4000	4000	-3787
chr7	151053210	151061210	151055068	8000	151057210	-4000	4000	-2142
chr7	100885715	100893715	100886948	8000	100889715	-4000	4000	-2767
chr7	100582129	100590129	100589490	8000	100586129	-4000	4000	3361
chr7	100669567	100677567	100676291	8000	100673567	-4000	4000	2724
chr7	101214165	101222165	101217948	8000	101218165	-4000	4000	-217
chr7	22721884	22729884	22727557	8000	22725884	-4000	4000	1673
chr7	129948960	129956960	129952608	8000	129952960	-4000	4000	-352
chr7	100582129	100590129	100589666	8000	100586129	-4000	4000	3537
chr7	30748137	30756137	30755802	8000	30752137	-4000	4000	3665
chr7	29559835	29567835	29566457	8000	29563835	-4000	4000	2622
chr7	76298673	76306673	76304065	8000	76302673	-4000	4000	1392
chr7	103985658	103993658	103989289	8000	103989658	-4000	4000	-369
chr7	4979718	4987718	4985076	8000	4983718	-4000	4000	1358
chr7	116949238	116957238	116953576	8000	116953238	-4000	4000	338
chr7	129122518	129130518	129127226	8000	129126518	-4000	4000	708
chr7	27181232	27189232	27182664	8000	27185232	-4000	4000	-2568
chr7	73679025	73687025	73686900	8000	73683025	-4000	4000	3875
chr7	100945534	100953534	100951926	8000	100949534	-4000	4000	2392
chr7	130203770	130211770	130205448	8000	130207770	-4000	4000	-2322
chr7	8429609	8437609	8434557	8000	8433609	-4000	4000	948
chr7	25121260	25129260	25123568	8000	25125260	-4000	4000	-1692
chr7	32491283	32499283	32495715	8000	32495283	-4000	4000	432
chr7	91260433	91268433	91266643	8000	91264433	-4000	4000	2210
chr7	99500857	99508857	99506281	8000	99504857	-4000	4000	1424
chr7	100122785	100130785	100128120	8000	100126785	-4000	4000	1335
chr7	100569900	100577900	100575608	8000	100573900	-4000	4000	1708
chr7	101123104	101131104	101130443	8000	101127104	-4000	4000	3339
chr7	102460863	102468863	102468331	8000	102464863	-4000	4000	3468
chr7	128786757	128794757	128791535	8000	128790757	-4000	4000	778
chr7	128786757	128794757	128792173	8000	128790757	-4000	4000	1416
chr7	151044292	151052292	151049069	8000	151048292	-4000	4000	777
chr7	101214165	101222165	101216731	8000	101218165	-4000	4000	-1434
chr7	30748137	30756137	30753882	8000	30752137	-4000	4000	1745
chr7	100885715	100893715	100890422	8000	100889715	-4000	4000	707
chr7	73429778	73437778	73435976	8000	73433778	-4000	4000	2198
chr7	73679453	73687453	73687039	8000	73683453	-4000	4000	3586
chr7	75391063	75399063	75395435	8000	75395063	-4000	4000	372
chr7	99404641	99412641	99404879	8000	99408641	-4000	4000	-3762
chr7	151053210	151061210	151056591	8000	151057210	-4000	4000	-619
chr7	79449667	79457667	79453108	8000	79453667	-4000	4000	-559
chr7	100303702	100311702	100307941	8000	100307702	-4000	4000	239
chr7	128028107	128036107	128030221	8000	128032107	-4000	4000	-1886
chr7	6611610	6619610	6616154	8000	6615610	-4000	4000	544
chr7	43578758	43586758	43583237	8000	43582758	-4000	4000	479
chr7	44100345	44108345	44107820	8000	44104345	-4000	4000	3475
chr7	45084969	45092969	45085338	8000	45088969	-4000	4000	-3631
chr7	77118434	77126434	77122664	8000	77122434	-4000	4000	230
chr7	83645139	83653139	83648434	8000	83649139	-4000	4000	-705
chr7	94505219	94513219	94510135	8000	94509219	-4000	4000	916
chr7	99675998	99683998	99679855	8000	99679998	-4000	4000	-143
chr7	100164617	100172617	100170266	8000	100168617	-4000	4000	1649
chr7	108565867	108573867	108573526	8000	108569867	-4000	4000	3659
chr7	130664748	130672748	130668803	8000	130668748	-4000	4000	55
chr7	140669993	140677993	140674187	8000	140673993	-4000	4000	194
chr7	149769588	149777588	149776934	8000	149773588	-4000	4000	3346
chr7	150718253	150726253	150720088	8000	150722253	-4000	4000	-2165
chr7	151044292	151052292	151048959	8000	151048292	-4000	4000	667
chr7	151228483	151236483	151233950	8000	151232483	-4000	4000	1467
chr7	30748137	30756137	30755591	8000	30752137	-4000	4000	3454
chr7	93886753	93894753	93886829	8000	93890753	-4000	4000	-3924
chr7	100164617	100172617	100172162	8000	100168617	-4000	4000	3545
chr7	56060002	56068002	56064361	8000	56064002	-4000	4000	359
chr7	73766270	73774270	73769320	8000	73770270	-4000	4000	-950
chr7	97868542	97876542	97868988	8000	97872542	-4000	4000	-3554
chr7	44571051	44579051	44571704	8000	44575051	-4000	4000	-3347
chr7	100638779	100646779	100641209	8000	100642779	-4000	4000	-1570
chr7	106281966	106289966	106284974	8000	106285966	-4000	4000	-992
chr7	143753696	143761696	143756561	8000	143757696	-4000	4000	-1135
chr7	100582129	100590129	100582428	8000	100586129	-4000	4000	-3701
chr7	65002684	65010684	65006714	8000	65006684	-4000	4000	30
chr7	120854402	120862402	120856759	8000	120858402	-4000	4000	-1643
chr7	102547221	102555221	102554444	8000	102551221	-4000	4000	3223
chr7	144260792	144268792	144267117	8000	144264792	-4000	4000	2325
chr7	93222469	93230469	93226393	8000	93226469	-4000	4000	-76
chr7	100173381	100181381	100175622	8000	100177381	-4000	4000	-1759
chr7	103340830	103348830	103341805	8000	103344830	-4000	4000	-3025
chr7	156636281	156644281	156643838	8000	156640281	-4000	4000	3557
chr7	36149254	36157254	36154772	8000	36153254	-4000	4000	1518
chr7	100097940	100105940	100099315	8000	100101940	-4000	4000	-2625
chr7	116206506	116214506	116210625	8000	116210506	-4000	4000	119
chr7	120984697	120992697	120989789	8000	120988697	-4000	4000	1092
chr7	88222993	88230993	88226932	8000	88226993	-4000	4000	-61
chr7	44078530	44086530	44078811	8000	44082530	-4000	4000	-3719
chr7	73679025	73687025	73687004	8000	73683025	-4000	4000	3979
chr7	94903202	94911202	94911029	8000	94907202	-4000	4000	3827
chr7	36149254	36157254	36154538	8000	36153254	-4000	4000	1284
chr7	120269175	120277175	120275306	8000	120273175	-4000	4000	2131
chr7	28954330	28962330	28957281	8000	28958330	-4000	4000	-1049
chr7	47975615	47983615	47978542	8000	47979615	-4000	4000	-1073
chr7	100097940	100105940	100099274	8000	100101940	-4000	4000	-2666
chr7	123553904	123561904	123557902	8000	123557904	-4000	4000	-2
chr7	123553904	123561904	123557903	8000	123557904	-4000	4000	-1
chr7	1156759	1164759	1158233	8000	1160759	-4000	4000	-2526
chr7	66083761	66091761	66088914	8000	66087761	-4000	4000	1153
chr7	150718253	150726253	150720549	8000	150722253	-4000	4000	-1704
chr7	44100345	44108345	44107658	8000	44104345	-4000	4000	3313
chr7	150563369	150571369	150569962	8000	150567369	-4000	4000	2593
chr7	120984697	120992697	120989440	8000	120988697	-4000	4000	743
chr7	101811904	101819904	101816012	8000	101815904	-4000	4000	108
chr7	65002684	65010684	65006651	8000	65006684	-4000	4000	-33
chr7	127589611	127597611	127591258	8000	127593611	-4000	4000	-2353
chr7	25121260	25129260	25124128	8000	25125260	-4000	4000	-1132
chr7	151044292	151052292	151049073	8000	151048292	-4000	4000	781
chr7	64662099	64670099	64666191	8000	64666099	-4000	4000	92
chr7	66083761	66091761	66086824	8000	66087761	-4000	4000	-937
chr7	4979718	4987718	4984956	8000	4983718	-4000	4000	1238
chr7	97020950	97028950	97022226	8000	97024950	-4000	4000	-2724
chr7	100097940	100105940	100099187	8000	100101940	-4000	4000	-2753
chr7	101123104	101131104	101130420	8000	101127104	-4000	4000	3316
chr7	36149254	36157254	36154629	8000	36153254	-4000	4000	1375
chr7	99434922	99442922	99435124	8000	99438922	-4000	4000	-3798
chr7	128339908	128347908	128343826	8000	128343908	-4000	4000	-82
chr7	75391063	75399063	75395205	8000	75395063	-4000	4000	142
chr7	135166795	135174795	135168936	8000	135170795	-4000	4000	-1859
chr7	106657158	106665158	106659241	8000	106661158	-4000	4000	-1917
chr7	139336359	139344359	139341498	8000	139340359	-4000	4000	1139
chr7	100363530	100371530	100367630	8000	100367530	-4000	4000	100
chr7	128786757	128794757	128794752	8000	128790757	-4000	4000	3995
chr7	100115841	100123841	100122300	8000	100119841	-4000	4000	2459
chr7	100097940	100105940	100099114	8000	100101940	-4000	4000	-2826
chr7	73429778	73437778	73435545	8000	73433778	-4000	4000	1767
chr7	5966683	5974683	5973537	8000	5970683	-4000	4000	2854
chr7	7636711	7644711	7640464	8000	7640711	-4000	4000	-247
chr7	21424043	21432043	21429754	8000	21428043	-4000	4000	1711
chr7	26197162	26205162	26197406	8000	26201162	-4000	4000	-3756
chr7	26197162	26205162	26200676	8000	26201162	-4000	4000	-486
chr7	27153936	27161936	27156601	8000	27157936	-4000	4000	-1335
chr7	27181232	27189232	27182696	8000	27185232	-4000	4000	-2536
chr7	30748137	30756137	30755620	8000	30752137	-4000	4000	3483
chr7	44078530	44086530	44079720	8000	44082530	-4000	4000	-2810
chr7	56102476	56110476	56104255	8000	56106476	-4000	4000	-2221
chr7	65978215	65986215	65979496	8000	65982215	-4000	4000	-2719
chr7	65978215	65986215	65980257	8000	65982215	-4000	4000	-1958
chr7	66991173	66999173	66995367	8000	66995173	-4000	4000	194
chr7	73304826	73312826	73304970	8000	73308826	-4000	4000	-3856
chr7	73679025	73687025	73686896	8000	73683025	-4000	4000	3871
chr7	77195848	77203848	77196564	8000	77199848	-4000	4000	-3284
chr7	87216587	87224587	87219618	8000	87220587	-4000	4000	-969
chr7	90163590	90171590	90164671	8000	90167590	-4000	4000	-2919
chr7	99500857	99508857	99506053	8000	99504857	-4000	4000	1196
chr7	100084969	100092969	100092877	8000	100088969	-4000	4000	3908
chr7	100154723	100162723	100156535	8000	100158723	-4000	4000	-2188
chr7	100424992	100432992	100430554	8000	100428992	-4000	4000	1562
chr7	100432497	100440497	100435512	8000	100436497	-4000	4000	-985
chr7	100569900	100577900	100572569	8000	100573900	-4000	4000	-1331
chr7	100569900	100577900	100577843	8000	100573900	-4000	4000	3943
chr7	100885715	100893715	100887049	8000	100889715	-4000	4000	-2666
chr7	100885715	100893715	100892644	8000	100889715	-4000	4000	2929
chr7	101150456	101158456	101154448	8000	101154456	-4000	4000	-8
chr7	102460863	102468863	102468135	8000	102464863	-4000	4000	3272
chr7	104204047	104212047	104204223	8000	104208047	-4000	4000	-3824
chr7	116520994	116528994	116526526	8000	116524994	-4000	4000	1532
chr7	122882759	122890759	122886053	8000	122886759	-4000	4000	-706
chr7	127589611	127597611	127589958	8000	127593611	-4000	4000	-3653
chr7	133249073	133257073	133253163	8000	133253073	-4000	4000	90
chr7	134982508	134990508	134987943	8000	134986508	-4000	4000	1435
chr7	140669993	140677993	140673931	8000	140673993	-4000	4000	-62
chr7	140686777	140694777	140687048	8000	140690777	-4000	4000	-3729
chr7	151044292	151052292	151049095	8000	151048292	-4000	4000	803
chr7	151044292	151052292	151050226	8000	151048292	-4000	4000	1934
chr7	135207555	135215555	135209708	8000	135211555	-4000	4000	-1847
chr7	101248316	101256316	101252002	8000	101252316	-4000	4000	-314
chr7	128028107	128036107	128028823	8000	128032107	-4000	4000	-3284
chr7	36385821	36393821	36389838	8000	36389821	-4000	4000	17
chr7	143377295	143385295	143382591	8000	143381295	-4000	4000	1296
chr7	143377295	143385295	143382592	8000	143381295	-4000	4000	1297
chr7	44061567	44069567	44065373	8000	44065567	-4000	4000	-194
chr7	100097940	100105940	100103621	8000	100101940	-4000	4000	1681
chr7	135973359	135981359	135977247	8000	135977359	-4000	4000	-112
chr7	143753696	143761696	143756831	8000	143757696	-4000	4000	-865
chr7	93886753	93894753	93890224	8000	93890753	-4000	4000	-529
chr7	101081481	101089481	101088837	8000	101085481	-4000	4000	3356
chr7	73838516	73846516	73841198	8000	73842516	-4000	4000	-1318
chr7	74170231	74178231	74174395	8000	74174231	-4000	4000	164
chr7	44486658	44494658	44490611	8000	44490658	-4000	4000	-47
chr7	135166795	135174795	135167894	8000	135170795	-4000	4000	-2901
chr7	2238226	2246226	2244655	8000	2242226	-4000	4000	2429
chr7	6822770	6830770	6824692	8000	6826770	-4000	4000	-2078
chr7	21424043	21432043	21430192	8000	21428043	-4000	4000	2149
chr7	27181232	27189232	27182885	8000	27185232	-4000	4000	-2347
chr7	76393518	76401518	76398793	8000	76397518	-4000	4000	1275
chr7	100164617	100172617	100167070	8000	100168617	-4000	4000	-1547
chr7	102460863	102468863	102467747	8000	102464863	-4000	4000	2884
chr7	108565867	108573867	108573042	8000	108569867	-4000	4000	3175
chr7	120269175	120277175	120275428	8000	120273175	-4000	4000	2253
chr7	123553904	123561904	123557222	8000	123557904	-4000	4000	-682
chr7	128406252	128414252	128409474	8000	128410252	-4000	4000	-778
chr7	141943007	141951007	141946220	8000	141947007	-4000	4000	-787
chr7	143753696	143761696	143756341	8000	143757696	-4000	4000	-1355
chr7	143753696	143761696	143756638	8000	143757696	-4000	4000	-1058
chr7	151053210	151061210	151056597	8000	151057210	-4000	4000	-613
chr7	92586393	92594393	92590349	8000	92590393	-4000	4000	-44
chr7	100084969	100092969	100091470	8000	100088969	-4000	4000	2501
chr7	140686777	140694777	140687136	8000	140690777	-4000	4000	-3641
chr7	100164617	100172617	100170194	8000	100168617	-4000	4000	1577
chr7	100885715	100893715	100888914	8000	100889715	-4000	4000	-801
chr7	77195848	77203848	77196613	8000	77199848	-4000	4000	-3235
chr7	111558517	111566517	111562009	8000	111562517	-4000	4000	-508
chr7	27153936	27161936	27156661	8000	27157936	-4000	4000	-1275
chr7	101123104	101131104	101128465	8000	101127104	-4000	4000	1361
chr7	22721884	22729884	22729674	8000	22725884	-4000	4000	3790
chr7	143404856	143412856	143407625	8000	143408856	-4000	4000	-1231
chr7	113083778	113091778	113083916	8000	113087778	-4000	4000	-3862
chr7	123553904	123561904	123556561	8000	123557904	-4000	4000	-1343
chr7	27181232	27189232	27184815	8000	27185232	-4000	4000	-417
chr7	100569900	100577900	100572404	8000	100573900	-4000	4000	-1496
chr7	7636711	7644711	7637021	8000	7640711	-4000	4000	-3690
chr7	45084969	45092969	45085147	8000	45088969	-4000	4000	-3822
chr7	100598363	100606363	100605759	8000	100602363	-4000	4000	3396
chr7	143284215	143292215	143288478	8000	143288215	-4000	4000	263
chr7	133249073	133257073	133253163	8000	133253073	-4000	4000	90
chr7	149191546	149199546	149198588	8000	149195546	-4000	4000	3042
chr7	76623279	76631279	76626193	8000	76627279	-4000	4000	-1086
chr7	56102476	56110476	56104233	8000	56106476	-4000	4000	-2243
chr7	15682683	15690683	15685888	8000	15686683	-4000	4000	-795
chr7	101123104	101131104	101130556	8000	101127104	-4000	4000	3452
chr7	19113636	19121636	19116771	8000	19117636	-4000	4000	-865
chr7	91260433	91268433	91266368	8000	91264433	-4000	4000	1935
chr7	101081481	101089481	101089118	8000	101085481	-4000	4000	3637
chr7	116520994	116528994	116524970	8000	116524994	-4000	4000	-24
chr7	116520994	116528994	116526556	8000	116524994	-4000	4000	1562
chr7	124761792	124769792	124764515	8000	124765792	-4000	4000	-1277
chr7	150364790	150372790	150372707	8000	150368790	-4000	4000	3917
chr7	77195848	77203848	77196549	8000	77199848	-4000	4000	-3299
chr7	100638779	100646779	100641558	8000	100642779	-4000	4000	-1221
chr7	102359872	102367872	102366073	8000	102363872	-4000	4000	2201
chr7	151044292	151052292	151049277	8000	151048292	-4000	4000	985
chr7	100582129	100590129	100589628	8000	100586129	-4000	4000	3499
chr7	129948960	129956960	129952619	8000	129952960	-4000	4000	-341
chr7	77195848	77203848	77196923	8000	77199848	-4000	4000	-2925
chr7	100154723	100162723	100155810	8000	100158723	-4000	4000	-2913
chr7	100871103	100879103	100873256	8000	100875103	-4000	4000	-1847
chr7	99462163	99470163	99466166	8000	99466163	-4000	4000	3
chr7	100084969	100092969	100091277	8000	100088969	-4000	4000	2308
chr7	56060002	56068002	56062757	8000	56064002	-4000	4000	-1245
chr7	134523567	134531567	134530804	8000	134527567	-4000	4000	3237
chr7	140686777	140694777	140687154	8000	140690777	-4000	4000	-3623
chr7	116206506	116214506	116210566	8000	116210506	-4000	4000	60
chr7	73429778	73437778	73434746	8000	73433778	-4000	4000	968
chr7	91936840	91944840	91941011	8000	91940840	-4000	4000	171
chr7	73663831	73671831	73670054	8000	73667831	-4000	4000	2223
chr7	73734852	73742852	73737593	8000	73738852	-4000	4000	-1259
chr7	44975088	44983088	44976878	8000	44979088	-4000	4000	-2210
chr7	100154723	100162723	100159786	8000	100158723	-4000	4000	1063
chr7	73304826	73312826	73305081	8000	73308826	-4000	4000	-3745
chr7	100084969	100092969	100092835	8000	100088969	-4000	4000	3866
chr7	44537330	44545330	44539975	8000	44541330	-4000	4000	-1355
chr7	91936840	91944840	91941002	8000	91940840	-4000	4000	162
chr7	12682856	12690856	12688669	8000	12686856	-4000	4000	1813
chr7	94000382	94008382	94004323	8000	94004382	-4000	4000	-59
chr7	100363530	100371530	100367422	8000	100367530	-4000	4000	-108
chr7	100084969	100092969	100092918	8000	100088969	-4000	4000	3949
chr7	107887162	107895162	107893243	8000	107891162	-4000	4000	2081
chr7	100122785	100130785	100124891	8000	100126785	-4000	4000	-1894
chr7	45084969	45092969	45085069	8000	45088969	-4000	4000	-3900
chr7	143358770	143366770	143358917	8000	143362770	-4000	4000	-3853
chr7	100638779	100646779	100643215	8000	100642779	-4000	4000	436
chr7	100097940	100105940	100105258	8000	100101940	-4000	4000	3318
chr7	97020950	97028950	97024587	8000	97024950	-4000	4000	-363
chr7	100582129	100590129	100589666	8000	100586129	-4000	4000	3537
chr7	97113698	97121698	97117793	8000	97117698	-4000	4000	95
chr7	151228483	151236483	151235573	8000	151232483	-4000	4000	3090
chr7	56060002	56068002	56060917	8000	56064002	-4000	4000	-3085
chr7	106861278	106869278	106867625	8000	106865278	-4000	4000	2347
chr7	128339908	128347908	128343753	8000	128343908	-4000	4000	-155
chr7	36720549	36728549	36724179	8000	36724549	-4000	4000	-370
chr7	101317823	101325823	101318988	8000	101321823	-4000	4000	-2835
chr7	44120358	44128358	44122099	8000	44124358	-4000	4000	-2259
chr7	64790388	64798388	64794476	8000	64794388	-4000	4000	88
chr7	120854402	120862402	120856728	8000	120858402	-4000	4000	-1674
chr7	26197162	26205162	26197729	8000	26201162	-4000	4000	-3433
chr7	100084969	100092969	100089818	8000	100088969	-4000	4000	849
chr7	28954330	28962330	28957356	8000	28958330	-4000	4000	-974
chr7	56060002	56068002	56060318	8000	56064002	-4000	4000	-3684
chr7	100598363	100606363	100603910	8000	100602363	-4000	4000	1547
chr7	100885715	100893715	100888838	8000	100889715	-4000	4000	-877
chr7	120946763	120954763	120951135	8000	120950763	-4000	4000	372
chr7	140400433	140408433	140407584	8000	140404433	-4000	4000	3151
chr7	150364790	150372790	150372592	8000	150368790	-4000	4000	3802
chr7	44100345	44108345	44104824	8000	44104345	-4000	4000	479
chr7	129122518	129130518	129127663	8000	129126518	-4000	4000	1145
chr7	101123104	101131104	101130566	8000	101127104	-4000	4000	3462
chr7	112202407	112210407	112206765	8000	112206407	-4000	4000	358
chr7	140686777	140694777	140689602	8000	140690777	-4000	4000	-1175
chr7	143358770	143366770	143358884	8000	143362770	-4000	4000	-3886
chr7	144832395	144840395	144835605	8000	144836395	-4000	4000	-790
chr7	73734852	73742852	73736338	8000	73738852	-4000	4000	-2514
chr7	74195652	74203652	74196396	8000	74199652	-4000	4000	-3256
chr7	75391063	75399063	75399050	8000	75395063	-4000	4000	3987
chr7	91260433	91268433	91267197	8000	91264433	-4000	4000	2764
chr7	97020950	97028950	97024269	8000	97024950	-4000	4000	-681
chr7	100173381	100181381	100173965	8000	100177381	-4000	4000	-3416
chr7	100424992	100432992	100431543	8000	100428992	-4000	4000	2551
chr7	102474922	102482922	102478840	8000	102478922	-4000	4000	-82
chr7	103340830	103348830	103344710	8000	103344830	-4000	4000	-120
chr7	135973359	135981359	135977094	8000	135977359	-4000	4000	-265
chr7	1567005	1575005	1569414	8000	1571005	-4000	4000	-1591
chr7	30748137	30756137	30752173	8000	30752137	-4000	4000	36
chr7	113083778	113091778	113083935	8000	113087778	-4000	4000	-3843
chr8	64576365	64584365	64576531	8000	64580365	-4000	4000	-3834
chr8	143986056	143994056	143992467	8000	143990056	-4000	4000	2411
chr8	143568772	143576772	143570046	8000	143572772	-4000	4000	-2726
chr8	22044995	22052995	22046182	8000	22048995	-4000	4000	-2813
chr8	100127268	100135268	100133759	8000	100131268	-4000	4000	2491
chr8	144133774	144141774	144139267	8000	144137774	-4000	4000	1493
chr8	144133774	144141774	144139228	8000	144137774	-4000	4000	1454
chr8	8889630	8897630	8890486	8000	8893630	-4000	4000	-3144
chr8	22600757	22608757	22607244	8000	22604757	-4000	4000	2487
chr8	142782539	142790539	142785278	8000	142786539	-4000	4000	-1261
chr8	144355376	144363376	144355625	8000	144359376	-4000	4000	-3751
chr8	42267302	42275302	42272091	8000	42271302	-4000	4000	789
chr8	79763857	79771857	79765319	8000	79767857	-4000	4000	-2538
chr8	47734164	47742164	47735411	8000	47738164	-4000	4000	-2753
chr8	48917740	48925740	48921404	8000	48921740	-4000	4000	-336
chr8	74980505	74988505	74986014	8000	74984505	-4000	4000	1509
chr8	132477095	132485095	132480243	8000	132481095	-4000	4000	-852
chr8	102651725	102659725	102653494	8000	102655725	-4000	4000	-2231
chr8	143972734	143980734	143975285	8000	143976734	-4000	4000	-1449
chr8	144412844	144420844	144414752	8000	144416844	-4000	4000	-2092
chr8	8889630	8897630	8890366	8000	8893630	-4000	4000	-3264
chr8	144513992	144521992	144515239	8000	144517992	-4000	4000	-2753
chr8	66663231	66671231	66665512	8000	66667231	-4000	4000	-1719
chr8	69830978	69838978	69832707	8000	69834978	-4000	4000	-2271
chr8	124446820	124454820	124451279	8000	124450820	-4000	4000	459
chr8	71840412	71848412	71843765	8000	71844412	-4000	4000	-647
chr8	70665339	70673339	70669170	8000	70669339	-4000	4000	-169
chr8	144412844	144420844	144413299	8000	144416844	-4000	4000	-3545
chr8	38382207	38390207	38387954	8000	38386207	-4000	4000	1747
chr8	73290602	73298602	73292698	8000	73294602	-4000	4000	-1904
chr8	127731434	127739434	127738914	8000	127735434	-4000	4000	3480
chr8	145048465	145056465	145054239	8000	145052465	-4000	4000	1774
chr8	144505070	144513070	144509973	8000	144509070	-4000	4000	903
chr8	42839325	42847325	42843094	8000	42843325	-4000	4000	-231
chr8	144412844	144420844	144414790	8000	144416844	-4000	4000	-2054
chr8	124535458	124543458	124539206	8000	124539458	-4000	4000	-252
chr8	145048465	145056465	145054504	8000	145052465	-4000	4000	2039
chr8	66663231	66671231	66665669	8000	66667231	-4000	4000	-1562
chr8	26379054	26387054	26379469	8000	26383054	-4000	4000	-3585
chr8	143614048	143622048	143614405	8000	143618048	-4000	4000	-3643
chr8	143574649	143582649	143575312	8000	143578649	-4000	4000	-3337
chr8	69830978	69838978	69832375	8000	69834978	-4000	4000	-2603
chr8	79763857	79771857	79765215	8000	79767857	-4000	4000	-2642
chr8	97273928	97281928	97277329	8000	97277928	-4000	4000	-599
chr8	100146623	100154623	100153475	8000	100150623	-4000	4000	2852
chr8	126554478	126562478	126556398	8000	126558478	-4000	4000	-2080
chr8	142696111	142704111	142703007	8000	142700111	-4000	4000	2896
chr8	144505070	144513070	144506144	8000	144509070	-4000	4000	-2926
chr8	144505070	144513070	144512040	8000	144509070	-4000	4000	2970
chr8	25455199	25463199	25462060	8000	25459199	-4000	4000	2861
chr8	144498973	144506973	144504189	8000	144502973	-4000	4000	1216
chr8	145048465	145056465	145052741	8000	145052465	-4000	4000	276
chr8	23850806	23858806	23851425	8000	23854806	-4000	4000	-3381
chr8	37691782	37699782	37698037	8000	37695782	-4000	4000	2255
chr8	37691782	37699782	37698039	8000	37695782	-4000	4000	2257
chr8	74317540	74325540	74320963	8000	74321540	-4000	4000	-577
chr8	144355376	144363376	144356486	8000	144359376	-4000	4000	-2890
chr8	144424563	144432563	144432423	8000	144428563	-4000	4000	3860
chr8	124446820	124454820	124452090	8000	124450820	-4000	4000	1270
chr8	23239637	23247637	23246635	8000	23243637	-4000	4000	2998
chr8	144513992	144521992	144519868	8000	144517992	-4000	4000	1876
chr8	38265243	38273243	38267219	8000	38269243	-4000	4000	-2024
chr8	144078590	144086590	144084827	8000	144082590	-4000	4000	2237
chr8	97273928	97281928	97277380	8000	97277928	-4000	4000	-548
chr8	143986056	143994056	143986302	8000	143990056	-4000	4000	-3754
chr8	96257902	96265902	96262105	8000	96261902	-4000	4000	203
chr8	9551912	9559912	9556143	8000	9555912	-4000	4000	231
chr8	23678938	23686938	23682755	8000	23682938	-4000	4000	-183
chr8	144513992	144521992	144516761	8000	144517992	-4000	4000	-1231
chr8	22689480	22697480	22690594	8000	22693480	-4000	4000	-2886
chr8	144355376	144363376	144360966	8000	144359376	-4000	4000	1590
chr8	144513992	144521992	144516641	8000	144517992	-4000	4000	-1351
chr8	108439601	108447601	108443682	8000	108443601	-4000	4000	81
chr8	22137951	22145951	22138782	8000	22141951	-4000	4000	-3169
chr8	66663231	66671231	66666484	8000	66667231	-4000	4000	-747
chr8	143712340	143720340	143718263	8000	143716340	-4000	4000	1923
chr8	80481619	80489619	80487247	8000	80485619	-4000	4000	1628
chr8	42047994	42055994	42049180	8000	42051994	-4000	4000	-2814
chr8	143712340	143720340	143720241	8000	143716340	-4000	4000	3901
chr8	132862958	132870958	132869780	8000	132866958	-4000	4000	2822
chr8	6873936	6881936	6877850	8000	6877936	-4000	4000	-86
chr8	104585258	104593258	104588905	8000	104589258	-4000	4000	-353
chr8	144329957	144337957	144332666	8000	144333957	-4000	4000	-1291
chr8	96231546	96239546	96235510	8000	96235546	-4000	4000	-36
chr8	67058417	67066417	67064436	8000	67062417	-4000	4000	2019
chr8	31029788	31037788	31032496	8000	31033788	-4000	4000	-1292
chr8	31029788	31037788	31032260	8000	31033788	-4000	4000	-1528
chr8	19813391	19821391	19820433	8000	19817391	-4000	4000	3042
chr8	13562869	13570869	13567019	8000	13566869	-4000	4000	150
chr8	56442671	56450671	56445784	8000	56446671	-4000	4000	-887
chr8	118107826	118115826	118111081	8000	118111826	-4000	4000	-745
chr8	143614048	143622048	143614637	8000	143618048	-4000	4000	-3411
chr8	142610479	142618479	142613128	8000	142614479	-4000	4000	-1351
chr8	13562869	13570869	13567534	8000	13566869	-4000	4000	665
chr8	143986056	143994056	143992043	8000	143990056	-4000	4000	1987
chr8	18080998	18088998	18084796	8000	18084998	-4000	4000	-202
chr8	143595541	143603541	143599872	8000	143599541	-4000	4000	331
chr8	144262453	144270453	144268130	8000	144266453	-4000	4000	1677
chr8	17409528	17417528	17413327	8000	17413528	-4000	4000	-201
chr8	144262453	144270453	144264520	8000	144266453	-4000	4000	-1933
chr8	69830978	69838978	69832347	8000	69834978	-4000	4000	-2631
chr8	126554478	126562478	126557189	8000	126558478	-4000	4000	-1289
chr8	79763857	79771857	79767288	8000	79767857	-4000	4000	-569
chr8	79763857	79771857	79767246	8000	79767857	-4000	4000	-611
chr8	144498973	144506973	144501862	8000	144502973	-4000	4000	-1111
chr8	37691782	37699782	37698543	8000	37695782	-4000	4000	2761
chr8	96231546	96239546	96235604	8000	96235546	-4000	4000	58
chr8	144078590	144086590	144085671	8000	144082590	-4000	4000	3081
chr8	143986056	143994056	143986333	8000	143990056	-4000	4000	-3723
chr8	116762925	116770925	116770320	8000	116766925	-4000	4000	3395
chr8	119412446	119420446	119419274	8000	119416446	-4000	4000	2828
chr8	119828863	119836863	119832707	8000	119832863	-4000	4000	-156
chr8	143574649	143582649	143576506	8000	143578649	-4000	4000	-2143
chr8	25420654	25428654	25423320	8000	25424654	-4000	4000	-1334
chr8	66663231	66671231	66666338	8000	66667231	-4000	4000	-893
chr8	143811773	143819773	143818196	8000	143815773	-4000	4000	2423
chr8	118107826	118115826	118110266	8000	118111826	-4000	4000	-1560
chr8	144329957	144337957	144336094	8000	144333957	-4000	4000	2137
chr8	88324025	88332025	88327302	8000	88328025	-4000	4000	-723
chr8	94637074	94645074	94641971	8000	94641074	-4000	4000	897
chr8	96231546	96239546	96231886	8000	96235546	-4000	4000	-3660
chr8	98113293	98121293	98117112	8000	98117293	-4000	4000	-181
chr8	132477095	132485095	132480258	8000	132481095	-4000	4000	-837
chr8	144505070	144513070	144511159	8000	144509070	-4000	4000	2089
chr8	66663231	66671231	66666312	8000	66667231	-4000	4000	-919
chr8	143574649	143582649	143580625	8000	143578649	-4000	4000	1976
chr8	140454579	140462579	140458449	8000	140458579	-4000	4000	-130
chr8	55769407	55777407	55773628	8000	55773407	-4000	4000	221
chr8	56442671	56450671	56445847	8000	56446671	-4000	4000	-824
chr8	54131241	54139241	54136548	8000	54135241	-4000	4000	1307
chr8	21909690	21917690	21912303	8000	21913690	-4000	4000	-1387
chr8	119412446	119420446	119416931	8000	119416446	-4000	4000	485
chr8	143549207	143557207	143555088	8000	143553207	-4000	4000	1881
chr8	26379054	26387054	26379996	8000	26383054	-4000	4000	-3058
chr8	144462043	144470043	144464139	8000	144466043	-4000	4000	-1904
chr8	140454579	140462579	140458280	8000	140458579	-4000	4000	-299
chr8	81479236	81487236	81480446	8000	81483236	-4000	4000	-2790
chr8	119412446	119420446	119419223	8000	119416446	-4000	4000	2777
chr8	73290602	73298602	73297184	8000	73294602	-4000	4000	2582
chr8	100127268	100135268	100133911	8000	100131268	-4000	4000	2643
chr8	81682331	81690331	81685794	8000	81686331	-4000	4000	-537
chr8	123649801	123657801	123651727	8000	123653801	-4000	4000	-2074
chr8	10050292	10058292	10054606	8000	10054292	-4000	4000	314
chr8	124969295	124977295	124976418	8000	124973295	-4000	4000	3123
chr8	142696111	142704111	142703262	8000	142700111	-4000	4000	3151
chr8	144505070	144513070	144505273	8000	144509070	-4000	4000	-3797
chr8	143243110	143251110	143250140	8000	143247110	-4000	4000	3030
chr8	39102990	39110990	39103652	8000	39106990	-4000	4000	-3338
chr8	81838866	81846866	81839861	8000	81842866	-4000	4000	-3005
chr8	127731434	127739434	127738734	8000	127735434	-4000	4000	3300
chr8	100146623	100154623	100153461	8000	100150623	-4000	4000	2838
chr8	124535458	124543458	124539089	8000	124539458	-4000	4000	-369
chr8	38378272	38386272	38381952	8000	38382272	-4000	4000	-320
chr8	126554478	126562478	126556652	8000	126558478	-4000	4000	-1826
chr8	144405335	144413335	144412419	8000	144409335	-4000	4000	3084
chr8	144849736	144857736	144851098	8000	144853736	-4000	4000	-2638
chr8	143574649	143582649	143580198	8000	143578649	-4000	4000	1549
chr8	124994497	125002497	124999211	8000	124998497	-4000	4000	714
chr8	8697937	8705937	8703633	8000	8701937	-4000	4000	1696
chr8	22241133	22249133	22245157	8000	22245133	-4000	4000	24
chr8	88324025	88332025	88327195	8000	88328025	-4000	4000	-830
chr8	73290602	73298602	73293602	8000	73294602	-4000	4000	-1000
chr8	23678938	23686938	23681335	8000	23682938	-4000	4000	-1603
chr8	26287508	26295508	26291799	8000	26291508	-4000	4000	291
chr8	40149482	40157482	40154596	8000	40153482	-4000	4000	1114
chr8	40149482	40157482	40154837	8000	40153482	-4000	4000	1355
chr8	21909690	21917690	21909727	8000	21913690	-4000	4000	-3963
chr8	13562869	13570869	13567161	8000	13566869	-4000	4000	292
chr8	22689480	22697480	22689612	8000	22693480	-4000	4000	-3868
chr8	56070510	56078510	56073195	8000	56074510	-4000	4000	-1315
chr8	63164553	63172553	63169399	8000	63168553	-4000	4000	846
chr8	67052604	67060604	67059605	8000	67056604	-4000	4000	3001
chr8	94892678	94900678	94893921	8000	94896678	-4000	4000	-2757
chr8	144405335	144413335	144409036	8000	144409335	-4000	4000	-299
chr8	119412446	119420446	119416408	8000	119416446	-4000	4000	-38
chr8	126554478	126562478	126557465	8000	126558478	-4000	4000	-1013
chr8	59115147	59123147	59118883	8000	59119147	-4000	4000	-264
chr8	102234961	102242961	102238703	8000	102238961	-4000	4000	-258
chr8	103410714	103418714	103414990	8000	103414714	-4000	4000	276
chr8	38265243	38273243	38268399	8000	38269243	-4000	4000	-844
chr8	38378272	38386272	38381952	8000	38382272	-4000	4000	-320
chr8	142677968	142685968	142680621	8000	142681968	-4000	4000	-1347
chr8	38378272	38386272	38381952	8000	38382272	-4000	4000	-320
chr8	144505070	144513070	144512686	8000	144509070	-4000	4000	3616
chr8	38172533	38180533	38176288	8000	38176533	-4000	4000	-245
chr8	144078590	144086590	144080587	8000	144082590	-4000	4000	-2003
chr8	8889630	8897630	8891586	8000	8893630	-4000	4000	-2044
chr8	42047994	42055994	42048644	8000	42051994	-4000	4000	-3350
chr8	47956178	47964178	47957407	8000	47960178	-4000	4000	-2771
chr8	120441402	120449402	120443218	8000	120445402	-4000	4000	-2184
chr8	143986056	143994056	143992715	8000	143990056	-4000	4000	2659
chr8	144498973	144506973	144505016	8000	144502973	-4000	4000	2043
chr8	6559409	6567409	6562917	8000	6563409	-4000	4000	-492
chr8	38992754	39000754	38997040	8000	38996754	-4000	4000	286
chr8	66866749	66874749	66874058	8000	66870749	-4000	4000	3309
chr8	74980505	74988505	74986066	8000	74984505	-4000	4000	1561
chr8	79763857	79771857	79766482	8000	79767857	-4000	4000	-1375
chr8	93750844	93758844	93754868	8000	93754844	-4000	4000	24
chr8	97273928	97281928	97276514	8000	97277928	-4000	4000	-1414
chr8	116870776	116878776	116874964	8000	116874776	-4000	4000	188
chr8	143712340	143720340	143718839	8000	143716340	-4000	4000	2499
chr8	144412844	144420844	144413864	8000	144416844	-4000	4000	-2980
chr8	21909690	21917690	21910786	8000	21913690	-4000	4000	-2904
chr8	67339781	67347781	67343227	8000	67343781	-4000	4000	-554
chr8	94892678	94900678	94893926	8000	94896678	-4000	4000	-2752
chr8	107494055	107502055	107497628	8000	107498055	-4000	4000	-427
chr8	124969295	124977295	124977237	8000	124973295	-4000	4000	3942
chr8	142782539	142790539	142786468	8000	142786539	-4000	4000	-71
chr8	144078590	144086590	144084514	8000	144082590	-4000	4000	1924
chr8	144849736	144857736	144850737	8000	144853736	-4000	4000	-2999
chr8	144104124	144112124	144108864	8000	144108124	-4000	4000	740
chr8	124446820	124454820	124451526	8000	124450820	-4000	4000	706
chr8	143986056	143994056	143986357	8000	143990056	-4000	4000	-3699
chr8	123649801	123657801	123651838	8000	123653801	-4000	4000	-1963
chr8	23850806	23858806	23851494	8000	23854806	-4000	4000	-3312
chr8	8697937	8705937	8702914	8000	8701937	-4000	4000	977
chr8	144462043	144470043	144464948	8000	144466043	-4000	4000	-1095
chr8	124446820	124454820	124451494	8000	124450820	-4000	4000	674
chr8	140454579	140462579	140458280	8000	140458579	-4000	4000	-299
chr8	143614048	143622048	143614176	8000	143618048	-4000	4000	-3872
chr8	144412844	144420844	144414889	8000	144416844	-4000	4000	-1955
chr8	66663231	66671231	66665892	8000	66667231	-4000	4000	-1339
chr8	66663231	66671231	66666836	8000	66667231	-4000	4000	-395
chr8	125426358	125434358	125433380	8000	125430358	-4000	4000	3022
chr8	124535458	124543458	124543137	8000	124539458	-4000	4000	3679
chr8	22241133	22249133	22248641	8000	22245133	-4000	4000	3508
chr8	144849736	144857736	144850658	8000	144853736	-4000	4000	-3078
chr8	144412844	144420844	144412864	8000	144416844	-4000	4000	-3980
chr8	23850806	23858806	23852241	8000	23854806	-4000	4000	-2565
chr8	142610479	142618479	142613899	8000	142614479	-4000	4000	-580
chr8	120809273	120817273	120811489	8000	120813273	-4000	4000	-1784
chr8	132756712	132764712	132758864	8000	132760712	-4000	4000	-1848
chr8	144262453	144270453	144264255	8000	144266453	-4000	4000	-2198
chr8	124969295	124977295	124977253	8000	124973295	-4000	4000	3958
chr8	144498973	144506973	144504326	8000	144502973	-4000	4000	1353
chr8	22600757	22608757	22607312	8000	22604757	-4000	4000	2555
chr8	93750844	93758844	93758537	8000	93754844	-4000	4000	3693
chr8	94637074	94645074	94643385	8000	94641074	-4000	4000	2311
chr8	93750844	93758844	93755829	8000	93754844	-4000	4000	985
chr8	100141817	100149817	100142149	8000	100145817	-4000	4000	-3668
chr8	25455199	25463199	25462194	8000	25459199	-4000	4000	2995
chr8	144462043	144470043	144468356	8000	144466043	-4000	4000	2313
chr8	47956178	47964178	47963002	8000	47960178	-4000	4000	2824
chr8	120441402	120449402	120445355	8000	120445402	-4000	4000	-47
chr8	143243110	143251110	143250345	8000	143247110	-4000	4000	3235
chr8	144355376	144363376	144359834	8000	144359376	-4000	4000	458
chr8	4990972	4998972	4994514	8000	4994972	-4000	4000	-458
chr8	40149482	40157482	40154987	8000	40153482	-4000	4000	1505
chr8	144505070	144513070	144510629	8000	144509070	-4000	4000	1559
chr8	67742378	67750378	67746149	8000	67746378	-4000	4000	-229
chr8	102651725	102659725	102655580	8000	102655725	-4000	4000	-145
chr8	143574649	143582649	143575636	8000	143578649	-4000	4000	-3013
chr8	56070510	56078510	56073222	8000	56074510	-4000	4000	-1288
chr8	8889630	8897630	8890690	8000	8893630	-4000	4000	-2940
chr8	143364876	143372876	143368284	8000	143368876	-4000	4000	-592
chr8	42148946	42156946	42154760	8000	42152946	-4000	4000	1814
chr8	124969295	124977295	124977021	8000	124973295	-4000	4000	3726
chr8	8889630	8897630	8891219	8000	8893630	-4000	4000	-2411
chr8	22105419	22113419	22107958	8000	22109419	-4000	4000	-1461
chr8	31029788	31037788	31031922	8000	31033788	-4000	4000	-1866
chr8	31029788	31037788	31032390	8000	31033788	-4000	4000	-1398
chr8	47734164	47742164	47735560	8000	47738164	-4000	4000	-2604
chr8	51805445	51813445	51809428	8000	51809445	-4000	4000	-17
chr8	55769407	55777407	55773529	8000	55773407	-4000	4000	122
chr8	64576365	64584365	64581594	8000	64580365	-4000	4000	1229
chr8	67339781	67347781	67343196	8000	67343781	-4000	4000	-585
chr8	79763857	79771857	79765266	8000	79767857	-4000	4000	-2591
chr8	79763857	79771857	79766486	8000	79767857	-4000	4000	-1371
chr8	81682331	81690331	81685800	8000	81686331	-4000	4000	-531
chr8	100127268	100135268	100133805	8000	100131268	-4000	4000	2537
chr8	102651725	102659725	102651801	8000	102655725	-4000	4000	-3924
chr8	107494055	107502055	107497495	8000	107498055	-4000	4000	-560
chr8	123038302	123046302	123042239	8000	123042302	-4000	4000	-63
chr8	143811773	143819773	143813484	8000	143815773	-4000	4000	-2289
chr8	143836973	143844973	143838689	8000	143840973	-4000	4000	-2284
chr8	144091039	144099039	144096617	8000	144095039	-4000	4000	1578
chr8	144505070	144513070	144510462	8000	144509070	-4000	4000	1392
chr8	31029788	31037788	31032202	8000	31033788	-4000	4000	-1586
chr8	144078590	144086590	144083295	8000	144082590	-4000	4000	705
chr8	102651725	102659725	102651798	8000	102655725	-4000	4000	-3927
chr8	144078590	144086590	144078735	8000	144082590	-4000	4000	-3855
chr8	108439601	108447601	108443664	8000	108443601	-4000	4000	63
chr8	25420654	25428654	25428524	8000	25424654	-4000	4000	3870
chr8	13562869	13570869	13567515	8000	13566869	-4000	4000	646
chr8	18080998	18088998	18087059	8000	18084998	-4000	4000	2061
chr8	22137951	22145951	22138528	8000	22141951	-4000	4000	-3423
chr8	22241133	22249133	22248212	8000	22245133	-4000	4000	3079
chr8	26041413	26049413	26044874	8000	26045413	-4000	4000	-539
chr8	26379054	26387054	26380382	8000	26383054	-4000	4000	-2672
chr8	27768653	27776653	27776580	8000	27772653	-4000	4000	3927
chr8	33481182	33489182	33489111	8000	33485182	-4000	4000	3929
chr8	47956178	47964178	47962992	8000	47960178	-4000	4000	2814
chr8	70604416	70612416	70608201	8000	70608416	-4000	4000	-215
chr8	93694561	93702561	93701234	8000	93698561	-4000	4000	2673
chr8	97273928	97281928	97276951	8000	97277928	-4000	4000	-977
chr8	102651725	102659725	102651781	8000	102655725	-4000	4000	-3944
chr8	120809273	120817273	120811516	8000	120813273	-4000	4000	-1757
chr8	142782539	142790539	142785596	8000	142786539	-4000	4000	-943
chr8	143243110	143251110	143250035	8000	143247110	-4000	4000	2925
chr8	143836973	143844973	143837481	8000	143840973	-4000	4000	-3492
chr8	23221102	23229102	23224771	8000	23225102	-4000	4000	-331
chr8	37691782	37699782	37696129	8000	37695782	-4000	4000	347
chr8	42839325	42847325	42843021	8000	42843325	-4000	4000	-304
chr8	48917740	48925740	48918905	8000	48921740	-4000	4000	-2835
chr8	56070510	56078510	56074123	8000	56074510	-4000	4000	-387
chr8	143605773	143613773	143605780	8000	143609773	-4000	4000	-3993
chr8	41305473	41313473	41308898	8000	41309473	-4000	4000	-575
chr8	79763857	79771857	79765290	8000	79767857	-4000	4000	-2567
chr8	22241133	22249133	22245044	8000	22245133	-4000	4000	-89
chr8	37691782	37699782	37696138	8000	37695782	-4000	4000	356
chr8	144412844	144420844	144415224	8000	144416844	-4000	4000	-1620
chr8	41525218	41533218	41530208	8000	41529218	-4000	4000	990
chr8	85173154	85181154	85177648	8000	85177154	-4000	4000	494
chr8	103294433	103302433	103300101	8000	103298433	-4000	4000	1668
chr8	144091039	144099039	144095880	8000	144095039	-4000	4000	841
chr8	144462043	144470043	144467317	8000	144466043	-4000	4000	1274
chr8	63164553	63172553	63168844	8000	63168553	-4000	4000	291
chr8	25420654	25428654	25423263	8000	25424654	-4000	4000	-1391
chr8	27768653	27776653	27776611	8000	27772653	-4000	4000	3958
chr8	38992754	39000754	38995380	8000	38996754	-4000	4000	-1374
chr8	47734164	47742164	47735356	8000	47738164	-4000	4000	-2808
chr8	23850806	23858806	23852263	8000	23854806	-4000	4000	-2543
chr8	38172533	38180533	38177027	8000	38176533	-4000	4000	494
chr8	21909690	21917690	21910692	8000	21913690	-4000	4000	-2998
chr8	67058417	67066417	67061657	8000	67062417	-4000	4000	-760
chr8	70665339	70673339	70669080	8000	70669339	-4000	4000	-259
chr8	119412446	119420446	119419291	8000	119416446	-4000	4000	2845
chr8	9551912	9559912	9556215	8000	9555912	-4000	4000	303
chr8	23678938	23686938	23681388	8000	23682938	-4000	4000	-1550
chr8	66663231	66671231	66665283	8000	66667231	-4000	4000	-1948
chr8	40149482	40157482	40153637	8000	40153482	-4000	4000	155
chr8	93750844	93758844	93755008	8000	93754844	-4000	4000	164
chr8	97273928	97281928	97276617	8000	97277928	-4000	4000	-1311
chr8	144355376	144363376	144357049	8000	144359376	-4000	4000	-2327
chr8	144513992	144521992	144514099	8000	144517992	-4000	4000	-3893
chr8	91066196	91074196	91070331	8000	91070196	-4000	4000	135
chr8	66663231	66671231	66666733	8000	66667231	-4000	4000	-498
chr8	96257902	96265902	96262058	8000	96261902	-4000	4000	156
chr8	119412446	119420446	119416939	8000	119416446	-4000	4000	493
chr8	144078590	144086590	144085985	8000	144082590	-4000	4000	3395
chr8	51805445	51813445	51809367	8000	51809445	-4000	4000	-78
chr8	97273928	97281928	97276799	8000	97277928	-4000	4000	-1129
chr8	144355376	144363376	144356328	8000	144359376	-4000	4000	-3048
chr8	73290602	73298602	73292244	8000	73294602	-4000	4000	-2358
chr8	144505070	144513070	144511973	8000	144509070	-4000	4000	2903
chr8	26287508	26295508	26291812	8000	26291508	-4000	4000	304
chr8	124446820	124454820	124452306	8000	124450820	-4000	4000	1486
chr8	113432939	113440939	113436731	8000	113436939	-4000	4000	-208
chr8	96257902	96265902	96261952	8000	96261902	-4000	4000	50
chr8	80481619	80489619	80487672	8000	80485619	-4000	4000	2053
chr8	144498973	144506973	144504860	8000	144502973	-4000	4000	1887
chr8	94637074	94645074	94642053	8000	94641074	-4000	4000	979
chr8	9551912	9559912	9556340	8000	9555912	-4000	4000	428
chr8	142666308	142674308	142666336	8000	142670308	-4000	4000	-3972
chr8	145048465	145056465	145052473	8000	145052465	-4000	4000	8
chr8	144440440	144448440	144443273	8000	144444440	-4000	4000	-1167
chr8	102651725	102659725	102651890	8000	102655725	-4000	4000	-3835
chr8	37732601	37740601	37735796	8000	37736601	-4000	4000	-805
chr8	22689480	22697480	22691091	8000	22693480	-4000	4000	-2389
chr8	144513992	144521992	144514336	8000	144517992	-4000	4000	-3656
chr8	88324025	88332025	88327132	8000	88328025	-4000	4000	-893
chr8	94892678	94900678	94892836	8000	94896678	-4000	4000	-3842
chr8	28886242	28894242	28890020	8000	28890242	-4000	4000	-222
chr8	74820534	74828534	74825187	8000	74824534	-4000	4000	653
chr8	120441402	120449402	120445122	8000	120445402	-4000	4000	-280
chr8	144752417	144760417	144754697	8000	144756417	-4000	4000	-1720
chr8	71840412	71848412	71842695	8000	71844412	-4000	4000	-1717
chr8	113432939	113440939	113436710	8000	113436939	-4000	4000	-229
chr8	54131241	54139241	54137328	8000	54135241	-4000	4000	2087
chr8	124446820	124454820	124451129	8000	124450820	-4000	4000	309
chr8	85103215	85111215	85107312	8000	85107215	-4000	4000	97
chr8	144523033	144531033	144530529	8000	144527033	-4000	4000	3496
chr8	9551912	9559912	9556605	8000	9555912	-4000	4000	693
chr8	90787632	90795632	90791909	8000	90791632	-4000	4000	277
chr8	117516713	117524713	117520924	8000	117520713	-4000	4000	211
chr8	124446820	124454820	124451311	8000	124450820	-4000	4000	491
chr9	133057981	133065981	133058091	8000	133061981	-4000	4000	-3890
chr9	95867264	95875264	95875263	8000	95871264	-4000	4000	3999
chr9	113372986	113380986	113374003	8000	113376986	-4000	4000	-2983
chr9	127220265	127228265	127220998	8000	127224265	-4000	4000	-3267
chr9	137237287	137245287	137242578	8000	137241287	-4000	4000	1291
chr9	36186856	36194856	36191023	8000	36190856	-4000	4000	167
chr9	6641729	6649729	6644674	8000	6645729	-4000	4000	-1055
chr9	19785037	19793037	19786307	8000	19789037	-4000	4000	-2730
chr9	19376236	19384236	19380103	8000	19380236	-4000	4000	-133
chr9	21331404	21339404	21334380	8000	21335404	-4000	4000	-1024
chr9	114095292	114103292	114097312	8000	114099292	-4000	4000	-1980
chr9	114095292	114103292	114097314	8000	114099292	-4000	4000	-1978
chr9	137237287	137245287	137243534	8000	137241287	-4000	4000	2247
chr9	137237287	137245287	137243738	8000	137241287	-4000	4000	2451
chr9	136803943	136811943	136806768	8000	136807943	-4000	4000	-1175
chr9	35099195	35107195	35105205	8000	35103195	-4000	4000	2010
chr9	34453414	34461414	34458944	8000	34457414	-4000	4000	1530
chr9	97303304	97311304	97307744	8000	97307304	-4000	4000	440
chr9	27105141	27113141	27109485	8000	27109141	-4000	4000	344
chr9	132075867	132083867	132079811	8000	132079867	-4000	4000	-56
chr9	136846943	136854943	136850796	8000	136850943	-4000	4000	-147
chr9	35075942	35083942	35077302	8000	35079942	-4000	4000	-2640
chr9	114583706	114591706	114587788	8000	114587706	-4000	4000	82
chr9	34633844	34641844	34635780	8000	34637844	-4000	4000	-2064
chr9	35728195	35736195	35735124	8000	35732195	-4000	4000	2929
chr9	35728195	35736195	35732818	8000	35732195	-4000	4000	623
chr9	32631669	32639669	32635414	8000	32635669	-4000	4000	-255
chr9	35092601	35100601	35095512	8000	35096601	-4000	4000	-1089
chr9	133475127	133483127	133479127	8000	133479127	-4000	4000	0
chr9	113217458	113225458	113221241	8000	113221458	-4000	4000	-217
chr9	77173445	77181445	77177737	8000	77177445	-4000	4000	292
chr9	112376080	112384080	112380157	8000	112380080	-4000	4000	77
chr9	32631669	32639669	32634820	8000	32635669	-4000	4000	-849
chr9	113406054	113414054	113413569	8000	113410054	-4000	4000	3515
chr9	19785037	19793037	19786556	8000	19789037	-4000	4000	-2481
chr9	27105141	27113141	27109615	8000	27109141	-4000	4000	474
chr9	128916966	128924966	128917961	8000	128920966	-4000	4000	-3005
chr9	34616523	34624523	34623973	8000	34620523	-4000	4000	3450
chr9	124857981	124865981	124858053	8000	124861981	-4000	4000	-3928
chr9	133332188	133340188	133333732	8000	133336188	-4000	4000	-2456
chr9	136803943	136811943	136806931	8000	136807943	-4000	4000	-1012
chr9	137050061	137058061	137051616	8000	137054061	-4000	4000	-2445
chr9	35745228	35753228	35749935	8000	35749228	-4000	4000	707
chr9	128720127	128728127	128721740	8000	128724127	-4000	4000	-2387
chr9	32631669	32639669	32633085	8000	32635669	-4000	4000	-2584
chr9	35075942	35083942	35078690	8000	35079942	-4000	4000	-1252
chr9	35671866	35679866	35679333	8000	35675866	-4000	4000	3467
chr9	35745228	35753228	35749341	8000	35749228	-4000	4000	113
chr9	38616596	38624596	38620237	8000	38620596	-4000	4000	-359
chr9	93572584	93580584	93576846	8000	93576584	-4000	4000	262
chr9	129107189	129115189	129107884	8000	129111189	-4000	4000	-3305
chr9	133410358	133418358	133410997	8000	133414358	-4000	4000	-3361
chr9	137614992	137622992	137615837	8000	137618992	-4000	4000	-3155
chr9	133475127	133483127	133477126	8000	133479127	-4000	4000	-2001
chr9	95513057	95521057	95516540	8000	95517057	-4000	4000	-517
chr9	137614992	137622992	137615917	8000	137618992	-4000	4000	-3075
chr9	32631669	32639669	32633701	8000	32635669	-4000	4000	-1968
chr9	89601012	89609012	89605256	8000	89605012	-4000	4000	244
chr9	89601012	89609012	89605811	8000	89605012	-4000	4000	799
chr9	133057981	133065981	133061982	8000	133061981	-4000	4000	1
chr9	135497734	135505734	135503571	8000	135501734	-4000	4000	1837
chr9	21331404	21339404	21333117	8000	21335404	-4000	4000	-2287
chr9	34616523	34624523	34623466	8000	34620523	-4000	4000	2943
chr9	129638169	129646169	129640544	8000	129642169	-4000	4000	-1625
chr9	21331404	21339404	21335214	8000	21335404	-4000	4000	-190
chr9	6011625	6019625	6013135	8000	6015625	-4000	4000	-2490
chr9	33260720	33268720	33266047	8000	33264720	-4000	4000	1327
chr9	35075942	35083942	35076500	8000	35079942	-4000	4000	-3442
chr9	129820244	129828244	129822557	8000	129824244	-4000	4000	-1687
chr9	35671866	35679866	35676378	8000	35675866	-4000	4000	512
chr9	83952986	83960986	83955521	8000	83956986	-4000	4000	-1465
chr9	83976616	83984616	83978243	8000	83980616	-4000	4000	-2373
chr9	35686056	35694056	35689722	8000	35690056	-4000	4000	-334
chr9	109009522	109017522	109013319	8000	109013522	-4000	4000	-203
chr9	83952986	83960986	83955527	8000	83956986	-4000	4000	-1459
chr9	128272026	128280026	128276303	8000	128276026	-4000	4000	277
chr9	137036436	137044436	137040024	8000	137040436	-4000	4000	-412
chr9	35671866	35679866	35676163	8000	35675866	-4000	4000	297
chr9	133455965	133463965	133458032	8000	133459965	-4000	4000	-1933
chr9	6641729	6649729	6644693	8000	6645729	-4000	4000	-1036
chr9	32631669	32639669	32632015	8000	32635669	-4000	4000	-3654
chr9	35099195	35107195	35105709	8000	35103195	-4000	4000	2514
chr9	35671866	35679866	35675351	8000	35675866	-4000	4000	-515
chr9	127933854	127941854	127935693	8000	127937854	-4000	4000	-2161
chr9	136406641	136414641	136412154	8000	136410641	-4000	4000	1513
chr9	32631669	32639669	32634838	8000	32635669	-4000	4000	-831
chr9	125237382	125245382	125239050	8000	125241382	-4000	4000	-2332
chr9	35654290	35662290	35660618	8000	35658290	-4000	4000	2328
chr9	97303304	97311304	97307744	8000	97307304	-4000	4000	440
chr9	125237382	125245382	125239528	8000	125241382	-4000	4000	-1854
chr9	34616523	34624523	34622416	8000	34620523	-4000	4000	1893
chr9	137073517	137081517	137078460	8000	137077517	-4000	4000	943
chr9	35075942	35083942	35078185	8000	35079942	-4000	4000	-1757
chr9	134913912	134921912	134916397	8000	134917912	-4000	4000	-1515
chr9	137243770	137251770	137247667	8000	137247770	-4000	4000	-103
chr9	127731313	127739313	127738459	8000	127735313	-4000	4000	3146
chr9	131285459	131293459	131290309	8000	131289459	-4000	4000	850
chr9	35654290	35662290	35660352	8000	35658290	-4000	4000	2062
chr9	35654290	35662290	35660650	8000	35658290	-4000	4000	2360
chr9	35654290	35662290	35662259	8000	35658290	-4000	4000	3969
chr9	136406641	136414641	136407167	8000	136410641	-4000	4000	-3474
chr9	19376236	19384236	19379618	8000	19380236	-4000	4000	-618
chr9	136846943	136854943	136849363	8000	136850943	-4000	4000	-1580
chr9	137082857	137090857	137088284	8000	137086857	-4000	4000	1427
chr9	99217942	99225942	99218138	8000	99221942	-4000	4000	-3804
chr9	137273726	137281726	137280152	8000	137277726	-4000	4000	2426
chr9	32631669	32639669	32633085	8000	32635669	-4000	4000	-2584
chr9	33469930	33477930	33470123	8000	33473930	-4000	4000	-3807
chr9	105443796	105451796	105448092	8000	105447796	-4000	4000	296
chr9	105690541	105698541	105694668	8000	105694541	-4000	4000	127
chr9	132075867	132083867	132079689	8000	132079867	-4000	4000	-178
chr9	35745228	35753228	35749741	8000	35749228	-4000	4000	513
chr9	35745228	35753228	35751664	8000	35749228	-4000	4000	2436
chr9	137237287	137245287	137243463	8000	137241287	-4000	4000	2176
chr9	86350454	86358454	86352903	8000	86354454	-4000	4000	-1551
chr9	19045427	19053427	19050616	8000	19049427	-4000	4000	1189
chr9	32631669	32639669	32633235	8000	32635669	-4000	4000	-2434
chr9	35787003	35795003	35792635	8000	35791003	-4000	4000	1632
chr9	32569184	32577184	32571051	8000	32573184	-4000	4000	-2133
chr9	137547879	137555879	137555419	8000	137551879	-4000	4000	3540
chr9	33021130	33029130	33025279	8000	33025130	-4000	4000	149
chr9	34123399	34131399	34125209	8000	34127399	-4000	4000	-2190
chr9	137111177	137119177	137113437	8000	137115177	-4000	4000	-1740
chr9	137273726	137281726	137280202	8000	137277726	-4000	4000	2476
chr9	6011625	6019625	6015273	8000	6015625	-4000	4000	-352
chr9	16866843	16874843	16870700	8000	16870843	-4000	4000	-143
chr9	127702988	127710988	127707137	8000	127706988	-4000	4000	149
chr9	112329664	112337664	112333612	8000	112333664	-4000	4000	-52
chr9	135497734	135505734	135503192	8000	135501734	-4000	4000	1458
chr9	137237287	137245287	137243500	8000	137241287	-4000	4000	2213
chr9	125237382	125245382	125239139	8000	125241382	-4000	4000	-2243
chr9	129077111	129085111	129085022	8000	129081111	-4000	4000	3911
chr9	137237287	137245287	137243013	8000	137241287	-4000	4000	1726
chr9	131285459	131293459	131290301	8000	131289459	-4000	4000	842
chr9	113052759	113060759	113056592	8000	113056759	-4000	4000	-167
chr9	137547879	137555879	137555536	8000	137551879	-4000	4000	3657
chr9	35752613	35760613	35754073	8000	35756613	-4000	4000	-2540
chr9	19376236	19384236	19380193	8000	19380236	-4000	4000	-43
chr9	87493228	87501228	87499033	8000	87497228	-4000	4000	1805
chr9	19376236	19384236	19378778	8000	19380236	-4000	4000	-1458
chr9	20618499	20626499	20622269	8000	20622499	-4000	4000	-230
chr9	127720873	127728873	127724245	8000	127724873	-4000	4000	-628
chr9	6011625	6019625	6013905	8000	6015625	-4000	4000	-1720
chr9	114325869	114333869	114330542	8000	114329869	-4000	4000	673
chr9	35745228	35753228	35749398	8000	35749228	-4000	4000	170
chr9	92321636	92329636	92324093	8000	92325636	-4000	4000	-1543
chr9	135542126	135550126	135547945	8000	135546126	-4000	4000	1819
chr9	35099195	35107195	35101262	8000	35103195	-4000	4000	-1933
chr9	6004482	6012482	6012355	8000	6008482	-4000	4000	3873
chr9	35092601	35100601	35095229	8000	35096601	-4000	4000	-1372
chr9	77644322	77652322	77647815	8000	77648322	-4000	4000	-507
chr9	129799157	129807157	129804152	8000	129803157	-4000	4000	995
chr9	133344218	133352218	133349427	8000	133348218	-4000	4000	1209
chr9	137184560	137192560	137189119	8000	137188560	-4000	4000	559
chr9	6004482	6012482	6012280	8000	6008482	-4000	4000	3798
chr9	38388702	38396702	38395917	8000	38392702	-4000	4000	3215
chr9	114325869	114333869	114331826	8000	114329869	-4000	4000	1957
chr9	125185939	125193939	125189726	8000	125189939	-4000	4000	-213
chr9	74493335	74501335	74497932	8000	74497335	-4000	4000	597
chr9	84664375	84672375	84670915	8000	84668375	-4000	4000	2540
chr9	35671866	35679866	35674293	8000	35675866	-4000	4000	-1573
chr9	120710470	120718470	120713943	8000	120714470	-4000	4000	-527
chr9	120710470	120718470	120713944	8000	120714470	-4000	4000	-526
chr9	33260720	33268720	33261119	8000	33264720	-4000	4000	-3601
chr9	137218240	137226240	137220540	8000	137222240	-4000	4000	-1700
chr9	35642810	35650810	35649947	8000	35646810	-4000	4000	3137
chr9	113406054	113414054	113413589	8000	113410054	-4000	4000	3535
chr9	19376236	19384236	19380073	8000	19380236	-4000	4000	-163
chr9	128145071	128153071	128149514	8000	128149071	-4000	4000	443
chr9	125237382	125245382	125240819	8000	125241382	-4000	4000	-563
chr9	35646931	35654931	35650932	8000	35650931	-4000	4000	1
chr9	137036436	137044436	137041113	8000	137040436	-4000	4000	677
chr9	122366530	122374530	122371059	8000	122370530	-4000	4000	529
chr9	35745228	35753228	35751640	8000	35749228	-4000	4000	2412
chr9	78027811	78035811	78031161	8000	78031811	-4000	4000	-650
chr9	122909323	122917323	122911863	8000	122913323	-4000	4000	-1460
chr9	131121586	131129586	131125632	8000	131125586	-4000	4000	46
chr9	135497734	135505734	135503929	8000	135501734	-4000	4000	2195
chr9	6011625	6019625	6013396	8000	6015625	-4000	4000	-2229
chr9	127926785	127934785	127928119	8000	127930785	-4000	4000	-2666
chr9	136479759	136487759	136484930	8000	136483759	-4000	4000	1171
chr9	113406054	113414054	113407993	8000	113410054	-4000	4000	-2061
chr9	107486482	107494482	107487067	8000	107490482	-4000	4000	-3415
chr9	32631669	32639669	32634888	8000	32635669	-4000	4000	-781
chr9	127712079	127720079	127716197	8000	127716079	-4000	4000	118
chr9	37418666	37426666	37422823	8000	37422666	-4000	4000	157
chr9	137184560	137192560	137187332	8000	137188560	-4000	4000	-1228
chr9	86279102	86287102	86282459	8000	86283102	-4000	4000	-643
chr9	136862308	136870308	136862468	8000	136866308	-4000	4000	-3840
chr9	136369681	136377681	136371907	8000	136373681	-4000	4000	-1774
chr9	128367361	128375361	128371370	8000	128371361	-4000	4000	9
chr9	93449581	93457581	93451004	8000	93453581	-4000	4000	-2577
chr9	128124462	128132462	128125371	8000	128128462	-4000	4000	-3091
chr9	35099195	35107195	35105150	8000	35103195	-4000	4000	1955
chr9	35642810	35650810	35650371	8000	35646810	-4000	4000	3561
chr9	98704935	98712935	98708468	8000	98708935	-4000	4000	-467
chr9	127712079	127720079	127717012	8000	127716079	-4000	4000	933
chr9	33469930	33477930	33470042	8000	33473930	-4000	4000	-3888
chr9	133344218	133352218	133348236	8000	133348218	-4000	4000	18
chr9	135497734	135505734	135503911	8000	135501734	-4000	4000	2177
chr9	6011625	6019625	6014816	8000	6015625	-4000	4000	-809
chr9	114074328	114082328	114078134	8000	114078328	-4000	4000	-194
chr9	34985641	34993641	34990604	8000	34989641	-4000	4000	963
chr9	35810451	35818451	35813389	8000	35814451	-4000	4000	-1062
chr9	34175005	34183005	34179011	8000	34179005	-4000	4000	6
chr9	210854	218854	214384	8000	214854	-4000	4000	-470
chr9	21331404	21339404	21334866	8000	21335404	-4000	4000	-538
chr9	34706136	34714136	34710099	8000	34710136	-4000	4000	-37
chr9	86350454	86358454	86352930	8000	86354454	-4000	4000	-1524
chr9	127781679	127789679	127788017	8000	127785679	-4000	4000	2338
chr9	133352676	133360676	133353795	8000	133356676	-4000	4000	-2881
chr9	133352676	133360676	133354944	8000	133356676	-4000	4000	-1732
chr9	137082857	137090857	137088916	8000	137086857	-4000	4000	2059
chr9	4662674	4670674	4662873	8000	4666674	-4000	4000	-3801
chr9	86943506	86951506	86946075	8000	86947506	-4000	4000	-1431
chr9	86943506	86951506	86946924	8000	86947506	-4000	4000	-582
chr9	122260603	122268603	122264911	8000	122264603	-4000	4000	308
chr9	122909323	122917323	122911535	8000	122913323	-4000	4000	-1788
chr9	132402851	132410851	132410399	8000	132406851	-4000	4000	3548
chr9	137050061	137058061	137051113	8000	137054061	-4000	4000	-2948
chr9	35745228	35753228	35752860	8000	35749228	-4000	4000	3632
chr9	21331404	21339404	21334110	8000	21335404	-4000	4000	-1294
chr9	33443596	33451596	33443641	8000	33447596	-4000	4000	-3955
chr9	97303304	97311304	97307794	8000	97307304	-4000	4000	490
chr9	113217458	113225458	113221306	8000	113221458	-4000	4000	-152
chr9	128064206	128072206	128066970	8000	128068206	-4000	4000	-1236
chr9	133205250	133213250	133208543	8000	133209250	-4000	4000	-707
chr9	35728195	35736195	35733106	8000	35732195	-4000	4000	911
chr9	136792338	136800338	136792835	8000	136796338	-4000	4000	-3503
chr9	4662674	4670674	4665060	8000	4666674	-4000	4000	-1614
chr9	6004482	6012482	6007299	8000	6008482	-4000	4000	-1183
chr9	12771020	12779020	12775752	8000	12775020	-4000	4000	732
chr9	35654290	35662290	35661844	8000	35658290	-4000	4000	3554
chr9	122901359	122909359	122905272	8000	122905359	-4000	4000	-87
chr9	127720873	127728873	127724871	8000	127724873	-4000	4000	-2
chr9	128272026	128280026	128276294	8000	128276026	-4000	4000	268
chr9	132874027	132882027	132878184	8000	132878027	-4000	4000	157
chr9	136369681	136377681	136370943	8000	136373681	-4000	4000	-2738
chr9	136846943	136854943	136853169	8000	136850943	-4000	4000	2226
chr9	137237287	137245287	137243701	8000	137241287	-4000	4000	2414
chr9	137251327	137259327	137252513	8000	137255327	-4000	4000	-2814
chr9	137298271	137306271	137301799	8000	137302271	-4000	4000	-472
chr9	35905490	35913490	35906379	8000	35909490	-4000	4000	-3111
chr9	137243770	137251770	137244190	8000	137247770	-4000	4000	-3580
chr9	70039848	70047848	70044224	8000	70043848	-4000	4000	376
chr9	113406054	113414054	113413779	8000	113410054	-4000	4000	3725
chr9	137184560	137192560	137187552	8000	137188560	-4000	4000	-1008
chr9	4662674	4670674	4663399	8000	4666674	-4000	4000	-3275
chr9	136992568	137000568	136993378	8000	136996568	-4000	4000	-3190
chr9	34985641	34993641	34993356	8000	34989641	-4000	4000	3715
chr9	34985641	34993641	34990770	8000	34989641	-4000	4000	1129
chr9	35654290	35662290	35660409	8000	35658290	-4000	4000	2119
chr9	122909323	122917323	122910682	8000	122913323	-4000	4000	-2641
chr9	128336527	128344527	128343270	8000	128340527	-4000	4000	2743
chr9	124849417	124857417	124857366	8000	124853417	-4000	4000	3949
chr9	32631669	32639669	32633920	8000	32635669	-4000	4000	-1749
chr9	27105141	27113141	27109574	8000	27109141	-4000	4000	433
chr9	17130982	17138982	17135352	8000	17134982	-4000	4000	370
chr9	32631669	32639669	32632817	8000	32635669	-4000	4000	-2852
chr9	34518990	34526990	34520904	8000	34522990	-4000	4000	-2086
chr9	32631669	32639669	32632678	8000	32635669	-4000	4000	-2991
chr9	135497734	135505734	135503777	8000	135501734	-4000	4000	2043
chr9	19376236	19384236	19379622	8000	19380236	-4000	4000	-614
chr9	137243770	137251770	137247724	8000	137247770	-4000	4000	-46
chr9	137218240	137226240	137220295	8000	137222240	-4000	4000	-1945
chr9	136369681	136377681	136372011	8000	136373681	-4000	4000	-1670
chr9	128156265	128164265	128163657	8000	128160265	-4000	4000	3392
chr9	84664375	84672375	84670905	8000	84668375	-4000	4000	2530
chr9	35646931	35654931	35650903	8000	35650931	-4000	4000	-28
chr9	127720873	127728873	127723234	8000	127724873	-4000	4000	-1639
chr9	92400696	92408696	92401134	8000	92404696	-4000	4000	-3562
chr9	122155779	122163779	122159976	8000	122159779	-4000	4000	197
chr9	122260603	122268603	122261499	8000	122264603	-4000	4000	-3104
chr9	137614992	137622992	137616011	8000	137618992	-4000	4000	-2981
chr9	128943699	128951699	128946020	8000	128947699	-4000	4000	-1679
chr9	136369681	136377681	136370698	8000	136373681	-4000	4000	-2983
chr9	129830698	129838698	129833467	8000	129834698	-4000	4000	-1231
chr9	122824588	122832588	122826709	8000	122828588	-4000	4000	-1879
chr9	136803943	136811943	136805383	8000	136807943	-4000	4000	-2560
chr9	136803943	136811943	136806544	8000	136807943	-4000	4000	-1399
chr9	136945551	136953551	136946650	8000	136949551	-4000	4000	-2901
chr9	128943699	128951699	128946577	8000	128947699	-4000	4000	-1122
chr9	35745228	35753228	35750661	8000	35749228	-4000	4000	1433
chr9	129820244	129828244	129828204	8000	129824244	-4000	4000	3960
chr9	19376236	19384236	19376336	8000	19380236	-4000	4000	-3900
chr9	113372986	113380986	113374523	8000	113376986	-4000	4000	-2463
chr9	6004482	6012482	6007235	8000	6008482	-4000	4000	-1247
chr9	128145071	128153071	128151692	8000	128149071	-4000	4000	2621
chr9	127712079	127720079	127716022	8000	127716079	-4000	4000	-57
chr9	133057981	133065981	133058048	8000	133061981	-4000	4000	-3933
chr9	6011625	6019625	6015410	8000	6015625	-4000	4000	-215
chr9	20618499	20626499	20622270	8000	20622499	-4000	4000	-229
chr9	32569184	32577184	32570986	8000	32573184	-4000	4000	-2198
chr9	32631669	32639669	32632777	8000	32635669	-4000	4000	-2892
chr9	34175005	34183005	34179238	8000	34179005	-4000	4000	233
chr9	35068668	35076668	35074435	8000	35072668	-4000	4000	1767
chr9	35745228	35753228	35752773	8000	35749228	-4000	4000	3545
chr9	37481948	37489948	37486231	8000	37485948	-4000	4000	283
chr9	71907510	71915510	71911737	8000	71911510	-4000	4000	227
chr9	76902114	76910114	76906039	8000	76906114	-4000	4000	-75
chr9	78232062	78240062	78236542	8000	78236062	-4000	4000	480
chr9	83952986	83960986	83956171	8000	83956986	-4000	4000	-815
chr9	113372986	113380986	113373491	8000	113376986	-4000	4000	-3495
chr9	114074328	114082328	114078207	8000	114078328	-4000	4000	-121
chr9	122909323	122917323	122912036	8000	122913323	-4000	4000	-1287
chr9	127712079	127720079	127715567	8000	127716079	-4000	4000	-512
chr9	127712079	127720079	127716217	8000	127716079	-4000	4000	138
chr9	127731313	127739313	127738817	8000	127735313	-4000	4000	3504
chr9	128272026	128280026	128276316	8000	128276026	-4000	4000	290
chr9	128720127	128728127	128722440	8000	128724127	-4000	4000	-1687
chr9	128720127	128728127	128724000	8000	128724127	-4000	4000	-127
chr9	129820244	129828244	129822716	8000	129824244	-4000	4000	-1528
chr9	131121586	131129586	131125642	8000	131125586	-4000	4000	56
chr9	133205250	133213250	133206381	8000	133209250	-4000	4000	-2869
chr9	133344218	133352218	133351937	8000	133348218	-4000	4000	3719
chr9	133352676	133360676	133360091	8000	133356676	-4000	4000	3415
chr9	134913912	134921912	134917766	8000	134917912	-4000	4000	-146
chr9	135497734	135505734	135503839	8000	135501734	-4000	4000	2105
chr9	135542126	135550126	135546777	8000	135546126	-4000	4000	651
chr9	136406641	136414641	136407236	8000	136410641	-4000	4000	-3405
chr9	137024915	137032915	137028876	8000	137028915	-4000	4000	-39
chr9	137050061	137058061	137051357	8000	137054061	-4000	4000	-2704
chr9	137614992	137622992	137616055	8000	137618992	-4000	4000	-2937
chr9	34518990	34526990	34521804	8000	34522990	-4000	4000	-1186
chr9	128064206	128072206	128066798	8000	128068206	-4000	4000	-1408
chr9	128064206	128072206	128067144	8000	128068206	-4000	4000	-1062
chr9	35601262	35609262	35608982	8000	35605262	-4000	4000	3720
chr9	135497734	135505734	135498582	8000	135501734	-4000	4000	-3152
chr9	131272510	131280510	131275907	8000	131276510	-4000	4000	-603
chr9	99217942	99225942	99218333	8000	99221942	-4000	4000	-3609
chr9	32631669	32639669	32632177	8000	32635669	-4000	4000	-3492
chr9	35810451	35818451	35811638	8000	35814451	-4000	4000	-2813
chr9	136803943	136811943	136806955	8000	136807943	-4000	4000	-988
chr9	19376236	19384236	19379496	8000	19380236	-4000	4000	-740
chr9	128272026	128280026	128273847	8000	128276026	-4000	4000	-2179
chr9	129830698	129838698	129835257	8000	129834698	-4000	4000	559
chr9	35787003	35795003	35794044	8000	35791003	-4000	4000	3041
chr9	6011625	6019625	6013269	8000	6015625	-4000	4000	-2356
chr9	6011625	6019625	6013702	8000	6015625	-4000	4000	-1923
chr9	21331404	21339404	21334139	8000	21335404	-4000	4000	-1265
chr9	32631669	32639669	32632168	8000	32635669	-4000	4000	-3501
chr9	32631669	32639669	32635412	8000	32635669	-4000	4000	-257
chr9	34687276	34695276	34689965	8000	34691276	-4000	4000	-1311
chr9	34706136	34714136	34709126	8000	34710136	-4000	4000	-1010
chr9	34985641	34993641	34990778	8000	34989641	-4000	4000	1137
chr9	35092601	35100601	35092809	8000	35096601	-4000	4000	-3792
chr9	35646931	35654931	35650834	8000	35650931	-4000	4000	-97
chr9	35654290	35662290	35660321	8000	35658290	-4000	4000	2031
chr9	35752613	35760613	35753264	8000	35756613	-4000	4000	-3349
chr9	100438271	100446271	100442101	8000	100442271	-4000	4000	-170
chr9	111521159	111529159	111527656	8000	111525159	-4000	4000	2497
chr9	114325869	114333869	114331652	8000	114329869	-4000	4000	1783
chr9	125237382	125245382	125240250	8000	125241382	-4000	4000	-1132
chr9	129820244	129828244	129828176	8000	129824244	-4000	4000	3932
chr9	136396176	136404176	136402808	8000	136400176	-4000	4000	2632
chr9	35157992	35165992	35162281	8000	35161992	-4000	4000	289
chr9	129830698	129838698	129830869	8000	129834698	-4000	4000	-3829
chr9	100438271	100446271	100442111	8000	100442271	-4000	4000	-160
chr9	100438271	100446271	100442113	8000	100442271	-4000	4000	-158
chr9	36273042	36281042	36276992	8000	36277042	-4000	4000	-50
chr9	127712079	127720079	127712205	8000	127716079	-4000	4000	-3874
chr9	35601262	35609262	35607512	8000	35605262	-4000	4000	2250
chr9	114926595	114934595	114930109	8000	114930595	-4000	4000	-486
chr9	125237382	125245382	125240269	8000	125241382	-4000	4000	-1113
chr9	98052732	98060732	98056844	8000	98056732	-4000	4000	112
chr9	113372986	113380986	113374129	8000	113376986	-4000	4000	-2857
chr9	136992568	137000568	136994765	8000	136996568	-4000	4000	-1803
chr9	128783253	128791253	128790767	8000	128787253	-4000	4000	3514
chr9	136940738	136948738	136940919	8000	136944738	-4000	4000	-3819
chr9	133344218	133352218	133344236	8000	133348218	-4000	4000	-3982
chr9	124858130	124866130	124860264	8000	124862130	-4000	4000	-1866
chr9	34123399	34131399	34125234	8000	34127399	-4000	4000	-2165
chr9	114319098	114327098	114323691	8000	114323098	-4000	4000	593
chr9	6011625	6019625	6012961	8000	6015625	-4000	4000	-2664
chr9	136114875	136122875	136116688	8000	136118875	-4000	4000	-2187
chr9	136992568	137000568	136993625	8000	136996568	-4000	4000	-2943
chr9	136479759	136487759	136484943	8000	136483759	-4000	4000	1184
chr9	136406641	136414641	136414581	8000	136410641	-4000	4000	3940
chr9	19376236	19384236	19378448	8000	19380236	-4000	4000	-1788
chr9	32569184	32577184	32571009	8000	32573184	-4000	4000	-2175
chr9	32631669	32639669	32633552	8000	32635669	-4000	4000	-2117
chr9	37418666	37426666	37426624	8000	37422666	-4000	4000	3958
chr9	97303304	97311304	97309436	8000	97307304	-4000	4000	2132
chr9	128943699	128951699	128945662	8000	128947699	-4000	4000	-2037
chr9	131736076	131744076	131737442	8000	131740076	-4000	4000	-2634
chr9	133352676	133360676	133354056	8000	133356676	-4000	4000	-2620
chr9	137050061	137058061	137051323	8000	137054061	-4000	4000	-2738
chr9	131121586	131129586	131127675	8000	131125586	-4000	4000	2089
chr9	35752613	35760613	35753717	8000	35756613	-4000	4000	-2896
chr9	35745228	35753228	35749245	8000	35749228	-4000	4000	17
chr9	128943699	128951699	128945673	8000	128947699	-4000	4000	-2026
chr9	35686056	35694056	35689823	8000	35690056	-4000	4000	-233
chr9	136479759	136487759	136485239	8000	136483759	-4000	4000	1480
chr9	32631669	32639669	32631816	8000	32635669	-4000	4000	-3853
chr9	124849417	124857417	124856767	8000	124853417	-4000	4000	3350
chr9	89314500	89322500	89319707	8000	89318500	-4000	4000	1207
chr9	128145071	128153071	128150443	8000	128149071	-4000	4000	1372
chr9	4675559	4683559	4679763	8000	4679559	-4000	4000	204
chr9	97303304	97311304	97307759	8000	97307304	-4000	4000	455
chr9	136838478	136846478	136844450	8000	136842478	-4000	4000	1972
chr9	83976616	83984616	83978215	8000	83980616	-4000	4000	-2401
chr9	137082857	137090857	137088328	8000	137086857	-4000	4000	1471
chr9	137614992	137622992	137615070	8000	137618992	-4000	4000	-3922
chr9	83976616	83984616	83978243	8000	83980616	-4000	4000	-2373
chr9	35787003	35795003	35792581	8000	35791003	-4000	4000	1578
chr9	137111177	137119177	137111978	8000	137115177	-4000	4000	-3199
chr9	128064206	128072206	128067107	8000	128068206	-4000	4000	-1099
chr9	129820244	129828244	129822694	8000	129824244	-4000	4000	-1550
chr9	133475127	133483127	133479020	8000	133479127	-4000	4000	-107
chr9	137237287	137245287	137243606	8000	137241287	-4000	4000	2319
chr9	20618499	20626499	20620669	8000	20622499	-4000	4000	-1830
chr9	35092601	35100601	35093220	8000	35096601	-4000	4000	-3381
chr9	114325869	114333869	114329980	8000	114329869	-4000	4000	111
chr9	137455334	137463334	137462308	8000	137459334	-4000	4000	2974
chr9	19376236	19384236	19376264	8000	19380236	-4000	4000	-3972
chr9	105690541	105698541	105694589	8000	105694541	-4000	4000	48
chr9	128145071	128153071	128150579	8000	128149071	-4000	4000	1508
chr9	35646931	35654931	35650903	8000	35650931	-4000	4000	-28
chr9	137036436	137044436	137041182	8000	137040436	-4000	4000	746
chr9	111521159	111529159	111527722	8000	111525159	-4000	4000	2563
chr9	99217942	99225942	99218047	8000	99221942	-4000	4000	-3895
chr9	21798636	21806636	21802641	8000	21802636	-4000	4000	5
chr9	136369681	136377681	136371343	8000	136373681	-4000	4000	-2338
chr9	129638169	129646169	129641925	8000	129642169	-4000	4000	-244
chr9	133455965	133463965	133456640	8000	133459965	-4000	4000	-3325
chr9	6011625	6019625	6015088	8000	6015625	-4000	4000	-537
chr9	34706136	34714136	34709560	8000	34710136	-4000	4000	-576
chr9	122909323	122917323	122911010	8000	122913323	-4000	4000	-2313
chr9	122909323	122917323	122911694	8000	122913323	-4000	4000	-1629
chr9	122909323	122917323	122911909	8000	122913323	-4000	4000	-1414
chr9	128943699	128951699	128946342	8000	128947699	-4000	4000	-1357
chr9	35671866	35679866	35675546	8000	35675866	-4000	4000	-320
chr9	128272026	128280026	128275927	8000	128276026	-4000	4000	-99
chr9	35671866	35679866	35675445	8000	35675866	-4000	4000	-421
chr9	128943699	128951699	128949234	8000	128947699	-4000	4000	1535
chr9	83976616	83984616	83978273	8000	83980616	-4000	4000	-2343
chr9	133344218	133352218	133345249	8000	133348218	-4000	4000	-2969
chr9	107486482	107494482	107487067	8000	107490482	-4000	4000	-3415
chr9	32631669	32639669	32633584	8000	32635669	-4000	4000	-2085
chr9	35601262	35609262	35607474	8000	35605262	-4000	4000	2212
chr9	35787003	35795003	35794018	8000	35791003	-4000	4000	3015
chr9	35808272	35816272	35809220	8000	35812272	-4000	4000	-3052
chr9	122909323	122917323	122911099	8000	122913323	-4000	4000	-2224
chr9	33072674	33080674	33076661	8000	33076674	-4000	4000	-13
chr9	132874027	132882027	132878266	8000	132878027	-4000	4000	239
chr9	137574925	137582925	137582487	8000	137578925	-4000	4000	3562
chr9	26888803	26896803	26892707	8000	26892803	-4000	4000	-96
chr9	34642631	34650631	34647850	8000	34646631	-4000	4000	1219
chr9	128272026	128280026	128276698	8000	128276026	-4000	4000	672
chr9	136838478	136846478	136845354	8000	136842478	-4000	4000	2876
chr10	73807651	73815651	73807769	8000	73811651	-4000	4000	-3882
chr10	73778047	73786047	73782627	8000	73782047	-4000	4000	580
chr10	12191965	12199965	12196198	8000	12195965	-4000	4000	233
chr10	51695595	51703595	51698082	8000	51699595	-4000	4000	-1513
chr10	51695595	51703595	51698776	8000	51699595	-4000	4000	-819
chr10	123150402	123158402	123157813	8000	123154402	-4000	4000	3411
chr10	103241887	103249887	103245958	8000	103245887	-4000	4000	71
chr10	95690143	95698143	95692973	8000	95694143	-4000	4000	-1170
chr10	100225596	100233596	100225928	8000	100229596	-4000	4000	-3668
chr10	15093180	15101180	15096279	8000	15097180	-4000	4000	-901
chr10	112443572	112451572	112445485	8000	112447572	-4000	4000	-2087
chr10	14950432	14958432	14954008	8000	14954432	-4000	4000	-424
chr10	37854106	37862106	37856488	8000	37858106	-4000	4000	-1618
chr10	95690143	95698143	95693511	8000	95694143	-4000	4000	-632
chr10	133376017	133384017	133381487	8000	133380017	-4000	4000	1470
chr10	132782147	132790147	132784918	8000	132786147	-4000	4000	-1229
chr10	102850272	102858272	102854351	8000	102854272	-4000	4000	79
chr10	4959253	4967253	4963432	8000	4963253	-4000	4000	179
chr10	119025714	119033714	119033308	8000	119029714	-4000	4000	3594
chr10	68468121	68476121	68471915	8000	68472121	-4000	4000	-206
chr10	75095586	75103586	75097885	8000	75099586	-4000	4000	-1701
chr10	27500174	27508174	27504336	8000	27504174	-4000	4000	162
chr10	112370116	112378116	112376313	8000	112374116	-4000	4000	2197
chr10	91629071	91637071	91630103	8000	91633071	-4000	4000	-2968
chr10	84190537	84198537	84196585	8000	84194537	-4000	4000	2048
chr10	93562665	93570665	93567011	8000	93566665	-4000	4000	346
chr10	79508533	79516533	79513976	8000	79512533	-4000	4000	1443
chr10	51695595	51703595	51698603	8000	51699595	-4000	4000	-992
chr10	123004812	123012812	123009046	8000	123008812	-4000	4000	234
chr10	73807651	73815651	73815018	8000	73811651	-4000	4000	3367
chr10	97181959	97189959	97185531	8000	97185959	-4000	4000	-428
chr10	25170802	25178802	25176174	8000	25174802	-4000	4000	1372
chr10	100983515	100991515	100988668	8000	100987515	-4000	4000	1153
chr10	103347144	103355144	103350903	8000	103351144	-4000	4000	-241
chr10	114934195	114942195	114938208	8000	114938195	-4000	4000	13
chr10	100525072	100533072	100526520	8000	100529072	-4000	4000	-2552
chr10	119025714	119033714	119032701	8000	119029714	-4000	4000	2987
chr10	111073029	111081029	111079139	8000	111077029	-4000	4000	2110
chr10	68071301	68079301	68073111	8000	68075301	-4000	4000	-2190
chr10	56357273	56365273	56357908	8000	56361273	-4000	4000	-3365
chr10	102061349	102069349	102066525	8000	102065349	-4000	4000	1176
chr10	118042941	118050941	118046145	8000	118046941	-4000	4000	-796
chr10	49758379	49766379	49758419	8000	49762379	-4000	4000	-3960
chr10	5520961	5528961	5525160	8000	5524961	-4000	4000	199
chr10	27096494	27104494	27100285	8000	27100494	-4000	4000	-209
chr10	70229911	70237911	70233320	8000	70233911	-4000	4000	-591
chr10	75095586	75103586	75095767	8000	75099586	-4000	4000	-3819
chr10	86954599	86962599	86957379	8000	86958599	-4000	4000	-1220
chr10	102390110	102398110	102397325	8000	102394110	-4000	4000	3215
chr10	14770897	14778897	14774294	8000	14774897	-4000	4000	-603
chr10	22312388	22320388	22318757	8000	22316388	-4000	4000	2369
chr10	118042941	118050941	118045920	8000	118046941	-4000	4000	-1021
chr10	4959253	4967253	4966979	8000	4963253	-4000	4000	3726
chr10	4959253	4967253	4967220	8000	4963253	-4000	4000	3967
chr10	97580374	97588374	97583693	8000	97584374	-4000	4000	-681
chr10	123662355	123670355	123666983	8000	123666355	-4000	4000	628
chr10	79556407	79564407	79558952	8000	79560407	-4000	4000	-1455
chr10	14770897	14778897	14774306	8000	14774897	-4000	4000	-591
chr10	86662785	86670785	86663734	8000	86666785	-4000	4000	-3051
chr10	5520961	5528961	5525176	8000	5524961	-4000	4000	215
chr10	18136424	18144424	18140968	8000	18140424	-4000	4000	544
chr10	73768276	73776276	73768829	8000	73772276	-4000	4000	-3447
chr10	86954599	86962599	86958706	8000	86958599	-4000	4000	107
chr10	69412918	69420918	69416139	8000	69416918	-4000	4000	-779
chr10	44996923	45004923	45003746	8000	45000923	-4000	4000	2823
chr10	103448402	103456402	103449361	8000	103452402	-4000	4000	-3041
chr10	133305410	133313410	133312934	8000	133309410	-4000	4000	3524
chr10	17805348	17813348	17809494	8000	17809348	-4000	4000	146
chr10	80074646	80082646	80078793	8000	80078646	-4000	4000	147
chr10	24719887	24727887	24721917	8000	24723887	-4000	4000	-1970
chr10	87221448	87229448	87228537	8000	87225448	-4000	4000	3089
chr10	87859533	87867533	87864497	8000	87863533	-4000	4000	964
chr10	113850661	113858661	113854969	8000	113854661	-4000	4000	308
chr10	79508533	79516533	79513127	8000	79512533	-4000	4000	594
chr10	31027937	31035937	31031890	8000	31031937	-4000	4000	-47
chr10	5520961	5528961	5525487	8000	5524961	-4000	4000	526
chr10	46026623	46034623	46027475	8000	46030623	-4000	4000	-3148
chr10	102447543	102455543	102454310	8000	102451543	-4000	4000	2767
chr10	102148176	102156176	102148642	8000	102152176	-4000	4000	-3534
chr10	116666264	116674264	116672844	8000	116670264	-4000	4000	2580
chr10	15856507	15864507	15860239	8000	15860507	-4000	4000	-268
chr10	87353720	87361720	87358232	8000	87357720	-4000	4000	512
chr10	68071301	68079301	68075200	8000	68075301	-4000	4000	-101
chr10	118042941	118050941	118047032	8000	118046941	-4000	4000	91
chr10	17224241	17232241	17230671	8000	17228241	-4000	4000	2430
chr10	15164693	15172693	15168613	8000	15168693	-4000	4000	-80
chr10	114934195	114942195	114938522	8000	114938195	-4000	4000	327
chr10	44996923	45004923	45003951	8000	45000923	-4000	4000	3028
chr10	102390110	102398110	102397369	8000	102394110	-4000	4000	3259
chr10	86954599	86962599	86957412	8000	86958599	-4000	4000	-1187
chr10	100908963	100916963	100916722	8000	100912963	-4000	4000	3759
chr10	84135482	84143482	84141560	8000	84139482	-4000	4000	2078
chr10	56357273	56365273	56358575	8000	56361273	-4000	4000	-2698
chr10	93069475	93077475	93075211	8000	93073475	-4000	4000	1736
chr10	100965518	100973518	100973236	8000	100969518	-4000	4000	3718
chr10	102061349	102069349	102067128	8000	102065349	-4000	4000	1779
chr10	103347144	103355144	103347320	8000	103351144	-4000	4000	-3824
chr10	99426624	99434624	99430600	8000	99430624	-4000	4000	-24
chr10	99426624	99434624	99430590	8000	99430624	-4000	4000	-34
chr10	93069475	93077475	93076558	8000	93073475	-4000	4000	3083
chr10	984434	992434	988464	8000	988434	-4000	4000	30
chr10	100983515	100991515	100990899	8000	100987515	-4000	4000	3384
chr10	115089365	115097365	115093676	8000	115093365	-4000	4000	311
chr10	87500875	87508875	87508484	8000	87504875	-4000	4000	3609
chr10	90867952	90875952	90872006	8000	90871952	-4000	4000	54
chr10	32052425	32060425	32055958	8000	32056425	-4000	4000	-467
chr10	56357273	56365273	56360373	8000	56361273	-4000	4000	-900
chr10	102428584	102436584	102436521	8000	102432584	-4000	4000	3937
chr10	14770897	14778897	14774538	8000	14774897	-4000	4000	-359
chr10	49758379	49766379	49758545	8000	49762379	-4000	4000	-3834
chr10	52310281	52318281	52314533	8000	52314281	-4000	4000	252
chr10	5520961	5528961	5525262	8000	5524961	-4000	4000	301
chr10	28528493	28536493	28532694	8000	28532493	-4000	4000	201
chr10	112946247	112954247	112950630	8000	112950247	-4000	4000	383
chr10	114934195	114942195	114938469	8000	114938195	-4000	4000	274
chr10	5885906	5893906	5888063	8000	5889906	-4000	4000	-1843
chr10	124938123	124946123	124943046	8000	124942123	-4000	4000	923
chr10	103273605	103281605	103277962	8000	103277605	-4000	4000	357
chr10	14834575	14842575	14838519	8000	14838575	-4000	4000	-56
chr10	86662785	86670785	86665732	8000	86666785	-4000	4000	-1053
chr10	87221448	87229448	87228637	8000	87225448	-4000	4000	3189
chr10	103448402	103456402	103455643	8000	103452402	-4000	4000	3241
chr10	92685955	92693955	92692724	8000	92689955	-4000	4000	2769
chr10	44974809	44982809	44977299	8000	44978809	-4000	4000	-1510
chr10	44996923	45004923	45003781	8000	45000923	-4000	4000	2858
chr10	56357273	56365273	56358872	8000	56361273	-4000	4000	-2401
chr10	73768276	73776276	73773397	8000	73772276	-4000	4000	1121
chr10	102148176	102156176	102148693	8000	102152176	-4000	4000	-3483
chr10	35638296	35646296	35641169	8000	35642296	-4000	4000	-1127
chr10	91629071	91637071	91629914	8000	91633071	-4000	4000	-3157
chr10	96828254	96836254	96832339	8000	96832254	-4000	4000	85
chr10	100983515	100991515	100988985	8000	100987515	-4000	4000	1470
chr10	100992618	101000618	100993313	8000	100996618	-4000	4000	-3305
chr10	123150402	123158402	123157821	8000	123154402	-4000	4000	3419
chr10	25170802	25178802	25175889	8000	25174802	-4000	4000	1087
chr10	86362795	86370795	86363959	8000	86366795	-4000	4000	-2836
chr10	86362795	86370795	86363960	8000	86366795	-4000	4000	-2835
chr10	31314495	31322495	31318955	8000	31318495	-4000	4000	460
chr10	14834575	14842575	14838421	8000	14838575	-4000	4000	-154
chr10	44996923	45004923	45004447	8000	45000923	-4000	4000	3524
chr10	70811948	70819948	70816850	8000	70815948	-4000	4000	902
chr10	73740372	73748372	73744412	8000	73744372	-4000	4000	40
chr10	73807651	73815651	73812774	8000	73811651	-4000	4000	1123
chr10	73243255	73251255	73243503	8000	73247255	-4000	4000	-3752
chr10	17640151	17648151	17644290	8000	17644151	-4000	4000	139
chr10	117371440	117379440	117374595	8000	117375440	-4000	4000	-845
chr10	70811948	70819948	70816824	8000	70815948	-4000	4000	876
chr10	70598759	70606759	70600771	8000	70602759	-4000	4000	-1988
chr10	102390110	102398110	102397385	8000	102394110	-4000	4000	3275
chr10	100263680	100271680	100267656	8000	100267680	-4000	4000	-24
chr10	12191965	12199965	12196269	8000	12195965	-4000	4000	304
chr10	51695595	51703595	51698674	8000	51699595	-4000	4000	-921
chr10	51695595	51703595	51699571	8000	51699595	-4000	4000	-24
chr10	56357273	56365273	56357920	8000	56361273	-4000	4000	-3353
chr10	70598759	70606759	70598935	8000	70602759	-4000	4000	-3824
chr10	99698558	99706558	99704490	8000	99702558	-4000	4000	1932
chr10	100983515	100991515	100986583	8000	100987515	-4000	4000	-932
chr10	102061349	102069349	102067991	8000	102065349	-4000	4000	2642
chr10	104264873	104272873	104267320	8000	104268873	-4000	4000	-1553
chr10	100983515	100991515	100987286	8000	100987515	-4000	4000	-229
chr10	15164693	15172693	15168613	8000	15168693	-4000	4000	-80
chr10	17224241	17232241	17229828	8000	17228241	-4000	4000	1587
chr10	51695595	51703595	51699121	8000	51699595	-4000	4000	-474
chr10	94398541	94406541	94402611	8000	94402541	-4000	4000	70
chr10	101779413	101787413	101786074	8000	101783413	-4000	4000	2661
chr10	104118058	104126058	104125681	8000	104122058	-4000	4000	3623
chr10	114039866	114047866	114044571	8000	114043866	-4000	4000	705
chr10	133305410	133313410	133311870	8000	133309410	-4000	4000	2460
chr10	44996923	45004923	45003758	8000	45000923	-4000	4000	2835
chr10	79508533	79516533	79514130	8000	79512533	-4000	4000	1597
chr10	69626247	69634247	69633058	8000	69630247	-4000	4000	2811
chr10	44996923	45004923	45003486	8000	45000923	-4000	4000	2563
chr10	69797880	69805880	69802703	8000	69801880	-4000	4000	823
chr10	73768276	73776276	73773796	8000	73772276	-4000	4000	1520
chr10	88580530	88588530	88581699	8000	88584530	-4000	4000	-2831
chr10	95690143	95698143	95693417	8000	95694143	-4000	4000	-726
chr10	99698558	99706558	99701014	8000	99702558	-4000	4000	-1544
chr10	110300938	110308938	110303514	8000	110304938	-4000	4000	-1424
chr10	4959253	4967253	4965981	8000	4963253	-4000	4000	2728
chr10	12191965	12199965	12196096	8000	12195965	-4000	4000	131
chr10	44974809	44982809	44982627	8000	44978809	-4000	4000	3818
chr10	73768276	73776276	73771736	8000	73772276	-4000	4000	-540
chr10	73768276	73776276	73772091	8000	73772276	-4000	4000	-185
chr10	101779413	101787413	101782334	8000	101783413	-4000	4000	-1079
chr10	104081880	104089880	104085738	8000	104085880	-4000	4000	-142
chr10	104118058	104126058	104122068	8000	104122058	-4000	4000	10
chr10	104118058	104126058	104122368	8000	104122058	-4000	4000	310
chr10	110203605	110211605	110207991	8000	110207605	-4000	4000	386
chr10	111073029	111081029	111079475	8000	111077029	-4000	4000	2446
chr10	118042941	118050941	118049566	8000	118046941	-4000	4000	2625
chr10	73768276	73776276	73772457	8000	73772276	-4000	4000	181
chr10	27239046	27247046	27246559	8000	27243046	-4000	4000	3513
chr10	73637474	73645474	73645037	8000	73641474	-4000	4000	3563
chr10	103448402	103456402	103455553	8000	103452402	-4000	4000	3151
chr10	104081880	104089880	104085777	8000	104085880	-4000	4000	-103
chr10	87837361	87845361	87844118	8000	87841361	-4000	4000	2757
chr10	100983515	100991515	100988316	8000	100987515	-4000	4000	801
chr10	94358959	94366959	94361842	8000	94362959	-4000	4000	-1117
chr10	49758379	49766379	49758450	8000	49762379	-4000	4000	-3929
chr10	49758379	49766379	49758451	8000	49762379	-4000	4000	-3928
chr10	73248693	73256693	73251800	8000	73252693	-4000	4000	-893
chr10	68717012	68725012	68722547	8000	68721012	-4000	4000	1535
chr10	89410557	89418557	89417492	8000	89414557	-4000	4000	2935
chr10	123150402	123158402	123155086	8000	123154402	-4000	4000	684
chr10	101027234	101035234	101034703	8000	101031234	-4000	4000	3469
chr10	15093180	15101180	15096652	8000	15097180	-4000	4000	-528
chr10	70142700	70150700	70146075	8000	70146700	-4000	4000	-625
chr10	86362795	86370795	86364058	8000	86366795	-4000	4000	-2737
chr10	100983515	100991515	100989270	8000	100987515	-4000	4000	1755
chr10	84135482	84143482	84142737	8000	84139482	-4000	4000	3255
chr10	17640151	17648151	17644366	8000	17644151	-4000	4000	215
chr10	72269919	72277919	72274191	8000	72273919	-4000	4000	272
chr10	119161714	119169714	119168444	8000	119165714	-4000	4000	2730
chr10	13344298	13352298	13344865	8000	13348298	-4000	4000	-3433
chr10	132938823	132946823	132941061	8000	132942823	-4000	4000	-1762
chr10	5520961	5528961	5525379	8000	5524961	-4000	4000	418
chr10	27150824	27158824	27158577	8000	27154824	-4000	4000	3753
chr10	101028295	101036295	101035606	8000	101032295	-4000	4000	3311
chr10	101584270	101592270	101588481	8000	101588270	-4000	4000	211
chr10	93069475	93077475	93077203	8000	93073475	-4000	4000	3728
chr10	24948606	24956606	24952546	8000	24952606	-4000	4000	-60
chr10	89410557	89418557	89418410	8000	89414557	-4000	4000	3853
chr10	100983515	100991515	100988154	8000	100987515	-4000	4000	639
chr10	100983515	100991515	100988702	8000	100987515	-4000	4000	1187
chr10	5495570	5503570	5499320	8000	5499570	-4000	4000	-250
chr10	69412918	69420918	69416164	8000	69416918	-4000	4000	-754
chr10	5495570	5503570	5499336	8000	5499570	-4000	4000	-234
chr10	22312388	22320388	22317897	8000	22316388	-4000	4000	1509
chr10	73243255	73251255	73246764	8000	73247255	-4000	4000	-491
chr10	113850661	113858661	113855017	8000	113854661	-4000	4000	356
chr10	75397764	75405764	75400254	8000	75401764	-4000	4000	-1510
chr10	68468121	68476121	68471949	8000	68472121	-4000	4000	-172
chr10	103241887	103249887	103246361	8000	103245887	-4000	4000	474
chr10	102914294	102922294	102919677	8000	102918294	-4000	4000	1383
chr10	117237093	117245093	117244189	8000	117241093	-4000	4000	3096
chr10	128122423	128130423	128123151	8000	128126423	-4000	4000	-3272
chr10	12125637	12133637	12133286	8000	12129637	-4000	4000	3649
chr10	101779413	101787413	101782484	8000	101783413	-4000	4000	-929
chr10	102417539	102425539	102423370	8000	102421539	-4000	4000	1831
chr10	133354025	133362025	133357242	8000	133358025	-4000	4000	-783
chr10	7814497	7822497	7818760	8000	7818497	-4000	4000	263
chr10	13344298	13352298	13344934	8000	13348298	-4000	4000	-3364
chr10	15856507	15864507	15860438	8000	15860507	-4000	4000	-69
chr10	24719887	24727887	24721902	8000	24723887	-4000	4000	-1985
chr10	44974809	44982809	44982637	8000	44978809	-4000	4000	3828
chr10	59172643	59180643	59177531	8000	59176643	-4000	4000	888
chr10	70884565	70892565	70885909	8000	70888565	-4000	4000	-2656
chr10	73243255	73251255	73246008	8000	73247255	-4000	4000	-1247
chr10	73243255	73251255	73246798	8000	73247255	-4000	4000	-457
chr10	73905177	73913177	73911769	8000	73909177	-4000	4000	2592
chr10	84135482	84143482	84141482	8000	84139482	-4000	4000	2000
chr10	87859533	87867533	87862303	8000	87863533	-4000	4000	-1230
chr10	91629071	91637071	91630479	8000	91633071	-4000	4000	-2592
chr10	99325356	99333356	99330752	8000	99329356	-4000	4000	1396
chr10	99698558	99706558	99698577	8000	99702558	-4000	4000	-3981
chr10	100983515	100991515	100989796	8000	100987515	-4000	4000	2281
chr10	102640479	102648479	102644815	8000	102644479	-4000	4000	336
chr10	104118058	104126058	104125545	8000	104122058	-4000	4000	3487
chr10	104118058	104126058	104125804	8000	104122058	-4000	4000	3746
chr10	107160706	107168706	107164058	8000	107164706	-4000	4000	-648
chr10	113850383	113858383	113850603	8000	113854383	-4000	4000	-3780
chr10	117371440	117379440	117374652	8000	117375440	-4000	4000	-788
chr10	122556665	122564665	122560744	8000	122560665	-4000	4000	79
chr10	132938823	132946823	132941710	8000	132942823	-4000	4000	-1113
chr10	79508533	79516533	79513976	8000	79512533	-4000	4000	1443
chr10	69412918	69420918	69415047	8000	69416918	-4000	4000	-1871
chr10	102447543	102455543	102450458	8000	102451543	-4000	4000	-1085
chr10	111073029	111081029	111080112	8000	111077029	-4000	4000	3083
chr10	75397764	75405764	75398082	8000	75401764	-4000	4000	-3682
chr10	73694109	73702109	73697613	8000	73698109	-4000	4000	-496
chr10	90867952	90875952	90871928	8000	90871952	-4000	4000	-24
chr10	113850661	113858661	113855037	8000	113854661	-4000	4000	376
chr10	56357273	56365273	56358275	8000	56361273	-4000	4000	-2998
chr10	5400828	5408828	5400948	8000	5404828	-4000	4000	-3880
chr10	22312388	22320388	22319967	8000	22316388	-4000	4000	3579
chr10	22341445	22349445	22345757	8000	22345445	-4000	4000	312
chr10	25170802	25178802	25176278	8000	25174802	-4000	4000	1476
chr10	51695595	51703595	51698544	8000	51699595	-4000	4000	-1051
chr10	73243255	73251255	73246773	8000	73247255	-4000	4000	-482
chr10	73248693	73256693	73256398	8000	73252693	-4000	4000	3705
chr10	73768276	73776276	73773571	8000	73772276	-4000	4000	1295
chr10	91629071	91637071	91630828	8000	91633071	-4000	4000	-2243
chr10	94358959	94366959	94361752	8000	94362959	-4000	4000	-1207
chr10	98411182	98419182	98415074	8000	98415182	-4000	4000	-108
chr10	100282680	100290680	100290084	8000	100286680	-4000	4000	3404
chr10	100983515	100991515	100990924	8000	100987515	-4000	4000	3409
chr10	102390110	102398110	102396933	8000	102394110	-4000	4000	2823
chr10	113546837	113554837	113553079	8000	113550837	-4000	4000	2242
chr10	119161714	119169714	119169290	8000	119165714	-4000	4000	3576
chr10	124938123	124946123	124943092	8000	124942123	-4000	4000	969
chr10	51695595	51703595	51698082	8000	51699595	-4000	4000	-1513
chr10	59359181	59367181	59362419	8000	59363181	-4000	4000	-762
chr10	119174812	119182812	119177070	8000	119178812	-4000	4000	-1742
chr10	73492024	73500024	73498662	8000	73496024	-4000	4000	2638
chr10	103392492	103400492	103400406	8000	103396492	-4000	4000	3914
chr10	73694109	73702109	73697162	8000	73698109	-4000	4000	-947
chr10	102148176	102156176	102149958	8000	102152176	-4000	4000	-2218
chr10	37121598	37129598	37125902	8000	37125598	-4000	4000	304
chr10	100282680	100290680	100290067	8000	100286680	-4000	4000	3387
chr10	61897684	61905684	61902302	8000	61901684	-4000	4000	618
chr10	100992618	101000618	100993593	8000	100996618	-4000	4000	-3025
chr10	93698592	93706592	93700064	8000	93702592	-4000	4000	-2528
chr10	73768276	73776276	73769125	8000	73772276	-4000	4000	-3151
chr10	73768276	73776276	73769833	8000	73772276	-4000	4000	-2443
chr10	73768276	73776276	73770322	8000	73772276	-4000	4000	-1954
chr10	73768276	73776276	73771040	8000	73772276	-4000	4000	-1236
chr10	1045119	1053119	1048876	8000	1049119	-4000	4000	-243
chr10	89410557	89418557	89418227	8000	89414557	-4000	4000	3670
chr10	18655431	18663431	18659666	8000	18659431	-4000	4000	235
chr10	44974809	44982809	44982604	8000	44978809	-4000	4000	3795
chr10	46371627	46379627	46375822	8000	46375627	-4000	4000	195
chr10	37121598	37129598	37125952	8000	37125598	-4000	4000	354
chr10	102850272	102858272	102854337	8000	102854272	-4000	4000	65
chr10	73768276	73776276	73771828	8000	73772276	-4000	4000	-448
chr10	104118058	104126058	104125740	8000	104122058	-4000	4000	3682
chr10	117237093	117245093	117244153	8000	117241093	-4000	4000	3060
chr10	3781281	3789281	3782077	8000	3785281	-4000	4000	-3204
chr10	86965481	86973481	86970401	8000	86969481	-4000	4000	920
chr10	133369354	133377354	133370018	8000	133373354	-4000	4000	-3336
chr10	73492024	73500024	73498743	8000	73496024	-4000	4000	2719
chr10	92685955	92693955	92692378	8000	92689955	-4000	4000	2423
chr10	70598759	70606759	70598873	8000	70602759	-4000	4000	-3886
chr10	102390110	102398110	102396726	8000	102394110	-4000	4000	2616
chr10	73905177	73913177	73911906	8000	73909177	-4000	4000	2729
chr10	50063888	50071888	50066634	8000	50067888	-4000	4000	-1254
chr10	7784147	7792147	7788160	8000	7788147	-4000	4000	13
chr10	23435075	23443075	23442223	8000	23439075	-4000	4000	3148
chr10	101839920	101847920	101843526	8000	101843920	-4000	4000	-394
chr10	79556407	79564407	79559992	8000	79560407	-4000	4000	-415
chr10	28528493	28536493	28533595	8000	28532493	-4000	4000	1102
chr10	102061349	102069349	102066162	8000	102065349	-4000	4000	813
chr10	51695595	51703595	51698133	8000	51699595	-4000	4000	-1462
chr10	88580530	88588530	88581682	8000	88584530	-4000	4000	-2848
chr10	12064954	12072954	12069090	8000	12068954	-4000	4000	136
chr10	50735318	50743318	50742975	8000	50739318	-4000	4000	3657
chr10	91905486	91913486	91908192	8000	91909486	-4000	4000	-1294
chr10	112443572	112451572	112445406	8000	112447572	-4000	4000	-2166
chr10	89203317	89211317	89206854	8000	89207317	-4000	4000	-463
chr10	79508533	79516533	79515987	8000	79512533	-4000	4000	3454
chr10	69626247	69634247	69632880	8000	69630247	-4000	4000	2633
chr10	102148176	102156176	102148645	8000	102152176	-4000	4000	-3531
chr10	99698558	99706558	99698592	8000	99702558	-4000	4000	-3966
chr10	73768276	73776276	73772969	8000	73772276	-4000	4000	693
chr10	100282680	100290680	100286145	8000	100286680	-4000	4000	-535
chr10	56357273	56365273	56359504	8000	56361273	-4000	4000	-1769
chr10	95707779	95715779	95711850	8000	95711779	-4000	4000	71
chr10	100992618	101000618	100993465	8000	100996618	-4000	4000	-3153
chr10	101584270	101592270	101588229	8000	101588270	-4000	4000	-41
chr10	102061349	102069349	102067527	8000	102065349	-4000	4000	2178
chr10	107160706	107168706	107164250	8000	107164706	-4000	4000	-456
chr10	111073029	111081029	111079229	8000	111077029	-4000	4000	2200
chr10	28673510	28681510	28681284	8000	28677510	-4000	4000	3774
chr10	112370116	112378116	112376218	8000	112374116	-4000	4000	2102
chr10	101057989	101065989	101064952	8000	101061989	-4000	4000	2963
chr10	73694109	73702109	73697715	8000	73698109	-4000	4000	-394
chr10	60729490	60737490	60733352	8000	60733490	-4000	4000	-138
chr10	73778047	73786047	73782175	8000	73782047	-4000	4000	128
chr10	103347144	103355144	103348964	8000	103351144	-4000	4000	-2180
chr10	73243255	73251255	73246078	8000	73247255	-4000	4000	-1177
chr10	19812239	19820239	19816965	8000	19816239	-4000	4000	726
chr10	101057989	101065989	101064345	8000	101061989	-4000	4000	2356
chr11	47182443	47190443	47182543	8000	47186443	-4000	4000	-3900
chr11	57593387	57601387	57600260	8000	57597387	-4000	4000	2873
chr11	62852004	62860004	62856295	8000	62856004	-4000	4000	291
chr11	73304276	73312276	73311230	8000	73308276	-4000	4000	2954
chr11	1594294	1602294	1597436	8000	1598294	-4000	4000	-858
chr11	6608539	6616539	6609144	8000	6612539	-4000	4000	-3395
chr11	63487194	63495194	63490996	8000	63491194	-4000	4000	-198
chr11	65915274	65923274	65917250	8000	65919274	-4000	4000	-2024
chr11	66253294	66261294	66258739	8000	66257294	-4000	4000	1445
chr11	76440923	76448923	76445115	8000	76444923	-4000	4000	192
chr11	111874935	111882935	111875336	8000	111878935	-4000	4000	-3599
chr11	125565280	125573280	125572470	8000	125569280	-4000	4000	3190
chr11	57233250	57241250	57236361	8000	57237250	-4000	4000	-889
chr11	611983	619983	613081	8000	615983	-4000	4000	-2902
chr11	18390560	18398560	18396589	8000	18394560	-4000	4000	2029
chr11	57233250	57241250	57236693	8000	57237250	-4000	4000	-557
chr11	62204673	62212673	62210499	8000	62208673	-4000	4000	1826
chr11	62750184	62758184	62753361	8000	62754184	-4000	4000	-823
chr11	1834981	1842981	1837296	8000	1838981	-4000	4000	-1685
chr11	6608539	6616539	6614891	8000	6612539	-4000	4000	2352
chr11	63764775	63772775	63765856	8000	63768775	-4000	4000	-2919
chr11	64237003	64245003	64242517	8000	64241003	-4000	4000	1514
chr11	65036901	65044901	65044512	8000	65040901	-4000	4000	3611
chr11	65776976	65784976	65778100	8000	65780976	-4000	4000	-2876
chr11	96385956	96393956	96391647	8000	96389956	-4000	4000	1691
chr11	112070274	112078274	112073054	8000	112074274	-4000	4000	-1220
chr11	118527041	118535041	118533855	8000	118531041	-4000	4000	2814
chr11	119026906	119034906	119028300	8000	119030906	-4000	4000	-2606
chr11	111536280	111544280	111536727	8000	111540280	-4000	4000	-3553
chr11	805965	813965	812762	8000	809965	-4000	4000	2797
chr11	2396488	2404488	2403557	8000	2400488	-4000	4000	3069
chr11	6477479	6485479	6480450	8000	6481479	-4000	4000	-1029
chr11	62666273	62674273	62667762	8000	62670273	-4000	4000	-2511
chr11	64993018	65001018	64996929	8000	64997018	-4000	4000	-89
chr11	119053227	119061227	119056137	8000	119057227	-4000	4000	-1090
chr11	124618836	124626836	124625683	8000	124622836	-4000	4000	2847
chr11	77585391	77593391	77590555	8000	77589391	-4000	4000	1164
chr11	66332840	66340840	66335835	8000	66336840	-4000	4000	-1005
chr11	65085375	65093375	65086444	8000	65089375	-4000	4000	-2931
chr11	78570874	78578874	78574560	8000	78574874	-4000	4000	-314
chr11	83189712	83197712	83194463	8000	83193712	-4000	4000	751
chr11	63502052	63510052	63508592	8000	63506052	-4000	4000	2540
chr11	95062919	95070919	95067947	8000	95066919	-4000	4000	1028
chr11	22621823	22629823	22624739	8000	22625823	-4000	4000	-1084
chr11	533321	541321	534288	8000	537321	-4000	4000	-3033
chr11	62266158	62274158	62270946	8000	62270158	-4000	4000	788
chr11	102526750	102534750	102527359	8000	102530750	-4000	4000	-3391
chr11	59208927	59216927	59212952	8000	59212927	-4000	4000	25
chr11	65716818	65724818	65718636	8000	65720818	-4000	4000	-2182
chr11	105031250	105039250	105034366	8000	105035250	-4000	4000	-884
chr11	47711389	47719389	47714318	8000	47715389	-4000	4000	-1071
chr11	66343629	66351629	66345967	8000	66347629	-4000	4000	-1662
chr11	71994613	72002613	72001474	8000	71998613	-4000	4000	2861
chr11	62666273	62674273	62666503	8000	62670273	-4000	4000	-3770
chr11	124894500	124902500	124895823	8000	124898500	-4000	4000	-2677
chr11	57526803	57534803	57528852	8000	57530803	-4000	4000	-1951
chr11	65166154	65174154	65172772	8000	65170154	-4000	4000	2618
chr11	1070875	1078875	1075766	8000	1074875	-4000	4000	891
chr11	64222254	64230254	64225865	8000	64226254	-4000	4000	-389
chr11	59208927	59216927	59211613	8000	59212927	-4000	4000	-1314
chr11	65054553	65062553	65054651	8000	65058553	-4000	4000	-3902
chr11	65875809	65883809	65882237	8000	65879809	-4000	4000	2428
chr11	62675117	62683117	62676637	8000	62679117	-4000	4000	-2480
chr11	556404	564404	561784	8000	560404	-4000	4000	1380
chr11	65776976	65784976	65779379	8000	65780976	-4000	4000	-1597
chr11	102951732	102959732	102955465	8000	102955732	-4000	4000	-267
chr11	17472894	17480894	17476713	8000	17476894	-4000	4000	-181
chr11	27718058	27726058	27721418	8000	27722058	-4000	4000	-640
chr11	74489851	74497851	74492261	8000	74493851	-4000	4000	-1590
chr11	7509298	7517298	7509663	8000	7513298	-4000	4000	-3635
chr11	64280704	64288704	64286714	8000	64284704	-4000	4000	2010
chr11	116784039	116792039	116787047	8000	116788039	-4000	4000	-992
chr11	117982370	117990370	117988389	8000	117986370	-4000	4000	2019
chr11	61388393	61396393	61393279	8000	61392393	-4000	4000	886
chr11	62852004	62860004	62855256	8000	62856004	-4000	4000	-748
chr11	6608539	6616539	6613040	8000	6612539	-4000	4000	501
chr11	6599616	6607616	6603565	8000	6603616	-4000	4000	-51
chr11	67502263	67510263	67502565	8000	67506263	-4000	4000	-3698
chr11	838529	846529	840391	8000	842529	-4000	4000	-2138
chr11	66332840	66340840	66334996	8000	66336840	-4000	4000	-1844
chr11	62828051	62836051	62831235	8000	62832051	-4000	4000	-816
chr11	65998176	66006176	66000377	8000	66002176	-4000	4000	-1799
chr11	66332840	66340840	66334219	8000	66336840	-4000	4000	-2621
chr11	57233250	57241250	57235774	8000	57237250	-4000	4000	-1476
chr11	10804940	10812940	10804977	8000	10808940	-4000	4000	-3963
chr11	62757565	62765565	62761559	8000	62761565	-4000	4000	-6
chr11	36590369	36598369	36593087	8000	36594369	-4000	4000	-1282
chr11	5592725	5600725	5596735	8000	5596725	-4000	4000	10
chr11	62802302	62810302	62805387	8000	62806302	-4000	4000	-915
chr11	62852004	62860004	62854059	8000	62856004	-4000	4000	-1945
chr11	64222254	64230254	64224568	8000	64226254	-4000	4000	-1686
chr11	112082798	112090798	112084886	8000	112086798	-4000	4000	-1912
chr11	74005085	74013085	74007003	8000	74009085	-4000	4000	-2082
chr11	66462738	66470738	66468876	8000	66466738	-4000	4000	2138
chr11	43876811	43884811	43883980	8000	43880811	-4000	4000	3169
chr11	67417183	67425183	67423799	8000	67421183	-4000	4000	2616
chr11	65054553	65062553	65054705	8000	65058553	-4000	4000	-3848
chr11	203399	211399	209437	8000	207399	-4000	4000	2038
chr11	61329220	61337220	61331605	8000	61333220	-4000	4000	-1615
chr11	63502052	63510052	63506339	8000	63506052	-4000	4000	287
chr11	66253294	66261294	66258814	8000	66257294	-4000	4000	1520
chr11	73872901	73880901	73873156	8000	73876901	-4000	4000	-3745
chr11	125899221	125907221	125899995	8000	125903221	-4000	4000	-3226
chr11	65915274	65923274	65920372	8000	65919274	-4000	4000	1098
chr11	9134114	9142114	9139635	8000	9138114	-4000	4000	1521
chr11	47244906	47252906	47248563	8000	47248906	-4000	4000	-343
chr11	65521077	65529077	65526127	8000	65525077	-4000	4000	1050
chr11	65707996	65715996	65713649	8000	65711996	-4000	4000	1653
chr11	65875809	65883809	65883406	8000	65879809	-4000	4000	3597
chr11	67285300	67293300	67290160	8000	67289300	-4000	4000	860
chr11	67285300	67293300	67290303	8000	67289300	-4000	4000	1003
chr11	68747520	68755520	68750474	8000	68751520	-4000	4000	-1046
chr11	32431564	32439564	32438884	8000	32435564	-4000	4000	3320
chr11	119014691	119022691	119019290	8000	119018691	-4000	4000	599
chr11	4090707	4098707	4091679	8000	4094707	-4000	4000	-3028
chr11	62783402	62791402	62789031	8000	62787402	-4000	4000	1629
chr11	118527041	118535041	118534320	8000	118531041	-4000	4000	3279
chr11	413455	421455	418575	8000	417455	-4000	4000	1120
chr11	611983	619983	619328	8000	615983	-4000	4000	3345
chr11	5225395	5233395	5227034	8000	5229395	-4000	4000	-2361
chr11	47422473	47430473	47425877	8000	47426473	-4000	4000	-596
chr11	59208927	59216927	59212227	8000	59212927	-4000	4000	-700
chr11	60851950	60859950	60853334	8000	60855950	-4000	4000	-2616
chr11	62666273	62674273	62667108	8000	62670273	-4000	4000	-3165
chr11	64313559	64321559	64319843	8000	64317559	-4000	4000	2284
chr11	65572046	65580046	65579122	8000	65576046	-4000	4000	3076
chr11	67299478	67307478	67304845	8000	67303478	-4000	4000	1367
chr11	67439821	67447821	67442081	8000	67443821	-4000	4000	-1740
chr11	67502263	67510263	67506967	8000	67506263	-4000	4000	704
chr11	96339195	96347195	96341714	8000	96343195	-4000	4000	-1481
chr11	114396682	114404682	114400031	8000	114400682	-4000	4000	-651
chr11	119063818	119071818	119071654	8000	119067818	-4000	4000	3836
chr11	119330527	119338527	119336214	8000	119334527	-4000	4000	1687
chr11	65054553	65062553	65058345	8000	65058553	-4000	4000	-208
chr11	124618836	124626836	124624952	8000	124622836	-4000	4000	2116
chr11	65611382	65619382	65617326	8000	65615382	-4000	4000	1944
chr11	6608539	6616539	6610036	8000	6612539	-4000	4000	-2503
chr11	65716818	65724818	65718866	8000	65720818	-4000	4000	-1952
chr11	18244635	18252635	18245274	8000	18248635	-4000	4000	-3361
chr11	4639420	4647420	4640243	8000	4643420	-4000	4000	-3177
chr11	17385331	17393331	17387108	8000	17389331	-4000	4000	-2223
chr11	59665037	59673037	59666950	8000	59669037	-4000	4000	-2087
chr11	18722230	18730230	18728807	8000	18726230	-4000	4000	2577
chr11	66264590	66272590	66272107	8000	66268590	-4000	4000	3517
chr11	62750184	62758184	62753055	8000	62754184	-4000	4000	-1129
chr11	65875809	65883809	65883679	8000	65879809	-4000	4000	3870
chr11	126265024	126273024	126265070	8000	126269024	-4000	4000	-3954
chr11	117195370	117203370	117195941	8000	117199370	-4000	4000	-3429
chr11	533321	541321	534289	8000	537321	-4000	4000	-3032
chr11	61963634	61971634	61968246	8000	61967634	-4000	4000	612
chr11	117813525	117821525	117820615	8000	117817525	-4000	4000	3090
chr11	74167210	74175210	74170782	8000	74171210	-4000	4000	-428
chr11	9134114	9142114	9139547	8000	9138114	-4000	4000	1433
chr11	32579798	32587798	32587079	8000	32583798	-4000	4000	3281
chr11	65118183	65126183	65122380	8000	65122183	-4000	4000	197
chr11	74945261	74953261	74949108	8000	74949261	-4000	4000	-153
chr11	413455	421455	419605	8000	417455	-4000	4000	2150
chr11	556404	564404	557881	8000	560404	-4000	4000	-2523
chr11	64301497	64309497	64304566	8000	64305497	-4000	4000	-931
chr11	78059861	78067861	78064252	8000	78063861	-4000	4000	391
chr11	119014691	119022691	119015074	8000	119018691	-4000	4000	-3617
chr11	6316532	6324532	6319727	8000	6320532	-4000	4000	-805
chr11	75713838	75721838	75719619	8000	75717838	-4000	4000	1781
chr11	61788802	61796802	61795468	8000	61792802	-4000	4000	2666
chr11	64807294	64815294	64808081	8000	64811294	-4000	4000	-3213
chr11	64755974	64763974	64758508	8000	64759974	-4000	4000	-1466
chr11	64799241	64807241	64800368	8000	64803241	-4000	4000	-2873
chr11	105031250	105039250	105034377	8000	105035250	-4000	4000	-873
chr11	62788006	62796006	62792141	8000	62792006	-4000	4000	135
chr11	22621823	22629823	22625252	8000	22625823	-4000	4000	-571
chr11	102951732	102959732	102955699	8000	102955732	-4000	4000	-33
chr11	4639420	4647420	4640554	8000	4643420	-4000	4000	-2866
chr11	65853126	65861126	65853323	8000	65857126	-4000	4000	-3803
chr11	68026617	68034617	68033171	8000	68030617	-4000	4000	2554
chr11	67285300	67293300	67285409	8000	67289300	-4000	4000	-3891
chr11	66589153	66597153	66593037	8000	66593153	-4000	4000	-116
chr11	119091465	119099465	119097742	8000	119095465	-4000	4000	2277
chr11	95786409	95794409	95787650	8000	95790409	-4000	4000	-2759
chr11	57233250	57241250	57235831	8000	57237250	-4000	4000	-1419
chr11	124748255	124756255	124753884	8000	124752255	-4000	4000	1629
chr11	85678908	85686908	85686135	8000	85682908	-4000	4000	3227
chr11	119330527	119338527	119335683	8000	119334527	-4000	4000	1156
chr11	62788006	62796006	62794299	8000	62792006	-4000	4000	2293
chr11	67601653	67609653	67608446	8000	67605653	-4000	4000	2793
chr11	66589153	66597153	66592727	8000	66593153	-4000	4000	-426
chr11	67410968	67418968	67417546	8000	67414968	-4000	4000	2578
chr11	2895721	2903721	2903370	8000	2899721	-4000	4000	3649
chr11	13005316	13013316	13010006	8000	13009316	-4000	4000	690
chr11	67417183	67425183	67424245	8000	67421183	-4000	4000	3062
chr11	66046729	66054729	66052494	8000	66050729	-4000	4000	1765
chr11	65716818	65724818	65719087	8000	65720818	-4000	4000	-1731
chr11	66673887	66681887	66676837	8000	66677887	-4000	4000	-1050
chr11	64222254	64230254	64227203	8000	64226254	-4000	4000	949
chr11	17385331	17393331	17387234	8000	17389331	-4000	4000	-2097
chr11	18244635	18252635	18247964	8000	18248635	-4000	4000	-671
chr11	65884531	65892531	65891203	8000	65888531	-4000	4000	2672
chr11	57177747	57185747	57182014	8000	57181747	-4000	4000	267
chr11	64313559	64321559	64316922	8000	64317559	-4000	4000	-637
chr11	1834981	1842981	1841186	8000	1838981	-4000	4000	2205
chr11	65130532	65138532	65131489	8000	65134532	-4000	4000	-3043
chr11	102951732	102959732	102952108	8000	102955732	-4000	4000	-3624
chr11	65707996	65715996	65712693	8000	65711996	-4000	4000	697
chr11	78570874	78578874	78574567	8000	78574874	-4000	4000	-307
chr11	119330527	119338527	119335110	8000	119334527	-4000	4000	583
chr11	47574976	47582976	47582353	8000	47578976	-4000	4000	3377
chr11	64313559	64321559	64317114	8000	64317559	-4000	4000	-445
chr11	68035025	68043025	68036265	8000	68039025	-4000	4000	-2760
chr11	95786409	95794409	95790650	8000	95790409	-4000	4000	241
chr11	203399	211399	205996	8000	207399	-4000	4000	-1403
chr11	47244906	47252906	47248892	8000	47248906	-4000	4000	-14
chr11	83282390	83290390	83286025	8000	83286390	-4000	4000	-365
chr11	4639420	4647420	4640417	8000	4643420	-4000	4000	-3003
chr11	111536280	111544280	111543992	8000	111540280	-4000	4000	3712
chr11	285126	293126	289924	8000	289126	-4000	4000	798
chr11	64247530	64255530	64254797	8000	64251530	-4000	4000	3267
chr11	67285300	67293300	67290353	8000	67289300	-4000	4000	1053
chr11	61504749	61512749	61510640	8000	61508749	-4000	4000	1891
chr11	63981853	63989853	63988368	8000	63985853	-4000	4000	2515
chr11	65998176	66006176	65999665	8000	66002176	-4000	4000	-2511
chr11	66589153	66597153	66590658	8000	66593153	-4000	4000	-2495
chr11	95062919	95070919	95068881	8000	95066919	-4000	4000	1962
chr11	111294546	111302546	111296658	8000	111298546	-4000	4000	-1888
chr11	112070274	112078274	112074307	8000	112074274	-4000	4000	33
chr11	125899221	125907221	125900300	8000	125903221	-4000	4000	-2921
chr11	130912479	130920479	130914855	8000	130916479	-4000	4000	-1624
chr11	4604231	4612231	4605190	8000	4608231	-4000	4000	-3041
chr11	124861432	124869432	124865632	8000	124865432	-4000	4000	200
chr11	65853126	65861126	65853548	8000	65857126	-4000	4000	-3578
chr11	57331892	57339892	57333512	8000	57335892	-4000	4000	-2380
chr11	57331892	57339892	57334526	8000	57335892	-4000	4000	-1366
chr11	9134114	9142114	9139642	8000	9138114	-4000	4000	1528
chr11	64774786	64782786	64776451	8000	64778786	-4000	4000	-2335
chr11	66564879	66572879	66568001	8000	66568879	-4000	4000	-878
chr11	67410968	67418968	67418873	8000	67414968	-4000	4000	3905
chr11	105605994	105613994	105611052	8000	105609994	-4000	4000	1058
chr11	6386440	6394440	6391795	8000	6390440	-4000	4000	1355
chr11	66332840	66340840	66338672	8000	66336840	-4000	4000	1832
chr11	125899221	125907221	125905277	8000	125903221	-4000	4000	2056
chr11	62828051	62836051	62835573	8000	62832051	-4000	4000	3522
chr11	10804940	10812940	10806001	8000	10808940	-4000	4000	-2939
chr11	59709456	59717456	59713561	8000	59713456	-4000	4000	105
chr11	105097431	105105431	105100721	8000	105101431	-4000	4000	-710
chr11	76856859	76864859	76861031	8000	76860859	-4000	4000	172
chr11	111294546	111302546	111296048	8000	111298546	-4000	4000	-2498
chr11	66313044	66321044	66315158	8000	66317044	-4000	4000	-1886
chr11	65113701	65121701	65120986	8000	65117701	-4000	4000	3285
chr11	17385331	17393331	17387565	8000	17389331	-4000	4000	-1766
chr11	46697030	46705030	46701065	8000	46701030	-4000	4000	35
chr11	62618154	62626154	62620667	8000	62622154	-4000	4000	-1487
chr11	65875809	65883809	65883759	8000	65879809	-4000	4000	3950
chr11	117174736	117182736	117182725	8000	117178736	-4000	4000	3989
chr11	47173125	47181125	47179527	8000	47177125	-4000	4000	2402
chr11	61338596	61346596	61339151	8000	61342596	-4000	4000	-3445
chr11	78570874	78578874	78574567	8000	78574874	-4000	4000	-307
chr11	19346724	19354724	19350956	8000	19350724	-4000	4000	232
chr11	66506606	66514606	66514546	8000	66510606	-4000	4000	3940
chr11	66852647	66860647	66859795	8000	66856647	-4000	4000	3148
chr11	95786409	95794409	95788515	8000	95790409	-4000	4000	-1894
chr11	117174736	117182736	117181867	8000	117178736	-4000	4000	3131
chr11	62266158	62274158	62273053	8000	62270158	-4000	4000	2895
chr11	112957247	112965247	112961655	8000	112961247	-4000	4000	408
chr11	128902044	128910044	128902602	8000	128906044	-4000	4000	-3442
chr11	130444645	130452645	130449018	8000	130448645	-4000	4000	373
chr11	47574976	47582976	47577508	8000	47578976	-4000	4000	-1468
chr11	118432456	118440456	118434931	8000	118436456	-4000	4000	-1525
chr11	60902585	60910585	60903505	8000	60906585	-4000	4000	-3080
chr11	95062919	95070919	95068752	8000	95066919	-4000	4000	1833
chr11	3793724	3801724	3798089	8000	3797724	-4000	4000	365
chr11	1594294	1602294	1597655	8000	1598294	-4000	4000	-639
chr11	4639420	4647420	4640555	8000	4643420	-4000	4000	-2865
chr11	47173125	47181125	47179556	8000	47177125	-4000	4000	2431
chr11	47173125	47181125	47179557	8000	47177125	-4000	4000	2432
chr11	64242943	64250943	64245284	8000	64246943	-4000	4000	-1659
chr11	65634101	65642101	65636227	8000	65638101	-4000	4000	-1874
chr11	59208927	59216927	59212787	8000	59212927	-4000	4000	-140
chr11	102343211	102351211	102349716	8000	102347211	-4000	4000	2505
chr11	47574976	47582976	47582420	8000	47578976	-4000	4000	3444
chr11	105605994	105613994	105611018	8000	105609994	-4000	4000	1024
chr11	63667921	63675921	63671407	8000	63671921	-4000	4000	-514
chr11	4090707	4098707	4091365	8000	4094707	-4000	4000	-3342
chr11	66332840	66340840	66337719	8000	66336840	-4000	4000	879
chr11	556404	564404	563307	8000	560404	-4000	4000	2903
chr11	6608539	6616539	6615466	8000	6612539	-4000	4000	2927
chr11	8678694	8686694	8682781	8000	8682694	-4000	4000	87
chr11	124618836	124626836	124619794	8000	124622836	-4000	4000	-3042
chr11	17385331	17393331	17388037	8000	17389331	-4000	4000	-1294
chr11	65521077	65529077	65526144	8000	65525077	-4000	4000	1067
chr11	65915274	65923274	65917294	8000	65919274	-4000	4000	-1980
chr11	114396682	114404682	114399957	8000	114400682	-4000	4000	-725
chr11	6316532	6324532	6320277	8000	6320532	-4000	4000	-255
chr11	66264590	66272590	66271902	8000	66268590	-4000	4000	3312
chr11	71448868	71456868	71453264	8000	71452868	-4000	4000	396
chr11	123059230	123067230	123059897	8000	123063230	-4000	4000	-3333
chr11	125899221	125907221	125900032	8000	125903221	-4000	4000	-3189
chr11	119091465	119099465	119096799	8000	119095465	-4000	4000	1334
chr11	64799241	64807241	64807177	8000	64803241	-4000	4000	3936
chr11	285126	293126	290850	8000	289126	-4000	4000	1724
chr11	112082798	112090798	112087963	8000	112086798	-4000	4000	1165
chr11	74005085	74013085	74006173	8000	74009085	-4000	4000	-2912
chr11	126300060	126308060	126304264	8000	126304060	-4000	4000	204
chr11	47173125	47181125	47176831	8000	47177125	-4000	4000	-294
chr11	69671416	69679416	69673254	8000	69675416	-4000	4000	-2162
chr11	66343629	66351629	66346736	8000	66347629	-4000	4000	-893
chr11	6386440	6394440	6390840	8000	6390440	-4000	4000	400
chr11	62675117	62683117	62678917	8000	62679117	-4000	4000	-200
chr11	63667921	63675921	63671384	8000	63671921	-4000	4000	-537
chr11	70266690	70274690	70272285	8000	70270690	-4000	4000	1595
chr11	102776628	102784628	102776657	8000	102780628	-4000	4000	-3971
chr11	6615448	6623448	6621571	8000	6619448	-4000	4000	2123
chr11	125899221	125907221	125900154	8000	125903221	-4000	4000	-3067
chr11	67410968	67418968	67417575	8000	67414968	-4000	4000	2607
chr11	67299478	67307478	67299885	8000	67303478	-4000	4000	-3593
chr11	58574220	58582220	58578040	8000	58578220	-4000	4000	-180
chr11	66332840	66340840	66336330	8000	66336840	-4000	4000	-510
chr11	47422473	47430473	47422584	8000	47426473	-4000	4000	-3889
chr11	4090707	4098707	4095019	8000	4094707	-4000	4000	312
chr11	34047731	34055731	34052397	8000	34051731	-4000	4000	666
chr11	64807294	64815294	64808010	8000	64811294	-4000	4000	-3284
chr11	65853126	65861126	65858263	8000	65857126	-4000	4000	1137
chr11	85678908	85686908	85685546	8000	85682908	-4000	4000	2638
chr11	85678908	85686908	85685998	8000	85682908	-4000	4000	3090
chr11	119080866	119088866	119085142	8000	119084866	-4000	4000	276
chr11	88171443	88179443	88175236	8000	88175443	-4000	4000	-207
chr11	65521077	65529077	65527106	8000	65525077	-4000	4000	2029
chr11	65957728	65965728	65959196	8000	65961728	-4000	4000	-2532
chr11	105097431	105105431	105100615	8000	105101431	-4000	4000	-816
chr11	119091465	119099465	119092416	8000	119095465	-4000	4000	-3049
chr11	61946063	61954063	61951873	8000	61950063	-4000	4000	1810
chr11	36590369	36598369	36593885	8000	36594369	-4000	4000	-484
chr11	828887	836887	831568	8000	832887	-4000	4000	-1319
chr11	64313559	64321559	64318246	8000	64317559	-4000	4000	687
chr11	116784039	116792039	116784876	8000	116788039	-4000	4000	-3163
chr11	12373563	12381563	12377653	8000	12377563	-4000	4000	90
chr11	22621823	22629823	22624638	8000	22625823	-4000	4000	-1185
chr11	64799241	64807241	64805751	8000	64803241	-4000	4000	2510
chr11	63764775	63772775	63766200	8000	63768775	-4000	4000	-2575
chr11	19346724	19354724	19350771	8000	19350724	-4000	4000	47
chr11	6608539	6616539	6609770	8000	6612539	-4000	4000	-2769
chr11	3793724	3801724	3798010	8000	3797724	-4000	4000	286
chr11	62802302	62810302	62807493	8000	62806302	-4000	4000	1191
chr11	57331892	57339892	57332233	8000	57335892	-4000	4000	-3659
chr11	47574976	47582976	47577633	8000	47578976	-4000	4000	-1343
chr11	10505186	10513186	10505993	8000	10509186	-4000	4000	-3193
chr11	62783402	62791402	62786559	8000	62787402	-4000	4000	-843
chr11	18102087	18110087	18103347	8000	18106087	-4000	4000	-2740
chr11	67601653	67609653	67609576	8000	67605653	-4000	4000	3923
chr11	33770543	33778543	33774413	8000	33774543	-4000	4000	-130
chr11	10854796	10862796	10854993	8000	10858796	-4000	4000	-3803
chr11	60920460	60928460	60923169	8000	60924460	-4000	4000	-1291
chr11	60920460	60928460	60923338	8000	60924460	-4000	4000	-1122
chr11	77990671	77998671	77991227	8000	77994671	-4000	4000	-3444
chr11	118527041	118535041	118533865	8000	118531041	-4000	4000	2824
chr11	64202678	64210678	64207400	8000	64206678	-4000	4000	722
chr11	63913164	63921164	63913997	8000	63917164	-4000	4000	-3167
chr11	794281	802281	802237	8000	798281	-4000	4000	3956
chr11	126265144	126273144	126271637	8000	126269144	-4000	4000	2493
chr11	43676680	43684680	43680702	8000	43680680	-4000	4000	22
chr11	5225395	5233395	5225561	8000	5229395	-4000	4000	-3834
chr11	6470459	6478459	6476330	8000	6474459	-4000	4000	1871
chr11	65611382	65619382	65613306	8000	65615382	-4000	4000	-2076
chr11	65611382	65619382	65613399	8000	65615382	-4000	4000	-1983
chr11	73872699	73880699	73872805	8000	73876699	-4000	4000	-3894
chr11	126265144	126273144	126269409	8000	126269144	-4000	4000	265
chr11	62757565	62765565	62762943	8000	62761565	-4000	4000	1378
chr11	62757565	62765565	62762944	8000	62761565	-4000	4000	1379
chr11	95085846	95093846	95090111	8000	95089846	-4000	4000	265
chr11	828887	836887	829315	8000	832887	-4000	4000	-3572
chr11	6615448	6623448	6617694	8000	6619448	-4000	4000	-1754
chr11	67502263	67510263	67502566	8000	67506263	-4000	4000	-3697
chr11	101911010	101919010	101915316	8000	101915010	-4000	4000	306
chr11	64774786	64782786	64776482	8000	64778786	-4000	4000	-2304
chr11	47574976	47582976	47580537	8000	47578976	-4000	4000	1561
chr11	119091465	119099465	119093158	8000	119095465	-4000	4000	-2307
chr11	124111404	124119404	124118644	8000	124115404	-4000	4000	3240
chr11	10300877	10308877	10306344	8000	10304877	-4000	4000	1467
chr11	105097431	105105431	105099406	8000	105101431	-4000	4000	-2025
chr11	5592725	5600725	5596742	8000	5596725	-4000	4000	17
chr11	64741456	64749456	64746662	8000	64745456	-4000	4000	1206
chr11	66589153	66597153	66590542	8000	66593153	-4000	4000	-2611
chr11	47711389	47719389	47714284	8000	47715389	-4000	4000	-1105
chr11	62783402	62791402	62786628	8000	62787402	-4000	4000	-774
chr11	6438617	6446617	6439916	8000	6442617	-4000	4000	-2701
chr11	45914812	45922812	45916226	8000	45918812	-4000	4000	-2586
chr11	60695585	60703585	60700970	8000	60699585	-4000	4000	1385
chr11	62783402	62791402	62786317	8000	62787402	-4000	4000	-1085
chr11	62802302	62810302	62803835	8000	62806302	-4000	4000	-2467
chr11	88171443	88179443	88175377	8000	88175443	-4000	4000	-66
chr11	94489979	94497979	94496679	8000	94493979	-4000	4000	2700
chr11	102776628	102784628	102778672	8000	102780628	-4000	4000	-1956
chr11	106073459	106081459	106077803	8000	106077459	-4000	4000	344
chr11	116784039	116792039	116790796	8000	116788039	-4000	4000	2757
chr11	117174736	117182736	117181490	8000	117178736	-4000	4000	2754
chr11	119091465	119099465	119098458	8000	119095465	-4000	4000	2993
chr11	126265144	126273144	126265421	8000	126269144	-4000	4000	-3723
chr11	131366478	131374478	131370862	8000	131370478	-4000	4000	384
chr11	62642726	62650726	62648063	8000	62646726	-4000	4000	1337
chr11	285126	293126	289917	8000	289126	-4000	4000	791
chr11	68679779	68687779	68685600	8000	68683779	-4000	4000	1821
chr11	62750184	62758184	62754014	8000	62754184	-4000	4000	-170
chr11	8678694	8686694	8682689	8000	8682694	-4000	4000	-5
chr11	9456319	9464319	9461003	8000	9460319	-4000	4000	684
chr11	13005316	13013316	13010199	8000	13009316	-4000	4000	883
chr11	20383558	20391558	20388031	8000	20387558	-4000	4000	473
chr11	47210465	47218465	47215079	8000	47214465	-4000	4000	614
chr11	47244906	47252906	47248111	8000	47248906	-4000	4000	-795
chr11	64313559	64321559	64316912	8000	64317559	-4000	4000	-647
chr11	67399915	67407915	67401116	8000	67403915	-4000	4000	-2799
chr11	72810406	72818406	72814518	8000	72814406	-4000	4000	112
chr11	94489979	94497979	94496920	8000	94493979	-4000	4000	2941
chr11	133952968	133960968	133956769	8000	133956968	-4000	4000	-199
chr11	62266158	62274158	62270199	8000	62270158	-4000	4000	41
chr11	828887	836887	829209	8000	832887	-4000	4000	-3678
chr11	67579742	67587742	67586187	8000	67583742	-4000	4000	2445
chr11	62642726	62650726	62649924	8000	62646726	-4000	4000	3198
chr11	66589153	66597153	66590609	8000	66593153	-4000	4000	-2544
chr11	66589153	66597153	66592777	8000	66593153	-4000	4000	-376
chr11	45917621	45925621	45923505	8000	45921621	-4000	4000	1884
chr11	828887	836887	829410	8000	832887	-4000	4000	-3477
chr11	1594294	1602294	1598255	8000	1598294	-4000	4000	-39
chr11	33770543	33778543	33774443	8000	33774543	-4000	4000	-100
chr11	59103185	59111185	59109674	8000	59107185	-4000	4000	2489
chr11	61788802	61796802	61792520	8000	61792802	-4000	4000	-282
chr11	65716818	65724818	65719297	8000	65720818	-4000	4000	-1521
chr11	94489979	94497979	94496757	8000	94493979	-4000	4000	2778
chr11	112070274	112078274	112070336	8000	112074274	-4000	4000	-3938
chr11	47574976	47582976	47578755	8000	47578976	-4000	4000	-221
chr11	47265161	47273161	47267977	8000	47269161	-4000	4000	-1184
chr11	47422473	47430473	47426207	8000	47426473	-4000	4000	-266
chr11	118300730	118308730	118308435	8000	118304730	-4000	4000	3705
chr11	2396488	2404488	2402902	8000	2400488	-4000	4000	2414
chr11	2396488	2404488	2403236	8000	2400488	-4000	4000	2748
chr11	5592725	5600725	5596788	8000	5596725	-4000	4000	63
chr11	10300877	10308877	10306012	8000	10304877	-4000	4000	1135
chr11	47173125	47181125	47178412	8000	47177125	-4000	4000	1287
chr11	47574976	47582976	47577898	8000	47578976	-4000	4000	-1078
chr11	47638607	47646607	47642606	8000	47642607	-4000	4000	-1
chr11	57177747	57185747	57181759	8000	57181747	-4000	4000	12
chr11	62666273	62674273	62671348	8000	62670273	-4000	4000	1075
chr11	62788006	62796006	62794272	8000	62792006	-4000	4000	2266
chr11	62852004	62860004	62853346	8000	62856004	-4000	4000	-2658
chr11	65896573	65904573	65900332	8000	65900573	-4000	4000	-241
chr11	66332840	66340840	66333626	8000	66336840	-4000	4000	-3214
chr11	67299478	67307478	67304950	8000	67303478	-4000	4000	1472
chr11	68000982	68008982	68003128	8000	68004982	-4000	4000	-1854
chr11	68026617	68034617	68033286	8000	68030617	-4000	4000	2669
chr11	68747520	68755520	68750528	8000	68751520	-4000	4000	-992
chr11	94969586	94977586	94971181	8000	94973586	-4000	4000	-2405
chr11	96385956	96393956	96390646	8000	96389956	-4000	4000	690
chr11	112070274	112078274	112070654	8000	112074274	-4000	4000	-3620
chr11	128902044	128910044	128904518	8000	128906044	-4000	4000	-1526
chr11	1834981	1842981	1841559	8000	1838981	-4000	4000	2578
chr11	65853126	65861126	65855609	8000	65857126	-4000	4000	-1517
chr11	67579742	67587742	67584743	8000	67583742	-4000	4000	1001
chr11	124618836	124626836	124619816	8000	124622836	-4000	4000	-3020
chr11	2895721	2903721	2899506	8000	2899721	-4000	4000	-215
chr11	6615448	6623448	6616745	8000	6619448	-4000	4000	-2703
chr11	47210465	47218465	47215107	8000	47214465	-4000	4000	642
chr11	62597865	62605865	62604027	8000	62601865	-4000	4000	2162
chr11	63764775	63772775	63766138	8000	63768775	-4000	4000	-2637
chr11	64313559	64321559	64317092	8000	64317559	-4000	4000	-467
chr11	64755974	64763974	64759827	8000	64759974	-4000	4000	-147
chr11	66368214	66376214	66368591	8000	66372214	-4000	4000	-3623
chr11	67502263	67510263	67507403	8000	67506263	-4000	4000	1140
chr11	86951395	86959395	86954866	8000	86955395	-4000	4000	-529
chr11	112082798	112090798	112085330	8000	112086798	-4000	4000	-1468
chr11	18722230	18730230	18728914	8000	18726230	-4000	4000	2684
chr11	26990112	26998112	26994970	8000	26994112	-4000	4000	858
chr11	78570874	78578874	78574372	8000	78574874	-4000	4000	-502
chr11	102043437	102051437	102047470	8000	102047437	-4000	4000	33
chr11	126265144	126273144	126266866	8000	126269144	-4000	4000	-2278
chr11	66285145	66293145	66288233	8000	66289145	-4000	4000	-912
chr11	59208927	59216927	59211469	8000	59212927	-4000	4000	-1458
chr11	5225395	5233395	5226982	8000	5229395	-4000	4000	-2413
chr11	59709456	59717456	59712966	8000	59713456	-4000	4000	-490
chr11	47173125	47181125	47174976	8000	47177125	-4000	4000	-2149
chr11	66506606	66514606	66509118	8000	66510606	-4000	4000	-1488
chr11	47244906	47252906	47248484	8000	47248906	-4000	4000	-422
chr11	57233250	57241250	57235962	8000	57237250	-4000	4000	-1288
chr11	6386440	6394440	6390787	8000	6390440	-4000	4000	347
chr11	64181272	64189272	64186226	8000	64185272	-4000	4000	954
chr11	71994613	72002613	71995492	8000	71998613	-4000	4000	-3121
chr11	67465272	67473272	67468018	8000	67469272	-4000	4000	-1254
chr11	4389702	4397702	4390219	8000	4393702	-4000	4000	-3483
chr11	59709456	59717456	59713141	8000	59713456	-4000	4000	-315
chr11	111536280	111544280	111544080	8000	111540280	-4000	4000	3800
chr11	57233250	57241250	57236055	8000	57237250	-4000	4000	-1195
chr11	72108780	72116780	72110481	8000	72112780	-4000	4000	-2299
chr11	20665551	20673551	20669706	8000	20669551	-4000	4000	155
chr11	126265144	126273144	126269163	8000	126269144	-4000	4000	19
chr11	6615448	6623448	6619417	8000	6619448	-4000	4000	-31
chr11	20359685	20367685	20367504	8000	20363685	-4000	4000	3819
chr11	126265024	126273024	126265099	8000	126269024	-4000	4000	-3925
chr11	62828051	62836051	62835981	8000	62832051	-4000	4000	3930
chr11	74167210	74175210	74171516	8000	74171210	-4000	4000	306
chr11	27502769	27510769	27506735	8000	27506769	-4000	4000	-34
chr11	124691707	124699707	124694370	8000	124695707	-4000	4000	-1337
chr11	3793724	3801724	3797949	8000	3797724	-4000	4000	225
chr11	18390560	18398560	18396924	8000	18394560	-4000	4000	2364
chr11	94539840	94547840	94545402	8000	94543840	-4000	4000	1562
chr11	119053227	119061227	119055509	8000	119057227	-4000	4000	-1718
chr11	124618836	124626836	124625899	8000	124622836	-4000	4000	3063
chr11	57331892	57339892	57338545	8000	57335892	-4000	4000	2653
chr11	57331892	57339892	57338546	8000	57335892	-4000	4000	2654
chr11	57420059	57428059	57426448	8000	57424059	-4000	4000	2389
chr11	64230584	64238584	64237197	8000	64234584	-4000	4000	2613
chr11	64247530	64255530	64255395	8000	64251530	-4000	4000	3865
chr11	46376756	46384756	46379011	8000	46380756	-4000	4000	-1745
chr11	66852647	66860647	66860147	8000	66856647	-4000	4000	3500
chr11	61338596	61346596	61345527	8000	61342596	-4000	4000	2931
chr11	62607722	62615722	62613689	8000	62611722	-4000	4000	1967
chr11	63502052	63510052	63509871	8000	63506052	-4000	4000	3819
chr11	65858026	65866026	65864730	8000	65862026	-4000	4000	2704
chr11	126265144	126273144	126271414	8000	126269144	-4000	4000	2270
chr11	96339195	96347195	96341697	8000	96343195	-4000	4000	-1498
chr11	126265144	126273144	126266529	8000	126269144	-4000	4000	-2615
chr11	1153953	1161953	1161920	8000	1157953	-4000	4000	3967
chr11	45843118	45851118	45847694	8000	45847118	-4000	4000	576
chr11	66313044	66321044	66315301	8000	66317044	-4000	4000	-1743
chr11	19346724	19354724	19350919	8000	19350724	-4000	4000	195
chr11	66253294	66261294	66258645	8000	66257294	-4000	4000	1351
chr11	57233250	57241250	57236383	8000	57237250	-4000	4000	-867
chr11	66313044	66321044	66316258	8000	66317044	-4000	4000	-786
chr11	62607722	62615722	62610914	8000	62611722	-4000	4000	-808
chr11	67417183	67425183	67419017	8000	67421183	-4000	4000	-2166
chr11	232931	240931	233199	8000	236931	-4000	4000	-3732
chr11	6316532	6324532	6319229	8000	6320532	-4000	4000	-1303
chr11	57420059	57428059	57426097	8000	57424059	-4000	4000	2038
chr11	59103185	59111185	59109587	8000	59107185	-4000	4000	2402
chr11	102951732	102959732	102952028	8000	102955732	-4000	4000	-3704
chr11	413455	421455	418925	8000	417455	-4000	4000	1470
chr11	47173125	47181125	47176606	8000	47177125	-4000	4000	-519
chr11	65566460	65574460	65570937	8000	65570460	-4000	4000	477
chr11	66589153	66597153	66591393	8000	66593153	-4000	4000	-1760
chr11	66673887	66681887	66676822	8000	66677887	-4000	4000	-1065
chr11	822144	830144	823557	8000	826144	-4000	4000	-2587
chr11	43676680	43684680	43680811	8000	43680680	-4000	4000	131
chr11	65998176	66006176	66003368	8000	66002176	-4000	4000	1192
chr11	36590369	36598369	36593736	8000	36594369	-4000	4000	-633
chr11	8678694	8686694	8682756	8000	8682694	-4000	4000	62
chr11	62750184	62758184	62752017	8000	62754184	-4000	4000	-2167
chr11	66343629	66351629	66346601	8000	66347629	-4000	4000	-1028
chr11	2396488	2404488	2397016	8000	2400488	-4000	4000	-3472
chr11	105097431	105105431	105100773	8000	105101431	-4000	4000	-658
chr11	17472894	17480894	17474921	8000	17476894	-4000	4000	-1973
chr11	67424460	67432460	67429165	8000	67428460	-4000	4000	705
chr11	285126	293126	285169	8000	289126	-4000	4000	-3957
chr11	6679340	6687340	6682178	8000	6683340	-4000	4000	-1162
chr11	64313559	64321559	64319767	8000	64317559	-4000	4000	2208
chr11	31505645	31513645	31509751	8000	31509645	-4000	4000	106
chr11	66506606	66514606	66509145	8000	66510606	-4000	4000	-1461
chr11	65707996	65715996	65714562	8000	65711996	-4000	4000	2566
chr11	4389702	4397702	4389734	8000	4393702	-4000	4000	-3968
chr11	62608775	62616775	62615781	8000	62612775	-4000	4000	3006
chr11	57331892	57339892	57332396	8000	57335892	-4000	4000	-3496
chr11	62642726	62650726	62647027	8000	62646726	-4000	4000	301
chr11	124111404	124119404	124117459	8000	124115404	-4000	4000	2055
chr11	822144	830144	828752	8000	826144	-4000	4000	2608
chr11	73304276	73312276	73311225	8000	73308276	-4000	4000	2949
chr11	611983	619983	619427	8000	615983	-4000	4000	3444
chr11	64755974	64763974	64758435	8000	64759974	-4000	4000	-1539
chr11	62802302	62810302	62805386	8000	62806302	-4000	4000	-916
chr11	6599616	6607616	6604177	8000	6603616	-4000	4000	561
chr11	63913164	63921164	63915576	8000	63917164	-4000	4000	-1588
chr11	96339195	96347195	96341555	8000	96343195	-4000	4000	-1640
chr11	47574976	47582976	47577583	8000	47578976	-4000	4000	-1393
chr11	533321	541321	533450	8000	537321	-4000	4000	-3871
chr11	4639420	4647420	4640574	8000	4643420	-4000	4000	-2846
chr11	5592725	5600725	5596869	8000	5596725	-4000	4000	144
chr11	6608539	6616539	6610165	8000	6612539	-4000	4000	-2374
chr11	7509298	7517298	7509830	8000	7513298	-4000	4000	-3468
chr11	9569670	9577670	9577247	8000	9573670	-4000	4000	3577
chr11	13005316	13013316	13010646	8000	13009316	-4000	4000	1330
chr11	17385331	17393331	17387004	8000	17389331	-4000	4000	-2327
chr11	31365840	31373840	31370787	8000	31369840	-4000	4000	947
chr11	45914812	45922812	45917831	8000	45918812	-4000	4000	-981
chr11	57320952	57328952	57321798	8000	57324952	-4000	4000	-3154
chr11	59862489	59870489	59866468	8000	59866489	-4000	4000	-21
chr11	60920460	60928460	60927321	8000	60924460	-4000	4000	2861
chr11	61338596	61346596	61345901	8000	61342596	-4000	4000	3305
chr11	62607722	62615722	62608539	8000	62611722	-4000	4000	-3183
chr11	62607722	62615722	62610883	8000	62611722	-4000	4000	-839
chr11	62607722	62615722	62613555	8000	62611722	-4000	4000	1833
chr11	62828051	62836051	62834482	8000	62832051	-4000	4000	2431
chr11	63913164	63921164	63914488	8000	63917164	-4000	4000	-2676
chr11	64202678	64210678	64204236	8000	64206678	-4000	4000	-2442
chr11	64266062	64274062	64271640	8000	64270062	-4000	4000	1578
chr11	64741456	64749456	64746700	8000	64745456	-4000	4000	1244
chr11	64799241	64807241	64804261	8000	64803241	-4000	4000	1020
chr11	64799241	64807241	64804365	8000	64803241	-4000	4000	1124
chr11	64807294	64815294	64809786	8000	64811294	-4000	4000	-1508
chr11	64807294	64815294	64809787	8000	64811294	-4000	4000	-1507
chr11	64913553	64921553	64913876	8000	64917553	-4000	4000	-3677
chr11	65113701	65121701	65120848	8000	65117701	-4000	4000	3147
chr11	65118183	65126183	65122143	8000	65122183	-4000	4000	-40
chr11	65166154	65174154	65171355	8000	65170154	-4000	4000	1201
chr11	65611382	65619382	65616980	8000	65615382	-4000	4000	1598
chr11	65611382	65619382	65617286	8000	65615382	-4000	4000	1904
chr11	65716818	65724818	65719270	8000	65720818	-4000	4000	-1548
chr11	65886673	65894673	65894032	8000	65890673	-4000	4000	3359
chr11	65957728	65965728	65964061	8000	65961728	-4000	4000	2333
chr11	66264590	66272590	66265678	8000	66268590	-4000	4000	-2912
chr11	66264590	66272590	66266772	8000	66268590	-4000	4000	-1818
chr11	66313044	66321044	66315158	8000	66317044	-4000	4000	-1886
chr11	66368214	66376214	66368601	8000	66372214	-4000	4000	-3613
chr11	66564879	66572879	66567631	8000	66568879	-4000	4000	-1248
chr11	66589153	66597153	66592365	8000	66593153	-4000	4000	-788
chr11	66852647	66860647	66858311	8000	66856647	-4000	4000	1664
chr11	66852647	66860647	66860272	8000	66856647	-4000	4000	3625
chr11	68747520	68755520	68754928	8000	68751520	-4000	4000	3408
chr11	69290151	69298151	69295303	8000	69294151	-4000	4000	1152
chr11	69290151	69298151	69295940	8000	69294151	-4000	4000	1789
chr11	70266690	70274690	70272308	8000	70270690	-4000	4000	1618
chr11	90219077	90227077	90222906	8000	90223077	-4000	4000	-171
chr11	96385956	96393956	96392095	8000	96389956	-4000	4000	2139
chr11	102343211	102351211	102350855	8000	102347211	-4000	4000	3644
chr11	102794160	102802160	102797320	8000	102798160	-4000	4000	-840
chr11	111923144	111931144	111925650	8000	111927144	-4000	4000	-1494
chr11	119063818	119071818	119069335	8000	119067818	-4000	4000	1517
chr11	119063818	119071818	119071666	8000	119067818	-4000	4000	3848
chr11	123059230	123067230	123061254	8000	123063230	-4000	4000	-1976
chr11	125621163	125629163	125626790	8000	125625163	-4000	4000	1627
chr11	125899221	125907221	125900351	8000	125903221	-4000	4000	-2870
chr11	6615448	6623448	6622066	8000	6619448	-4000	4000	2618
chr11	71994613	72002613	72001325	8000	71998613	-4000	4000	2712
chr11	122878683	122886683	122886072	8000	122882683	-4000	4000	3389
chr11	533321	541321	533787	8000	537321	-4000	4000	-3534
chr11	65716818	65724818	65718424	8000	65720818	-4000	4000	-2394
chr11	66341125	66349125	66341215	8000	66345125	-4000	4000	-3910
chr11	66343629	66351629	66347075	8000	66347629	-4000	4000	-554
chr11	77990671	77998671	77994592	8000	77994671	-4000	4000	-79
chr11	62750184	62758184	62752803	8000	62754184	-4000	4000	-1381
chr11	66506606	66514606	66510647	8000	66510606	-4000	4000	41
chr11	117982370	117990370	117989542	8000	117986370	-4000	4000	3172
chr11	65858026	65866026	65864986	8000	65862026	-4000	4000	2960
chr11	119342705	119350705	119344659	8000	119346705	-4000	4000	-2046
chr11	122834500	122842500	122838557	8000	122838500	-4000	4000	57
chr11	61788802	61796802	61796149	8000	61792802	-4000	4000	3347
chr11	102794160	102802160	102796696	8000	102798160	-4000	4000	-1464
chr11	66589153	66597153	66591573	8000	66593153	-4000	4000	-1580
chr11	94539840	94547840	94545279	8000	94543840	-4000	4000	1439
chr11	47210465	47218465	47216397	8000	47214465	-4000	4000	1932
chr11	62666273	62674273	62667762	8000	62670273	-4000	4000	-2511
chr11	64313559	64321559	64314910	8000	64317559	-4000	4000	-2649
chr11	59208927	59216927	59210704	8000	59212927	-4000	4000	-2223
chr11	6608539	6616539	6615315	8000	6612539	-4000	4000	2776
chr11	7509298	7517298	7509974	8000	7513298	-4000	4000	-3324
chr11	34354010	34362010	34356764	8000	34358010	-4000	4000	-1246
chr11	47574976	47582976	47577901	8000	47578976	-4000	4000	-1075
chr11	47574976	47582976	47580879	8000	47578976	-4000	4000	1903
chr11	59208927	59216927	59211802	8000	59212927	-4000	4000	-1125
chr11	61338596	61346596	61344239	8000	61342596	-4000	4000	1643
chr11	62597865	62605865	62603216	8000	62601865	-4000	4000	1351
chr11	62750184	62758184	62752349	8000	62754184	-4000	4000	-1835
chr11	62750184	62758184	62754048	8000	62754184	-4000	4000	-136
chr11	63502052	63510052	63508973	8000	63506052	-4000	4000	2921
chr11	65884531	65892531	65887698	8000	65888531	-4000	4000	-833
chr11	66852647	66860647	66853374	8000	66856647	-4000	4000	-3273
chr11	74945261	74953261	74949379	8000	74949261	-4000	4000	118
chr11	95062919	95070919	95067789	8000	95066919	-4000	4000	870
chr11	96385956	96393956	96390642	8000	96389956	-4000	4000	686
chr11	102343211	102351211	102350232	8000	102347211	-4000	4000	3021
chr11	104160379	104168379	104163860	8000	104164379	-4000	4000	-519
chr11	111875425	111883425	111876640	8000	111879425	-4000	4000	-2785
chr11	116784039	116792039	116790147	8000	116788039	-4000	4000	2108
chr11	119026906	119034906	119028251	8000	119030906	-4000	4000	-2655
chr11	119053227	119061227	119055234	8000	119057227	-4000	4000	-1993
chr11	794281	802281	800427	8000	798281	-4000	4000	2146
chr11	5592725	5600725	5596847	8000	5596725	-4000	4000	122
chr11	47173125	47181125	47175102	8000	47177125	-4000	4000	-2023
chr11	62666273	62674273	62669930	8000	62670273	-4000	4000	-343
chr11	111908736	111916736	111910408	8000	111912736	-4000	4000	-2328
chr11	122878683	122886683	122885852	8000	122882683	-4000	4000	3169
chr11	556404	564404	563350	8000	560404	-4000	4000	2946
chr11	64222254	64230254	64227639	8000	64226254	-4000	4000	1385
chr11	18244635	18252635	18247933	8000	18248635	-4000	4000	-702
chr11	18262260	18270260	18266966	8000	18266260	-4000	4000	706
chr11	119014691	119022691	119020162	8000	119018691	-4000	4000	1471
chr11	119342705	119350705	119345903	8000	119346705	-4000	4000	-802
chr11	62642726	62650726	62648688	8000	62646726	-4000	4000	1962
chr11	3793724	3801724	3797920	8000	3797724	-4000	4000	196
chr11	62661178	62669178	62665452	8000	62665178	-4000	4000	274
chr11	285126	293126	289954	8000	289126	-4000	4000	828
chr11	64336204	64344204	64343299	8000	64340204	-4000	4000	3095
chr11	65521077	65529077	65526255	8000	65525077	-4000	4000	1178
chr11	9134114	9142114	9138975	8000	9138114	-4000	4000	861
chr11	45917621	45925621	45924229	8000	45921621	-4000	4000	2608
chr11	26990112	26998112	26994794	8000	26994112	-4000	4000	682
chr11	65118183	65126183	65125967	8000	65122183	-4000	4000	3784
chr11	65869592	65877592	65870582	8000	65873592	-4000	4000	-3010
chr11	117813525	117821525	117820563	8000	117817525	-4000	4000	3038
chr11	65113701	65121701	65115907	8000	65117701	-4000	4000	-1794
chr11	62607722	62615722	62613590	8000	62611722	-4000	4000	1868
chr11	77990671	77998671	77991156	8000	77994671	-4000	4000	-3515
chr11	67399915	67407915	67405656	8000	67403915	-4000	4000	1741
chr11	119053227	119061227	119055204	8000	119057227	-4000	4000	-2023
chr11	67285300	67293300	67291703	8000	67289300	-4000	4000	2403
chr11	111874935	111882935	111875246	8000	111878935	-4000	4000	-3689
chr11	118300730	118308730	118304926	8000	118304730	-4000	4000	196
chr11	47638607	47646607	47638805	8000	47642607	-4000	4000	-3802
chr11	69771341	69779341	69773345	8000	69775341	-4000	4000	-1996
chr11	6493260	6501260	6498299	8000	6497260	-4000	4000	1039
chr11	9569670	9577670	9576605	8000	9573670	-4000	4000	2935
chr11	4389702	4397702	4390098	8000	4393702	-4000	4000	-3604
chr11	65858026	65866026	65864790	8000	65862026	-4000	4000	2764
chr11	6608539	6616539	6609077	8000	6612539	-4000	4000	-3462
chr11	26990112	26998112	26994820	8000	26994112	-4000	4000	708
chr11	59709456	59717456	59713351	8000	59713456	-4000	4000	-105
chr11	85678908	85686908	85685067	8000	85682908	-4000	4000	2159
chr11	2895721	2903721	2903262	8000	2899721	-4000	4000	3541
chr11	16735591	16743591	16738753	8000	16739591	-4000	4000	-838
chr11	57233250	57241250	57236763	8000	57237250	-4000	4000	-487
chr11	62642726	62650726	62648995	8000	62646726	-4000	4000	2269
chr11	62666273	62674273	62670027	8000	62670273	-4000	4000	-246
chr11	65085375	65093375	65087351	8000	65089375	-4000	4000	-2024
chr11	65113701	65121701	65121199	8000	65117701	-4000	4000	3498
chr11	65130532	65138532	65131589	8000	65134532	-4000	4000	-2943
chr11	65659090	65667090	65659729	8000	65663090	-4000	4000	-3361
chr11	67417183	67425183	67424039	8000	67421183	-4000	4000	2856
chr11	67635763	67643763	67642756	8000	67639763	-4000	4000	2993
chr11	76440923	76448923	76446996	8000	76444923	-4000	4000	2073
chr11	102839609	102847609	102842216	8000	102843609	-4000	4000	-1393
chr11	118260536	118268536	118262625	8000	118264536	-4000	4000	-1911
chr11	124618836	124626836	124619420	8000	124622836	-4000	4000	-3416
chr11	65707996	65715996	65712102	8000	65711996	-4000	4000	106
chr11	86951395	86959395	86951424	8000	86955395	-4000	4000	-3971
chr11	6477479	6485479	6478902	8000	6481479	-4000	4000	-2577
chr11	64242943	64250943	64244763	8000	64246943	-4000	4000	-2180
chr11	123059230	123067230	123061117	8000	123063230	-4000	4000	-2113
chr11	62666273	62674273	62667756	8000	62670273	-4000	4000	-2517
chr11	27718058	27726058	27720454	8000	27722058	-4000	4000	-1604
chr11	57331892	57339892	57334539	8000	57335892	-4000	4000	-1353
chr11	64242943	64250943	64243249	8000	64246943	-4000	4000	-3694
chr11	66589153	66597153	66591330	8000	66593153	-4000	4000	-1823
chr11	10505186	10513186	10506556	8000	10509186	-4000	4000	-2630
chr11	106073459	106081459	106077804	8000	106077459	-4000	4000	345
chr11	119080866	119088866	119088262	8000	119084866	-4000	4000	3396
chr11	65875809	65883809	65881460	8000	65879809	-4000	4000	1651
chr11	62238239	62246239	62242349	8000	62242239	-4000	4000	110
chr11	64222254	64230254	64223484	8000	64226254	-4000	4000	-2770
chr11	64807294	64815294	64809723	8000	64811294	-4000	4000	-1571
chr11	119091465	119099465	119095272	8000	119095465	-4000	4000	-193
chr11	66313044	66321044	66314996	8000	66317044	-4000	4000	-2048
chr11	119091465	119099465	119097056	8000	119095465	-4000	4000	1591
chr11	62597865	62605865	62598592	8000	62601865	-4000	4000	-3273
chr11	119014691	119022691	119015874	8000	119018691	-4000	4000	-2817
chr11	65884531	65892531	65888358	8000	65888531	-4000	4000	-173
chr11	119053227	119061227	119055838	8000	119057227	-4000	4000	-1389
chr11	46376756	46384756	46382098	8000	46380756	-4000	4000	1342
chr11	10747246	10755246	10752711	8000	10751246	-4000	4000	1465
chr11	65166154	65174154	65171461	8000	65170154	-4000	4000	1307
chr11	67399915	67407915	67404337	8000	67403915	-4000	4000	422
chr11	64222254	64230254	64229876	8000	64226254	-4000	4000	3622
chr11	66285145	66293145	66287638	8000	66289145	-4000	4000	-1507
chr11	6615448	6623448	6617301	8000	6619448	-4000	4000	-2147
chr11	9569670	9577670	9576020	8000	9573670	-4000	4000	2350
chr11	19346724	19354724	19350923	8000	19350724	-4000	4000	199
chr11	61338596	61346596	61344168	8000	61342596	-4000	4000	1572
chr11	62750184	62758184	62753358	8000	62754184	-4000	4000	-826
chr11	94017354	94025354	94021527	8000	94021354	-4000	4000	173
chr11	57331892	57339892	57332389	8000	57335892	-4000	4000	-3503
chr11	62666273	62674273	62669895	8000	62670273	-4000	4000	-378
chr11	47210465	47218465	47216044	8000	47214465	-4000	4000	1579
chr11	75665038	75673038	75668378	8000	75669038	-4000	4000	-660
chr11	86951395	86959395	86952420	8000	86955395	-4000	4000	-2975
chr11	58574220	58582220	58575999	8000	58578220	-4000	4000	-2221
chr11	62852004	62860004	62855562	8000	62856004	-4000	4000	-442
chr11	68026617	68034617	68027772	8000	68030617	-4000	4000	-2845
chr11	76856859	76864859	76861057	8000	76860859	-4000	4000	198
chr11	119091465	119099465	119097285	8000	119095465	-4000	4000	1820
chr11	62788006	62796006	62791722	8000	62792006	-4000	4000	-284
chr11	102776628	102784628	102779568	8000	102780628	-4000	4000	-1060
chr11	62204673	62212673	62210416	8000	62208673	-4000	4000	1743
chr11	47173125	47181125	47179220	8000	47177125	-4000	4000	2095
chr11	6477479	6485479	6481491	8000	6481479	-4000	4000	12
chr11	96385956	96393956	96393231	8000	96389956	-4000	4000	3275
chr11	16735591	16743591	16738725	8000	16739591	-4000	4000	-866
chr11	6470459	6478459	6478136	8000	6474459	-4000	4000	3677
chr11	47574976	47582976	47577636	8000	47578976	-4000	4000	-1340
chr11	58574220	58582220	58578020	8000	58578220	-4000	4000	-200
chr11	62788006	62796006	62794941	8000	62792006	-4000	4000	2935
chr11	125588568	125596568	125595904	8000	125592568	-4000	4000	3336
chr11	59208927	59216927	59211180	8000	59212927	-4000	4000	-1747
chr11	126265144	126273144	126266794	8000	126269144	-4000	4000	-2350
chr11	126265144	126273144	126267695	8000	126269144	-4000	4000	-1449
chr11	126265144	126273144	126268029	8000	126269144	-4000	4000	-1115
chr11	69290151	69298151	69295904	8000	69294151	-4000	4000	1753
chr11	66046729	66054729	66052402	8000	66050729	-4000	4000	1673
chr11	46697030	46705030	46704611	8000	46701030	-4000	4000	3581
chr11	112082798	112090798	112086714	8000	112086798	-4000	4000	-84
chr11	86668636	86676636	86671824	8000	86672636	-4000	4000	-812
chr11	62675117	62683117	62677652	8000	62679117	-4000	4000	-1465
chr11	71994613	72002613	71999797	8000	71998613	-4000	4000	1184
chr11	111536280	111544280	111544033	8000	111540280	-4000	4000	3753
chr11	47844555	47852555	47848229	8000	47848555	-4000	4000	-326
chr11	65085375	65093375	65086770	8000	65089375	-4000	4000	-2605
chr11	65085375	65093375	65087060	8000	65089375	-4000	4000	-2315
chr11	102839609	102847609	102842175	8000	102843609	-4000	4000	-1434
chr11	533321	541321	534286	8000	537321	-4000	4000	-3035
chr11	3850527	3858527	3856234	8000	3854527	-4000	4000	1707
chr11	58574220	58582220	58579566	8000	58578220	-4000	4000	1346
chr11	62597865	62605865	62598076	8000	62601865	-4000	4000	-3789
chr11	203399	211399	209670	8000	207399	-4000	4000	2271
chr11	57320952	57328952	57321922	8000	57324952	-4000	4000	-3030
chr11	62837809	62845809	62839464	8000	62841809	-4000	4000	-2345
chr11	66274175	66282175	66276134	8000	66278175	-4000	4000	-2041
chr11	6608539	6616539	6614903	8000	6612539	-4000	4000	2364
chr11	108661058	108669058	108665197	8000	108665058	-4000	4000	139
chr11	67410968	67418968	67417518	8000	67414968	-4000	4000	2550
chr11	57320952	57328952	57326436	8000	57324952	-4000	4000	1484
chr11	7509298	7517298	7510345	8000	7513298	-4000	4000	-2953
chr11	45091806	45099806	45095785	8000	45095806	-4000	4000	-21
chr11	47422473	47430473	47425939	8000	47426473	-4000	4000	-534
chr11	62204673	62212673	62208761	8000	62208673	-4000	4000	88
chr11	64242943	64250943	64243201	8000	64246943	-4000	4000	-3742
chr11	6477479	6485479	6479181	8000	6481479	-4000	4000	-2298
chr11	124894500	124902500	124895621	8000	124898500	-4000	4000	-2879
chr11	78059861	78067861	78063908	8000	78063861	-4000	4000	47
chr11	838529	846529	840306	8000	842529	-4000	4000	-2223
chr11	57331892	57339892	57332151	8000	57335892	-4000	4000	-3741
chr11	62783402	62791402	62790632	8000	62787402	-4000	4000	3230
chr11	64202678	64210678	64203208	8000	64206678	-4000	4000	-3470
chr11	66313044	66321044	66314759	8000	66317044	-4000	4000	-2285
chr11	67625937	67633937	67628258	8000	67629937	-4000	4000	-1679
chr11	6599616	6607616	6600182	8000	6603616	-4000	4000	-3434
chr11	35614460	35622460	35619828	8000	35618460	-4000	4000	1368
chr11	57233250	57241250	57236636	8000	57237250	-4000	4000	-614
chr11	63913164	63921164	63914320	8000	63917164	-4000	4000	-2844
chr11	111294546	111302546	111297543	8000	111298546	-4000	4000	-1003
chr11	112070274	112078274	112074905	8000	112074274	-4000	4000	631
chr11	119091465	119099465	119093946	8000	119095465	-4000	4000	-1519
chr11	123059230	123067230	123061153	8000	123063230	-4000	4000	-2077
chr11	62597865	62605865	62604189	8000	62601865	-4000	4000	2324
chr11	119080866	119088866	119088843	8000	119084866	-4000	4000	3977
chr11	57526803	57534803	57528645	8000	57530803	-4000	4000	-2158
chr11	102343211	102351211	102350277	8000	102347211	-4000	4000	3066
chr12	57689955	57697955	57694235	8000	57693955	-4000	4000	280
chr12	52469805	52477805	52473700	8000	52473805	-4000	4000	-105
chr12	122712811	122720811	122716431	8000	122716811	-4000	4000	-380
chr12	6447690	6455690	6452356	8000	6451690	-4000	4000	666
chr12	57600622	57608622	57600907	8000	57604622	-4000	4000	-3715
chr12	57600622	57608622	57601676	8000	57604622	-4000	4000	-2946
chr12	57543224	57551224	57550377	8000	57547224	-4000	4000	3153
chr12	34018468	34026468	34022680	8000	34022468	-4000	4000	212
chr12	52448146	52456146	52451987	8000	52452146	-4000	4000	-159
chr12	54276133	54284133	54283121	8000	54280133	-4000	4000	2988
chr12	120190715	120198715	120196821	8000	120194715	-4000	4000	2106
chr12	2873174	2881174	2874118	8000	2877174	-4000	4000	-3056
chr12	6835954	6843954	6839602	8000	6839954	-4000	4000	-352
chr12	57484814	57492814	57488080	8000	57488814	-4000	4000	-734
chr12	71670204	71678204	71676967	8000	71674204	-4000	4000	2763
chr12	122712811	122720811	122716655	8000	122716811	-4000	4000	-156
chr12	53093436	53101436	53100845	8000	53097436	-4000	4000	3409
chr12	52676407	52684407	52678549	8000	52680407	-4000	4000	-1858
chr12	70633440	70641440	70635853	8000	70637440	-4000	4000	-1587
chr12	6824407	6832407	6824716	8000	6828407	-4000	4000	-3691
chr12	38312762	38320762	38320305	8000	38316762	-4000	4000	3543
chr12	56312059	56320059	56317581	8000	56316059	-4000	4000	1522
chr12	56003659	56011659	56003837	8000	56007659	-4000	4000	-3822
chr12	123667110	123675110	123673612	8000	123671110	-4000	4000	2502
chr12	56356167	56364167	56362022	8000	56360167	-4000	4000	1855
chr12	56356167	56364167	56362761	8000	56360167	-4000	4000	2594
chr12	57778761	57786761	57780736	8000	57782761	-4000	4000	-2025
chr12	94999748	95007748	95003700	8000	95003748	-4000	4000	-48
chr12	119985236	119993236	119990196	8000	119989236	-4000	4000	960
chr12	6643433	6651433	6644160	8000	6647433	-4000	4000	-3273
chr12	56100537	56108537	56102184	8000	56104537	-4000	4000	-2353
chr12	89348501	89356501	89351967	8000	89352501	-4000	4000	-534
chr12	108558582	108566582	108560919	8000	108562582	-4000	4000	-1663
chr12	49184736	49192736	49185745	8000	49188736	-4000	4000	-2991
chr12	6835954	6843954	6843022	8000	6839954	-4000	4000	3068
chr12	50081200	50089200	50086810	8000	50085200	-4000	4000	1610
chr12	6966780	6974780	6970885	8000	6970780	-4000	4000	105
chr12	27968733	27976733	27970173	8000	27972733	-4000	4000	-2560
chr12	89522047	89530047	89524623	8000	89526047	-4000	4000	-1424
chr12	124985131	124993131	124986242	8000	124989131	-4000	4000	-2889
chr12	56003659	56011659	56005004	8000	56007659	-4000	4000	-2655
chr12	100195122	100203122	100201060	8000	100199122	-4000	4000	1938
chr12	89348501	89356501	89349395	8000	89352501	-4000	4000	-3106
chr12	123580533	123588533	123584778	8000	123584533	-4000	4000	245
chr12	76344415	76352415	76348374	8000	76348415	-4000	4000	-41
chr12	57778761	57786761	57783202	8000	57782761	-4000	4000	441
chr12	122726844	122734844	122729773	8000	122730844	-4000	4000	-1071
chr12	49319236	49327236	49323957	8000	49323236	-4000	4000	721
chr12	53376176	53384176	53382261	8000	53380176	-4000	4000	2085
chr12	52489257	52497257	52493145	8000	52493257	-4000	4000	-112
chr12	27010434	27018434	27014283	8000	27014434	-4000	4000	-151
chr12	120298316	120306316	120303766	8000	120302316	-4000	4000	1450
chr12	53376176	53384176	53382280	8000	53380176	-4000	4000	2104
chr12	7014477	7022477	7018425	8000	7018477	-4000	4000	-52
chr12	57002546	57010546	57004437	8000	57006546	-4000	4000	-2109
chr12	56356167	56364167	56361737	8000	56360167	-4000	4000	1570
chr12	121800009	121808009	121804811	8000	121804009	-4000	4000	802
chr12	6447690	6455690	6450808	8000	6451690	-4000	4000	-882
chr12	132140457	132148457	132141849	8000	132144457	-4000	4000	-2608
chr12	114680175	114688175	114680977	8000	114684175	-4000	4000	-3198
chr12	7184685	7192685	7190455	8000	7188685	-4000	4000	1770
chr12	52516530	52524530	52519110	8000	52520530	-4000	4000	-1420
chr12	71670204	71678204	71674246	8000	71674204	-4000	4000	42
chr12	56632816	56640816	56638295	8000	56636816	-4000	4000	1479
chr12	66298493	66306493	66304737	8000	66302493	-4000	4000	2244
chr12	69581426	69589426	69586805	8000	69585426	-4000	4000	1379
chr12	70362290	70370290	70366821	8000	70366290	-4000	4000	531
chr12	120706458	120714458	120713302	8000	120710458	-4000	4000	2844
chr12	6195715	6203715	6200497	8000	6199715	-4000	4000	782
chr12	6447690	6455690	6453146	8000	6451690	-4000	4000	1456
chr12	49900217	49908217	49903955	8000	49904217	-4000	4000	-262
chr12	51043962	51051962	51049087	8000	51047962	-4000	4000	1125
chr12	52945954	52953954	52950742	8000	52949954	-4000	4000	788
chr12	55823546	55831546	55827536	8000	55827546	-4000	4000	-10
chr12	57484814	57492814	57489527	8000	57488814	-4000	4000	713
chr12	70633440	70641440	70635710	8000	70637440	-4000	4000	-1730
chr12	116734070	116742070	116740384	8000	116738070	-4000	4000	2314
chr12	57236715	57244715	57237064	8000	57240715	-4000	4000	-3651
chr12	69581426	69589426	69587556	8000	69585426	-4000	4000	2130
chr12	92141846	92149846	92144277	8000	92145846	-4000	4000	-1569
chr12	57738157	57746157	57745220	8000	57742157	-4000	4000	3063
chr12	122699357	122707357	122702198	8000	122703357	-4000	4000	-1159
chr12	57225573	57233573	57225741	8000	57229573	-4000	4000	-3832
chr12	122497073	122505073	122500732	8000	122501073	-4000	4000	-341
chr12	6938978	6946978	6941424	8000	6942978	-4000	4000	-1554
chr12	26117991	26125991	26122962	8000	26121991	-4000	4000	971
chr12	52676407	52684407	52680070	8000	52680407	-4000	4000	-337
chr12	55962781	55970781	55966985	8000	55966781	-4000	4000	204
chr12	57600622	57608622	57607071	8000	57604622	-4000	4000	2449
chr12	122699357	122707357	122702527	8000	122703357	-4000	4000	-830
chr12	122712811	122720811	122716828	8000	122716811	-4000	4000	17
chr12	124913368	124921368	124913484	8000	124917368	-4000	4000	-3884
chr12	52448146	52456146	52449579	8000	52452146	-4000	4000	-2567
chr12	6552073	6560073	6557101	8000	6556073	-4000	4000	1028
chr12	14767131	14775131	14770971	8000	14771131	-4000	4000	-160
chr12	100263140	100271140	100266975	8000	100267140	-4000	4000	-165
chr12	91107494	91115494	91108276	8000	91111494	-4000	4000	-3218
chr12	1590581	1598581	1593719	8000	1594581	-4000	4000	-862
chr12	56445426	56453426	56451166	8000	56449426	-4000	4000	1740
chr12	91054024	91062024	91055820	8000	91058024	-4000	4000	-2204
chr12	100263140	100271140	100266952	8000	100267140	-4000	4000	-188
chr12	121396083	121404083	121400206	8000	121400083	-4000	4000	123
chr12	130158459	130166459	130164145	8000	130162459	-4000	4000	1686
chr12	1590581	1598581	1593207	8000	1594581	-4000	4000	-1374
chr12	14770405	14778405	14775769	8000	14774405	-4000	4000	1364
chr12	79931460	79939460	79935175	8000	79935460	-4000	4000	-285
chr12	6966780	6974780	6967174	8000	6970780	-4000	4000	-3606
chr12	53496921	53504921	53502159	8000	53500921	-4000	4000	1238
chr12	55712404	55720404	55719749	8000	55716404	-4000	4000	3345
chr12	102193833	102201833	102196391	8000	102197833	-4000	4000	-1442
chr12	47075603	47083603	47077574	8000	47079603	-4000	4000	-2029
chr12	53376176	53384176	53381700	8000	53380176	-4000	4000	1524
chr12	52489257	52497257	52490065	8000	52493257	-4000	4000	-3192
chr12	102477744	102485744	102478645	8000	102481744	-4000	4000	-3099
chr12	6631960	6639960	6638965	8000	6635960	-4000	4000	3005
chr12	7184685	7192685	7190452	8000	7188685	-4000	4000	1767
chr12	31788298	31796298	31792022	8000	31792298	-4000	4000	-276
chr12	34018468	34026468	34024033	8000	34022468	-4000	4000	1565
chr12	43802328	43810328	43802438	8000	43806328	-4000	4000	-3890
chr12	52945954	52953954	52951734	8000	52949954	-4000	4000	1780
chr12	56112590	56120590	56117479	8000	56116590	-4000	4000	889
chr12	56148256	56156256	56154070	8000	56152256	-4000	4000	1814
chr12	56218015	56226015	56225643	8000	56222015	-4000	4000	3628
chr12	104060183	104068183	104064687	8000	104064183	-4000	4000	504
chr12	130158459	130166459	130164212	8000	130162459	-4000	4000	1753
chr12	49127397	49135397	49131374	8000	49131397	-4000	4000	-23
chr12	57225573	57233573	57232800	8000	57229573	-4000	4000	3227
chr12	120190715	120198715	120197330	8000	120194715	-4000	4000	2615
chr12	120442384	120450384	120444603	8000	120446384	-4000	4000	-1781
chr12	91107494	91115494	91108262	8000	91111494	-4000	4000	-3232
chr12	57516710	57524710	57519241	8000	57520710	-4000	4000	-1469
chr12	53320864	53328864	53328237	8000	53324864	-4000	4000	3373
chr12	56112590	56120590	56117508	8000	56116590	-4000	4000	918
chr12	57455785	57463785	57456634	8000	57459785	-4000	4000	-3151
chr12	120190715	120198715	120196905	8000	120194715	-4000	4000	2190
chr12	6195715	6203715	6200507	8000	6199715	-4000	4000	792
chr12	14839526	14847526	14843146	8000	14843526	-4000	4000	-380
chr12	56632816	56640816	56636305	8000	56636816	-4000	4000	-511
chr12	57225573	57233573	57232785	8000	57229573	-4000	4000	3212
chr12	100263140	100271140	100263825	8000	100267140	-4000	4000	-3315
chr12	79931460	79939460	79935002	8000	79935460	-4000	4000	-458
chr12	74533835	74541835	74539263	8000	74537835	-4000	4000	1428
chr12	110498111	110506111	110502052	8000	110502111	-4000	4000	-59
chr12	98641113	98649113	98644526	8000	98645113	-4000	4000	-587
chr12	11645674	11653674	11650113	8000	11649674	-4000	4000	439
chr12	6938978	6946978	6941471	8000	6942978	-4000	4000	-1507
chr12	120197235	120205235	120199132	8000	120201235	-4000	4000	-2103
chr12	42234349	42242349	42235800	8000	42238349	-4000	4000	-2549
chr12	57764986	57772986	57769071	8000	57768986	-4000	4000	85
chr12	120577402	120585402	120581142	8000	120581402	-4000	4000	-260
chr12	52430371	52438371	52431636	8000	52434371	-4000	4000	-2735
chr12	53981845	53989845	53985574	8000	53985845	-4000	4000	-271
chr12	55712404	55720404	55719192	8000	55716404	-4000	4000	2788
chr12	50053548	50061548	50058894	8000	50057548	-4000	4000	1346
chr12	6530512	6538512	6537608	8000	6534512	-4000	4000	3096
chr12	52516530	52524530	52516801	8000	52520530	-4000	4000	-3729
chr12	56100537	56108537	56102295	8000	56104537	-4000	4000	-2242
chr12	76344415	76352415	76347118	8000	76348415	-4000	4000	-1297
chr12	120577402	120585402	120579134	8000	120581402	-4000	4000	-2268
chr12	52676407	52684407	52676443	8000	52680407	-4000	4000	-3964
chr12	56112590	56120590	56116790	8000	56116590	-4000	4000	200
chr12	57455785	57463785	57463688	8000	57459785	-4000	4000	3903
chr12	85832409	85840409	85836428	8000	85836409	-4000	4000	19
chr12	75476753	75484753	75481903	8000	75480753	-4000	4000	1150
chr12	50081200	50089200	50082329	8000	50085200	-4000	4000	-2871
chr12	48900110	48908110	48904317	8000	48904110	-4000	4000	207
chr12	49957872	49965872	49962318	8000	49961872	-4000	4000	446
chr12	52287534	52295534	52288128	8000	52291534	-4000	4000	-3406
chr12	12721917	12729917	12722241	8000	12725917	-4000	4000	-3676
chr12	110464415	110472415	110468518	8000	110468415	-4000	4000	103
chr12	54644493	54652493	54644697	8000	54648493	-4000	4000	-3796
chr12	122497073	122505073	122500870	8000	122501073	-4000	4000	-203
chr12	52830311	52838311	52834244	8000	52834311	-4000	4000	-67
chr12	53934831	53942831	53938909	8000	53938831	-4000	4000	78
chr12	56003659	56011659	56003869	8000	56007659	-4000	4000	-3790
chr12	56003659	56011659	56004739	8000	56007659	-4000	4000	-2920
chr12	57778761	57786761	57780596	8000	57782761	-4000	4000	-2165
chr12	76760103	76768103	76764199	8000	76764103	-4000	4000	96
chr12	120261771	120269771	120265618	8000	120265771	-4000	4000	-153
chr12	120706458	120714458	120713271	8000	120710458	-4000	4000	2813
chr12	46368773	46376773	46371271	8000	46372773	-4000	4000	-1502
chr12	52810116	52818116	52810793	8000	52814116	-4000	4000	-3323
chr12	53291291	53299291	53292383	8000	53295291	-4000	4000	-2908
chr12	107757272	107765272	107760536	8000	107761272	-4000	4000	-736
chr12	53264299	53272299	53269638	8000	53268299	-4000	4000	1339
chr12	52516530	52524530	52519799	8000	52520530	-4000	4000	-731
chr12	6869569	6877569	6872411	8000	6873569	-4000	4000	-1158
chr12	52448146	52456146	52450616	8000	52452146	-4000	4000	-1530
chr12	46368773	46376773	46371339	8000	46372773	-4000	4000	-1434
chr12	49127397	49135397	49128123	8000	49131397	-4000	4000	-3274
chr12	122199681	122207681	122204625	8000	122203681	-4000	4000	944
chr12	57587174	57595174	57594042	8000	57591174	-4000	4000	2868
chr12	57516710	57524710	57516892	8000	57520710	-4000	4000	-3818
chr12	54360487	54368487	54362867	8000	54364487	-4000	4000	-1620
chr12	56464578	56472578	56469152	8000	56468578	-4000	4000	574
chr12	55823546	55831546	55828213	8000	55827546	-4000	4000	667
chr12	76344415	76352415	76345550	8000	76348415	-4000	4000	-2865
chr12	122699357	122707357	122702594	8000	122703357	-4000	4000	-763
chr12	34018468	34026468	34024126	8000	34022468	-4000	4000	1658
chr12	64448090	64456090	64455951	8000	64452090	-4000	4000	3861
chr12	50108082	50116082	50109460	8000	50112082	-4000	4000	-2622
chr12	48900110	48908110	48905065	8000	48904110	-4000	4000	955
chr12	57225573	57233573	57229778	8000	57229573	-4000	4000	205
chr12	55823546	55831546	55827678	8000	55827546	-4000	4000	132
chr12	100263140	100271140	100267073	8000	100267140	-4000	4000	-67
chr12	130868037	130876037	130873084	8000	130872037	-4000	4000	1047
chr12	131707081	131715081	131711433	8000	131711081	-4000	4000	352
chr12	111682053	111690053	111683290	8000	111686053	-4000	4000	-2763
chr12	6824407	6832407	6829970	8000	6828407	-4000	4000	1563
chr12	71663725	71671725	71664495	8000	71667725	-4000	4000	-3230
chr12	98641113	98649113	98648734	8000	98645113	-4000	4000	3621
chr12	122726844	122734844	122729617	8000	122730844	-4000	4000	-1227
chr12	57225573	57233573	57232569	8000	57229573	-4000	4000	2996
chr12	55969317	55977317	55971143	8000	55973317	-4000	4000	-2174
chr12	53448102	53456102	53455490	8000	53452102	-4000	4000	3388
chr12	49184736	49192736	49185442	8000	49188736	-4000	4000	-3294
chr12	52245300	52253300	52252425	8000	52249300	-4000	4000	3125
chr12	109089631	109097631	109092886	8000	109093631	-4000	4000	-745
chr12	114680175	114688175	114680925	8000	114684175	-4000	4000	-3250
chr12	114680175	114688175	114682867	8000	114684175	-4000	4000	-1308
chr12	6489841	6497841	6492192	8000	6493841	-4000	4000	-1649
chr12	53376176	53384176	53382354	8000	53380176	-4000	4000	2178
chr12	57002546	57010546	57003469	8000	57006546	-4000	4000	-3077
chr12	49957872	49965872	49962109	8000	49961872	-4000	4000	237
chr12	110498111	110506111	110502066	8000	110502111	-4000	4000	-45
chr12	122199681	122207681	122200552	8000	122203681	-4000	4000	-3129
chr12	2873174	2881174	2873989	8000	2877174	-4000	4000	-3185
chr12	38312762	38320762	38318281	8000	38316762	-4000	4000	1519
chr12	122976060	122984060	122976742	8000	122980060	-4000	4000	-3318
chr12	65117305	65125305	65120551	8000	65121305	-4000	4000	-754
chr12	130158459	130166459	130164274	8000	130162459	-4000	4000	1815
chr12	89348501	89356501	89350976	8000	89352501	-4000	4000	-1525
chr12	57002546	57010546	57002980	8000	57006546	-4000	4000	-3566
chr12	76344415	76352415	76346370	8000	76348415	-4000	4000	-2045
chr12	7014477	7022477	7018418	8000	7018477	-4000	4000	-59
chr12	7014477	7022477	7018420	8000	7018477	-4000	4000	-57
chr12	57484814	57492814	57490350	8000	57488814	-4000	4000	1536
chr12	63147201	63155201	63150076	8000	63151201	-4000	4000	-1125
chr12	122523000	122531000	122530073	8000	122527000	-4000	4000	3073
chr12	52676407	52684407	52677417	8000	52680407	-4000	4000	-2990
chr12	133076474	133084474	133081308	8000	133080474	-4000	4000	834
chr12	31788298	31796298	31791660	8000	31792298	-4000	4000	-638
chr12	49900217	49908217	49903815	8000	49904217	-4000	4000	-402
chr12	123629766	123637766	123630231	8000	123633766	-4000	4000	-3535
chr12	130158459	130166459	130165356	8000	130162459	-4000	4000	2897
chr12	50081200	50089200	50086873	8000	50085200	-4000	4000	1673
chr12	41184320	41192320	41191534	8000	41188320	-4000	4000	3214
chr12	48678238	48686238	48682012	8000	48682238	-4000	4000	-226
chr12	107681799	107689799	107685816	8000	107685799	-4000	4000	17
chr12	121708752	121716752	121712953	8000	121712752	-4000	4000	201
chr12	6824407	6832407	6826842	8000	6828407	-4000	4000	-1565
chr12	32751897	32759897	32755251	8000	32755897	-4000	4000	-646
chr12	52945954	52953954	52950795	8000	52949954	-4000	4000	841
chr12	54545601	54553601	54549883	8000	54549601	-4000	4000	282
chr12	68682951	68690951	68689036	8000	68686951	-4000	4000	2085
chr12	49056794	49064794	49064759	8000	49060794	-4000	4000	3965
chr12	52830311	52838311	52831522	8000	52834311	-4000	4000	-2789
chr12	53291291	53299291	53293565	8000	53295291	-4000	4000	-1726
chr12	57236715	57244715	57243820	8000	57240715	-4000	4000	3105
chr12	57600622	57608622	57608589	8000	57604622	-4000	4000	3967
chr12	46368773	46376773	46370827	8000	46372773	-4000	4000	-1946
chr12	49127397	49135397	49129664	8000	49131397	-4000	4000	-1733
chr12	76344415	76352415	76346339	8000	76348415	-4000	4000	-2076
chr12	6966780	6974780	6967603	8000	6970780	-4000	4000	-3177
chr12	52945954	52953954	52950867	8000	52949954	-4000	4000	913
chr12	6643433	6651433	6644597	8000	6647433	-4000	4000	-2836
chr12	57517737	57525737	57525064	8000	57521737	-4000	4000	3327
chr12	57471445	57479445	57479211	8000	57475445	-4000	4000	3766
chr12	20364537	20372537	20369532	8000	20368537	-4000	4000	995
chr12	57084063	57092063	57091164	8000	57088063	-4000	4000	3101
chr12	49564218	49572218	49564779	8000	49568218	-4000	4000	-3439
chr12	124913368	124921368	124913399	8000	124917368	-4000	4000	-3969
chr12	8223618	8231618	8224116	8000	8227618	-4000	4000	-3502
chr12	63147201	63155201	63149966	8000	63151201	-4000	4000	-1235
chr12	54276133	54284133	54281703	8000	54280133	-4000	4000	1570
chr12	57471445	57479445	57479420	8000	57475445	-4000	4000	3975
chr12	109089631	109097631	109092725	8000	109093631	-4000	4000	-906
chr12	76344415	76352415	76347240	8000	76348415	-4000	4000	-1175
chr12	49342888	49350888	49348963	8000	49346888	-4000	4000	2075
chr12	52287534	52295534	52287996	8000	52291534	-4000	4000	-3538
chr12	52810116	52818116	52813782	8000	52814116	-4000	4000	-334
chr12	91107494	91115494	91108583	8000	91111494	-4000	4000	-2911
chr12	130158459	130166459	130164673	8000	130162459	-4000	4000	2214
chr12	55928618	55936618	55936577	8000	55932618	-4000	4000	3959
chr12	49535030	49543030	49540943	8000	49539030	-4000	4000	1913
chr12	50919472	50927472	50925170	8000	50923472	-4000	4000	1698
chr12	120442384	120450384	120444845	8000	120446384	-4000	4000	-1539
chr12	74533835	74541835	74539447	8000	74537835	-4000	4000	1612
chr12	47075603	47083603	47077844	8000	47079603	-4000	4000	-1759
chr12	52830311	52838311	52833836	8000	52834311	-4000	4000	-475
chr12	104060183	104068183	104066193	8000	104064183	-4000	4000	2010
chr12	122976060	122984060	122982028	8000	122980060	-4000	4000	1968
chr12	57517737	57525737	57525523	8000	57521737	-4000	4000	3786
chr12	8536905	8544905	8537263	8000	8540905	-4000	4000	-3642
chr12	52945954	52953954	52951734	8000	52949954	-4000	4000	1780
chr12	53264299	53272299	53270375	8000	53268299	-4000	4000	2076
chr12	57814734	57822734	57821457	8000	57818734	-4000	4000	2723
chr12	91054024	91062024	91055643	8000	91058024	-4000	4000	-2381
chr12	122199681	122207681	122200625	8000	122203681	-4000	4000	-3056
chr12	113052730	113060730	113058199	8000	113056730	-4000	4000	1469
chr12	52448146	52456146	52450426	8000	52452146	-4000	4000	-1720
chr12	56114250	56122250	56121311	8000	56118250	-4000	4000	3061
chr12	56641984	56649984	56642502	8000	56645984	-4000	4000	-3482
chr12	114680175	114688175	114682864	8000	114684175	-4000	4000	-1311
chr12	1914666	1922666	1914885	8000	1918666	-4000	4000	-3781
chr12	91054024	91062024	91055652	8000	91058024	-4000	4000	-2372
chr12	6768512	6776512	6769945	8000	6772512	-4000	4000	-2567
chr12	6768512	6776512	6770156	8000	6772512	-4000	4000	-2356
chr12	56312059	56320059	56314920	8000	56316059	-4000	4000	-1139
chr12	132140457	132148457	132141279	8000	132144457	-4000	4000	-3178
chr12	57778761	57786761	57782751	8000	57782761	-4000	4000	-10
chr12	71750863	71758863	71755284	8000	71754863	-4000	4000	421
chr12	56312059	56320059	56319927	8000	56316059	-4000	4000	3868
chr12	6938978	6946978	6940944	8000	6942978	-4000	4000	-2034
chr12	6552073	6560073	6556967	8000	6556073	-4000	4000	894
chr12	6631960	6639960	6638177	8000	6635960	-4000	4000	2217
chr12	52448146	52456146	52450460	8000	52452146	-4000	4000	-1686
chr12	54644493	54652493	54645654	8000	54648493	-4000	4000	-2839
chr12	6643433	6651433	6644477	8000	6647433	-4000	4000	-2956
chr12	6120770	6128770	6121294	8000	6124770	-4000	4000	-3476
chr12	6938978	6946978	6940931	8000	6942978	-4000	4000	-2047
chr12	6938978	6946978	6941383	8000	6942978	-4000	4000	-1595
chr12	6938978	6946978	6941750	8000	6942978	-4000	4000	-1228
chr12	10166542	10174542	10166855	8000	10170542	-4000	4000	-3687
chr12	12996265	13004265	13002714	8000	13000265	-4000	4000	2449
chr12	48566066	48574066	48569967	8000	48570066	-4000	4000	-99
chr12	50099982	50107982	50104593	8000	50103982	-4000	4000	611
chr12	53376176	53384176	53383209	8000	53380176	-4000	4000	3033
chr12	55712404	55720404	55719202	8000	55716404	-4000	4000	2798
chr12	55814041	55822041	55817683	8000	55818041	-4000	4000	-358
chr12	56148256	56156256	56155696	8000	56152256	-4000	4000	3440
chr12	63775833	63783833	63781136	8000	63779833	-4000	4000	1303
chr12	100263140	100271140	100263778	8000	100267140	-4000	4000	-3362
chr12	101403772	101411772	101407653	8000	101407772	-4000	4000	-119
chr12	112934051	112942051	112941764	8000	112938051	-4000	4000	3713
chr12	130868037	130876037	130874601	8000	130872037	-4000	4000	2564
chr12	30691869	30699869	30695682	8000	30695869	-4000	4000	-187
chr12	6938978	6946978	6944583	8000	6942978	-4000	4000	1605
chr12	63664939	63672939	63668235	8000	63668939	-4000	4000	-704
chr12	6848148	6856148	6855510	8000	6852148	-4000	4000	3362
chr12	38312762	38320762	38320599	8000	38316762	-4000	4000	3837
chr12	76027776	76035776	76031040	8000	76031776	-4000	4000	-736
chr12	6643433	6651433	6646968	8000	6647433	-4000	4000	-465
chr12	14770405	14778405	14775263	8000	14774405	-4000	4000	858
chr12	53295695	53303695	53297796	8000	53299695	-4000	4000	-1899
chr12	55725707	55733707	55727307	8000	55729707	-4000	4000	-2400
chr12	57084063	57092063	57091949	8000	57088063	-4000	4000	3886
chr12	57629239	57637239	57632024	8000	57633239	-4000	4000	-1215
chr12	57814734	57822734	57820079	8000	57818734	-4000	4000	1345
chr12	70633440	70641440	70635717	8000	70637440	-4000	4000	-1723
chr12	74533835	74541835	74538416	8000	74537835	-4000	4000	581
chr12	101873580	101881580	101877751	8000	101877580	-4000	4000	171
chr12	96903224	96911224	96909832	8000	96907224	-4000	4000	2608
chr12	122015422	122023422	122022142	8000	122019422	-4000	4000	2720
chr12	8818621	8826621	8823224	8000	8822621	-4000	4000	603
chr12	6552073	6560073	6555506	8000	6556073	-4000	4000	-567
chr12	49319236	49327236	49323892	8000	49323236	-4000	4000	656
chr12	56100537	56108537	56101531	8000	56104537	-4000	4000	-3006
chr12	122712811	122720811	122716312	8000	122716811	-4000	4000	-499
chr12	122712811	122720811	122716313	8000	122716811	-4000	4000	-498
chr12	6768512	6776512	6773022	8000	6772512	-4000	4000	510
chr12	51320668	51328668	51328516	8000	51324668	-4000	4000	3848
chr12	52245300	52253300	52252350	8000	52249300	-4000	4000	3050
chr12	56312059	56320059	56315142	8000	56316059	-4000	4000	-917
chr12	57225573	57233573	57232751	8000	57229573	-4000	4000	3178
chr12	104982316	104990316	104986381	8000	104986316	-4000	4000	65
chr12	122074756	122082756	122079227	8000	122078756	-4000	4000	471
chr12	10222058	10230058	10222109	8000	10226058	-4000	4000	-3949
chr12	57734013	57742013	57737442	8000	57738013	-4000	4000	-571
chr12	123667110	123675110	123673612	8000	123671110	-4000	4000	2502
chr12	6938978	6946978	6941407	8000	6942978	-4000	4000	-1571
chr12	31323058	31331058	31325417	8000	31327058	-4000	4000	-1641
chr12	39615803	39623803	39619084	8000	39619803	-4000	4000	-719
chr12	50388383	50396383	50396361	8000	50392383	-4000	4000	3978
chr12	50500985	50508985	50505133	8000	50504985	-4000	4000	148
chr12	52448146	52456146	52450455	8000	52452146	-4000	4000	-1691
chr12	52469805	52477805	52471722	8000	52473805	-4000	4000	-2083
chr12	52676407	52684407	52680287	8000	52680407	-4000	4000	-120
chr12	54493752	54501752	54497775	8000	54497752	-4000	4000	23
chr12	56641984	56649984	56646030	8000	56645984	-4000	4000	46
chr12	57084063	57092063	57091161	8000	57088063	-4000	4000	3098
chr12	68682951	68690951	68686996	8000	68686951	-4000	4000	45
chr12	93565814	93573814	93572824	8000	93569814	-4000	4000	3010
chr12	98589591	98597591	98593859	8000	98593591	-4000	4000	268
chr12	109896264	109904264	109904122	8000	109900264	-4000	4000	3858
chr12	111682053	111690053	111683262	8000	111686053	-4000	4000	-2791
chr12	6768512	6776512	6773302	8000	6772512	-4000	4000	790
chr12	121035242	121043242	121038866	8000	121039242	-4000	4000	-376
chr12	12353078	12361078	12356704	8000	12357078	-4000	4000	-374
chr12	53093436	53101436	53101151	8000	53097436	-4000	4000	3715
chr12	55677736	55685736	55685019	8000	55681736	-4000	4000	3283
chr12	55838966	55846966	55839575	8000	55842966	-4000	4000	-3391
chr12	102193833	102201833	102197018	8000	102197833	-4000	4000	-815
chr12	114680175	114688175	114680977	8000	114684175	-4000	4000	-3198
chr12	52516530	52524530	52517704	8000	52520530	-4000	4000	-2826
chr12	112009185	112017185	112013183	8000	112013185	-4000	4000	-2
chr12	53320864	53328864	53328771	8000	53324864	-4000	4000	3907
chr12	26117991	26125991	26123675	8000	26121991	-4000	4000	1684
chr12	53496921	53504921	53501435	8000	53500921	-4000	4000	514
chr12	52676407	52684407	52677409	8000	52680407	-4000	4000	-2998
chr12	57084063	57092063	57091151	8000	57088063	-4000	4000	3088
chr12	122199681	122207681	122207296	8000	122203681	-4000	4000	3615
chr12	49106900	49114900	49109792	8000	49110900	-4000	4000	-1108
chr12	54360487	54368487	54363571	8000	54364487	-4000	4000	-916
chr12	69734860	69742860	69739800	8000	69738860	-4000	4000	940
chr12	14767131	14775131	14771029	8000	14771131	-4000	4000	-102
chr12	6847292	6855292	6849618	8000	6851292	-4000	4000	-1674
chr12	76027776	76035776	76031282	8000	76031776	-4000	4000	-494
chr12	116734070	116742070	116741057	8000	116738070	-4000	4000	2987
chr12	6938978	6946978	6944760	8000	6942978	-4000	4000	1782
chr12	12996265	13004265	13000841	8000	13000265	-4000	4000	576
chr12	55814041	55822041	55820514	8000	55818041	-4000	4000	2473
chr12	117186470	117194470	117186558	8000	117190470	-4000	4000	-3912
chr12	53496921	53504921	53501424	8000	53500921	-4000	4000	503
chr12	68804177	68812177	68808481	8000	68808177	-4000	4000	304
chr12	6696815	6704815	6697679	8000	6700815	-4000	4000	-3136
chr12	50053548	50061548	50059885	8000	50057548	-4000	4000	2337
chr12	120442384	120450384	120446386	8000	120446384	-4000	4000	2
chr12	131707081	131715081	131714282	8000	131711081	-4000	4000	3201
chr12	47767040	47775040	47772197	8000	47771040	-4000	4000	1157
chr12	69581426	69589426	69585472	8000	69585426	-4000	4000	46
chr12	56003659	56011659	56004786	8000	56007659	-4000	4000	-2873
chr12	6835954	6843954	6839400	8000	6839954	-4000	4000	-554
chr12	34018468	34026468	34026168	8000	34022468	-4000	4000	3700
chr12	109896264	109904264	109904063	8000	109900264	-4000	4000	3799
chr12	49564218	49572218	49566474	8000	49568218	-4000	4000	-1744
chr12	56114250	56122250	56120715	8000	56118250	-4000	4000	2465
chr12	114680175	114688175	114681136	8000	114684175	-4000	4000	-3039
chr12	8658888	8666888	8660869	8000	8662888	-4000	4000	-2019
chr12	55838966	55846966	55842756	8000	55842966	-4000	4000	-210
chr12	10406146	10414146	10409525	8000	10410146	-4000	4000	-621
chr12	14799486	14807486	14805773	8000	14803486	-4000	4000	2287
chr12	49127397	49135397	49127969	8000	49131397	-4000	4000	-3428
chr12	56100537	56108537	56107541	8000	56104537	-4000	4000	3004
chr12	100263140	100271140	100263620	8000	100267140	-4000	4000	-3520
chr12	6863119	6871119	6867546	8000	6867119	-4000	4000	427
chr12	24945101	24953101	24949124	8000	24949101	-4000	4000	23
chr12	122699357	122707357	122703163	8000	122703357	-4000	4000	-194
chr12	6530512	6538512	6537716	8000	6534512	-4000	4000	3204
chr12	49127397	49135397	49129271	8000	49131397	-4000	4000	-2126
chr12	52810116	52818116	52814231	8000	52814116	-4000	4000	115
chr12	76344415	76352415	76347255	8000	76348415	-4000	4000	-1160
chr12	57236715	57244715	57244217	8000	57240715	-4000	4000	3502
chr12	55677736	55685736	55682251	8000	55681736	-4000	4000	515
chr12	108558582	108566582	108561174	8000	108562582	-4000	4000	-1408
chr12	6835954	6843954	6842997	8000	6839954	-4000	4000	3043
chr12	65117305	65125305	65120478	8000	65121305	-4000	4000	-827
chr12	125061434	125069434	125065620	8000	125065434	-4000	4000	186
chr12	53496921	53504921	53503765	8000	53500921	-4000	4000	2844
chr12	117964990	117972990	117968136	8000	117968990	-4000	4000	-854
chr12	121128819	121136819	121132912	8000	121132819	-4000	4000	93
chr12	102193833	102201833	102197165	8000	102197833	-4000	4000	-668
chr12	102953674	102961674	102960328	8000	102957674	-4000	4000	2654
chr12	6835954	6843954	6843481	8000	6839954	-4000	4000	3527
chr12	57734013	57742013	57734670	8000	57738013	-4000	4000	-3343
chr12	48179644	48187644	48184417	8000	48183644	-4000	4000	773
chr12	49127397	49135397	49129280	8000	49131397	-4000	4000	-2117
chr12	132140457	132148457	132147380	8000	132144457	-4000	4000	2923
chr12	56955374	56963374	56957209	8000	56959374	-4000	4000	-2165
chr12	1590581	1598581	1593714	8000	1594581	-4000	4000	-867
chr12	6371045	6379045	6374617	8000	6375045	-4000	4000	-428
chr12	6863119	6871119	6870114	8000	6867119	-4000	4000	2995
chr12	6938978	6946978	6939149	8000	6942978	-4000	4000	-3829
chr12	12263044	12271044	12266856	8000	12267044	-4000	4000	-188
chr12	26117991	26125991	26122959	8000	26121991	-4000	4000	968
chr12	38312762	38320762	38320517	8000	38316762	-4000	4000	3755
chr12	47075603	47083603	47077991	8000	47079603	-4000	4000	-1612
chr12	48678238	48686238	48679809	8000	48682238	-4000	4000	-2429
chr12	49184736	49192736	49186681	8000	49188736	-4000	4000	-2055
chr12	49184736	49192736	49189013	8000	49188736	-4000	4000	277
chr12	50053548	50061548	50058953	8000	50057548	-4000	4000	1405
chr12	51234724	51242724	51242682	8000	51238724	-4000	4000	3958
chr12	52430371	52438371	52433232	8000	52434371	-4000	4000	-1139
chr12	52516530	52524530	52517172	8000	52520530	-4000	4000	-3358
chr12	53981845	53989845	53989395	8000	53985845	-4000	4000	3550
chr12	55725707	55733707	55726206	8000	55729707	-4000	4000	-3501
chr12	55823546	55831546	55828397	8000	55827546	-4000	4000	851
chr12	56100537	56108537	56104615	8000	56104537	-4000	4000	78
chr12	56312059	56320059	56315142	8000	56316059	-4000	4000	-917
chr12	56464578	56472578	56471446	8000	56468578	-4000	4000	2868
chr12	56684408	56692408	56688036	8000	56688408	-4000	4000	-372
chr12	57471445	57479445	57472500	8000	57475445	-4000	4000	-2945
chr12	57471445	57479445	57475607	8000	57475445	-4000	4000	162
chr12	57471445	57479445	57475932	8000	57475445	-4000	4000	487
chr12	57471445	57479445	57476398	8000	57475445	-4000	4000	953
chr12	57484814	57492814	57488196	8000	57488814	-4000	4000	-618
chr12	57484814	57492814	57490244	8000	57488814	-4000	4000	1430
chr12	57587174	57595174	57594022	8000	57591174	-4000	4000	2848
chr12	57778761	57786761	57780672	8000	57782761	-4000	4000	-2089
chr12	63840700	63848700	63844804	8000	63844700	-4000	4000	104
chr12	76344415	76352415	76346362	8000	76348415	-4000	4000	-2053
chr12	76760103	76768103	76764199	8000	76764103	-4000	4000	96
chr12	91054024	91062024	91055531	8000	91058024	-4000	4000	-2493
chr12	100263140	100271140	100263507	8000	100267140	-4000	4000	-3633
chr12	102193833	102201833	102197668	8000	102197833	-4000	4000	-165
chr12	103926107	103934107	103932399	8000	103930107	-4000	4000	2292
chr12	109896264	109904264	109903193	8000	109900264	-4000	4000	2929
chr12	110498111	110506111	110502304	8000	110502111	-4000	4000	193
chr12	112974395	112982395	112978667	8000	112978395	-4000	4000	272
chr12	113422301	113430301	113429285	8000	113426301	-4000	4000	2984
chr12	120434198	120442198	120438452	8000	120438198	-4000	4000	254
chr12	121035242	121043242	121038851	8000	121039242	-4000	4000	-391
chr12	122699357	122707357	122702444	8000	122703357	-4000	4000	-913
chr12	123667110	123675110	123671608	8000	123671110	-4000	4000	498
chr12	132140457	132148457	132140652	8000	132144457	-4000	4000	-3805
chr12	49184736	49192736	49185138	8000	49188736	-4000	4000	-3598
chr12	55814041	55822041	55817728	8000	55818041	-4000	4000	-313
chr12	116273693	116281693	116277121	8000	116277693	-4000	4000	-572
chr12	38312762	38320762	38318372	8000	38316762	-4000	4000	1610
chr12	53264299	53272299	53269168	8000	53268299	-4000	4000	869
chr12	6863119	6871119	6870378	8000	6867119	-4000	4000	3259
chr12	14799486	14807486	14805773	8000	14803486	-4000	4000	2287
chr12	100263140	100271140	100267046	8000	100267140	-4000	4000	-94
chr12	100263140	100271140	100267047	8000	100267140	-4000	4000	-93
chr12	6824407	6832407	6826680	8000	6828407	-4000	4000	-1727
chr12	6835954	6843954	6838018	8000	6839954	-4000	4000	-1936
chr12	52317398	52325398	52321153	8000	52321398	-4000	4000	-245
chr12	101826959	101834959	101830636	8000	101830959	-4000	4000	-323
chr12	106770621	106778621	106774659	8000	106774621	-4000	4000	38
chr12	132140457	132148457	132141593	8000	132144457	-4000	4000	-2864
chr12	122712811	122720811	122715451	8000	122716811	-4000	4000	-1360
chr12	10126258	10134258	10127057	8000	10130258	-4000	4000	-3201
chr12	62767	70767	67375	8000	66767	-4000	4000	608
chr12	6489841	6497841	6492417	8000	6493841	-4000	4000	-1424
chr12	6643433	6651433	6644461	8000	6647433	-4000	4000	-2972
chr12	7932187	7940187	7936068	8000	7936187	-4000	4000	-119
chr12	8818621	8826621	8823275	8000	8822621	-4000	4000	654
chr12	14799486	14807486	14800783	8000	14803486	-4000	4000	-2703
chr12	14799486	14807486	14806458	8000	14803486	-4000	4000	2972
chr12	14934537	14942537	14938425	8000	14938537	-4000	4000	-112
chr12	15878329	15886329	15883626	8000	15882329	-4000	4000	1297
chr12	50919472	50927472	50925535	8000	50923472	-4000	4000	2063
chr12	52317398	52325398	52320970	8000	52321398	-4000	4000	-428
chr12	52430371	52438371	52430613	8000	52434371	-4000	4000	-3758
chr12	52676407	52684407	52678597	8000	52680407	-4000	4000	-1810
chr12	54545601	54553601	54549962	8000	54549601	-4000	4000	361
chr12	54630895	54638895	54631741	8000	54634895	-4000	4000	-3154
chr12	55677736	55685736	55684991	8000	55681736	-4000	4000	3255
chr12	55725707	55733707	55725829	8000	55729707	-4000	4000	-3878
chr12	56312059	56320059	56319111	8000	56316059	-4000	4000	3052
chr12	57124483	57132483	57128848	8000	57128483	-4000	4000	365
chr12	57471445	57479445	57471492	8000	57475445	-4000	4000	-3953
chr12	57600622	57608622	57606984	8000	57604622	-4000	4000	2362
chr12	57778761	57786761	57780514	8000	57782761	-4000	4000	-2247
chr12	57778761	57786761	57783122	8000	57782761	-4000	4000	361
chr12	75476753	75484753	75481996	8000	75480753	-4000	4000	1243
chr12	76344415	76352415	76346912	8000	76348415	-4000	4000	-1503
chr12	82354805	82362805	82358792	8000	82358805	-4000	4000	-13
chr12	91054024	91062024	91055869	8000	91058024	-4000	4000	-2155
chr12	91054024	91062024	91056067	8000	91058024	-4000	4000	-1957
chr12	98641113	98649113	98648376	8000	98645113	-4000	4000	3263
chr12	102193833	102201833	102197311	8000	102197833	-4000	4000	-522
chr12	102193833	102201833	102197646	8000	102197833	-4000	4000	-187
chr12	102477744	102485744	102478617	8000	102481744	-4000	4000	-3127
chr12	105103324	105111324	105111151	8000	105107324	-4000	4000	3827
chr12	110498111	110506111	110503855	8000	110502111	-4000	4000	1744
chr12	112009185	112017185	112013395	8000	112013185	-4000	4000	210
chr12	122199681	122207681	122207120	8000	122203681	-4000	4000	3439
chr12	122497073	122505073	122498864	8000	122501073	-4000	4000	-2209
chr12	123454088	123462088	123459813	8000	123458088	-4000	4000	1725
chr12	130158459	130166459	130164193	8000	130162459	-4000	4000	1734
chr12	132683587	132691587	132690311	8000	132687587	-4000	4000	2724
chr12	53496921	53504921	53502121	8000	53500921	-4000	4000	1200
chr12	56748161	56756161	56751110	8000	56752161	-4000	4000	-1051
chr12	57084063	57092063	57091433	8000	57088063	-4000	4000	3370
chr12	57517737	57525737	57525500	8000	57521737	-4000	4000	3763
chr12	108558582	108566582	108560803	8000	108562582	-4000	4000	-1779
chr12	120197235	120205235	120200825	8000	120201235	-4000	4000	-410
chr12	56356167	56364167	56361413	8000	56360167	-4000	4000	1246
chr12	11645674	11653674	11650099	8000	11649674	-4000	4000	425
chr12	57764986	57772986	57767005	8000	57768986	-4000	4000	-1981
chr12	54493752	54501752	54497851	8000	54497752	-4000	4000	99
chr12	52287534	52295534	52287713	8000	52291534	-4000	4000	-3821
chr12	88576851	88584851	88580326	8000	88580851	-4000	4000	-525
chr12	75386928	75394928	75391236	8000	75390928	-4000	4000	308
chr12	102477744	102485744	102478582	8000	102481744	-4000	4000	-3162
chr12	130949907	130957907	130954330	8000	130953907	-4000	4000	423
chr12	6120770	6128770	6121294	8000	6124770	-4000	4000	-3476
chr12	6447690	6455690	6450787	8000	6451690	-4000	4000	-903
chr12	47075603	47083603	47078007	8000	47079603	-4000	4000	-1596
chr12	55677736	55685736	55681999	8000	55681736	-4000	4000	263
chr12	57471445	57479445	57477573	8000	57475445	-4000	4000	2128
chr12	121668631	121676631	121669411	8000	121672631	-4000	4000	-3220
chr12	110498111	110506111	110502189	8000	110502111	-4000	4000	78
chr12	120197235	120205235	120200828	8000	120201235	-4000	4000	-407
chr12	49342888	49350888	49349158	8000	49346888	-4000	4000	2270
chr12	7932187	7940187	7933885	8000	7936187	-4000	4000	-2302
chr12	53264299	53272299	53268766	8000	53268299	-4000	4000	467
chr12	39615803	39623803	39618991	8000	39619803	-4000	4000	-812
chr12	56445426	56453426	56451373	8000	56449426	-4000	4000	1947
chr12	8658888	8666888	8662100	8000	8662888	-4000	4000	-788
chr12	52317398	52325398	52321027	8000	52321398	-4000	4000	-371
chr12	56100537	56108537	56102145	8000	56104537	-4000	4000	-2392
chr12	85832409	85840409	85836428	8000	85836409	-4000	4000	19
chr12	56262890	56270890	56269217	8000	56266890	-4000	4000	2327
chr12	57471445	57479445	57479211	8000	57475445	-4000	4000	3766
chr12	56356167	56364167	56361306	8000	56360167	-4000	4000	1139
chr12	56003659	56011659	56004652	8000	56007659	-4000	4000	-3007
chr12	6966780	6974780	6971072	8000	6970780	-4000	4000	292
chr12	10166542	10174542	10169071	8000	10170542	-4000	4000	-1471
chr12	34018468	34026468	34026421	8000	34022468	-4000	4000	3953
chr12	48566066	48574066	48567970	8000	48570066	-4000	4000	-2096
chr12	53981845	53989845	53989171	8000	53985845	-4000	4000	3326
chr12	54360487	54368487	54362785	8000	54364487	-4000	4000	-1702
chr12	50099982	50107982	50106853	8000	50103982	-4000	4000	2871
chr12	123667110	123675110	123672071	8000	123671110	-4000	4000	961
chr12	53264299	53272299	53269878	8000	53268299	-4000	4000	1579
chr12	6447690	6455690	6450965	8000	6451690	-4000	4000	-725
chr12	55823546	55831546	55827663	8000	55827546	-4000	4000	117
chr12	95787189	95795189	95787249	8000	95791189	-4000	4000	-3940
chr12	120434198	120442198	120438157	8000	120438198	-4000	4000	-41
chr12	121396083	121404083	121402764	8000	121400083	-4000	4000	2681
chr12	121668631	121676631	121669473	8000	121672631	-4000	4000	-3158
chr12	57516710	57524710	57524304	8000	57520710	-4000	4000	3594
chr12	57778761	57786761	57783197	8000	57782761	-4000	4000	436
chr12	57764986	57772986	57765422	8000	57768986	-4000	4000	-3564
chr12	6489841	6497841	6492956	8000	6493841	-4000	4000	-885
chr12	6863119	6871119	6869142	8000	6867119	-4000	4000	2023
chr12	76027776	76035776	76030574	8000	76031776	-4000	4000	-1202
chr12	49184736	49192736	49186670	8000	49188736	-4000	4000	-2066
chr12	6824407	6832407	6826323	8000	6828407	-4000	4000	-2084
chr12	30691869	30699869	30695713	8000	30695869	-4000	4000	-156
chr12	56312059	56320059	56319374	8000	56316059	-4000	4000	3315
chr12	56003659	56011659	56005141	8000	56007659	-4000	4000	-2518
chr12	76344415	76352415	76346706	8000	76348415	-4000	4000	-1709
chr12	56955374	56963374	56957333	8000	56959374	-4000	4000	-2041
chr12	54276133	54284133	54280768	8000	54280133	-4000	4000	635
chr12	68682951	68690951	68686996	8000	68686951	-4000	4000	45
chr12	104060183	104068183	104068085	8000	104064183	-4000	4000	3902
chr12	56312059	56320059	56316088	8000	56316059	-4000	4000	29
chr12	56100537	56108537	56101808	8000	56104537	-4000	4000	-2729
chr12	56356167	56364167	56356569	8000	56360167	-4000	4000	-3598
chr12	120577402	120585402	120581154	8000	120581402	-4000	4000	-248
chr12	52448146	52456146	52451990	8000	52452146	-4000	4000	-156
chr12	47959569	47967569	47966685	8000	47963569	-4000	4000	3116
chr12	57002546	57010546	57002831	8000	57006546	-4000	4000	-3715
chr12	124913368	124921368	124913404	8000	124917368	-4000	4000	-3964
chr12	49535030	49543030	49541057	8000	49539030	-4000	4000	2027
chr12	53448102	53456102	53454858	8000	53452102	-4000	4000	2756
chr12	52676407	52684407	52680264	8000	52680407	-4000	4000	-143
chr12	52810116	52818116	52811782	8000	52814116	-4000	4000	-2334
chr12	52830311	52838311	52830326	8000	52834311	-4000	4000	-3985
chr12	104060183	104068183	104067954	8000	104064183	-4000	4000	3771
chr12	49127397	49135397	49128752	8000	49131397	-4000	4000	-2645
chr12	112934051	112942051	112938447	8000	112938051	-4000	4000	396
chr12	114680175	114688175	114681059	8000	114684175	-4000	4000	-3116
chr12	53093436	53101436	53100741	8000	53097436	-4000	4000	3305
chr12	70916738	70924738	70920591	8000	70920738	-4000	4000	-147
chr12	56641984	56649984	56644806	8000	56645984	-4000	4000	-1178
chr12	130158459	130166459	130163053	8000	130162459	-4000	4000	594
chr12	52516530	52524530	52517651	8000	52520530	-4000	4000	-2879
chr12	53002282	53010282	53006402	8000	53006282	-4000	4000	120
chr12	57778761	57786761	57783266	8000	57782761	-4000	4000	505
chr12	102193833	102201833	102196199	8000	102197833	-4000	4000	-1634
chr12	6824407	6832407	6826876	8000	6828407	-4000	4000	-1531
chr12	52810116	52818116	52814003	8000	52814116	-4000	4000	-113
chr12	130949907	130957907	130954259	8000	130953907	-4000	4000	352
chr12	6863119	6871119	6868861	8000	6867119	-4000	4000	1742
chr12	52945954	52953954	52949438	8000	52949954	-4000	4000	-516
chr12	55823546	55831546	55828036	8000	55827546	-4000	4000	490
chr12	6195715	6203715	6200505	8000	6199715	-4000	4000	790
chr12	57516710	57524710	57517024	8000	57520710	-4000	4000	-3686
chr12	114680175	114688175	114682811	8000	114684175	-4000	4000	-1364
chr12	102193833	102201833	102197337	8000	102197833	-4000	4000	-496
chr12	101276105	101284105	101280311	8000	101280105	-4000	4000	206
chr12	8536905	8544905	8540779	8000	8540905	-4000	4000	-126
chr12	11167194	11175194	11171514	8000	11171194	-4000	4000	320
chr12	71435798	71443798	71440265	8000	71439798	-4000	4000	467
chr12	49319236	49327236	49324029	8000	49323236	-4000	4000	793
chr12	55928618	55936618	55936318	8000	55932618	-4000	4000	3700
chr12	71435798	71443798	71440137	8000	71439798	-4000	4000	339
chr12	122523000	122531000	122526919	8000	122527000	-4000	4000	-81
chr12	57002546	57010546	57003525	8000	57006546	-4000	4000	-3021
chr12	56003659	56011659	56003766	8000	56007659	-4000	4000	-3893
chr12	122726844	122734844	122729700	8000	122730844	-4000	4000	-1144
chr12	54276133	54284133	54281666	8000	54280133	-4000	4000	1533
chr12	53291291	53299291	53295534	8000	53295291	-4000	4000	243
chr12	122199681	122207681	122203396	8000	122203681	-4000	4000	-285
chr12	6768512	6776512	6773283	8000	6772512	-4000	4000	771
chr12	6847292	6855292	6849594	8000	6851292	-4000	4000	-1698
chr12	6847292	6855292	6852282	8000	6851292	-4000	4000	990
chr12	6552073	6560073	6557636	8000	6556073	-4000	4000	1563
chr12	6848148	6856148	6855794	8000	6852148	-4000	4000	3646
chr12	122199681	122207681	122206539	8000	122203681	-4000	4000	2858
chr12	6530512	6538512	6538176	8000	6534512	-4000	4000	3664
chr12	7124889	7132889	7128270	8000	7128889	-4000	4000	-619
chr12	6489841	6497841	6492449	8000	6493841	-4000	4000	-1392
chr12	14767131	14775131	14771111	8000	14771131	-4000	4000	-20
chr12	49184736	49192736	49186334	8000	49188736	-4000	4000	-2402
chr12	53969126	53977126	53975278	8000	53973126	-4000	4000	2152
chr12	55712404	55720404	55719208	8000	55716404	-4000	4000	2804
chr12	130158459	130166459	130163956	8000	130162459	-4000	4000	1497
chr12	130868037	130876037	130875933	8000	130872037	-4000	4000	3896
chr12	6768512	6776512	6770605	8000	6772512	-4000	4000	-1907
chr12	56185567	56193567	56186219	8000	56189567	-4000	4000	-3348
chr12	1590581	1598581	1593719	8000	1594581	-4000	4000	-862
chr12	10609609	10617609	10613512	8000	10613609	-4000	4000	-97
chr12	14839526	14847526	14840483	8000	14843526	-4000	4000	-3043
chr12	48861870	48869870	48865699	8000	48865870	-4000	4000	-171
chr12	49184736	49192736	49184980	8000	49188736	-4000	4000	-3756
chr12	52317398	52325398	52319252	8000	52321398	-4000	4000	-2146
chr12	54360487	54368487	54362978	8000	54364487	-4000	4000	-1509
chr12	57689955	57697955	57696009	8000	57693955	-4000	4000	2054
chr12	108511277	108519277	108518831	8000	108515277	-4000	4000	3554
chr12	111682053	111690053	111683296	8000	111686053	-4000	4000	-2757
chr12	123598077	123606077	123605794	8000	123602077	-4000	4000	3717
chr12	6824407	6832407	6831350	8000	6828407	-4000	4000	2943
chr12	6659142	6667142	6663132	8000	6663142	-4000	4000	-10
chr12	55712404	55720404	55719568	8000	55716404	-4000	4000	3164
chr12	104060183	104068183	104066269	8000	104064183	-4000	4000	2086
chr12	9112229	9120229	9113512	8000	9116229	-4000	4000	-2717
chr12	50099982	50107982	50104656	8000	50103982	-4000	4000	674
chr12	57587174	57595174	57594109	8000	57591174	-4000	4000	2935
chr12	57734013	57742013	57735412	8000	57738013	-4000	4000	-2601
chr12	98589591	98597591	98594381	8000	98593591	-4000	4000	790
chr12	54276133	54284133	54280788	8000	54280133	-4000	4000	655
chr13	44573147	44581147	44574226	8000	44577147	-4000	4000	-2921
chr13	23885400	23893400	23891400	8000	23889400	-4000	4000	2000
chr13	27616529	27624529	27623009	8000	27620529	-4000	4000	2480
chr13	20563138	20571138	20567947	8000	20567138	-4000	4000	809
chr13	32534885	32542885	32535911	8000	32538885	-4000	4000	-2974
chr13	41128802	41136802	41130567	8000	41132802	-4000	4000	-2235
chr13	41190569	41198569	41193389	8000	41194569	-4000	4000	-1180
chr13	57627744	57635744	57632738	8000	57631744	-4000	4000	994
chr13	38683077	38691077	38689448	8000	38687077	-4000	4000	2371
chr13	37101664	37109664	37104841	8000	37105664	-4000	4000	-823
chr13	45337284	45345284	45339576	8000	45341284	-4000	4000	-1708
chr13	95429604	95437604	95433876	8000	95433604	-4000	4000	272
chr13	67226445	67234445	67228380	8000	67230445	-4000	4000	-2065
chr13	107863496	107871496	107865688	8000	107867496	-4000	4000	-1808
chr13	52008391	52016391	52012427	8000	52012391	-4000	4000	36
chr13	75616434	75624434	75623280	8000	75620434	-4000	4000	2846
chr13	41190569	41198569	41192891	8000	41194569	-4000	4000	-1678
chr13	93222807	93230807	93227300	8000	93226807	-4000	4000	493
chr13	35472689	35480689	35475780	8000	35476689	-4000	4000	-909
chr13	41259577	41267577	41260812	8000	41263577	-4000	4000	-2765
chr13	25092136	25100136	25096241	8000	25096136	-4000	4000	105
chr13	41128802	41136802	41130621	8000	41132802	-4000	4000	-2181
chr13	83878474	83886474	83880123	8000	83882474	-4000	4000	-2351
chr13	27616529	27624529	27623262	8000	27620529	-4000	4000	2733
chr13	36996763	37004763	37002948	8000	37000763	-4000	4000	2185
chr13	43875740	43883740	43882281	8000	43879740	-4000	4000	2541
chr13	51450264	51458264	51452457	8000	51454264	-4000	4000	-1807
chr13	83878474	83886474	83879470	8000	83882474	-4000	4000	-3004
chr13	113118799	113126799	113122863	8000	113122799	-4000	4000	64
chr13	46549168	46557168	46553443	8000	46553168	-4000	4000	275
chr13	78655155	78663155	78659176	8000	78659155	-4000	4000	21
chr13	107863496	107871496	107866439	8000	107867496	-4000	4000	-1057
chr13	27266830	27274830	27273335	8000	27270830	-4000	4000	2505
chr13	51450264	51458264	51452003	8000	51454264	-4000	4000	-2261
chr13	107863496	107871496	107866069	8000	107867496	-4000	4000	-1427
chr13	38683077	38691077	38689824	8000	38687077	-4000	4000	2747
chr13	26218314	26226314	26219556	8000	26222314	-4000	4000	-2758
chr13	93222807	93230807	93227382	8000	93226807	-4000	4000	575
chr13	107863496	107871496	107865852	8000	107867496	-4000	4000	-1644
chr13	23885400	23893400	23891257	8000	23889400	-4000	4000	1857
chr13	26756786	26764786	26759374	8000	26760786	-4000	4000	-1412
chr13	25092136	25100136	25098130	8000	25096136	-4000	4000	1994
chr13	41190569	41198569	41192822	8000	41194569	-4000	4000	-1747
chr13	36427520	36435520	36432046	8000	36431520	-4000	4000	526
chr13	70104493	70112493	70107256	8000	70108493	-4000	4000	-1237
chr13	32311086	32319086	32311787	8000	32315086	-4000	4000	-3299
chr13	37101664	37109664	37104182	8000	37105664	-4000	4000	-1482
chr13	43875740	43883740	43881311	8000	43879740	-4000	4000	1571
chr13	83878474	83886474	83881411	8000	83882474	-4000	4000	-1063
chr13	36994816	37002816	36995525	8000	36998816	-4000	4000	-3291
chr13	83878474	83886474	83879762	8000	83882474	-4000	4000	-2712
chr13	44573147	44581147	44574165	8000	44577147	-4000	4000	-2982
chr13	39599528	39607528	39601166	8000	39603528	-4000	4000	-2362
chr13	44573147	44581147	44575533	8000	44577147	-4000	4000	-1614
chr13	26756786	26764786	26759246	8000	26760786	-4000	4000	-1540
chr13	83878474	83886474	83879530	8000	83882474	-4000	4000	-2944
chr13	79477124	79485124	79481458	8000	79481124	-4000	4000	334
chr13	41307267	41315267	41311520	8000	41311267	-4000	4000	253
chr13	93222807	93230807	93227394	8000	93226807	-4000	4000	587
chr13	27266830	27274830	27270898	8000	27270830	-4000	4000	68
chr13	35472689	35480689	35474216	8000	35476689	-4000	4000	-2473
chr13	48033726	48041726	48037907	8000	48037726	-4000	4000	181
chr13	107863496	107871496	107865952	8000	107867496	-4000	4000	-1544
chr13	37101664	37109664	37104383	8000	37105664	-4000	4000	-1281
chr13	39034089	39042089	39037491	8000	39038089	-4000	4000	-598
chr13	44573147	44581147	44574013	8000	44577147	-4000	4000	-3134
chr13	26218314	26226314	26219610	8000	26222314	-4000	4000	-2704
chr13	83878474	83886474	83880638	8000	83882474	-4000	4000	-1836
chr13	25092136	25100136	25097603	8000	25096136	-4000	4000	1467
chr13	23885400	23893400	23891835	8000	23889400	-4000	4000	2435
chr13	49624507	49632507	49630786	8000	49628507	-4000	4000	2279
chr13	83878474	83886474	83880784	8000	83882474	-4000	4000	-1690
chr13	26218314	26226314	26219556	8000	26222314	-4000	4000	-2758
chr13	39034089	39042089	39037292	8000	39038089	-4000	4000	-797
chr13	95429604	95437604	95433905	8000	95433604	-4000	4000	301
chr13	25092136	25100136	25098334	8000	25096136	-4000	4000	2198
chr13	36996763	37004763	37000686	8000	37000763	-4000	4000	-77
chr13	75478169	75486169	75481560	8000	75482169	-4000	4000	-609
chr13	83878474	83886474	83880361	8000	83882474	-4000	4000	-2113
chr13	79477124	79485124	79481406	8000	79481124	-4000	4000	282
chr13	25092136	25100136	25096139	8000	25096136	-4000	4000	3
chr13	83878474	83886474	83881315	8000	83882474	-4000	4000	-1159
chr13	95640706	95648706	95641520	8000	95644706	-4000	4000	-3186
chr13	41128802	41136802	41132639	8000	41132802	-4000	4000	-163
chr13	36996763	37004763	37000738	8000	37000763	-4000	4000	-25
chr13	46048759	46056759	46053790	8000	46052759	-4000	4000	1031
chr13	26218314	26226314	26219573	8000	26222314	-4000	4000	-2741
chr13	37594844	37602844	37598768	8000	37598844	-4000	4000	-76
chr13	79402477	79410477	79405691	8000	79406477	-4000	4000	-786
chr13	26756786	26764786	26758866	8000	26760786	-4000	4000	-1920
chr13	44985471	44993471	44989722	8000	44989471	-4000	4000	251
chr13	20899048	20907048	20902723	8000	20903048	-4000	4000	-325
chr13	110708736	110716736	110715581	8000	110712736	-4000	4000	2845
chr13	52412373	52420373	52416058	8000	52416373	-4000	4000	-315
chr13	25092136	25100136	25098102	8000	25096136	-4000	4000	1966
chr13	27266830	27274830	27273096	8000	27270830	-4000	4000	2266
chr13	36994816	37002816	36995574	8000	36998816	-4000	4000	-3242
chr13	38683077	38691077	38688606	8000	38687077	-4000	4000	1529
chr13	38683077	38691077	38689750	8000	38687077	-4000	4000	2673
chr13	95429604	95437604	95433727	8000	95433604	-4000	4000	123
chr13	27616529	27624529	27621920	8000	27620529	-4000	4000	1391
chr13	35472689	35480689	35475377	8000	35476689	-4000	4000	-1312
chr13	51580455	51588455	51584715	8000	51584455	-4000	4000	260
chr13	95673139	95681139	95677267	8000	95677139	-4000	4000	128
chr13	49624507	49632507	49630515	8000	49628507	-4000	4000	2008
chr13	35472689	35480689	35475872	8000	35476689	-4000	4000	-817
chr13	38683077	38691077	38690341	8000	38687077	-4000	4000	3264
chr13	44573147	44581147	44575878	8000	44577147	-4000	4000	-1269
chr13	75478169	75486169	75481430	8000	75482169	-4000	4000	-739
chr13	80337126	80345126	80337350	8000	80341126	-4000	4000	-3776
chr13	51450264	51458264	51452418	8000	51454264	-4000	4000	-1846
chr13	35472689	35480689	35475922	8000	35476689	-4000	4000	-767
chr13	19859649	19867649	19864159	8000	19863649	-4000	4000	510
chr13	35472689	35480689	35475922	8000	35476689	-4000	4000	-767
chr13	36427520	36435520	36432637	8000	36431520	-4000	4000	1117
chr13	52155861	52163861	52156291	8000	52159861	-4000	4000	-3570
chr13	41057509	41065509	41061672	8000	41061509	-4000	4000	163
chr13	110708736	110716736	110712890	8000	110712736	-4000	4000	154
chr13	110708736	110716736	110715418	8000	110712736	-4000	4000	2682
chr13	113449488	113457488	113453243	8000	113453488	-4000	4000	-245
chr13	113449488	113457488	113453408	8000	113453488	-4000	4000	-80
chr13	49243925	49251925	49247984	8000	49247925	-4000	4000	59
chr13	36427520	36435520	36431708	8000	36431520	-4000	4000	188
chr13	23885400	23893400	23891660	8000	23889400	-4000	4000	2260
chr13	27616529	27624529	27623141	8000	27620529	-4000	4000	2612
chr13	32534885	32542885	32536430	8000	32538885	-4000	4000	-2455
chr13	41190569	41198569	41193126	8000	41194569	-4000	4000	-1443
chr13	41057509	41065509	41065259	8000	41061509	-4000	4000	3750
chr13	46048759	46056759	46055796	8000	46052759	-4000	4000	3037
chr13	26756786	26764786	26759489	8000	26760786	-4000	4000	-1297
chr13	44985471	44993471	44989721	8000	44989471	-4000	4000	250
chr13	35472689	35480689	35475746	8000	35476689	-4000	4000	-943
chr13	67226445	67234445	67226886	8000	67230445	-4000	4000	-3559
chr13	41190569	41198569	41193149	8000	41194569	-4000	4000	-1420
chr13	106564137	106572137	106567653	8000	106568137	-4000	4000	-484
chr13	57627744	57635744	57634805	8000	57631744	-4000	4000	3061
chr13	23885400	23893400	23886462	8000	23889400	-4000	4000	-2938
chr13	52155861	52163861	52156198	8000	52159861	-4000	4000	-3663
chr13	26756786	26764786	26759271	8000	26760786	-4000	4000	-1515
chr13	45337284	45345284	45340003	8000	45341284	-4000	4000	-1281
chr13	49624507	49632507	49630673	8000	49628507	-4000	4000	2166
chr13	25092136	25100136	25096991	8000	25096136	-4000	4000	855
chr13	39034306	39042306	39042289	8000	39038306	-4000	4000	3983
chr13	25092136	25100136	25097971	8000	25096136	-4000	4000	1835
chr13	67226445	67234445	67228338	8000	67230445	-4000	4000	-2107
chr13	48299744	48307744	48307324	8000	48303744	-4000	4000	3580
chr13	76882405	76890405	76885211	8000	76886405	-4000	4000	-1194
chr13	36994816	37002816	36995542	8000	36998816	-4000	4000	-3274
chr13	52155861	52163861	52156264	8000	52159861	-4000	4000	-3597
chr13	57627744	57635744	57634614	8000	57631744	-4000	4000	2870
chr13	80337126	80345126	80337690	8000	80341126	-4000	4000	-3436
chr13	96086107	96094107	96091288	8000	96090107	-4000	4000	1181
chr13	102794976	102802976	102796864	8000	102798976	-4000	4000	-2112
chr13	110708736	110716736	110715592	8000	110712736	-4000	4000	2856
chr13	53024813	53032813	53028932	8000	53028813	-4000	4000	119
chr13	67226445	67234445	67227886	8000	67230445	-4000	4000	-2559
chr13	25092136	25100136	25098152	8000	25096136	-4000	4000	2016
chr13	21136514	21144514	21140943	8000	21140514	-4000	4000	429
chr13	25092136	25100136	25097644	8000	25096136	-4000	4000	1508
chr13	26756786	26764786	26759476	8000	26760786	-4000	4000	-1310
chr13	28714970	28722970	28717870	8000	28718970	-4000	4000	-1100
chr13	32534885	32542885	32535929	8000	32538885	-4000	4000	-2956
chr13	41128802	41136802	41131065	8000	41132802	-4000	4000	-1737
chr13	41128802	41136802	41131130	8000	41132802	-4000	4000	-1672
chr13	41190569	41198569	41193709	8000	41194569	-4000	4000	-860
chr13	57627744	57635744	57632958	8000	57631744	-4000	4000	1214
chr13	67226445	67234445	67228280	8000	67230445	-4000	4000	-2165
chr13	72723629	72731629	72731359	8000	72727629	-4000	4000	3730
chr13	83878474	83886474	83880972	8000	83882474	-4000	4000	-1502
chr13	106564137	106572137	106567665	8000	106568137	-4000	4000	-472
chr13	114277601	114285601	114282857	8000	114281601	-4000	4000	1256
chr13	36996763	37004763	37000631	8000	37000763	-4000	4000	-132
chr13	25092136	25100136	25096240	8000	25096136	-4000	4000	104
chr13	45460898	45468898	45464960	8000	45464898	-4000	4000	62
chr13	27616529	27624529	27621907	8000	27620529	-4000	4000	1378
chr13	37594844	37602844	37598681	8000	37598844	-4000	4000	-163
chr13	97430169	97438169	97434741	8000	97434169	-4000	4000	572
chr13	38683077	38691077	38687356	8000	38687077	-4000	4000	279
chr13	34938270	34946270	34943093	8000	34942270	-4000	4000	823
chr13	20188938	20196938	20189144	8000	20192938	-4000	4000	-3794
chr13	28655104	28663104	28662418	8000	28659104	-4000	4000	3314
chr13	110708736	110716736	110714207	8000	110712736	-4000	4000	1471
chr13	110708736	110716736	110715833	8000	110712736	-4000	4000	3097
chr13	23885400	23893400	23891665	8000	23889400	-4000	4000	2265
chr13	38683077	38691077	38689922	8000	38687077	-4000	4000	2845
chr13	23885400	23893400	23886483	8000	23889400	-4000	4000	-2917
chr13	49932490	49940490	49936225	8000	49936490	-4000	4000	-265
chr13	44573147	44581147	44574854	8000	44577147	-4000	4000	-2293
chr13	44573147	44581147	44575765	8000	44577147	-4000	4000	-1382
chr13	20188938	20196938	20188983	8000	20192938	-4000	4000	-3955
chr13	37101664	37109664	37104763	8000	37105664	-4000	4000	-901
chr13	67226445	67234445	67228489	8000	67230445	-4000	4000	-1956
chr13	32534885	32542885	32535778	8000	32538885	-4000	4000	-3107
chr13	52125092	52133092	52127445	8000	52129092	-4000	4000	-1647
chr13	37594844	37602844	37597189	8000	37598844	-4000	4000	-1655
chr13	38683077	38691077	38690006	8000	38687077	-4000	4000	2929
chr13	83878474	83886474	83878529	8000	83882474	-4000	4000	-3945
chr13	25297556	25305556	25301755	8000	25301556	-4000	4000	199
chr13	52125092	52133092	52127474	8000	52129092	-4000	4000	-1618
chr13	32534885	32542885	32536714	8000	32538885	-4000	4000	-2171
chr13	83878474	83886474	83880537	8000	83882474	-4000	4000	-1937
chr13	38683077	38691077	38690106	8000	38687077	-4000	4000	3029
chr13	70104493	70112493	70107395	8000	70108493	-4000	4000	-1098
chr13	35472689	35480689	35475780	8000	35476689	-4000	4000	-909
chr13	83878474	83886474	83879424	8000	83882474	-4000	4000	-3050
chr13	44573147	44581147	44574267	8000	44577147	-4000	4000	-2880
chr14	67615920	67623920	67620944	8000	67619920	-4000	4000	1024
chr14	92036896	92044896	92039646	8000	92040896	-4000	4000	-1250
chr14	37591847	37599847	37592035	8000	37595847	-4000	4000	-3812
chr14	75047532	75055532	75049506	8000	75051532	-4000	4000	-2026
chr14	77112568	77120568	77113551	8000	77116568	-4000	4000	-3017
chr14	20777268	20785268	20781943	8000	20781268	-4000	4000	675
chr14	21472960	21480960	21476889	8000	21476960	-4000	4000	-71
chr14	24331093	24339093	24337996	8000	24335093	-4000	4000	2903
chr14	24438905	24446905	24442069	8000	24442905	-4000	4000	-836
chr14	34535704	34543704	34536276	8000	34539704	-4000	4000	-3428
chr14	49595164	49603164	49599175	8000	49599164	-4000	4000	11
chr14	75047532	75055532	75049526	8000	75051532	-4000	4000	-2006
chr14	77372689	77380689	77378379	8000	77376689	-4000	4000	1690
chr14	92790305	92798305	92797605	8000	92794305	-4000	4000	3300
chr14	24438905	24446905	24442815	8000	24442905	-4000	4000	-90
chr14	35805304	35813304	35808727	8000	35809304	-4000	4000	-577
chr14	39166532	39174532	39170131	8000	39170532	-4000	4000	-401
chr14	52703178	52711178	52707202	8000	52707178	-4000	4000	24
chr14	76147916	76155916	76154741	8000	76151916	-4000	4000	2825
chr14	22825879	22833879	22829924	8000	22829879	-4000	4000	45
chr14	69394015	69402015	69399256	8000	69398015	-4000	4000	1241
chr14	75065483	75073483	75071270	8000	75069483	-4000	4000	1787
chr14	103329544	103337544	103335864	8000	103333544	-4000	4000	2320
chr14	73710384	73718384	73717580	8000	73714384	-4000	4000	3196
chr14	104791751	104799751	104792634	8000	104795751	-4000	4000	-3117
chr14	24267611	24275611	24269536	8000	24271611	-4000	4000	-2075
chr14	93180973	93188973	93183317	8000	93184973	-4000	4000	-1656
chr14	54898826	54906826	54902498	8000	54902826	-4000	4000	-328
chr14	74919302	74927302	74919902	8000	74923302	-4000	4000	-3400
chr14	34458774	34466774	34462231	8000	34462774	-4000	4000	-543
chr14	102135699	102143699	102139255	8000	102139699	-4000	4000	-444
chr14	102135699	102143699	102140079	8000	102139699	-4000	4000	380
chr14	23551988	23559988	23559759	8000	23555988	-4000	4000	3771
chr14	34710823	34718823	34711258	8000	34714823	-4000	4000	-3565
chr14	24267611	24275611	24267704	8000	24271611	-4000	4000	-3907
chr14	24110195	24118195	24117026	8000	24114195	-4000	4000	2831
chr14	24143570	24151570	24144015	8000	24147570	-4000	4000	-3555
chr14	45038322	45046322	45044830	8000	45042322	-4000	4000	2508
chr14	51092061	51100061	51094598	8000	51096061	-4000	4000	-1463
chr14	70637916	70645916	70642342	8000	70641916	-4000	4000	426
chr14	23431660	23439660	23432661	8000	23435660	-4000	4000	-2999
chr14	91776707	91784707	91783103	8000	91780707	-4000	4000	2396
chr14	24331093	24339093	24338311	8000	24335093	-4000	4000	3218
chr14	52310305	52318305	52314585	8000	52314305	-4000	4000	280
chr14	20985973	20993973	20992548	8000	20989973	-4000	4000	2575
chr14	73587873	73595873	73595322	8000	73591873	-4000	4000	3449
chr14	24111010	24119010	24118465	8000	24115010	-4000	4000	3455
chr14	24132163	24140163	24132232	8000	24136163	-4000	4000	-3931
chr14	104749147	104757147	104756539	8000	104753147	-4000	4000	3392
chr14	20451191	20459191	20457511	8000	20455191	-4000	4000	2320
chr14	38252093	38260093	38255065	8000	38256093	-4000	4000	-1028
chr14	55187608	55195608	55189181	8000	55191608	-4000	4000	-2427
chr14	73486933	73494933	73492748	8000	73490933	-4000	4000	1815
chr14	93180973	93188973	93183248	8000	93184973	-4000	4000	-1725
chr14	24331093	24339093	24338666	8000	24335093	-4000	4000	3573
chr14	24572250	24580250	24576246	8000	24576250	-4000	4000	-4
chr14	37591847	37599847	37592256	8000	37595847	-4000	4000	-3591
chr14	45131930	45139930	45137191	8000	45135930	-4000	4000	1261
chr14	75518455	75526455	75525108	8000	75522455	-4000	4000	2653
chr14	39171183	39179183	39175374	8000	39175183	-4000	4000	191
chr14	37591847	37599847	37592193	8000	37595847	-4000	4000	-3654
chr14	75979011	75987011	75980747	8000	75983011	-4000	4000	-2264
chr14	35400749	35408749	35404554	8000	35404749	-4000	4000	-195
chr14	95529503	95537503	95533317	8000	95533503	-4000	4000	-186
chr14	58294504	58302504	58299811	8000	58298504	-4000	4000	1307
chr14	67686367	67694367	67690236	8000	67690367	-4000	4000	-131
chr14	75065483	75073483	75071275	8000	75069483	-4000	4000	1792
chr14	23551988	23559988	23556864	8000	23555988	-4000	4000	876
chr14	23551988	23559988	23557010	8000	23555988	-4000	4000	1022
chr14	75047532	75055532	75048119	8000	75051532	-4000	4000	-3413
chr14	77372689	77380689	77378128	8000	77376689	-4000	4000	1439
chr14	67356265	67364265	67359682	8000	67360265	-4000	4000	-583
chr14	88380924	88388924	88385773	8000	88384924	-4000	4000	849
chr14	60720351	60728351	60723484	8000	60724351	-4000	4000	-867
chr14	68792253	68800253	68795280	8000	68796253	-4000	4000	-973
chr14	91506554	91514554	91509515	8000	91510554	-4000	4000	-1039
chr14	39171183	39179183	39176075	8000	39175183	-4000	4000	892
chr14	24425286	24433286	24428938	8000	24429286	-4000	4000	-348
chr14	24209473	24217473	24214134	8000	24213473	-4000	4000	661
chr14	37168606	37176606	37172351	8000	37172606	-4000	4000	-255
chr14	37168606	37176606	37172449	8000	37172606	-4000	4000	-157
chr14	21533216	21541216	21536994	8000	21537216	-4000	4000	-222
chr14	23091505	23099505	23095168	8000	23095505	-4000	4000	-337
chr14	24331093	24339093	24338088	8000	24335093	-4000	4000	2995
chr14	61277761	61285761	61281699	8000	61281761	-4000	4000	-62
chr14	37591847	37599847	37592035	8000	37595847	-4000	4000	-3812
chr14	24295850	24303850	24301661	8000	24299850	-4000	4000	1811
chr14	49889079	49897079	49894421	8000	49893079	-4000	4000	1342
chr14	23431660	23439660	23432495	8000	23435660	-4000	4000	-3165
chr14	51236162	51244162	51240281	8000	51240162	-4000	4000	119
chr14	51092061	51100061	51094229	8000	51096061	-4000	4000	-1832
chr14	70412984	70420984	70417023	8000	70416984	-4000	4000	39
chr14	24331093	24339093	24338384	8000	24335093	-4000	4000	3291
chr14	73710384	73718384	73713038	8000	73714384	-4000	4000	-1346
chr14	20451191	20459191	20455930	8000	20455191	-4000	4000	739
chr14	39171183	39179183	39179098	8000	39175183	-4000	4000	3915
chr14	103558657	103566657	103562051	8000	103562657	-4000	4000	-606
chr14	30618291	30626291	30622462	8000	30622291	-4000	4000	171
chr14	104601647	104609647	104604486	8000	104605647	-4000	4000	-1161
chr14	24425286	24433286	24431629	8000	24429286	-4000	4000	2343
chr14	53149323	53157323	53152306	8000	53153323	-4000	4000	-1017
chr14	65406592	65414592	65411943	8000	65410592	-4000	4000	1351
chr14	74015349	74023349	74019414	8000	74019349	-4000	4000	65
chr14	101557351	101565351	101562472	8000	101561351	-4000	4000	1121
chr14	104601647	104609647	104604757	8000	104605647	-4000	4000	-890
chr14	22867740	22875740	22872270	8000	22871740	-4000	4000	530
chr14	22915182	22923182	22922557	8000	22919182	-4000	4000	3375
chr14	75274826	75282826	75278873	8000	75278826	-4000	4000	47
chr14	24267611	24275611	24268741	8000	24271611	-4000	4000	-2870
chr14	22925408	22933408	22929331	8000	22929408	-4000	4000	-77
chr14	51985514	51993514	51989638	8000	51989514	-4000	4000	124
chr14	103329544	103337544	103335893	8000	103333544	-4000	4000	2349
chr14	105244533	105252533	105249877	8000	105248533	-4000	4000	1344
chr14	24425286	24433286	24427633	8000	24429286	-4000	4000	-1653
chr14	60720351	60728351	60723367	8000	60724351	-4000	4000	-984
chr14	23091505	23099505	23095311	8000	23095505	-4000	4000	-194
chr14	24605699	24613699	24606685	8000	24609699	-4000	4000	-3014
chr14	24167853	24175853	24172968	8000	24171853	-4000	4000	1115
chr14	24209473	24217473	24209832	8000	24213473	-4000	4000	-3641
chr14	30618291	30626291	30622411	8000	30622291	-4000	4000	120
chr14	101557351	101565351	101561804	8000	101561351	-4000	4000	453
chr14	20451191	20459191	20457104	8000	20455191	-4000	4000	1913
chr14	45038322	45046322	45044686	8000	45042322	-4000	4000	2364
chr14	22915182	22923182	22920786	8000	22919182	-4000	4000	1604
chr14	52703178	52711178	52711163	8000	52707178	-4000	4000	3985
chr14	105244533	105252533	105250213	8000	105248533	-4000	4000	1680
chr14	37591847	37599847	37592142	8000	37595847	-4000	4000	-3705
chr14	24143570	24151570	24150853	8000	24147570	-4000	4000	3283
chr14	23031230	23039230	23034803	8000	23035230	-4000	4000	-427
chr14	52065059	52073059	52067952	8000	52069059	-4000	4000	-1107
chr14	77704071	77712071	77707872	8000	77708071	-4000	4000	-199
chr14	39226231	39234231	39234196	8000	39230231	-4000	4000	3965
chr14	104796596	104804596	104802870	8000	104800596	-4000	4000	2274
chr14	68792253	68800253	68793068	8000	68796253	-4000	4000	-3185
chr14	24361673	24369673	24367128	8000	24365673	-4000	4000	1455
chr14	24438905	24446905	24440201	8000	24442905	-4000	4000	-2704
chr14	49848821	49856821	49852757	8000	49852821	-4000	4000	-64
chr14	52310305	52318305	52315218	8000	52314305	-4000	4000	913
chr14	74015349	74023349	74023015	8000	74019349	-4000	4000	3666
chr14	31203804	31211804	31205797	8000	31207804	-4000	4000	-2007
chr14	38252093	38260093	38256367	8000	38256093	-4000	4000	274
chr14	23091505	23099505	23097702	8000	23095505	-4000	4000	2197
chr14	50528509	50536509	50531955	8000	50532509	-4000	4000	-554
chr14	24143570	24151570	24145156	8000	24147570	-4000	4000	-2414
chr14	20464954	20472954	20469461	8000	20468954	-4000	4000	507
chr14	73945926	73953926	73949944	8000	73949926	-4000	4000	18
chr14	24209473	24217473	24215556	8000	24213473	-4000	4000	2083
chr14	23053538	23061538	23054305	8000	23057538	-4000	4000	-3233
chr14	24143570	24151570	24148106	8000	24147570	-4000	4000	536
chr14	24425286	24433286	24427858	8000	24429286	-4000	4000	-1428
chr14	50412461	50420461	50419994	8000	50416461	-4000	4000	3533
chr14	67596286	67604286	67600084	8000	67600286	-4000	4000	-202
chr14	22978258	22986258	22982056	8000	22982258	-4000	4000	-202
chr14	74998921	75006921	75002976	8000	75002921	-4000	4000	55
chr14	102135699	102143699	102139893	8000	102139699	-4000	4000	194
chr14	23091505	23099505	23097772	8000	23095505	-4000	4000	2267
chr14	37591847	37599847	37592106	8000	37595847	-4000	4000	-3741
chr14	94766113	94774113	94768551	8000	94770113	-4000	4000	-1562
chr14	105244533	105252533	105250906	8000	105248533	-4000	4000	2373
chr14	38252093	38260093	38255613	8000	38256093	-4000	4000	-480
chr14	60720351	60728351	60723639	8000	60724351	-4000	4000	-712
chr14	74608378	74616378	74611468	8000	74612378	-4000	4000	-910
chr14	20777268	20785268	20782253	8000	20781268	-4000	4000	985
chr14	22925408	22933408	22926264	8000	22929408	-4000	4000	-3144
chr14	24438905	24446905	24442207	8000	24442905	-4000	4000	-698
chr14	45131930	45139930	45136064	8000	45135930	-4000	4000	134
chr14	73533143	73541143	73537467	8000	73537143	-4000	4000	324
chr14	100155645	100163645	100159557	8000	100159645	-4000	4000	-88
chr14	22585224	22593224	22588985	8000	22589224	-4000	4000	-239
chr14	90392502	90400502	90397173	8000	90396502	-4000	4000	671
chr14	20451191	20459191	20455659	8000	20455191	-4000	4000	468
chr14	58423531	58431531	58428289	8000	58427531	-4000	4000	758
chr14	103329544	103337544	103336760	8000	103333544	-4000	4000	3216
chr14	49689105	49697105	49693205	8000	49693105	-4000	4000	100
chr14	51092061	51100061	51094640	8000	51096061	-4000	4000	-1421
chr14	44958190	44966190	44962530	8000	44962190	-4000	4000	340
chr14	50528509	50536509	50532124	8000	50532509	-4000	4000	-385
chr14	22925408	22933408	22928611	8000	22929408	-4000	4000	-797
chr14	44958190	44966190	44962365	8000	44962190	-4000	4000	175
chr14	102358916	102366916	102359545	8000	102362916	-4000	4000	-3371
chr14	105164824	105172824	105167973	8000	105168824	-4000	4000	-851
chr14	75274826	75282826	75278993	8000	75278826	-4000	4000	167
chr14	94588058	94596058	94592067	8000	94592058	-4000	4000	9
chr14	23302833	23310833	23308815	8000	23306833	-4000	4000	1982
chr14	104796596	104804596	104801873	8000	104800596	-4000	4000	1277
chr14	75047532	75055532	75048944	8000	75051532	-4000	4000	-2588
chr14	24438905	24446905	24439913	8000	24442905	-4000	4000	-2992
chr14	37591847	37599847	37592035	8000	37595847	-4000	4000	-3812
chr14	37591847	37599847	37592107	8000	37595847	-4000	4000	-3740
chr14	59480443	59488443	59487647	8000	59484443	-4000	4000	3204
chr14	65098695	65106695	65102327	8000	65102695	-4000	4000	-368
chr14	39171183	39179183	39177903	8000	39175183	-4000	4000	2720
chr14	67686367	67694367	67692543	8000	67690367	-4000	4000	2176
chr14	73486933	73494933	73491817	8000	73490933	-4000	4000	884
chr14	75979011	75987011	75980636	8000	75983011	-4000	4000	-2375
chr14	76822246	76830246	76828620	8000	76826246	-4000	4000	2374
chr14	77757207	77765207	77761109	8000	77761207	-4000	4000	-98
chr14	94077301	94085301	94079131	8000	94081301	-4000	4000	-2170
chr14	23091505	23099505	23095034	8000	23095505	-4000	4000	-471
chr14	23949734	23957734	23953815	8000	23953734	-4000	4000	81
chr14	24143570	24151570	24148051	8000	24147570	-4000	4000	481
chr14	34710823	34718823	34713529	8000	34714823	-4000	4000	-1294
chr14	61691513	61699513	61695684	8000	61695513	-4000	4000	171
chr14	73587873	73595873	73592180	8000	73591873	-4000	4000	307
chr14	101557351	101565351	101558414	8000	101561351	-4000	4000	-2937
chr14	103525196	103533196	103532801	8000	103529196	-4000	4000	3605
chr14	75065483	75073483	75071174	8000	75069483	-4000	4000	1691
chr14	49631244	49639244	49635078	8000	49635244	-4000	4000	-166
chr14	64384031	64392031	64388403	8000	64388031	-4000	4000	372
chr14	35400749	35408749	35402010	8000	35404749	-4000	4000	-2739
chr14	67356265	67364265	67359741	8000	67360265	-4000	4000	-524
chr14	73023131	73031131	73024197	8000	73027131	-4000	4000	-2934
chr14	73486933	73494933	73492018	8000	73490933	-4000	4000	1085
chr14	77372689	77380689	77378973	8000	77376689	-4000	4000	2284
chr14	93180973	93188973	93183121	8000	93184973	-4000	4000	-1852
chr14	94077301	94085301	94079474	8000	94081301	-4000	4000	-1827
chr14	20339615	20347615	20343683	8000	20343615	-4000	4000	68
chr14	24572250	24580250	24573569	8000	24576250	-4000	4000	-2681
chr14	37591847	37599847	37592107	8000	37595847	-4000	4000	-3740
chr14	58423531	58431531	58428343	8000	58427531	-4000	4000	812
chr14	21066273	21074273	21073202	8000	21070273	-4000	4000	2929
chr14	24605699	24613699	24606730	8000	24609699	-4000	4000	-2969
chr14	37591847	37599847	37592147	8000	37595847	-4000	4000	-3700
chr14	37591847	37599847	37594951	8000	37595847	-4000	4000	-896
chr14	45131930	45139930	45134507	8000	45135930	-4000	4000	-1423
chr14	49616799	49624799	49622112	8000	49620799	-4000	4000	1313
chr14	50308229	50316229	50312811	8000	50312229	-4000	4000	582
chr14	51236162	51244162	51240274	8000	51240162	-4000	4000	112
chr14	93180973	93188973	93183843	8000	93184973	-4000	4000	-1130
chr14	101557351	101565351	101562880	8000	101561351	-4000	4000	1529
chr14	22762522	22770522	22768108	8000	22766522	-4000	4000	1586
chr14	24137591	24145591	24140893	8000	24141591	-4000	4000	-698
chr14	75047532	75055532	75049665	8000	75051532	-4000	4000	-1867
chr14	67686367	67694367	67691206	8000	67690367	-4000	4000	839
chr14	52310305	52318305	52315237	8000	52314305	-4000	4000	932
chr14	74877891	74885891	74885586	8000	74881891	-4000	4000	3695
chr14	24132163	24140163	24139197	8000	24136163	-4000	4000	3034
chr14	22825879	22833879	22830091	8000	22829879	-4000	4000	212
chr14	24132163	24140163	24138769	8000	24136163	-4000	4000	2606
chr14	53954761	53962761	53956624	8000	53958761	-4000	4000	-2137
chr14	104861268	104869268	104868508	8000	104865268	-4000	4000	3240
chr14	73587873	73595873	73592106	8000	73591873	-4000	4000	233
chr14	24361673	24369673	24367141	8000	24365673	-4000	4000	1468
chr14	37591847	37599847	37592045	8000	37595847	-4000	4000	-3802
chr14	24132163	24140163	24136292	8000	24136163	-4000	4000	129
chr14	24605699	24613699	24608320	8000	24609699	-4000	4000	-1379
chr14	24295850	24303850	24303089	8000	24299850	-4000	4000	3239
chr14	24438905	24446905	24440523	8000	24442905	-4000	4000	-2382
chr14	49595164	49603164	49602445	8000	49599164	-4000	4000	3281
chr14	68792253	68800253	68792905	8000	68796253	-4000	4000	-3348
chr14	24143570	24151570	24147869	8000	24147570	-4000	4000	299
chr14	75979011	75987011	75980654	8000	75983011	-4000	4000	-2357
chr14	90057994	90065994	90062452	8000	90061994	-4000	4000	458
chr14	101557351	101565351	101557594	8000	101561351	-4000	4000	-3757
chr14	60977114	60985114	60981246	8000	60981114	-4000	4000	132
chr14	103329544	103337544	103336087	8000	103333544	-4000	4000	2543
chr14	50664306	50672306	50665368	8000	50668306	-4000	4000	-2938
chr14	24048009	24056009	24049324	8000	24052009	-4000	4000	-2685
chr14	20339615	20347615	20343683	8000	20343615	-4000	4000	68
chr14	24336022	24344022	24339482	8000	24340022	-4000	4000	-540
chr14	21533216	21541216	21536879	8000	21537216	-4000	4000	-337
chr14	77024708	77032708	77026664	8000	77028708	-4000	4000	-2044
chr14	22879222	22887222	22886081	8000	22883222	-4000	4000	2859
chr14	24110195	24118195	24117682	8000	24114195	-4000	4000	3487
chr14	24110195	24118195	24118095	8000	24114195	-4000	4000	3900
chr14	30870514	30878514	30874837	8000	30874514	-4000	4000	323
chr14	103558657	103566657	103562076	8000	103562657	-4000	4000	-581
chr14	103329544	103337544	103337214	8000	103333544	-4000	4000	3670
chr14	24572250	24580250	24575288	8000	24576250	-4000	4000	-962
chr14	51236162	51244162	51240238	8000	51240162	-4000	4000	76
chr14	93203065	93211065	93207131	8000	93207065	-4000	4000	66
chr14	94766113	94774113	94768614	8000	94770113	-4000	4000	-1499
chr14	24267611	24275611	24269111	8000	24271611	-4000	4000	-2500
chr14	24331093	24339093	24338666	8000	24335093	-4000	4000	3573
chr14	36316637	36324637	36316797	8000	36320637	-4000	4000	-3840
chr14	52310305	52318305	52315251	8000	52314305	-4000	4000	946
chr14	52703178	52711178	52707179	8000	52707178	-4000	4000	1
chr14	49595164	49603164	49599138	8000	49599164	-4000	4000	-26
chr14	24331093	24339093	24338666	8000	24335093	-4000	4000	3573
chr14	24572250	24580250	24573677	8000	24576250	-4000	4000	-2573
chr14	93180973	93188973	93184242	8000	93184973	-4000	4000	-731
chr14	24110195	24118195	24117277	8000	24114195	-4000	4000	3082
chr14	75047532	75055532	75048735	8000	75051532	-4000	4000	-2797
chr14	75047532	75055532	75053611	8000	75051532	-4000	4000	2079
chr14	105485855	105493855	105492238	8000	105489855	-4000	4000	2383
chr14	20451191	20459191	20457416	8000	20455191	-4000	4000	2225
chr14	22832560	22840560	22834399	8000	22836560	-4000	4000	-2161
chr14	22925408	22933408	22929216	8000	22929408	-4000	4000	-192
chr14	23053538	23061538	23054571	8000	23057538	-4000	4000	-2967
chr14	23465689	23473689	23469695	8000	23469689	-4000	4000	6
chr14	24137591	24145591	24141266	8000	24141591	-4000	4000	-325
chr14	24209473	24217473	24215661	8000	24213473	-4000	4000	2188
chr14	24260432	24268432	24262350	8000	24264432	-4000	4000	-2082
chr14	37591847	37599847	37592108	8000	37595847	-4000	4000	-3739
chr14	39171183	39179183	39176571	8000	39175183	-4000	4000	1388
chr14	45038322	45046322	45043741	8000	45042322	-4000	4000	1419
chr14	67686367	67694367	67692532	8000	67690367	-4000	4000	2165
chr14	73587873	73595873	73595342	8000	73591873	-4000	4000	3469
chr14	74489756	74497756	74493285	8000	74493756	-4000	4000	-471
chr14	75047532	75055532	75048939	8000	75051532	-4000	4000	-2593
chr14	75060109	75068109	75063472	8000	75064109	-4000	4000	-637
chr14	93180973	93188973	93183171	8000	93184973	-4000	4000	-1802
chr14	93203065	93211065	93210655	8000	93207065	-4000	4000	3590
chr14	103558657	103566657	103560939	8000	103562657	-4000	4000	-1718
chr14	105394538	105402538	105394595	8000	105398538	-4000	4000	-3943
chr14	105485855	105493855	105491072	8000	105489855	-4000	4000	1217
chr14	105485855	105493855	105492662	8000	105489855	-4000	4000	2807
chr14	74998921	75006921	75003597	8000	75002921	-4000	4000	676
chr14	21380019	21388019	21385311	8000	21384019	-4000	4000	1292
chr14	51236162	51244162	51240331	8000	51240162	-4000	4000	169
chr14	24572250	24580250	24574487	8000	24576250	-4000	4000	-1763
chr14	92919150	92927150	92926646	8000	92923150	-4000	4000	3496
chr14	23551988	23559988	23557274	8000	23555988	-4000	4000	1286
chr14	103518833	103526833	103522353	8000	103522833	-4000	4000	-480
chr14	65406592	65414592	65411902	8000	65410592	-4000	4000	1310
chr14	101557351	101565351	101557985	8000	101561351	-4000	4000	-3366
chr14	22879222	22887222	22884696	8000	22883222	-4000	4000	1474
chr14	23031230	23039230	23033394	8000	23035230	-4000	4000	-1836
chr14	24048009	24056009	24055079	8000	24052009	-4000	4000	3070
chr14	24110195	24118195	24115715	8000	24114195	-4000	4000	1520
chr14	24209473	24217473	24211557	8000	24213473	-4000	4000	-1916
chr14	34710823	34718823	34713494	8000	34714823	-4000	4000	-1329
chr14	35118517	35126517	35123665	8000	35122517	-4000	4000	1148
chr14	67615920	67623920	67620933	8000	67619920	-4000	4000	1013
chr14	69480692	69488692	69485085	8000	69484692	-4000	4000	393
chr14	73486933	73494933	73493303	8000	73490933	-4000	4000	2370
chr14	75047532	75055532	75048187	8000	75051532	-4000	4000	-3345
chr14	75274826	75282826	75280594	8000	75278826	-4000	4000	1768
chr14	77372689	77380689	77377734	8000	77376689	-4000	4000	1045
chr14	92919150	92927150	92924206	8000	92923150	-4000	4000	1056
chr14	73640875	73648875	73644946	8000	73644875	-4000	4000	71
chr14	93180973	93188973	93186446	8000	93184973	-4000	4000	1473
chr14	64461499	64469499	64469198	8000	64465499	-4000	4000	3699
chr14	52310305	52318305	52315391	8000	52314305	-4000	4000	1086
chr14	54437391	54445391	54441326	8000	54441391	-4000	4000	-65
chr14	24307450	24315450	24311608	8000	24311450	-4000	4000	158
chr14	38252093	38260093	38255643	8000	38256093	-4000	4000	-450
chr14	49848821	49856821	49852757	8000	49852821	-4000	4000	-64
chr14	23949734	23957734	23955195	8000	23953734	-4000	4000	1461
chr14	32072114	32080114	32075859	8000	32076114	-4000	4000	-255
chr14	99268197	99276197	99271255	8000	99272197	-4000	4000	-942
chr14	24295850	24303850	24302053	8000	24299850	-4000	4000	2203
chr14	75274826	75282826	75281622	8000	75278826	-4000	4000	2796
chr14	21100722	21108722	21103417	8000	21104722	-4000	4000	-1305
chr14	39110285	39118285	39114849	8000	39114285	-4000	4000	564
chr14	59461380	59469380	59464021	8000	59465380	-4000	4000	-1359
chr14	24209473	24217473	24214558	8000	24213473	-4000	4000	1085
chr14	60977114	60985114	60977564	8000	60981114	-4000	4000	-3550
chr14	23348912	23356912	23349325	8000	23352912	-4000	4000	-3587
chr14	22978258	22986258	22981390	8000	22982258	-4000	4000	-868
chr14	24167853	24175853	24175554	8000	24171853	-4000	4000	3701
chr14	93180973	93188973	93183708	8000	93184973	-4000	4000	-1265
chr14	24132163	24140163	24136185	8000	24136163	-4000	4000	22
chr14	93203065	93211065	93203451	8000	93207065	-4000	4000	-3614
chr14	101557351	101565351	101562316	8000	101561351	-4000	4000	965
chr14	93203065	93211065	93206998	8000	93207065	-4000	4000	-67
chr14	105244533	105252533	105250195	8000	105248533	-4000	4000	1662
chr14	21472960	21480960	21476602	8000	21476960	-4000	4000	-358
chr14	57386544	57394544	57391559	8000	57390544	-4000	4000	1015
chr14	104749147	104757147	104755634	8000	104753147	-4000	4000	2487
chr14	23091505	23099505	23098575	8000	23095505	-4000	4000	3070
chr14	37591847	37599847	37592008	8000	37595847	-4000	4000	-3839
chr14	20464954	20472954	20472509	8000	20468954	-4000	4000	3555
chr14	37591847	37599847	37592256	8000	37595847	-4000	4000	-3591
chr14	52726166	52734166	52727560	8000	52730166	-4000	4000	-2606
chr14	77372689	77380689	77378782	8000	77376689	-4000	4000	2093
chr14	24143570	24151570	24150631	8000	24147570	-4000	4000	3061
chr14	74998921	75006921	75004902	8000	75002921	-4000	4000	1981
chr14	53149323	53157323	53152633	8000	53153323	-4000	4000	-690
chr14	73945926	73953926	73946288	8000	73949926	-4000	4000	-3638
chr14	39110285	39118285	39114296	8000	39114285	-4000	4000	11
chr14	39110285	39118285	39114833	8000	39114285	-4000	4000	548
chr14	55187608	55195608	55191667	8000	55191608	-4000	4000	59
chr14	75065483	75073483	75070615	8000	75069483	-4000	4000	1132
chr14	60977114	60985114	60979564	8000	60981114	-4000	4000	-1550
chr14	37591847	37599847	37594942	8000	37595847	-4000	4000	-905
chr14	74998921	75006921	75003567	8000	75002921	-4000	4000	646
chr14	24228422	24236422	24233239	8000	24232422	-4000	4000	817
chr14	60977114	60985114	60980980	8000	60981114	-4000	4000	-134
chr14	64910485	64918485	64914533	8000	64914485	-4000	4000	48
chr14	68792253	68800253	68792979	8000	68796253	-4000	4000	-3274
chr14	37591847	37599847	37592134	8000	37595847	-4000	4000	-3713
chr14	77372689	77380689	77377867	8000	77376689	-4000	4000	1178
chr14	91943987	91951987	91947289	8000	91947987	-4000	4000	-698
chr14	24238674	24246674	24239937	8000	24242674	-4000	4000	-2737
chr14	73486933	73494933	73492158	8000	73490933	-4000	4000	1225
chr14	22762522	22770522	22768279	8000	22766522	-4000	4000	1757
chr14	24267611	24275611	24270882	8000	24271611	-4000	4000	-729
chr14	75047532	75055532	75048632	8000	75051532	-4000	4000	-2900
chr14	75274826	75282826	75280062	8000	75278826	-4000	4000	1236
chr14	61758420	61766420	61762539	8000	61762420	-4000	4000	119
chr14	93180973	93188973	93183837	8000	93184973	-4000	4000	-1136
chr14	93180973	93188973	93184224	8000	93184973	-4000	4000	-749
chr14	75274826	75282826	75281370	8000	75278826	-4000	4000	2544
chr14	63724065	63732065	63727443	8000	63728065	-4000	4000	-622
chr14	22825879	22833879	22833458	8000	22829879	-4000	4000	3579
chr14	22762522	22770522	22770266	8000	22766522	-4000	4000	3744
chr14	23053538	23061538	23061410	8000	23057538	-4000	4000	3872
chr14	24438905	24446905	24441019	8000	24442905	-4000	4000	-1886
chr14	21066872	21074872	21074872	8000	21070872	-4000	4000	4000
chr14	23551988	23559988	23557247	8000	23555988	-4000	4000	1259
chr14	24132163	24140163	24139430	8000	24136163	-4000	4000	3267
chr14	49848821	49856821	49852755	8000	49852821	-4000	4000	-66
chr14	50112600	50120600	50118317	8000	50116600	-4000	4000	1717
chr14	74709144	74717144	74714915	8000	74713144	-4000	4000	1771
chr14	104601647	104609647	104604612	8000	104605647	-4000	4000	-1035
chr14	105244533	105252533	105250245	8000	105248533	-4000	4000	1712
chr14	38252093	38260093	38254704	8000	38256093	-4000	4000	-1389
chr14	64938746	64946746	64939818	8000	64942746	-4000	4000	-2928
chr14	49616799	49624799	49621993	8000	49620799	-4000	4000	1194
chr14	75065483	75073483	75071030	8000	75069483	-4000	4000	1547
chr14	77704071	77712071	77707998	8000	77708071	-4000	4000	-73
chr14	37591847	37599847	37592326	8000	37595847	-4000	4000	-3521
chr14	23031230	23039230	23034754	8000	23035230	-4000	4000	-476
chr14	73563620	73571620	73569224	8000	73567620	-4000	4000	1604
chr14	77024708	77032708	77026385	8000	77028708	-4000	4000	-2323
chr14	77453870	77461870	77454100	8000	77457870	-4000	4000	-3770
chr14	103558657	103566657	103560714	8000	103562657	-4000	4000	-1943
chr14	63200114	63208114	63204998	8000	63204114	-4000	4000	884
chr14	26594033	26602033	26595492	8000	26598033	-4000	4000	-2541
chr15	45426579	45434579	45430680	8000	45430579	-4000	4000	101
chr15	64699281	64707281	64703031	8000	64703281	-4000	4000	-250
chr15	82345475	82353475	82346600	8000	82349475	-4000	4000	-2875
chr15	72371981	72379981	72375997	8000	72375981	-4000	4000	16
chr15	23561674	23569674	23566449	8000	23565674	-4000	4000	775
chr15	58767192	58775192	58772140	8000	58771192	-4000	4000	948
chr15	79967196	79975196	79970824	8000	79971196	-4000	4000	-372
chr15	89330861	89338861	89333102	8000	89334861	-4000	4000	-1759
chr15	89908882	89916882	89910792	8000	89912882	-4000	4000	-2090
chr15	39577079	39585079	39582296	8000	39581079	-4000	4000	1217
chr15	64089857	64097857	64093875	8000	64093857	-4000	4000	18
chr15	40803478	40811478	40807733	8000	40807478	-4000	4000	255
chr15	44707487	44715487	44711589	8000	44711487	-4000	4000	102
chr15	88463453	88471453	88465643	8000	88467453	-4000	4000	-1810
chr15	79967196	79975196	79970896	8000	79971196	-4000	4000	-300
chr15	74537206	74545206	74544322	8000	74541206	-4000	4000	3116
chr15	90931196	90939196	90934524	8000	90935196	-4000	4000	-672
chr15	23561674	23569674	23567083	8000	23565674	-4000	4000	1409
chr15	45197175	45205175	45198904	8000	45201175	-4000	4000	-2271
chr15	75332020	75340020	75338999	8000	75336020	-4000	4000	2979
chr15	64089857	64097857	64093682	8000	64093857	-4000	4000	-175
chr15	90898218	90906218	90903997	8000	90902218	-4000	4000	1779
chr15	90898218	90906218	90905987	8000	90902218	-4000	4000	3769
chr15	64068033	64076033	64075495	8000	64072033	-4000	4000	3462
chr15	40401485	40409485	40405865	8000	40405485	-4000	4000	380
chr15	45125933	45133933	45129476	8000	45129933	-4000	4000	-457
chr15	37097299	37105299	37098001	8000	37101299	-4000	4000	-3298
chr15	48116990	48124990	48121074	8000	48120990	-4000	4000	84
chr15	40803478	40811478	40807514	8000	40807478	-4000	4000	36
chr15	49419237	49427237	49424412	8000	49423237	-4000	4000	1175
chr15	74537206	74545206	74544474	8000	74541206	-4000	4000	3268
chr15	34097862	34105862	34101795	8000	34101862	-4000	4000	-67
chr15	99729561	99737561	99731416	8000	99733561	-4000	4000	-2145
chr15	43773087	43781087	43776513	8000	43777087	-4000	4000	-574
chr15	44707487	44715487	44711553	8000	44711487	-4000	4000	66
chr15	40104892	40112892	40106044	8000	40108892	-4000	4000	-2848
chr15	90950881	90958881	90952950	8000	90954881	-4000	4000	-1931
chr15	42733128	42741128	42735937	8000	42737128	-4000	4000	-1191
chr15	65181342	65189342	65185227	8000	65185342	-4000	4000	-115
chr15	65722054	65730054	65729088	8000	65726054	-4000	4000	3034
chr15	75342955	75350955	75349219	8000	75346955	-4000	4000	2264
chr15	65374002	65382002	65375237	8000	65378002	-4000	4000	-2765
chr15	43326672	43334672	43329358	8000	43330672	-4000	4000	-1314
chr15	43326672	43334672	43329646	8000	43330672	-4000	4000	-1026
chr15	43326672	43334672	43329982	8000	43330672	-4000	4000	-690
chr15	90879695	90887695	90881660	8000	90883695	-4000	4000	-2035
chr15	74886005	74894005	74892775	8000	74890005	-4000	4000	2770
chr15	50261965	50269965	50265680	8000	50265965	-4000	4000	-285
chr15	48874134	48882134	48879915	8000	48878134	-4000	4000	1781
chr15	23035572	23043572	23036998	8000	23039572	-4000	4000	-2574
chr15	75364612	75372612	75371878	8000	75368612	-4000	4000	3266
chr15	84712460	84720460	84716380	8000	84716460	-4000	4000	-80
chr15	43326672	43334672	43329814	8000	43330672	-4000	4000	-858
chr15	23683305	23691305	23686793	8000	23687305	-4000	4000	-512
chr15	69410246	69418246	69415991	8000	69414246	-4000	4000	1745
chr15	42269201	42277201	42272080	8000	42273201	-4000	4000	-1121
chr15	40401485	40409485	40405872	8000	40405485	-4000	4000	387
chr15	40336939	40344939	40339957	8000	40340939	-4000	4000	-982
chr15	40803478	40811478	40807678	8000	40807478	-4000	4000	200
chr15	75643912	75651912	75649758	8000	75647912	-4000	4000	1846
chr15	66500959	66508959	66502712	8000	66504959	-4000	4000	-2247
chr15	43326672	43334672	43329835	8000	43330672	-4000	4000	-837
chr15	43820690	43828690	43828007	8000	43824690	-4000	4000	3317
chr15	90950881	90958881	90953239	8000	90954881	-4000	4000	-1642
chr15	26935539	26943539	26943353	8000	26939539	-4000	4000	3814
chr15	23561674	23569674	23566786	8000	23565674	-4000	4000	1112
chr15	79967196	79975196	79971179	8000	79971196	-4000	4000	-17
chr15	48959919	48967919	48962822	8000	48963919	-4000	4000	-1097
chr15	64821668	64829668	64822291	8000	64825668	-4000	4000	-3377
chr15	43773087	43781087	43777107	8000	43777087	-4000	4000	20
chr15	34221013	34229013	34225089	8000	34225013	-4000	4000	76
chr15	23561674	23569674	23566920	8000	23565674	-4000	4000	1246
chr15	66500959	66508959	66503435	8000	66504959	-4000	4000	-1524
chr15	55739152	55747152	55740524	8000	55743152	-4000	4000	-2628
chr15	64089857	64097857	64096010	8000	64093857	-4000	4000	2153
chr15	72110258	72118258	72117765	8000	72114258	-4000	4000	3507
chr15	64089857	64097857	64093828	8000	64093857	-4000	4000	-29
chr15	72193787	72201787	72199735	8000	72197787	-4000	4000	1948
chr15	43217018	43225018	43220835	8000	43221018	-4000	4000	-183
chr15	90879695	90887695	90880209	8000	90883695	-4000	4000	-3486
chr15	55739152	55747152	55740455	8000	55743152	-4000	4000	-2697
chr15	66500959	66508959	66501799	8000	66504959	-4000	4000	-3160
chr15	78127498	78135498	78131201	8000	78131498	-4000	4000	-297
chr15	90879695	90887695	90881367	8000	90883695	-4000	4000	-2328
chr15	39577079	39585079	39582236	8000	39581079	-4000	4000	1157
chr15	43326672	43334672	43328916	8000	43330672	-4000	4000	-1756
chr15	37097299	37105299	37099718	8000	37101299	-4000	4000	-1581
chr15	42544828	42552828	42548139	8000	42548828	-4000	4000	-689
chr15	64089857	64097857	64096051	8000	64093857	-4000	4000	2194
chr15	43773087	43781087	43774677	8000	43777087	-4000	4000	-2410
chr15	43795133	43803133	43801809	8000	43799133	-4000	4000	2676
chr15	75899876	75907876	75904504	8000	75903876	-4000	4000	628
chr15	23561674	23569674	23566731	8000	23565674	-4000	4000	1057
chr15	41328591	41336591	41332989	8000	41332591	-4000	4000	398
chr15	41553675	41561675	41561675	8000	41557675	-4000	4000	4000
chr15	23683305	23691305	23686867	8000	23687305	-4000	4000	-438
chr15	23561674	23569674	23565882	8000	23565674	-4000	4000	208
chr15	66500959	66508959	66505500	8000	66504959	-4000	4000	541
chr15	81320183	81328183	81322520	8000	81324183	-4000	4000	-1663
chr15	34339136	34347136	34343050	8000	34343136	-4000	4000	-86
chr15	78336353	78344353	78341220	8000	78340353	-4000	4000	867
chr15	43326672	43334672	43329049	8000	43330672	-4000	4000	-1623
chr15	72470330	72478330	72474666	8000	72474330	-4000	4000	336
chr15	75332020	75340020	75339809	8000	75336020	-4000	4000	3789
chr15	23683305	23691305	23686531	8000	23687305	-4000	4000	-774
chr15	26935539	26943539	26940015	8000	26939539	-4000	4000	476
chr15	74886005	74894005	74892724	8000	74890005	-4000	4000	2719
chr15	101648391	101656391	101650093	8000	101652391	-4000	4000	-2298
chr15	65722054	65730054	65729679	8000	65726054	-4000	4000	3625
chr15	43773087	43781087	43775844	8000	43777087	-4000	4000	-1243
chr15	70888433	70896433	70892122	8000	70892433	-4000	4000	-311
chr15	80996923	81004923	81003239	8000	81000923	-4000	4000	2316
chr15	78336353	78344353	78340499	8000	78340353	-4000	4000	146
chr15	49419237	49427237	49424484	8000	49423237	-4000	4000	1247
chr15	75332020	75340020	75338309	8000	75336020	-4000	4000	2289
chr15	101720473	101728473	101723152	8000	101724473	-4000	4000	-1321
chr15	43820690	43828690	43827044	8000	43824690	-4000	4000	2354
chr15	42204307	42212307	42211027	8000	42208307	-4000	4000	2720
chr15	75839307	75847307	75844168	8000	75843307	-4000	4000	861
chr15	74537206	74545206	74544011	8000	74541206	-4000	4000	2805
chr15	43795133	43803133	43795620	8000	43799133	-4000	4000	-3513
chr15	67517131	67525131	67521526	8000	67521131	-4000	4000	395
chr15	66289217	66297217	66295029	8000	66293217	-4000	4000	1812
chr15	74169710	74177710	74175451	8000	74173710	-4000	4000	1741
chr15	74169710	74177710	74175955	8000	74173710	-4000	4000	2245
chr15	40948962	40956962	40955645	8000	40952962	-4000	4000	2683
chr15	50904672	50912672	50912095	8000	50908672	-4000	4000	3423
chr15	59101126	59109126	59107663	8000	59105126	-4000	4000	2537
chr15	88463453	88471453	88467595	8000	88467453	-4000	4000	142
chr15	72470330	72478330	72474975	8000	72474330	-4000	4000	645
chr15	90931196	90939196	90936433	8000	90935196	-4000	4000	1237
chr15	73630134	73638134	73633250	8000	73634134	-4000	4000	-884
chr15	74537206	74545206	74544264	8000	74541206	-4000	4000	3058
chr15	40765980	40773980	40771419	8000	40769980	-4000	4000	1439
chr15	40765980	40773980	40771527	8000	40769980	-4000	4000	1547
chr15	40948962	40956962	40953437	8000	40952962	-4000	4000	475
chr15	51967778	51975778	51971703	8000	51971778	-4000	4000	-75
chr15	67538703	67546703	67543318	8000	67542703	-4000	4000	615
chr15	40336939	40344939	40339935	8000	40340939	-4000	4000	-1004
chr15	41890053	41898053	41892938	8000	41894053	-4000	4000	-1115
chr15	26935539	26943539	26939949	8000	26939539	-4000	4000	410
chr15	90898218	90906218	90905637	8000	90902218	-4000	4000	3419
chr15	26935539	26943539	26940043	8000	26939539	-4000	4000	504
chr15	34097862	34105862	34103998	8000	34101862	-4000	4000	2136
chr15	37097299	37105299	37097967	8000	37101299	-4000	4000	-3332
chr15	74902883	74910883	74906308	8000	74906883	-4000	4000	-575
chr15	75332020	75340020	75339025	8000	75336020	-4000	4000	3005
chr15	26935539	26943539	26940010	8000	26939539	-4000	4000	471
chr15	56461137	56469137	56464983	8000	56465137	-4000	4000	-154
chr15	43102113	43110113	43105956	8000	43106113	-4000	4000	-157
chr15	65607366	65615366	65611082	8000	65611366	-4000	4000	-284
chr15	66698236	66706236	66702382	8000	66702236	-4000	4000	146
chr15	70094176	70102176	70096823	8000	70098176	-4000	4000	-1353
chr15	73630134	73638134	73633317	8000	73634134	-4000	4000	-817
chr15	81320183	81328183	81324069	8000	81324183	-4000	4000	-114
chr15	92389881	92397881	92394145	8000	92393881	-4000	4000	264
chr15	97956703	97964703	97960871	8000	97960703	-4000	4000	168
chr15	41890053	41898053	41893209	8000	41894053	-4000	4000	-844
chr15	43326672	43334672	43328940	8000	43330672	-4000	4000	-1732
chr15	48327011	48335011	48331581	8000	48331011	-4000	4000	570
chr15	37097299	37105299	37099638	8000	37101299	-4000	4000	-1661
chr15	99729561	99737561	99731360	8000	99733561	-4000	4000	-2201
chr15	23561674	23569674	23566513	8000	23565674	-4000	4000	839
chr15	40765980	40773980	40768027	8000	40769980	-4000	4000	-1953
chr15	51677492	51685492	51681748	8000	51681492	-4000	4000	256
chr15	50261965	50269965	50265686	8000	50265965	-4000	4000	-279
chr15	42355498	42363498	42359851	8000	42359498	-4000	4000	353
chr15	40765980	40773980	40768036	8000	40769980	-4000	4000	-1944
chr15	42269201	42277201	42273512	8000	42273201	-4000	4000	311
chr15	90879695	90887695	90880169	8000	90883695	-4000	4000	-3526
chr15	88463453	88471453	88464856	8000	88467453	-4000	4000	-2597
chr15	23561674	23569674	23566147	8000	23565674	-4000	4000	473
chr15	23561674	23569674	23566565	8000	23565674	-4000	4000	891
chr15	82258734	82266734	82263050	8000	82262734	-4000	4000	316
chr15	43795133	43803133	43800470	8000	43799133	-4000	4000	1337
chr15	64089857	64097857	64093666	8000	64093857	-4000	4000	-191
chr15	79967196	79975196	79970761	8000	79971196	-4000	4000	-435
chr15	66493780	66501780	66497744	8000	66497780	-4000	4000	-36
chr15	40948962	40956962	40955752	8000	40952962	-4000	4000	2790
chr15	40803478	40811478	40809938	8000	40807478	-4000	4000	2460
chr15	66500959	66508959	66503258	8000	66504959	-4000	4000	-1701
chr15	40803478	40811478	40807807	8000	40807478	-4000	4000	329
chr15	34339136	34347136	34341875	8000	34343136	-4000	4000	-1261
chr15	90926180	90934180	90931883	8000	90930180	-4000	4000	1703
chr15	90879695	90887695	90881449	8000	90883695	-4000	4000	-2246
chr15	89908882	89916882	89910778	8000	89912882	-4000	4000	-2104
chr15	45426579	45434579	45430641	8000	45430579	-4000	4000	62
chr15	23683305	23691305	23686921	8000	23687305	-4000	4000	-384
chr15	44659688	44667688	44665951	8000	44663688	-4000	4000	2263
chr15	45398336	45406336	45402331	8000	45402336	-4000	4000	-5
chr15	45398336	45406336	45403363	8000	45402336	-4000	4000	1027
chr15	48959919	48967919	48962774	8000	48963919	-4000	4000	-1145
chr15	63272018	63280018	63277677	8000	63276018	-4000	4000	1659
chr15	63377846	63385846	63381656	8000	63381846	-4000	4000	-190
chr15	64089857	64097857	64096089	8000	64093857	-4000	4000	2232
chr15	64147715	64155715	64153251	8000	64151715	-4000	4000	1536
chr15	65181342	65189342	65185179	8000	65185342	-4000	4000	-163
chr15	74169710	74177710	74174982	8000	74173710	-4000	4000	1272
chr15	74169710	74177710	74175356	8000	74173710	-4000	4000	1646
chr15	74169710	74177710	74176028	8000	74173710	-4000	4000	2318
chr15	83007641	83015641	83008569	8000	83011641	-4000	4000	-3072
chr15	89675427	89683427	89683400	8000	89679427	-4000	4000	3973
chr15	98644539	98652539	98649636	8000	98648539	-4000	4000	1097
chr15	101648391	101656391	101654596	8000	101652391	-4000	4000	2205
chr15	101720473	101728473	101721269	8000	101724473	-4000	4000	-3204
chr15	43795133	43803133	43795607	8000	43799133	-4000	4000	-3526
chr15	66500959	66508959	66502054	8000	66504959	-4000	4000	-2905
chr15	26935539	26943539	26943219	8000	26939539	-4000	4000	3680
chr15	64147715	64155715	64152626	8000	64151715	-4000	4000	911
chr15	43326672	43334672	43330038	8000	43330672	-4000	4000	-634
chr15	34097862	34105862	34103367	8000	34101862	-4000	4000	1505
chr15	37097299	37105299	37098121	8000	37101299	-4000	4000	-3178
chr15	40378721	40386721	40382995	8000	40382721	-4000	4000	274
chr15	41890053	41898053	41890188	8000	41894053	-4000	4000	-3865
chr15	43795133	43803133	43795441	8000	43799133	-4000	4000	-3692
chr15	63272018	63280018	63279293	8000	63276018	-4000	4000	3275
chr15	66382837	66390837	66387359	8000	66386837	-4000	4000	522
chr15	66500959	66508959	66502898	8000	66504959	-4000	4000	-2061
chr15	66561979	66569979	66563972	8000	66565979	-4000	4000	-2007
chr15	75839307	75847307	75844344	8000	75843307	-4000	4000	1037
chr15	82042119	82050119	82043489	8000	82046119	-4000	4000	-2630
chr15	82042119	82050119	82043689	8000	82046119	-4000	4000	-2430
chr15	90879695	90887695	90885038	8000	90883695	-4000	4000	1343
chr15	92389881	92397881	92394149	8000	92393881	-4000	4000	268
chr15	99729561	99737561	99729620	8000	99733561	-4000	4000	-3941
chr15	34097862	34105862	34103906	8000	34101862	-4000	4000	2044
chr15	43742394	43750394	43744179	8000	43746394	-4000	4000	-2215
chr15	63154021	63162021	63157515	8000	63158021	-4000	4000	-506
chr15	83007641	83015641	83008569	8000	83011641	-4000	4000	-3072
chr15	43367043	43375043	43369089	8000	43371043	-4000	4000	-1954
chr15	23683305	23691305	23686050	8000	23687305	-4000	4000	-1255
chr15	42355498	42363498	42359967	8000	42359498	-4000	4000	469
chr15	64821668	64829668	64822491	8000	64825668	-4000	4000	-3177
chr15	51677492	51685492	51683347	8000	51681492	-4000	4000	1855
chr15	37097299	37105299	37099495	8000	37101299	-4000	4000	-1804
chr15	70094176	70102176	70096702	8000	70098176	-4000	4000	-1474
chr15	23683305	23691305	23686420	8000	23687305	-4000	4000	-885
chr15	40336939	40344939	40338977	8000	40340939	-4000	4000	-1962
chr15	64377440	64385440	64381429	8000	64381440	-4000	4000	-11
chr15	90931196	90939196	90936200	8000	90935196	-4000	4000	1004
chr15	74169710	74177710	74175712	8000	74173710	-4000	4000	2002
chr15	75839307	75847307	75843665	8000	75843307	-4000	4000	358
chr15	34097862	34105862	34101656	8000	34101862	-4000	4000	-206
chr15	74457182	74465182	74460667	8000	74461182	-4000	4000	-515
chr15	40561057	40569057	40564791	8000	40565057	-4000	4000	-266
chr15	40378721	40386721	40382903	8000	40382721	-4000	4000	182
chr15	82042119	82050119	82044138	8000	82046119	-4000	4000	-1981
chr15	23561674	23569674	23567187	8000	23565674	-4000	4000	1513
chr15	39577079	39585079	39584301	8000	39581079	-4000	4000	3222
chr15	43773087	43781087	43774246	8000	43777087	-4000	4000	-2841
chr15	42152636	42160636	42154165	8000	42156636	-4000	4000	-2471
chr15	75332020	75340020	75338276	8000	75336020	-4000	4000	2256
chr15	66520532	66528532	66527329	8000	66524532	-4000	4000	2797
chr15	43795133	43803133	43801770	8000	43799133	-4000	4000	2637
chr15	63154021	63162021	63156458	8000	63158021	-4000	4000	-1563
chr15	75364612	75372612	75364647	8000	75368612	-4000	4000	-3965
chr15	74537206	74545206	74543997	8000	74541206	-4000	4000	2791
chr15	49419237	49427237	49424073	8000	49423237	-4000	4000	836
chr15	34221013	34229013	34225624	8000	34225013	-4000	4000	611
chr15	74839346	74847346	74842211	8000	74843346	-4000	4000	-1135
chr15	51948106	51956106	51951943	8000	51952106	-4000	4000	-163
chr15	64068033	64076033	64073016	8000	64072033	-4000	4000	983
chr15	75342955	75350955	75349230	8000	75346955	-4000	4000	2275
chr15	23561674	23569674	23566184	8000	23565674	-4000	4000	510
chr15	84712460	84720460	84716088	8000	84716460	-4000	4000	-372
chr15	45426579	45434579	45432984	8000	45430579	-4000	4000	2405
chr15	90950881	90958881	90953170	8000	90954881	-4000	4000	-1711
chr15	56914623	56922623	56919897	8000	56918623	-4000	4000	1274
chr15	90926180	90934180	90931177	8000	90930180	-4000	4000	997
chr15	43217018	43225018	43220746	8000	43221018	-4000	4000	-272
chr15	44284719	44292719	44289106	8000	44288719	-4000	4000	387
chr15	40336939	40344939	40337751	8000	40340939	-4000	4000	-3188
chr15	43365221	43373221	43366388	8000	43369221	-4000	4000	-2833
chr15	51101276	51109276	51105128	8000	51105276	-4000	4000	-148
chr15	64089857	64097857	64093704	8000	64093857	-4000	4000	-153
chr15	41553675	41561675	41561124	8000	41557675	-4000	4000	3449
chr15	89686811	89694811	89690694	8000	89690811	-4000	4000	-117
chr15	34334060	34342060	34336501	8000	34338060	-4000	4000	-1559
chr15	63593353	63601353	63597452	8000	63597353	-4000	4000	99
chr15	34097862	34105862	34103067	8000	34101862	-4000	4000	1205
chr15	75342955	75350955	75348987	8000	75346955	-4000	4000	2032
chr15	34363196	34371196	34363436	8000	34367196	-4000	4000	-3760
chr15	40035181	40043181	40036232	8000	40039181	-4000	4000	-2949
chr15	74169710	74177710	74175896	8000	74173710	-4000	4000	2186
chr15	101720473	101728473	101723143	8000	101724473	-4000	4000	-1330
chr15	64821668	64829668	64823837	8000	64825668	-4000	4000	-1831
chr15	74169710	74177710	74175245	8000	74173710	-4000	4000	1535
chr15	74902883	74910883	74905188	8000	74906883	-4000	4000	-1695
chr15	101648391	101656391	101650277	8000	101652391	-4000	4000	-2114
chr15	43365221	43373221	43366138	8000	43369221	-4000	4000	-3083
chr15	42152636	42160636	42153660	8000	42156636	-4000	4000	-2976
chr15	90926180	90934180	90931896	8000	90930180	-4000	4000	1716
chr15	23561674	23569674	23566918	8000	23565674	-4000	4000	1244
chr15	40803478	40811478	40809138	8000	40807478	-4000	4000	1660
chr15	45518755	45526755	45522036	8000	45522755	-4000	4000	-719
chr15	48116990	48124990	48122186	8000	48120990	-4000	4000	1196
chr15	41328591	41336591	41332537	8000	41332591	-4000	4000	-54
chr15	79086780	79094780	79090229	8000	79090780	-4000	4000	-551
chr16	31131727	31139727	31132438	8000	31135727	-4000	4000	-3289
chr16	4112442	4120442	4113951	8000	4116442	-4000	4000	-2491
chr16	88702408	88710408	88709971	8000	88706408	-4000	4000	3563
chr16	3020027	3028027	3023235	8000	3024027	-4000	4000	-792
chr16	30087924	30095924	30091076	8000	30091924	-4000	4000	-848
chr16	30468658	30476658	30474297	8000	30472658	-4000	4000	1639
chr16	88852220	88860220	88858790	8000	88856220	-4000	4000	2570
chr16	680528	688528	683164	8000	684528	-4000	4000	-1364
chr16	3008923	3016923	3015371	8000	3012923	-4000	4000	2448
chr16	4269075	4277075	4272763	8000	4273075	-4000	4000	-312
chr16	86572368	86580368	86578819	8000	86576368	-4000	4000	2451
chr16	56678470	56686470	56684048	8000	56682470	-4000	4000	1578
chr16	1960841	1968841	1961612	8000	1964841	-4000	4000	-3229
chr16	11961210	11969210	11967631	8000	11965210	-4000	4000	2421
chr16	16219522	16227522	16219900	8000	16223522	-4000	4000	-3622
chr16	30581769	30589769	30583007	8000	30585769	-4000	4000	-2762
chr16	47460149	47468149	47463882	8000	47464149	-4000	4000	-267
chr16	10938468	10946468	10941850	8000	10942468	-4000	4000	-618
chr16	21876827	21884827	21881918	8000	21880827	-4000	4000	1091
chr16	28490643	28498643	28496532	8000	28494643	-4000	4000	1889
chr16	28490643	28498643	28496983	8000	28494643	-4000	4000	2340
chr16	28490643	28498643	28497242	8000	28494643	-4000	4000	2599
chr16	28490643	28498643	28497990	8000	28494643	-4000	4000	3347
chr16	57996672	58004672	57997034	8000	58000672	-4000	4000	-3638
chr16	31070240	31078240	31078217	8000	31074240	-4000	4000	3977
chr16	28932526	28940526	28937099	8000	28936526	-4000	4000	573
chr16	2231816	2239816	2238403	8000	2235816	-4000	4000	2587
chr16	56187390	56195390	56194181	8000	56191390	-4000	4000	2791
chr16	1767561	1775561	1767881	8000	1771561	-4000	4000	-3680
chr16	2231816	2239816	2237302	8000	2235816	-4000	4000	1486
chr16	30374106	30382106	30381464	8000	30378106	-4000	4000	3358
chr16	28490643	28498643	28498525	8000	28494643	-4000	4000	3882
chr16	31351134	31359134	31357134	8000	31355134	-4000	4000	2000
chr16	722936	730936	723719	8000	726936	-4000	4000	-3217
chr16	383113	391113	387086	8000	387113	-4000	4000	-27
chr16	4763624	4771624	4765726	8000	4767624	-4000	4000	-1898
chr16	4798880	4806880	4801425	8000	4802880	-4000	4000	-1455
chr16	30178827	30186827	30186437	8000	30182827	-4000	4000	3610
chr16	20323808	20331808	20323952	8000	20327808	-4000	4000	-3856
chr16	67233683	67241683	67237706	8000	67237683	-4000	4000	23
chr16	2854170	2862170	2856138	8000	2858170	-4000	4000	-2032
chr16	30087924	30095924	30091251	8000	30091924	-4000	4000	-673
chr16	30892614	30900614	30893252	8000	30896614	-4000	4000	-3362
chr16	30758221	30766221	30761604	8000	30762221	-4000	4000	-617
chr16	680528	688528	687628	8000	684528	-4000	4000	3100
chr16	2527417	2535417	2530795	8000	2531417	-4000	4000	-622
chr16	67195111	67203111	67201408	8000	67199111	-4000	4000	2297
chr16	19712456	19720456	19714229	8000	19716456	-4000	4000	-2227
chr16	1985660	1993660	1993252	8000	1989660	-4000	4000	3592
chr16	67983746	67991746	67990092	8000	67987746	-4000	4000	2346
chr16	77718492	77726492	77722558	8000	77722492	-4000	4000	66
chr16	2783948	2791948	2786553	8000	2787948	-4000	4000	-1395
chr16	19109932	19117932	19115740	8000	19113932	-4000	4000	1808
chr16	2206905	2214905	2209628	8000	2210905	-4000	4000	-1277
chr16	68733292	68741292	68738315	8000	68737292	-4000	4000	1023
chr16	784397	792397	790598	8000	788397	-4000	4000	2201
chr16	18332736	18340736	18337488	8000	18336736	-4000	4000	752
chr16	2219580	2227580	2223637	8000	2223580	-4000	4000	57
chr16	680528	688528	687252	8000	684528	-4000	4000	2724
chr16	28980826	28988826	28985418	8000	28984826	-4000	4000	592
chr16	88807937	88815937	88809544	8000	88811937	-4000	4000	-2393
chr16	680528	688528	681865	8000	684528	-4000	4000	-2663
chr16	31090956	31098956	31093406	8000	31094956	-4000	4000	-1550
chr16	645311	653311	647983	8000	649311	-4000	4000	-1328
chr16	796734	804734	798076	8000	800734	-4000	4000	-2658
chr16	2206905	2214905	2210648	8000	2210905	-4000	4000	-257
chr16	30092915	30100915	30094771	8000	30096915	-4000	4000	-2144
chr16	31709229	31717229	31713337	8000	31713229	-4000	4000	108
chr16	10739786	10747786	10743879	8000	10743786	-4000	4000	93
chr16	47460149	47468149	47463917	8000	47464149	-4000	4000	-232
chr16	645311	653311	648297	8000	649311	-4000	4000	-1014
chr16	1347931	1355931	1348244	8000	1351931	-4000	4000	-3687
chr16	1416756	1424756	1419978	8000	1420756	-4000	4000	-778
chr16	28490643	28498643	28496384	8000	28494643	-4000	4000	1741
chr16	30468658	30476658	30472875	8000	30472658	-4000	4000	217
chr16	54926865	54934865	54932484	8000	54930865	-4000	4000	1619
chr16	57996672	58004672	57997019	8000	58000672	-4000	4000	-3653
chr16	67024984	67032984	67029781	8000	67028984	-4000	4000	797
chr16	72089613	72097613	72096290	8000	72093613	-4000	4000	2677
chr16	74995024	75003024	75000048	8000	74999024	-4000	4000	1024
chr16	89716400	89724400	89719041	8000	89720400	-4000	4000	-1359
chr16	784397	792397	787377	8000	788397	-4000	4000	-1020
chr16	1440556	1448556	1443973	8000	1444556	-4000	4000	-583
chr16	28488098	28496098	28488646	8000	28492098	-4000	4000	-3452
chr16	68733292	68741292	68738315	8000	68737292	-4000	4000	1023
chr16	67155909	67163909	67163040	8000	67159909	-4000	4000	3131
chr16	172680	180680	173496	8000	176680	-4000	4000	-3184
chr16	2231816	2239816	2233889	8000	2235816	-4000	4000	-1927
chr16	2231816	2239816	2235080	8000	2235816	-4000	4000	-736
chr16	2471051	2479051	2472740	8000	2475051	-4000	4000	-2311
chr16	30981207	30989207	30988185	8000	30985207	-4000	4000	2978
chr16	31146083	31154083	31149187	8000	31150083	-4000	4000	-896
chr16	51148334	51156334	51151182	8000	51152334	-4000	4000	-1152
chr16	56447521	56455521	56453266	8000	56451521	-4000	4000	1745
chr16	66957245	66965245	66961336	8000	66961245	-4000	4000	91
chr16	70682053	70690053	70688195	8000	70686053	-4000	4000	2142
chr16	71622161	71630161	71629463	8000	71626161	-4000	4000	3302
chr16	75562375	75570375	75566513	8000	75566375	-4000	4000	138
chr16	88799789	88807789	88805496	8000	88803789	-4000	4000	1707
chr16	68733292	68741292	68738315	8000	68737292	-4000	4000	1023
chr16	11961210	11969210	11965218	8000	11965210	-4000	4000	8
chr16	28980826	28988826	28981459	8000	28984826	-4000	4000	-3367
chr16	29659279	29667279	29664203	8000	29663279	-4000	4000	924
chr16	18332736	18340736	18340590	8000	18336736	-4000	4000	3854
chr16	31102107	31110107	31109323	8000	31106107	-4000	4000	3216
chr16	3020027	3028027	3024228	8000	3024027	-4000	4000	201
chr16	3020027	3028027	3024043	8000	3024027	-4000	4000	16
chr16	30758221	30766221	30763164	8000	30762221	-4000	4000	943
chr16	2043866	2051866	2046292	8000	2047866	-4000	4000	-1574
chr16	58511479	58519479	58516653	8000	58515479	-4000	4000	1174
chr16	31869807	31877807	31873838	8000	31873807	-4000	4000	31
chr16	1416756	1424756	1420333	8000	1420756	-4000	4000	-423
chr16	29969868	29977868	29974270	8000	29973868	-4000	4000	402
chr16	28488098	28496098	28495761	8000	28492098	-4000	4000	3663
chr16	29816394	29824394	29816807	8000	29820394	-4000	4000	-3587
chr16	71573092	71581092	71576358	8000	71577092	-4000	4000	-734
chr16	28980826	28988826	28986164	8000	28984826	-4000	4000	1338
chr16	66548587	66556587	66552625	8000	66552587	-4000	4000	38
chr16	71285715	71293715	71285878	8000	71289715	-4000	4000	-3837
chr16	67640988	67648988	67648102	8000	67644988	-4000	4000	3114
chr16	2206905	2214905	2209009	8000	2210905	-4000	4000	-1896
chr16	1416756	1424756	1420147	8000	1420756	-4000	4000	-609
chr16	19712456	19720456	19714147	8000	19716456	-4000	4000	-2309
chr16	89556677	89564677	89562346	8000	89560677	-4000	4000	1669
chr16	31110489	31118489	31111378	8000	31114489	-4000	4000	-3111
chr16	722936	730936	726231	8000	726936	-4000	4000	-705
chr16	2456086	2464086	2460562	8000	2460086	-4000	4000	476
chr16	2456086	2464086	2460819	8000	2460086	-4000	4000	733
chr16	3607606	3615606	3608859	8000	3611606	-4000	4000	-2747
chr16	18558211	18566211	18561879	8000	18562211	-4000	4000	-332
chr16	29802106	29810106	29808593	8000	29806106	-4000	4000	2487
chr16	56621475	56629475	56626616	8000	56625475	-4000	4000	1141
chr16	56634666	56642666	56636920	8000	56638666	-4000	4000	-1746
chr16	29802106	29810106	29807666	8000	29806106	-4000	4000	1560
chr16	67024984	67032984	67029752	8000	67028984	-4000	4000	768
chr16	28842348	28850348	28844257	8000	28846348	-4000	4000	-2091
chr16	67186185	67194185	67188774	8000	67190185	-4000	4000	-1411
chr16	2965270	2973270	2971110	8000	2969270	-4000	4000	1840
chr16	67024984	67032984	67029410	8000	67028984	-4000	4000	426
chr16	70797160	70805160	70800941	8000	70801160	-4000	4000	-219
chr16	30374106	30382106	30381118	8000	30378106	-4000	4000	3012
chr16	1980193	1988193	1980684	8000	1984193	-4000	4000	-3509
chr16	30374106	30382106	30381025	8000	30378106	-4000	4000	2919
chr16	69128588	69136588	69132128	8000	69132588	-4000	4000	-460
chr16	30758221	30766221	30759682	8000	30762221	-4000	4000	-2539
chr16	25253845	25261845	25257065	8000	25257845	-4000	4000	-780
chr16	28490643	28498643	28496534	8000	28494643	-4000	4000	1891
chr16	30351308	30359308	30358445	8000	30355308	-4000	4000	3137
chr16	89814179	89822179	89815911	8000	89818179	-4000	4000	-2268
chr16	3008923	3016923	3015757	8000	3012923	-4000	4000	2834
chr16	1236379	1244379	1241280	8000	1240379	-4000	4000	901
chr16	30783205	30791205	30783231	8000	30787205	-4000	4000	-3974
chr16	1524688	1532688	1525898	8000	1528688	-4000	4000	-2790
chr16	2264397	2272397	2271798	8000	2268397	-4000	4000	3401
chr16	88799789	88807789	88806570	8000	88803789	-4000	4000	2781
chr16	67389518	67397518	67390293	8000	67393518	-4000	4000	-3225
chr16	711118	719118	717214	8000	715118	-4000	4000	2096
chr16	4784397	4792397	4785874	8000	4788397	-4000	4000	-2523
chr16	2231816	2239816	2234336	8000	2235816	-4000	4000	-1480
chr16	57996672	58004672	57997194	8000	58000672	-4000	4000	-3478
chr16	67146998	67154998	67149740	8000	67150998	-4000	4000	-1258
chr16	68733292	68741292	68738315	8000	68737292	-4000	4000	1023
chr16	4798880	4806880	4801351	8000	4802880	-4000	4000	-1529
chr16	3008923	3016923	3015516	8000	3012923	-4000	4000	2593
chr16	1980193	1988193	1986125	8000	1984193	-4000	4000	1932
chr16	31199450	31207450	31201740	8000	31203450	-4000	4000	-1710
chr16	68733292	68741292	68738315	8000	68737292	-4000	4000	1023
chr16	56628659	56636659	56632735	8000	56632659	-4000	4000	76
chr16	68733292	68741292	68738315	8000	68737292	-4000	4000	1023
chr16	2206905	2214905	2209587	8000	2210905	-4000	4000	-1318
chr16	19109932	19117932	19116066	8000	19113932	-4000	4000	2134
chr16	23673656	23681656	23679271	8000	23677656	-4000	4000	1615
chr16	31176138	31184138	31180181	8000	31180138	-4000	4000	43
chr16	69333996	69341996	69341578	8000	69337996	-4000	4000	3582
chr16	89869570	89877570	89873587	8000	89873570	-4000	4000	17
chr16	57241259	57249259	57246063	8000	57245259	-4000	4000	804
chr16	57458660	57466660	57460642	8000	57462660	-4000	4000	-2018
chr16	29859414	29867414	29862686	8000	29863414	-4000	4000	-728
chr16	28488098	28496098	28495444	8000	28492098	-4000	4000	3346
chr16	1236379	1244379	1242186	8000	1240379	-4000	4000	1807
chr16	29992074	30000074	29995441	8000	29996074	-4000	4000	-633
chr16	2527417	2535417	2530550	8000	2531417	-4000	4000	-867
chr16	30374106	30382106	30381067	8000	30378106	-4000	4000	2961
chr16	72004588	72012588	72012081	8000	72008588	-4000	4000	3493
chr16	4956741	4964741	4959366	8000	4960741	-4000	4000	-1375
chr16	1416756	1424756	1420347	8000	1420756	-4000	4000	-409
chr16	16219522	16227522	16221583	8000	16223522	-4000	4000	-1939
chr16	30351308	30359308	30359071	8000	30355308	-4000	4000	3763
chr16	2456086	2464086	2460937	8000	2460086	-4000	4000	851
chr16	29659279	29667279	29664203	8000	29663279	-4000	4000	924
chr16	30758221	30766221	30759044	8000	30762221	-4000	4000	-3177
chr16	2783948	2791948	2784662	8000	2787948	-4000	4000	-3286
chr16	28874405	28882405	28878675	8000	28878405	-4000	4000	270
chr16	383113	391113	387062	8000	387113	-4000	4000	-51
chr16	3232221	3240221	3232890	8000	3236221	-4000	4000	-3331
chr16	15639154	15647154	15643354	8000	15643154	-4000	4000	200
chr16	28927965	28935965	28932553	8000	28931965	-4000	4000	588
chr16	1252059	1260059	1257050	8000	1256059	-4000	4000	991
chr16	30646717	30654717	30652987	8000	30650717	-4000	4000	2270
chr16	56628659	56636659	56633350	8000	56632659	-4000	4000	691
chr16	67656815	67664815	67662509	8000	67660815	-4000	4000	1694
chr16	29802106	29810106	29802822	8000	29806106	-4000	4000	-3284
chr16	30783205	30791205	30783951	8000	30787205	-4000	4000	-3254
chr16	71561089	71569089	71568729	8000	71565089	-4000	4000	3640
chr16	1968053	1976053	1974404	8000	1972053	-4000	4000	2351
chr16	67656815	67664815	67662047	8000	67660815	-4000	4000	1232
chr16	562995	570995	563283	8000	566995	-4000	4000	-3712
chr16	1221268	1229268	1228690	8000	1225268	-4000	4000	3422
chr16	1489344	1497344	1494311	8000	1493344	-4000	4000	967
chr16	1968053	1976053	1975430	8000	1972053	-4000	4000	3377
chr16	28874405	28882405	28880989	8000	28878405	-4000	4000	2584
chr16	28927965	28935965	28933386	8000	28931965	-4000	4000	1421
chr16	30391991	30399991	30398054	8000	30395991	-4000	4000	2063
chr16	30468658	30476658	30474260	8000	30472658	-4000	4000	1602
chr16	30758221	30766221	30760358	8000	30762221	-4000	4000	-1863
chr16	31028889	31036889	31034097	8000	31032889	-4000	4000	1208
chr16	31070240	31078240	31076460	8000	31074240	-4000	4000	2220
chr16	67188155	67196155	67194743	8000	67192155	-4000	4000	2588
chr16	56447521	56455521	56453330	8000	56451521	-4000	4000	1809
chr16	67273510	67281510	67280724	8000	67277510	-4000	4000	3214
chr16	1778932	1786932	1781389	8000	1782932	-4000	4000	-1543
chr16	16219522	16227522	16221479	8000	16223522	-4000	4000	-2043
chr16	67155909	67163909	67156563	8000	67159909	-4000	4000	-3346
chr16	30554374	30562374	30555676	8000	30558374	-4000	4000	-2698
chr16	30391991	30399991	30398054	8000	30395991	-4000	4000	2063
chr16	29816394	29824394	29816458	8000	29820394	-4000	4000	-3936
chr16	1304880	1312880	1308591	8000	1308880	-4000	4000	-289
chr16	722936	730936	725286	8000	726936	-4000	4000	-1650
chr16	80536734	80544734	80543278	8000	80540734	-4000	4000	2544
chr16	2527417	2535417	2530832	8000	2531417	-4000	4000	-585
chr16	29802106	29810106	29809558	8000	29806106	-4000	4000	3452
chr16	30426030	30434030	30428931	8000	30430030	-4000	4000	-1099
chr16	56634666	56642666	56636239	8000	56638666	-4000	4000	-2427
chr16	84183070	84191070	84183453	8000	84187070	-4000	4000	-3617
chr16	56447521	56455521	56447795	8000	56451521	-4000	4000	-3726
chr16	67146998	67154998	67149496	8000	67150998	-4000	4000	-1502
chr16	19551240	19559240	19555613	8000	19555240	-4000	4000	373
chr16	28842348	28850348	28842979	8000	28846348	-4000	4000	-3369
chr16	28927965	28935965	28933078	8000	28931965	-4000	4000	1113
chr16	82031004	82039004	82035470	8000	82035004	-4000	4000	466
chr16	4689694	4697694	4693810	8000	4693694	-4000	4000	116
chr16	30087924	30095924	30091400	8000	30091924	-4000	4000	-524
chr16	562995	570995	563320	8000	566995	-4000	4000	-3675
chr16	686444	694444	690055	8000	690444	-4000	4000	-389
chr16	29992074	30000074	29994586	8000	29996074	-4000	4000	-1488
chr16	2773289	2781289	2777037	8000	2777289	-4000	4000	-252
chr16	20802429	20810429	20807083	8000	20806429	-4000	4000	654
chr16	67662814	67670814	67668069	8000	67666814	-4000	4000	1255
chr16	56604584	56612584	56608615	8000	56608584	-4000	4000	31
chr16	671671	679671	677589	8000	675671	-4000	4000	1918
chr16	1236379	1244379	1241517	8000	1240379	-4000	4000	1138
chr16	57996672	58004672	57997566	8000	58000672	-4000	4000	-3106
chr16	57996672	58004672	57997841	8000	58000672	-4000	4000	-2831
chr16	79596737	79604737	79598906	8000	79600737	-4000	4000	-1831
chr16	30087924	30095924	30092618	8000	30091924	-4000	4000	694
chr16	29802106	29810106	29810104	8000	29806106	-4000	4000	3998
chr16	30391991	30399991	30399126	8000	30395991	-4000	4000	3135
chr16	645311	653311	648415	8000	649311	-4000	4000	-896
chr16	66747609	66755609	66749308	8000	66751609	-4000	4000	-2301
chr16	30654431	30662431	30654869	8000	30658431	-4000	4000	-3562
chr16	56634666	56642666	56635989	8000	56638666	-4000	4000	-2677
chr16	1778932	1786932	1781381	8000	1782932	-4000	4000	-1551
chr16	89869570	89877570	89873810	8000	89873570	-4000	4000	240
chr16	72355	80355	79525	8000	76355	-4000	4000	3170
chr16	680528	688528	682652	8000	684528	-4000	4000	-1876
chr16	1252059	1260059	1256930	8000	1256059	-4000	4000	871
chr16	1226184	1234184	1229649	8000	1230184	-4000	4000	-535
chr16	29859414	29867414	29861141	8000	29863414	-4000	4000	-2273
chr16	74995024	75003024	75000088	8000	74999024	-4000	4000	1064
chr16	31102107	31110107	31109549	8000	31106107	-4000	4000	3442
chr16	11912082	11920082	11915547	8000	11916082	-4000	4000	-535
chr16	2231816	2239816	2237542	8000	2235816	-4000	4000	1726
chr16	67233683	67241683	67236637	8000	67237683	-4000	4000	-1046
chr16	87865507	87873507	87868952	8000	87869507	-4000	4000	-555
chr16	28932526	28940526	28937065	8000	28936526	-4000	4000	539
chr16	29992074	30000074	29994556	8000	29996074	-4000	4000	-1518
chr16	1789700	1797700	1790819	8000	1793700	-4000	4000	-2881
chr16	87597835	87605835	87603037	8000	87601835	-4000	4000	1202
chr16	383113	391113	386819	8000	387113	-4000	4000	-294
chr16	686444	694444	690352	8000	690444	-4000	4000	-92
chr16	1252059	1260059	1258495	8000	1256059	-4000	4000	2436
chr16	2509965	2517965	2514162	8000	2513965	-4000	4000	197
chr16	4269075	4277075	4272753	8000	4273075	-4000	4000	-322
chr16	5093795	5101795	5097755	8000	5097795	-4000	4000	-40
chr16	28980826	28988826	28984469	8000	28984826	-4000	4000	-357
chr16	30530852	30538852	30532670	8000	30534852	-4000	4000	-2182
chr16	67389518	67397518	67395027	8000	67393518	-4000	4000	1509
chr16	30530852	30538852	30534252	8000	30534852	-4000	4000	-600
chr16	31110489	31118489	31117662	8000	31114489	-4000	4000	3173
chr16	30744293	30752293	30748875	8000	30748293	-4000	4000	582
chr16	67869052	67877052	67876972	8000	67873052	-4000	4000	3920
chr16	796734	804734	797930	8000	800734	-4000	4000	-2804
chr16	28490643	28498643	28496815	8000	28494643	-4000	4000	2172
chr16	722936	730936	724823	8000	726936	-4000	4000	-2113
chr16	1221268	1229268	1221826	8000	1225268	-4000	4000	-3442
chr16	977318	985318	984797	8000	981318	-4000	4000	3479
chr16	19063614	19071614	19068687	8000	19067614	-4000	4000	1073
chr16	72089613	72097613	72096873	8000	72093613	-4000	4000	3260
chr16	30581769	30589769	30583301	8000	30585769	-4000	4000	-2468
chr16	68733292	68741292	68738295	8000	68737292	-4000	4000	1003
chr16	19109932	19117932	19116224	8000	19113932	-4000	4000	2292
chr16	67146998	67154998	67149830	8000	67150998	-4000	4000	-1168
chr16	671671	679671	672367	8000	675671	-4000	4000	-3304
chr16	29992074	30000074	29993707	8000	29996074	-4000	4000	-2367
chr16	30391991	30399991	30397950	8000	30395991	-4000	4000	1959
chr16	30568734	30576734	30571928	8000	30572734	-4000	4000	-806
chr16	30568734	30576734	30571929	8000	30572734	-4000	4000	-805
chr16	2151698	2159698	2151890	8000	2155698	-4000	4000	-3808
chr16	3607606	3615606	3608466	8000	3611606	-4000	4000	-3140
chr16	29741990	29749990	29744351	8000	29745990	-4000	4000	-1639
chr16	30019270	30027270	30023810	8000	30023270	-4000	4000	540
chr16	69333996	69341996	69335061	8000	69337996	-4000	4000	-2935
chr16	89716400	89724400	89716567	8000	89720400	-4000	4000	-3833
chr16	1236379	1244379	1242349	8000	1240379	-4000	4000	1970
chr16	29992074	30000074	29993707	8000	29996074	-4000	4000	-2367
chr16	225463	233463	228905	8000	229463	-4000	4000	-558
chr16	645311	653311	648368	8000	649311	-4000	4000	-943
chr16	680528	688528	681457	8000	684528	-4000	4000	-3071
chr16	680528	688528	681599	8000	684528	-4000	4000	-2929
chr16	1767561	1775561	1768301	8000	1771561	-4000	4000	-3260
chr16	1769150	1777150	1769621	8000	1773150	-4000	4000	-3529
chr16	2248300	2256300	2253253	8000	2252300	-4000	4000	953
chr16	3008923	3016923	3014272	8000	3012923	-4000	4000	1349
chr16	28490643	28498643	28497832	8000	28494643	-4000	4000	3189
chr16	30568734	30576734	30569858	8000	30572734	-4000	4000	-2876
chr16	30646717	30654717	30651837	8000	30650717	-4000	4000	1120
chr16	66921536	66929536	66924913	8000	66925536	-4000	4000	-623
chr16	67802560	67810560	67805456	8000	67806560	-4000	4000	-1104
chr16	89869570	89877570	89873641	8000	89873570	-4000	4000	71
chr16	21648608	21656608	21655257	8000	21652608	-4000	4000	2649
chr16	89571758	89579758	89577722	8000	89575758	-4000	4000	1964
chr16	10938468	10946468	10941619	8000	10942468	-4000	4000	-849
chr16	5093795	5101795	5095495	8000	5097795	-4000	4000	-2300
chr16	30351308	30359308	30354815	8000	30355308	-4000	4000	-493
chr16	56447521	56455521	56451610	8000	56451521	-4000	4000	89
chr16	67233683	67241683	67234116	8000	67237683	-4000	4000	-3567
chr16	69333996	69341996	69335169	8000	69337996	-4000	4000	-2827
chr16	69333996	69341996	69340297	8000	69337996	-4000	4000	2301
chr16	75264053	75272053	75266711	8000	75268053	-4000	4000	-1342
chr16	1960841	1968841	1962928	8000	1964841	-4000	4000	-1913
chr16	30981207	30989207	30985565	8000	30985207	-4000	4000	358
chr16	632817	640817	634903	8000	636817	-4000	4000	-1914
chr16	680528	688528	682629	8000	684528	-4000	4000	-1899
chr16	784397	792397	787410	8000	788397	-4000	4000	-987
chr16	784397	792397	788718	8000	788397	-4000	4000	321
chr16	1221268	1229268	1223464	8000	1225268	-4000	4000	-1804
chr16	3020027	3028027	3023481	8000	3024027	-4000	4000	-546
chr16	13916138	13924138	13920187	8000	13920138	-4000	4000	49
chr16	15430475	15438475	15434552	8000	15434475	-4000	4000	77
chr16	16219522	16227522	16219848	8000	16223522	-4000	4000	-3674
chr16	28490643	28498643	28497520	8000	28494643	-4000	4000	2877
chr16	28490643	28498643	28497841	8000	28494643	-4000	4000	3198
chr16	28490643	28498643	28498334	8000	28494643	-4000	4000	3691
chr16	29659279	29667279	29666929	8000	29663279	-4000	4000	3650
chr16	31070240	31078240	31077024	8000	31074240	-4000	4000	2784
chr16	55320203	55328203	55325043	8000	55324203	-4000	4000	840
chr16	70247940	70255940	70253752	8000	70251940	-4000	4000	1812
chr16	29895550	29903550	29895854	8000	29899550	-4000	4000	-3696
chr16	30919055	30927055	30924716	8000	30923055	-4000	4000	1661
chr16	31176138	31184138	31180144	8000	31180138	-4000	4000	6
chr16	86562829	86570829	86567790	8000	86566829	-4000	4000	961
chr16	68733292	68741292	68738315	8000	68737292	-4000	4000	1023
chr16	28488098	28496098	28495164	8000	28492098	-4000	4000	3066
chr16	2210840	2218840	2213562	8000	2214840	-4000	4000	-1278
chr16	71561089	71569089	71568798	8000	71565089	-4000	4000	3709
chr16	4798880	4806880	4801387	8000	4802880	-4000	4000	-1493
chr16	28927965	28935965	28933042	8000	28931965	-4000	4000	1077
chr16	31213135	31221135	31219377	8000	31217135	-4000	4000	2242
chr16	67223103	67231103	67229611	8000	67227103	-4000	4000	2508
chr16	18332736	18340736	18339433	8000	18336736	-4000	4000	2697
chr16	67233683	67241683	67237679	8000	67237683	-4000	4000	-4
chr16	4763624	4771624	4765635	8000	4767624	-4000	4000	-1989
chr16	1968053	1976053	1975534	8000	1972053	-4000	4000	3481
chr16	31709229	31717229	31713337	8000	31713229	-4000	4000	108
chr16	1822941	1830941	1827568	8000	1826941	-4000	4000	627
chr16	67869052	67877052	67870783	8000	67873052	-4000	4000	-2269
chr16	3008923	3016923	3014147	8000	3012923	-4000	4000	1224
chr16	31479002	31487002	31484724	8000	31483002	-4000	4000	1722
chr16	80536734	80544734	80541041	8000	80540734	-4000	4000	307
chr16	30019270	30027270	30023372	8000	30023270	-4000	4000	102
chr16	28874405	28882405	28878642	8000	28878405	-4000	4000	237
chr16	56628659	56636659	56632726	8000	56632659	-4000	4000	67
chr16	85895162	85903162	85903046	8000	85899162	-4000	4000	3884
chr16	28488098	28496098	28495440	8000	28492098	-4000	4000	3342
chr16	66930423	66938423	66932211	8000	66934423	-4000	4000	-2212
chr16	31028889	31036889	31034409	8000	31032889	-4000	4000	1520
chr16	3439504	3447504	3443198	8000	3443504	-4000	4000	-306
chr16	30654431	30662431	30656280	8000	30658431	-4000	4000	-2151
chr16	77718492	77726492	77725580	8000	77722492	-4000	4000	3088
chr16	722936	730936	725500	8000	726936	-4000	4000	-1436
chr16	29802106	29810106	29804027	8000	29806106	-4000	4000	-2079
chr16	562995	570995	564348	8000	566995	-4000	4000	-2647
chr16	2783948	2791948	2784883	8000	2787948	-4000	4000	-3065
chr16	23178745	23186745	23186410	8000	23182745	-4000	4000	3665
chr16	172680	180680	173550	8000	176680	-4000	4000	-3130
chr16	1416756	1424756	1420026	8000	1420756	-4000	4000	-730
chr16	15639154	15647154	15639214	8000	15643154	-4000	4000	-3940
chr16	53697692	53705692	53700669	8000	53701692	-4000	4000	-1023
chr16	84183070	84191070	84183104	8000	84187070	-4000	4000	-3966
chr16	1822941	1830941	1827748	8000	1826941	-4000	4000	807
chr16	30953754	30961754	30958800	8000	30957754	-4000	4000	1046
chr16	69750926	69758926	69754652	8000	69754926	-4000	4000	-274
chr16	67243481	67251481	67249202	8000	67247481	-4000	4000	1721
chr16	49828	57828	55793	8000	53828	-4000	4000	1965
chr16	68306951	68314951	68310429	8000	68310951	-4000	4000	-522
chr16	23673656	23681656	23679256	8000	23677656	-4000	4000	1600
chr16	23637466	23645466	23641167	8000	23641466	-4000	4000	-299
chr16	88852220	88860220	88859751	8000	88856220	-4000	4000	3531
chr16	30919055	30927055	30924751	8000	30923055	-4000	4000	1696
chr16	3020027	3028027	3022766	8000	3024027	-4000	4000	-1261
chr16	28970221	28978221	28975198	8000	28974221	-4000	4000	977
chr16	1955538	1963538	1959718	8000	1959538	-4000	4000	180
chr16	1789700	1797700	1791131	8000	1793700	-4000	4000	-2569
chr16	50020410	50028410	50025652	8000	50024410	-4000	4000	1242
chr16	632817	640817	635285	8000	636817	-4000	4000	-1532
chr16	50061967	50069967	50068779	8000	50065967	-4000	4000	2812
chr16	2231816	2239816	2233115	8000	2235816	-4000	4000	-2701
chr16	85795608	85803608	85799238	8000	85799608	-4000	4000	-370
chr16	2965270	2973270	2971842	8000	2969270	-4000	4000	2572
chr16	67640988	67648988	67645199	8000	67644988	-4000	4000	211
chr16	4112442	4120442	4113946	8000	4116442	-4000	4000	-2496
chr16	56447521	56455521	56451227	8000	56451521	-4000	4000	-294
chr16	1236379	1244379	1242332	8000	1240379	-4000	4000	1953
chr16	1789700	1797700	1791613	8000	1793700	-4000	4000	-2087
chr16	31110489	31118489	31112190	8000	31114489	-4000	4000	-2299
chr16	1702166	1710166	1706525	8000	1706166	-4000	4000	359
chr16	664105	672105	665086	8000	668105	-4000	4000	-3019
chr16	664105	672105	665268	8000	668105	-4000	4000	-2837
chr16	664105	672105	665685	8000	668105	-4000	4000	-2420
chr16	671671	679671	672563	8000	675671	-4000	4000	-3108
chr16	680528	688528	682065	8000	684528	-4000	4000	-2463
chr16	680528	688528	683406	8000	684528	-4000	4000	-1122
chr16	680528	688528	685944	8000	684528	-4000	4000	1416
chr16	711118	719118	716959	8000	715118	-4000	4000	1841
chr16	722936	730936	725496	8000	726936	-4000	4000	-1440
chr16	722936	730936	727584	8000	726936	-4000	4000	648
chr16	784397	792397	789544	8000	788397	-4000	4000	1147
chr16	1226184	1234184	1229432	8000	1230184	-4000	4000	-752
chr16	1226184	1234184	1229625	8000	1230184	-4000	4000	-559
chr16	1416756	1424756	1420077	8000	1420756	-4000	4000	-679
chr16	1489344	1497344	1497068	8000	1493344	-4000	4000	3724
chr16	1769150	1777150	1772499	8000	1773150	-4000	4000	-651
chr16	2527417	2535417	2530356	8000	2531417	-4000	4000	-1061
chr16	2813180	2821180	2818966	8000	2817180	-4000	4000	1786
chr16	3008923	3016923	3015665	8000	3012923	-4000	4000	2742
chr16	3020027	3028027	3023235	8000	3024027	-4000	4000	-792
chr16	3020027	3028027	3023916	8000	3024027	-4000	4000	-111
chr16	16219522	16227522	16221624	8000	16223522	-4000	4000	-1898
chr16	20323808	20331808	20323988	8000	20327808	-4000	4000	-3820
chr16	23449189	23457189	23453040	8000	23453189	-4000	4000	-149
chr16	28490643	28498643	28497145	8000	28494643	-4000	4000	2502
chr16	28842348	28850348	28843085	8000	28846348	-4000	4000	-3263
chr16	28842348	28850348	28845916	8000	28846348	-4000	4000	-432
chr16	28970221	28978221	28975263	8000	28974221	-4000	4000	1042
chr16	29802106	29810106	29808682	8000	29806106	-4000	4000	2576
chr16	29816394	29824394	29819812	8000	29820394	-4000	4000	-582
chr16	30581769	30589769	30583151	8000	30585769	-4000	4000	-2618
chr16	30758221	30766221	30764325	8000	30762221	-4000	4000	2104
chr16	31028889	31036889	31034019	8000	31032889	-4000	4000	1130
chr16	31454080	31462080	31461933	8000	31458080	-4000	4000	3853
chr16	56604584	56612584	56609427	8000	56608584	-4000	4000	843
chr16	56634666	56642666	56636124	8000	56638666	-4000	4000	-2542
chr16	66921536	66929536	66922316	8000	66925536	-4000	4000	-3220
chr16	67155909	67163909	67163006	8000	67159909	-4000	4000	3097
chr16	67195111	67203111	67199195	8000	67199111	-4000	4000	84
chr16	67223103	67231103	67229705	8000	67227103	-4000	4000	2602
chr16	67640988	67648988	67646066	8000	67644988	-4000	4000	1078
chr16	67656815	67664815	67662409	8000	67660815	-4000	4000	1594
chr16	67662814	67670814	67667875	8000	67666814	-4000	4000	1061
chr16	70682053	70690053	70688228	8000	70686053	-4000	4000	2175
chr16	71285715	71293715	71285924	8000	71289715	-4000	4000	-3791
chr16	84614078	84622078	84617517	8000	84618078	-4000	4000	-561
chr16	89653738	89661738	89658444	8000	89657738	-4000	4000	706
chr16	89814179	89822179	89815954	8000	89818179	-4000	4000	-2225
chr16	30374106	30382106	30381791	8000	30378106	-4000	4000	3685
chr16	3008923	3016923	3014070	8000	3012923	-4000	4000	1147
chr16	3439504	3447504	3440894	8000	3443504	-4000	4000	-2610
chr16	4689694	4697694	4694362	8000	4693694	-4000	4000	668
chr16	4689694	4697694	4695111	8000	4693694	-4000	4000	1417
chr16	30391991	30399991	30398411	8000	30395991	-4000	4000	2420
chr16	87865507	87873507	87869141	8000	87869507	-4000	4000	-366
chr16	30654431	30662431	30656391	8000	30658431	-4000	4000	-2040
chr16	3397065	3405065	3402196	8000	3401065	-4000	4000	1131
chr16	11961210	11969210	11965218	8000	11965210	-4000	4000	8
chr16	69333996	69341996	69336607	8000	69337996	-4000	4000	-1389
chr16	3008923	3016923	3015803	8000	3012923	-4000	4000	2880
chr16	3397065	3405065	3402203	8000	3401065	-4000	4000	1138
chr16	67243481	67251481	67247395	8000	67247481	-4000	4000	-86
chr16	1524688	1532688	1525309	8000	1528688	-4000	4000	-3379
chr16	15639154	15647154	15643268	8000	15643154	-4000	4000	114
chr16	19714235	19722235	19718328	8000	19718235	-4000	4000	93
chr16	225463	233463	227380	8000	229463	-4000	4000	-2083
chr16	1939199	1947199	1945839	8000	1943199	-4000	4000	2640
chr16	4112442	4120442	4113813	8000	4116442	-4000	4000	-2629
chr16	4798880	4806880	4801526	8000	4802880	-4000	4000	-1354
chr16	12897598	12905598	12902410	8000	12901598	-4000	4000	812
chr16	27199508	27207508	27204104	8000	27203508	-4000	4000	596
chr16	28842348	28850348	28844093	8000	28846348	-4000	4000	-2255
chr16	28932526	28940526	28937508	8000	28936526	-4000	4000	982
chr16	28980826	28988826	28982010	8000	28984826	-4000	4000	-2816
chr16	29450651	29458651	29457985	8000	29454651	-4000	4000	3334
chr16	29896375	29904375	29901643	8000	29900375	-4000	4000	1268
chr16	66957245	66965245	66961240	8000	66961245	-4000	4000	-5
chr16	77195408	77203408	77198122	8000	77199408	-4000	4000	-1286
chr16	722936	730936	723019	8000	726936	-4000	4000	-3917
chr16	3020027	3028027	3027654	8000	3024027	-4000	4000	3627
chr16	3061297	3069297	3068422	8000	3065297	-4000	4000	3125
chr16	29969868	29977868	29971544	8000	29973868	-4000	4000	-2324
chr16	30351308	30359308	30358121	8000	30355308	-4000	4000	2813
chr16	30391991	30399991	30397634	8000	30395991	-4000	4000	1643
chr16	30783205	30791205	30783209	8000	30787205	-4000	4000	-3996
chr16	29802106	29810106	29805162	8000	29806106	-4000	4000	-944
chr16	756734	764734	763660	8000	760734	-4000	4000	2926
chr16	88807937	88815937	88814480	8000	88811937	-4000	4000	2543
chr16	30391991	30399991	30397798	8000	30395991	-4000	4000	1807
chr16	271980	279980	274238	8000	275980	-4000	4000	-1742
chr16	29741990	29749990	29744739	8000	29745990	-4000	4000	-1251
chr16	632817	640817	632837	8000	636817	-4000	4000	-3980
chr16	1524688	1532688	1526069	8000	1528688	-4000	4000	-2619
chr16	49828	57828	53518	8000	53828	-4000	4000	-310
chr16	70247940	70255940	70254626	8000	70251940	-4000	4000	2686
chr16	30554374	30562374	30555784	8000	30558374	-4000	4000	-2590
chr16	30190306	30198306	30194606	8000	30194306	-4000	4000	300
chr16	56604584	56612584	56608672	8000	56608584	-4000	4000	88
chr16	78095400	78103400	78099715	8000	78099400	-4000	4000	315
chr16	1416756	1424756	1420293	8000	1420756	-4000	4000	-463
chr16	4112442	4120442	4114420	8000	4116442	-4000	4000	-2022
chr16	21876827	21884827	21879403	8000	21880827	-4000	4000	-1424
chr16	10178928	10186928	10179733	8000	10182928	-4000	4000	-3195
chr16	30391991	30399991	30398731	8000	30395991	-4000	4000	2740
chr16	30654431	30662431	30656276	8000	30658431	-4000	4000	-2155
chr16	1960841	1968841	1962155	8000	1964841	-4000	4000	-2686
chr16	30581769	30589769	30585171	8000	30585769	-4000	4000	-598
chr16	30351308	30359308	30353225	8000	30355308	-4000	4000	-2083
chr16	1440556	1448556	1447551	8000	1444556	-4000	4000	2995
chr16	25253845	25261845	25255338	8000	25257845	-4000	4000	-2507
chr16	18797519	18805519	18798834	8000	18801519	-4000	4000	-2685
chr16	680528	688528	681231	8000	684528	-4000	4000	-3297
chr16	756734	764734	764721	8000	760734	-4000	4000	3987
chr16	67180040	67188040	67180584	8000	67184040	-4000	4000	-3456
chr16	1347931	1355931	1350124	8000	1351931	-4000	4000	-1807
chr16	74292814	74300814	74300188	8000	74296814	-4000	4000	3374
chr16	29992074	30000074	29994383	8000	29996074	-4000	4000	-1691
chr16	31255967	31263967	31261705	8000	31259967	-4000	4000	1738
chr16	4689694	4697694	4694070	8000	4693694	-4000	4000	376
chr16	796734	804734	798773	8000	800734	-4000	4000	-1961
chr16	2527417	2535417	2528146	8000	2531417	-4000	4000	-3271
chr16	10938468	10946468	10941772	8000	10942468	-4000	4000	-696
chr16	23517995	23525995	23525238	8000	23521995	-4000	4000	3243
chr16	28927965	28935965	28932041	8000	28931965	-4000	4000	76
chr16	30568734	30576734	30570424	8000	30572734	-4000	4000	-2310
chr16	30945068	30953068	30946758	8000	30949068	-4000	4000	-2310
chr16	75643773	75651773	75647877	8000	75647773	-4000	4000	104
chr16	77195408	77203408	77198217	8000	77199408	-4000	4000	-1191
chr16	16219522	16227522	16221687	8000	16223522	-4000	4000	-1835
chr16	66921536	66929536	66923910	8000	66925536	-4000	4000	-1626
chr16	4112442	4120442	4114033	8000	4116442	-4000	4000	-2409
chr16	8617683	8625683	8625627	8000	8621683	-4000	4000	3944
chr16	28488098	28496098	28495962	8000	28492098	-4000	4000	3864
chr16	67146998	67154998	67149602	8000	67150998	-4000	4000	-1396
chr16	31176138	31184138	31183926	8000	31180138	-4000	4000	3788
chr16	67243481	67251481	67249141	8000	67247481	-4000	4000	1660
chr16	722936	730936	724886	8000	726936	-4000	4000	-2050
chr16	4269075	4277075	4272743	8000	4273075	-4000	4000	-332
chr16	29802106	29810106	29807849	8000	29806106	-4000	4000	1743
chr16	31028889	31036889	31033147	8000	31032889	-4000	4000	258
chr16	680528	688528	682356	8000	684528	-4000	4000	-2172
chr16	784397	792397	789677	8000	788397	-4000	4000	1280
chr16	1960841	1968841	1964291	8000	1964841	-4000	4000	-550
chr16	680528	688528	686855	8000	684528	-4000	4000	2327
chr16	30441874	30449874	30444518	8000	30445874	-4000	4000	-1356
chr16	30581769	30589769	30583379	8000	30585769	-4000	4000	-2390
chr16	31131727	31139727	31132469	8000	31135727	-4000	4000	-3258
chr16	68733292	68741292	68738315	8000	68737292	-4000	4000	1023
chr16	21154377	21162377	21159421	8000	21158377	-4000	4000	1044
chr16	31131727	31139727	31133276	8000	31135727	-4000	4000	-2451
chr16	664105	672105	665093	8000	668105	-4000	4000	-3012
chr16	1252059	1260059	1256821	8000	1256059	-4000	4000	762
chr16	23673656	23681656	23680975	8000	23677656	-4000	4000	3319
chr16	722936	730936	723044	8000	726936	-4000	4000	-3892
chr16	30581769	30589769	30582674	8000	30585769	-4000	4000	-3095
chr16	28842348	28850348	28844425	8000	28846348	-4000	4000	-1923
chr16	23673656	23681656	23679229	8000	23677656	-4000	4000	1573
chr16	25107731	25115731	25111741	8000	25111731	-4000	4000	10
chr16	29992074	30000074	29995543	8000	29996074	-4000	4000	-531
chr16	3020027	3028027	3025809	8000	3024027	-4000	4000	1782
chr16	23673656	23681656	23680994	8000	23677656	-4000	4000	3338
chr16	29895550	29903550	29895802	8000	29899550	-4000	4000	-3748
chr16	2206905	2214905	2210123	8000	2210905	-4000	4000	-782
chr16	31213135	31221135	31219407	8000	31217135	-4000	4000	2272
chr16	66930423	66938423	66932105	8000	66934423	-4000	4000	-2318
chr16	71622161	71630161	71629484	8000	71626161	-4000	4000	3323
chr16	77195408	77203408	77198228	8000	77199408	-4000	4000	-1180
chr16	671671	679671	673516	8000	675671	-4000	4000	-2155
chr16	30568734	30576734	30569980	8000	30572734	-4000	4000	-2754
chr16	66957245	66965245	66963183	8000	66961245	-4000	4000	1938
chr16	3020027	3028027	3024313	8000	3024027	-4000	4000	286
chr16	30374106	30382106	30377862	8000	30378106	-4000	4000	-244
chr16	1416756	1424756	1419842	8000	1420756	-4000	4000	-914
chr16	29992074	30000074	29996819	8000	29996074	-4000	4000	745
chr16	2527417	2535417	2530810	8000	2531417	-4000	4000	-607
chr16	30109537	30117537	30116871	8000	30113537	-4000	4000	3334
chr16	30109537	30117537	30116872	8000	30113537	-4000	4000	3335
chr16	28970221	28978221	28975489	8000	28974221	-4000	4000	1268
chr16	29802106	29810106	29808242	8000	29806106	-4000	4000	2136
chr16	30654431	30662431	30656246	8000	30658431	-4000	4000	-2185
chr16	67838320	67846320	67842955	8000	67842320	-4000	4000	635
chr16	68733292	68741292	68738315	8000	68737292	-4000	4000	1023
chr16	56634666	56642666	56636930	8000	56638666	-4000	4000	-1736
chr16	30019270	30027270	30025757	8000	30023270	-4000	4000	2487
chr16	67186185	67194185	67193058	8000	67190185	-4000	4000	2873
chr16	88702408	88710408	88707210	8000	88706408	-4000	4000	802
chr16	69333996	69341996	69339607	8000	69337996	-4000	4000	1611
chr16	67662814	67670814	67663305	8000	67666814	-4000	4000	-3509
chr16	3061297	3069297	3069286	8000	3065297	-4000	4000	3989
chr16	8793642	8801642	8796351	8000	8797642	-4000	4000	-1291
chr16	31110489	31118489	31112086	8000	31114489	-4000	4000	-2403
chr16	86551235	86559235	86552041	8000	86555235	-4000	4000	-3194
chr16	20405534	20413534	20411514	8000	20409534	-4000	4000	1980
chr16	67656815	67664815	67660250	8000	67660815	-4000	4000	-565
chr16	2813180	2821180	2821055	8000	2817180	-4000	4000	3875
chr16	89556677	89564677	89556938	8000	89560677	-4000	4000	-3739
chr16	89917392	89925392	89920216	8000	89921392	-4000	4000	-1176
chr16	67166154	67174154	67169778	8000	67170154	-4000	4000	-376
chr16	28488098	28496098	28495307	8000	28492098	-4000	4000	3209
chr16	392725	400725	399629	8000	396725	-4000	4000	2904
chr16	680528	688528	682207	8000	684528	-4000	4000	-2321
chr16	722936	730936	727579	8000	726936	-4000	4000	643
chr16	737329	745329	740083	8000	741329	-4000	4000	-1246
chr16	1347931	1355931	1350942	8000	1351931	-4000	4000	-989
chr16	4269075	4277075	4272735	8000	4273075	-4000	4000	-340
chr16	10178928	10186928	10180117	8000	10182928	-4000	4000	-2811
chr16	30441874	30449874	30445179	8000	30445874	-4000	4000	-695
chr16	30783205	30791205	30783329	8000	30787205	-4000	4000	-3876
chr16	57996672	58004672	58001401	8000	58000672	-4000	4000	729
chr16	680528	688528	683011	8000	684528	-4000	4000	-1517
chr16	1789700	1797700	1791337	8000	1793700	-4000	4000	-2363
chr16	30019270	30027270	30025635	8000	30023270	-4000	4000	2365
chr17	4792144	4800144	4796780	8000	4796144	-4000	4000	636
chr17	28707888	28715888	28715077	8000	28711888	-4000	4000	3189
chr17	39661349	39669349	39665872	8000	39665349	-4000	4000	523
chr17	7559287	7567287	7565569	8000	7563287	-4000	4000	2282
chr17	39726532	39734532	39729470	8000	39730532	-4000	4000	-1062
chr17	42563072	42571072	42570116	8000	42567072	-4000	4000	3044
chr17	76722799	76730799	76729699	8000	76726799	-4000	4000	2900
chr17	4792144	4800144	4798024	8000	4796144	-4000	4000	1880
chr17	34957540	34965540	34961261	8000	34961540	-4000	4000	-279
chr17	42108714	42116714	42113767	8000	42112714	-4000	4000	1053
chr17	49705014	49713014	49706296	8000	49709014	-4000	4000	-2718
chr17	75164281	75172281	75168247	8000	75168281	-4000	4000	-34
chr17	75852507	75860507	75855274	8000	75856507	-4000	4000	-1233
chr17	76304276	76312276	76304891	8000	76308276	-4000	4000	-3385
chr17	34281742	34289742	34287607	8000	34285742	-4000	4000	1865
chr17	7701202	7709202	7702754	8000	7705202	-4000	4000	-2448
chr17	48600912	48608912	48607818	8000	48604912	-4000	4000	2906
chr17	28715985	28723985	28722638	8000	28719985	-4000	4000	2653
chr17	30827966	30835966	30835657	8000	30831966	-4000	4000	3691
chr17	34352480	34360480	34357536	8000	34356480	-4000	4000	1056
chr17	47963810	47971810	47971292	8000	47967810	-4000	4000	3482
chr17	59205400	59213400	59213237	8000	59209400	-4000	4000	3837
chr17	74199582	74207582	74204219	8000	74203582	-4000	4000	637
chr17	42678531	42686531	42685238	8000	42682531	-4000	4000	2707
chr17	51149590	51157590	51154309	8000	51153590	-4000	4000	719
chr17	7019050	7027050	7026789	8000	7023050	-4000	4000	3739
chr17	7586094	7594094	7592763	8000	7590094	-4000	4000	2669
chr17	40933646	40941646	40936421	8000	40937646	-4000	4000	-1225
chr17	41518529	41526529	41523982	8000	41522529	-4000	4000	1453
chr17	81907432	81915432	81914410	8000	81911432	-4000	4000	2978
chr17	8159546	8167546	8161516	8000	8163546	-4000	4000	-2030
chr17	47827541	47835541	47834612	8000	47831541	-4000	4000	3071
chr17	993129	1001129	997260	8000	997129	-4000	4000	131
chr17	58324795	58332795	58326340	8000	58328795	-4000	4000	-2455
chr17	75781893	75789893	75784815	8000	75785893	-4000	4000	-1078
chr17	59205400	59213400	59210883	8000	59209400	-4000	4000	1483
chr17	44553484	44561484	44559070	8000	44557484	-4000	4000	1586
chr17	28721897	28729897	28725550	8000	28725897	-4000	4000	-347
chr17	51116868	51124868	51120455	8000	51120868	-4000	4000	-413
chr17	62623670	62631670	62627874	8000	62627670	-4000	4000	204
chr17	75521080	75529080	75522251	8000	75525080	-4000	4000	-2829
chr17	69137895	69145895	69140714	8000	69141895	-4000	4000	-1181
chr17	75258363	75266363	75265849	8000	75262363	-4000	4000	3486
chr17	10726023	10734023	10729030	8000	10730023	-4000	4000	-993
chr17	54895387	54903387	54900794	8000	54899387	-4000	4000	1407
chr17	82027678	82035678	82030819	8000	82031678	-4000	4000	-859
chr17	8172399	8180399	8173586	8000	8176399	-4000	4000	-2813
chr17	4930438	4938438	4934468	8000	4934438	-4000	4000	30
chr17	18311293	18319293	18318010	8000	18315293	-4000	4000	2717
chr17	76023306	76031306	76027217	8000	76027306	-4000	4000	-89
chr17	82061887	82069887	82062903	8000	82065887	-4000	4000	-2984
chr17	82748042	82756042	82748899	8000	82752042	-4000	4000	-3143
chr17	39683914	39691914	39686007	8000	39687914	-4000	4000	-1907
chr17	18311293	18319293	18317258	8000	18315293	-4000	4000	1965
chr17	5482811	5490811	5489707	8000	5486811	-4000	4000	2896
chr17	6992049	7000049	6996894	8000	6996049	-4000	4000	845
chr17	4782433	4790433	4789835	8000	4786433	-4000	4000	3402
chr17	41582895	41590895	41583863	8000	41586895	-4000	4000	-3032
chr17	6992049	7000049	6999454	8000	6996049	-4000	4000	3405
chr17	7247416	7255416	7254682	8000	7251416	-4000	4000	3266
chr17	36530987	36538987	36537682	8000	36534987	-4000	4000	2695
chr17	36192758	36200758	36196749	8000	36196758	-4000	4000	-9
chr17	31933007	31941007	31940296	8000	31937007	-4000	4000	3289
chr17	47690161	47698161	47696273	8000	47694161	-4000	4000	2112
chr17	7682071	7690071	7688526	8000	7686071	-4000	4000	2455
chr17	42794704	42802704	42795801	8000	42798704	-4000	4000	-2903
chr17	63480823	63488823	63484988	8000	63484823	-4000	4000	165
chr17	58540368	58548368	58542853	8000	58544368	-4000	4000	-1515
chr17	38726341	38734341	38731363	8000	38730341	-4000	4000	1022
chr17	50474860	50482860	50482151	8000	50478860	-4000	4000	3291
chr17	7215841	7223841	7222229	8000	7219841	-4000	4000	2388
chr17	50369207	50377207	50375896	8000	50373207	-4000	4000	2689
chr17	41684885	41692885	41690945	8000	41688885	-4000	4000	2060
chr17	7851066	7859066	7851667	8000	7855066	-4000	4000	-3399
chr17	31897708	31905708	31901702	8000	31901708	-4000	4000	-6
chr17	36944925	36952925	36949000	8000	36948925	-4000	4000	75
chr17	41730644	41738644	41731532	8000	41734644	-4000	4000	-3112
chr17	72117020	72125020	72124386	8000	72121020	-4000	4000	3366
chr17	82027678	82035678	82028505	8000	82031678	-4000	4000	-3173
chr17	82047831	82055831	82049938	8000	82051831	-4000	4000	-1893
chr17	65052740	65060740	65056574	8000	65056740	-4000	4000	-166
chr17	441939	449939	443448	8000	445939	-4000	4000	-2491
chr17	4895418	4903418	4900809	8000	4899418	-4000	4000	1391
chr17	7441061	7449061	7442672	8000	7445061	-4000	4000	-2389
chr17	7441061	7449061	7443053	8000	7445061	-4000	4000	-2008
chr17	7830217	7838217	7830679	8000	7834217	-4000	4000	-3538
chr17	7881238	7889238	7884896	8000	7885238	-4000	4000	-342
chr17	19373721	19381721	19380880	8000	19377721	-4000	4000	3159
chr17	35444837	35452837	35444848	8000	35448837	-4000	4000	-3989
chr17	41926542	41934542	41930799	8000	41930542	-4000	4000	257
chr17	42672994	42680994	42674376	8000	42676994	-4000	4000	-2618
chr17	62061278	62069278	62063065	8000	62065278	-4000	4000	-2213
chr17	63994351	64002351	64001773	8000	63998351	-4000	4000	3422
chr17	75127757	75135757	75128697	8000	75131757	-4000	4000	-3060
chr17	82712706	82720706	82718940	8000	82716706	-4000	4000	2234
chr17	36192758	36200758	36195312	8000	36196758	-4000	4000	-1446
chr17	36086169	36094169	36088693	8000	36090169	-4000	4000	-1476
chr17	4551386	4559386	4551918	8000	4555386	-4000	4000	-3468
chr17	4983675	4991675	4989511	8000	4987675	-4000	4000	1836
chr17	7215841	7223841	7223051	8000	7219841	-4000	4000	3210
chr17	8035034	8043034	8039388	8000	8039034	-4000	4000	354
chr17	28893733	28901733	28901049	8000	28897733	-4000	4000	3316
chr17	42108714	42116714	42110732	8000	42112714	-4000	4000	-1982
chr17	59960761	59968761	59963243	8000	59964761	-4000	4000	-1518
chr17	63823152	63831152	63824219	8000	63827152	-4000	4000	-2933
chr17	76722799	76730799	76723823	8000	76726799	-4000	4000	-2976
chr17	78126770	78134770	78132466	8000	78130770	-4000	4000	1696
chr17	78975947	78983947	78976023	8000	78979947	-4000	4000	-3924
chr17	81235305	81243305	81237437	8000	81239305	-4000	4000	-1868
chr17	81291547	81299547	81295048	8000	81295547	-4000	4000	-499
chr17	74772367	74780367	74777354	8000	74776367	-4000	4000	987
chr17	42557467	42565467	42564185	8000	42561467	-4000	4000	2718
chr17	41832260	41840260	41837916	8000	41836260	-4000	4000	1656
chr17	47837289	47845289	47839567	8000	47841289	-4000	4000	-1722
chr17	45616344	45624344	45622010	8000	45620344	-4000	4000	1666
chr17	67362605	67370605	67366442	8000	67366605	-4000	4000	-163
chr17	1680867	1688867	1681614	8000	1684867	-4000	4000	-3253
chr17	30827966	30835966	30835729	8000	30831966	-4000	4000	3763
chr17	43843148	43851148	43848871	8000	43847148	-4000	4000	1723
chr17	47827541	47835541	47828513	8000	47831541	-4000	4000	-3028
chr17	7247416	7255416	7252466	8000	7251416	-4000	4000	1050
chr17	28740011	28748011	28741140	8000	28744011	-4000	4000	-2871
chr17	64504199	64512199	64504760	8000	64508199	-4000	4000	-3439
chr17	73189055	73197055	73196913	8000	73193055	-4000	4000	3858
chr17	36206924	36214924	36212486	8000	36210924	-4000	4000	1562
chr17	29562052	29570052	29562862	8000	29566052	-4000	4000	-3190
chr17	59703192	59711192	59707447	8000	59707192	-4000	4000	255
chr17	28360356	28368356	28364954	8000	28364356	-4000	4000	598
chr17	28331489	28339489	28331912	8000	28335489	-4000	4000	-3577
chr17	68255182	68263182	68256900	8000	68259182	-4000	4000	-2282
chr17	83047809	83055809	83048957	8000	83051809	-4000	4000	-2852
chr17	34575487	34583487	34579172	8000	34579487	-4000	4000	-315
chr17	34575487	34583487	34579173	8000	34579487	-4000	4000	-314
chr17	42283547	42291547	42288015	8000	42287547	-4000	4000	468
chr17	1645866	1653866	1650803	8000	1649866	-4000	4000	937
chr17	43829170	43837170	43831882	8000	43833170	-4000	4000	-1288
chr17	44553484	44561484	44558897	8000	44557484	-4000	4000	1413
chr17	41611899	41619899	41619520	8000	41615899	-4000	4000	3621
chr17	4930438	4938438	4934356	8000	4934438	-4000	4000	-82
chr17	58513905	58521905	58514405	8000	58517905	-4000	4000	-3500
chr17	7925856	7933856	7927858	8000	7929856	-4000	4000	-1998
chr17	7928123	7936123	7931536	8000	7932123	-4000	4000	-587
chr17	42563072	42571072	42565975	8000	42567072	-4000	4000	-1097
chr17	43207835	43215835	43210073	8000	43211835	-4000	4000	-1762
chr17	50474860	50482860	50479950	8000	50478860	-4000	4000	1090
chr17	1645866	1653866	1651547	8000	1649866	-4000	4000	1681
chr17	7235722	7243722	7237387	8000	7239722	-4000	4000	-2335
chr17	74199582	74207582	74203999	8000	74203582	-4000	4000	417
chr17	75521080	75529080	75521490	8000	75525080	-4000	4000	-3590
chr17	45144475	45152475	45148504	8000	45148475	-4000	4000	29
chr17	28641454	28649454	28648947	8000	28645454	-4000	4000	3493
chr17	7376534	7384534	7383315	8000	7380534	-4000	4000	2781
chr17	28641454	28649454	28643233	8000	28645454	-4000	4000	-2221
chr17	73232753	73240753	73236295	8000	73236753	-4000	4000	-458
chr17	40096589	40104589	40097303	8000	40100589	-4000	4000	-3286
chr17	4944092	4952092	4945195	8000	4948092	-4000	4000	-2897
chr17	58003246	58011246	58005926	8000	58007246	-4000	4000	-1320
chr17	28851010	28859010	28858450	8000	28855010	-4000	4000	3440
chr17	74199582	74207582	74204306	8000	74203582	-4000	4000	724
chr17	43002740	43010740	43002771	8000	43006740	-4000	4000	-3969
chr17	45144475	45152475	45149667	8000	45148475	-4000	4000	1192
chr17	63823152	63831152	63825406	8000	63827152	-4000	4000	-1746
chr17	76067961	76075961	76072373	8000	76071961	-4000	4000	412
chr17	78210186	78218186	78216740	8000	78214186	-4000	4000	2554
chr17	82047831	82055831	82050729	8000	82051831	-4000	4000	-1102
chr17	6440441	6448441	6445161	8000	6444441	-4000	4000	720
chr17	7928123	7936123	7930658	8000	7932123	-4000	4000	-1465
chr17	41832260	41840260	41837853	8000	41836260	-4000	4000	1593
chr17	74772367	74780367	74777327	8000	74776367	-4000	4000	960
chr17	44182970	44190970	44189004	8000	44186970	-4000	4000	2034
chr17	39193703	39201703	39201231	8000	39197703	-4000	4000	3528
chr17	41518529	41526529	41524466	8000	41522529	-4000	4000	1937
chr17	42794704	42802704	42795982	8000	42798704	-4000	4000	-2722
chr17	80216923	80224923	80221751	8000	80220923	-4000	4000	828
chr17	44912937	44920937	44913327	8000	44916937	-4000	4000	-3610
chr17	8306241	8314241	8312327	8000	8310241	-4000	4000	2086
chr17	4936008	4944008	4939009	8000	4940008	-4000	4000	-999
chr17	39633090	39641090	39635685	8000	39637090	-4000	4000	-1405
chr17	19383190	19391190	19386393	8000	19387190	-4000	4000	-797
chr17	49206574	49214574	49210746	8000	49210574	-4000	4000	172
chr17	10694375	10702375	10697471	8000	10698375	-4000	4000	-904
chr17	34976512	34984512	34983199	8000	34980512	-4000	4000	2687
chr17	80411165	80419165	80415693	8000	80415165	-4000	4000	528
chr17	42847184	42855184	42850266	8000	42851184	-4000	4000	-918
chr17	81031122	81039122	81033035	8000	81035122	-4000	4000	-2087
chr17	4556818	4564818	4560579	8000	4560818	-4000	4000	-239
chr17	8159546	8167546	8160829	8000	8163546	-4000	4000	-2717
chr17	43021123	43029123	43028641	8000	43025123	-4000	4000	3518
chr17	55260960	55268960	55268063	8000	55264960	-4000	4000	3103
chr17	76733333	76741333	76738366	8000	76737333	-4000	4000	1033
chr17	8284654	8292654	8289134	8000	8288654	-4000	4000	480
chr17	58688055	58696055	58692704	8000	58692055	-4000	4000	649
chr17	8379213	8387213	8382162	8000	8383213	-4000	4000	-1051
chr17	49206574	49214574	49207405	8000	49210574	-4000	4000	-3169
chr17	59205400	59213400	59210688	8000	59209400	-4000	4000	1288
chr17	18311293	18319293	18317265	8000	18315293	-4000	4000	1972
chr17	3890891	3898891	3897781	8000	3894891	-4000	4000	2890
chr17	40661141	40669141	40664927	8000	40665141	-4000	4000	-214
chr17	43207835	43215835	43213200	8000	43211835	-4000	4000	1365
chr17	4735833	4743833	4741780	8000	4739833	-4000	4000	1947
chr17	28740011	28748011	28741431	8000	28744011	-4000	4000	-2580
chr17	38796126	38804126	38801943	8000	38800126	-4000	4000	1817
chr17	39661349	39669349	39665443	8000	39665349	-4000	4000	94
chr17	59888945	59896945	59891031	8000	59892945	-4000	4000	-1914
chr17	42557467	42565467	42563156	8000	42561467	-4000	4000	1689
chr17	81679326	81687326	81686370	8000	81683326	-4000	4000	3044
chr17	4930438	4938438	4938036	8000	4934438	-4000	4000	3598
chr17	28658189	28666189	28660991	8000	28662189	-4000	4000	-1198
chr17	56974129	56982129	56981199	8000	56978129	-4000	4000	3070
chr17	45430421	45438421	45437788	8000	45434421	-4000	4000	3367
chr17	48724750	48732750	48726689	8000	48728750	-4000	4000	-2061
chr17	55260960	55268960	55265574	8000	55264960	-4000	4000	614
chr17	7247416	7255416	7252944	8000	7251416	-4000	4000	1528
chr17	7347889	7355889	7348354	8000	7351889	-4000	4000	-3535
chr17	7586094	7594094	7589767	8000	7590094	-4000	4000	-327
chr17	34281742	34289742	34285760	8000	34285742	-4000	4000	18
chr17	34281742	34289742	34287643	8000	34285742	-4000	4000	1901
chr17	34315435	34323435	34319477	8000	34319435	-4000	4000	42
chr17	36597583	36605583	36602087	8000	36601583	-4000	4000	504
chr17	39193703	39201703	39197427	8000	39197703	-4000	4000	-276
chr17	44553484	44561484	44558052	8000	44557484	-4000	4000	568
chr17	47937506	47945506	47941692	8000	47941506	-4000	4000	186
chr17	48541109	48549109	48542946	8000	48545109	-4000	4000	-2163
chr17	50464906	50472906	50468549	8000	50468906	-4000	4000	-357
chr17	59102921	59110921	59106681	8000	59106921	-4000	4000	-240
chr17	59205400	59213400	59211332	8000	59209400	-4000	4000	1932
chr17	63826012	63834012	63831954	8000	63830012	-4000	4000	1942
chr17	63826012	63834012	63832729	8000	63830012	-4000	4000	2717
chr17	64504199	64512199	64506149	8000	64508199	-4000	4000	-2050
chr17	80143151	80151151	80146921	8000	80147151	-4000	4000	-230
chr17	81907432	81915432	81911005	8000	81911432	-4000	4000	-427
chr17	82027678	82035678	82028627	8000	82031678	-4000	4000	-3051
chr17	36099827	36107827	36104625	8000	36103827	-4000	4000	798
chr17	63823152	63831152	63830810	8000	63827152	-4000	4000	3658
chr17	7277718	7285718	7284294	8000	7281718	-4000	4000	2576
chr17	41684885	41692885	41688925	8000	41688885	-4000	4000	40
chr17	50474860	50482860	50479754	8000	50478860	-4000	4000	894
chr17	46829154	46837154	46833406	8000	46833154	-4000	4000	252
chr17	16686261	16694261	16690674	8000	16690261	-4000	4000	413
chr17	39661349	39669349	39662877	8000	39665349	-4000	4000	-2472
chr17	4983675	4991675	4988469	8000	4987675	-4000	4000	794
chr17	28610185	28618185	28611643	8000	28614185	-4000	4000	-2542
chr17	42678531	42686531	42685236	8000	42682531	-4000	4000	2705
chr17	50090737	50098737	50097455	8000	50094737	-4000	4000	2718
chr17	63968918	63976918	63972638	8000	63972918	-4000	4000	-280
chr17	32346023	32354023	32351910	8000	32350023	-4000	4000	1887
chr17	28331489	28339489	28331887	8000	28335489	-4000	4000	-3602
chr17	62419875	62427875	62426307	8000	62423875	-4000	4000	2432
chr17	50464906	50472906	50468421	8000	50468906	-4000	4000	-485
chr17	39976807	39984807	39984352	8000	39980807	-4000	4000	3545
chr17	76733333	76741333	76733715	8000	76737333	-4000	4000	-3618
chr17	78183233	78191233	78185067	8000	78187233	-4000	4000	-2166
chr17	63826012	63834012	63831916	8000	63830012	-4000	4000	1904
chr17	58540368	58548368	58542768	8000	58544368	-4000	4000	-1600
chr17	42605641	42613641	42610185	8000	42609641	-4000	4000	544
chr17	4936008	4944008	4939077	8000	4940008	-4000	4000	-931
chr17	2333498	2341498	2333694	8000	2337498	-4000	4000	-3804
chr17	55260960	55268960	55265493	8000	55264960	-4000	4000	533
chr17	69410697	69418697	69414885	8000	69414697	-4000	4000	188
chr17	7277718	7285718	7283245	8000	7281718	-4000	4000	1527
chr17	47827541	47835541	47835018	8000	47831541	-4000	4000	3477
chr17	7851066	7859066	7858719	8000	7855066	-4000	4000	3653
chr17	8115047	8123047	8116851	8000	8119047	-4000	4000	-2196
chr17	58540368	58548368	58544261	8000	58544368	-4000	4000	-107
chr17	7480263	7488263	7481988	8000	7484263	-4000	4000	-2275
chr17	28715985	28723985	28722552	8000	28719985	-4000	4000	2567
chr17	42847184	42855184	42854543	8000	42851184	-4000	4000	3359
chr17	43657922	43665922	43661361	8000	43661922	-4000	4000	-561
chr17	63823152	63831152	63825573	8000	63827152	-4000	4000	-1579
chr17	44182970	44190970	44189384	8000	44186970	-4000	4000	2414
chr17	76380521	76388521	76387228	8000	76384521	-4000	4000	2707
chr17	45057131	45065131	45061419	8000	45061131	-4000	4000	288
chr17	6992049	7000049	6996999	8000	6996049	-4000	4000	950
chr17	59888945	59896945	59890893	8000	59892945	-4000	4000	-2052
chr17	75105952	75113952	75110582	8000	75109952	-4000	4000	630
chr17	74542115	74550115	74542881	8000	74546115	-4000	4000	-3234
chr17	34251218	34259218	34256727	8000	34255218	-4000	4000	1509
chr17	38849764	38857764	38853700	8000	38853764	-4000	4000	-64
chr17	41962763	41970763	41968658	8000	41966763	-4000	4000	1895
chr17	44000622	44008622	44008557	8000	44004622	-4000	4000	3935
chr17	63823152	63831152	63827577	8000	63827152	-4000	4000	425
chr17	75892951	75900951	75899159	8000	75896951	-4000	4000	2208
chr17	34575487	34583487	34578967	8000	34579487	-4000	4000	-520
chr17	29618912	29626912	29621416	8000	29622912	-4000	4000	-1496
chr17	75840552	75848552	75840555	8000	75844552	-4000	4000	-3997
chr17	75521080	75529080	75524436	8000	75525080	-4000	4000	-644
chr17	41832260	41840260	41832396	8000	41836260	-4000	4000	-3864
chr17	82748042	82756042	82750529	8000	82752042	-4000	4000	-1513
chr17	28715985	28723985	28722669	8000	28719985	-4000	4000	2684
chr17	39663981	39671981	39670249	8000	39667981	-4000	4000	2268
chr17	42994273	43002273	42998791	8000	42998273	-4000	4000	518
chr17	76733333	76741333	76738990	8000	76737333	-4000	4000	1657
chr17	76067961	76075961	76075096	8000	76071961	-4000	4000	3135
chr17	7258089	7266089	7258703	8000	7262089	-4000	4000	-3386
chr17	42605641	42613641	42609314	8000	42609641	-4000	4000	-327
chr17	76733333	76741333	76735904	8000	76737333	-4000	4000	-1429
chr17	34957540	34965540	34961586	8000	34961540	-4000	4000	46
chr17	7008635	7016635	7010463	8000	7012635	-4000	4000	-2172
chr17	39633090	39641090	39635871	8000	39637090	-4000	4000	-1219
chr17	63826012	63834012	63833942	8000	63830012	-4000	4000	3930
chr17	28331489	28339489	28335471	8000	28335489	-4000	4000	-18
chr17	42108714	42116714	42114602	8000	42112714	-4000	4000	1888
chr17	7851066	7859066	7853001	8000	7855066	-4000	4000	-2065
chr17	82712706	82720706	82719047	8000	82716706	-4000	4000	2341
chr17	74869031	74877031	74872121	8000	74873031	-4000	4000	-910
chr17	34976512	34984512	34983158	8000	34980512	-4000	4000	2646
chr17	41730644	41738644	41732776	8000	41734644	-4000	4000	-1868
chr17	59205400	59213400	59210682	8000	59209400	-4000	4000	1282
chr17	7019050	7027050	7024220	8000	7023050	-4000	4000	1170
chr17	58214548	58222548	58219224	8000	58218548	-4000	4000	676
chr17	8795365	8803365	8803229	8000	8799365	-4000	4000	3864
chr17	7247416	7255416	7254723	8000	7251416	-4000	4000	3307
chr17	58540368	58548368	58543487	8000	58544368	-4000	4000	-881
chr17	42557467	42565467	42563173	8000	42561467	-4000	4000	1706
chr17	42557467	42565467	42563261	8000	42561467	-4000	4000	1794
chr17	42573831	42581831	42574193	8000	42577831	-4000	4000	-3638
chr17	45057131	45065131	45061326	8000	45061131	-4000	4000	195
chr17	78356077	78364077	78358883	8000	78360077	-4000	4000	-1194
chr17	8306241	8314241	8313350	8000	8310241	-4000	4000	3109
chr17	48724750	48732750	48728060	8000	48728750	-4000	4000	-690
chr17	61587219	61595219	61591048	8000	61591219	-4000	4000	-171
chr17	41620842	41628842	41627911	8000	41624842	-4000	4000	3069
chr17	75201659	75209659	75205739	8000	75205659	-4000	4000	80
chr17	81867378	81875378	81869551	8000	81871378	-4000	4000	-1827
chr17	7586094	7594094	7591914	8000	7590094	-4000	4000	1820
chr17	47837289	47845289	47840255	8000	47841289	-4000	4000	-1034
chr17	34957540	34965540	34958637	8000	34961540	-4000	4000	-2903
chr17	7213125	7221125	7220488	8000	7217125	-4000	4000	3363
chr17	38293023	38301023	38299393	8000	38297023	-4000	4000	2370
chr17	18179078	18187078	18184701	8000	18183078	-4000	4000	1623
chr17	40561472	40569472	40565423	8000	40565472	-4000	4000	-49
chr17	7830217	7838217	7833124	8000	7834217	-4000	4000	-1093
chr17	7830217	7838217	7833591	8000	7834217	-4000	4000	-626
chr17	8306241	8314241	8313049	8000	8310241	-4000	4000	2808
chr17	7441061	7449061	7447082	8000	7445061	-4000	4000	2021
chr17	45128600	45136600	45136583	8000	45132600	-4000	4000	3983
chr17	75267231	75275231	75273513	8000	75271231	-4000	4000	2282
chr17	778353	786353	782690	8000	782353	-4000	4000	337
chr17	8379213	8387213	8382235	8000	8383213	-4000	4000	-978
chr17	74462399	74470399	74466525	8000	74466399	-4000	4000	126
chr17	75521080	75529080	75523747	8000	75525080	-4000	4000	-1333
chr17	82027678	82035678	82033856	8000	82031678	-4000	4000	2178
chr17	60418470	60426470	60426259	8000	60422470	-4000	4000	3789
chr17	38849764	38857764	38852975	8000	38853764	-4000	4000	-789
chr17	7579529	7587529	7580774	8000	7583529	-4000	4000	-2755
chr17	68507780	68515780	68515420	8000	68511780	-4000	4000	3640
chr17	40360737	40368737	40363470	8000	40364737	-4000	4000	-1267
chr17	7559287	7567287	7565588	8000	7563287	-4000	4000	2301
chr17	41518529	41526529	41518895	8000	41522529	-4000	4000	-3634
chr17	72117020	72125020	72121767	8000	72121020	-4000	4000	747
chr17	59205400	59213400	59213369	8000	59209400	-4000	4000	3969
chr17	4895418	4903418	4898854	8000	4899418	-4000	4000	-564
chr17	7235722	7243722	7241444	8000	7239722	-4000	4000	1722
chr17	27452448	27460448	27456799	8000	27456448	-4000	4000	351
chr17	81162221	81170221	81166768	8000	81166221	-4000	4000	547
chr17	7347889	7355889	7352680	8000	7351889	-4000	4000	791
chr17	28740011	28748011	28742029	8000	28744011	-4000	4000	-1982
chr17	59205400	59213400	59210968	8000	59209400	-4000	4000	1568
chr17	8372704	8380704	8377625	8000	8376704	-4000	4000	921
chr17	78126770	78134770	78132450	8000	78130770	-4000	4000	1680
chr17	4895418	4903418	4898634	8000	4899418	-4000	4000	-784
chr17	7586094	7594094	7591486	8000	7590094	-4000	4000	1392
chr17	15995784	16003784	15999723	8000	15999784	-4000	4000	-61
chr17	28360356	28368356	28364929	8000	28364356	-4000	4000	573
chr17	42847184	42855184	42852921	8000	42851184	-4000	4000	1737
chr17	58513905	58521905	58520337	8000	58517905	-4000	4000	2432
chr17	58513905	58521905	58520914	8000	58517905	-4000	4000	3009
chr17	76023306	76031306	76023505	8000	76027306	-4000	4000	-3801
chr17	76733333	76741333	76734643	8000	76737333	-4000	4000	-2690
chr17	76733333	76741333	76735802	8000	76737333	-4000	4000	-1531
chr17	76733333	76741333	76737005	8000	76737333	-4000	4000	-328
chr17	76733333	76741333	76741030	8000	76737333	-4000	4000	3697
chr17	7623876	7631876	7627581	8000	7627876	-4000	4000	-295
chr17	28740011	28748011	28740513	8000	28744011	-4000	4000	-3498
chr17	41730644	41738644	41732782	8000	41734644	-4000	4000	-1862
chr17	42557467	42565467	42563151	8000	42561467	-4000	4000	1684
chr17	73232753	73240753	73236080	8000	73236753	-4000	4000	-673
chr17	76639786	76647786	76643570	8000	76643786	-4000	4000	-216
chr17	82047831	82055831	82049796	8000	82051831	-4000	4000	-2035
chr17	18777111	18785111	18778501	8000	18781111	-4000	4000	-2610
chr17	75629434	75637434	75629728	8000	75633434	-4000	4000	-3706
chr17	75892951	75900951	75899221	8000	75896951	-4000	4000	2270
chr17	80411165	80419165	80415371	8000	80415165	-4000	4000	206
chr17	81907432	81915432	81912543	8000	81911432	-4000	4000	1111
chr17	28610185	28618185	28611398	8000	28614185	-4000	4000	-2787
chr17	55260960	55268960	55265500	8000	55264960	-4000	4000	540
chr17	4895418	4903418	4900022	8000	4899418	-4000	4000	604
chr17	63480823	63488823	63481607	8000	63484823	-4000	4000	-3216
chr17	63480823	63488823	63483032	8000	63484823	-4000	4000	-1791
chr17	406325	414325	413182	8000	410325	-4000	4000	2857
chr17	40561472	40569472	40565402	8000	40565472	-4000	4000	-70
chr17	35444837	35452837	35445598	8000	35448837	-4000	4000	-3239
chr17	35444837	35452837	35445599	8000	35448837	-4000	4000	-3238
chr17	39398523	39406523	39405161	8000	39402523	-4000	4000	2638
chr17	75521080	75529080	75524389	8000	75525080	-4000	4000	-691
chr17	36530987	36538987	36538554	8000	36534987	-4000	4000	3567
chr17	16686261	16694261	16690520	8000	16690261	-4000	4000	259
chr17	28851010	28859010	28858671	8000	28855010	-4000	4000	3661
chr17	44912937	44920937	44915288	8000	44916937	-4000	4000	-1649
chr17	35574046	35582046	35578198	8000	35578046	-4000	4000	152
chr17	48904407	48912407	48910872	8000	48908407	-4000	4000	2465
chr17	64502865	64510865	64503220	8000	64506865	-4000	4000	-3645
chr17	2299383	2307383	2299941	8000	2303383	-4000	4000	-3442
chr17	7347889	7355889	7349003	8000	7351889	-4000	4000	-2886
chr17	7623876	7631876	7626996	8000	7627876	-4000	4000	-880
chr17	7701202	7709202	7703081	8000	7705202	-4000	4000	-2121
chr17	28369091	28377091	28369606	8000	28373091	-4000	4000	-3485
chr17	28740011	28748011	28741515	8000	28744011	-4000	4000	-2496
chr17	34281742	34289742	34285753	8000	34285742	-4000	4000	11
chr17	36530987	36538987	36538188	8000	36534987	-4000	4000	3201
chr17	42017376	42025376	42021618	8000	42021376	-4000	4000	242
chr17	42573831	42581831	42577098	8000	42577831	-4000	4000	-733
chr17	43829170	43837170	43831572	8000	43833170	-4000	4000	-1598
chr17	44553484	44561484	44558556	8000	44557484	-4000	4000	1072
chr17	47837289	47845289	47840351	8000	47841289	-4000	4000	-938
chr17	59205400	59213400	59211589	8000	59209400	-4000	4000	2189
chr17	63823152	63831152	63830346	8000	63827152	-4000	4000	3194
chr17	8795365	8803365	8798699	8000	8799365	-4000	4000	-666
chr17	50197632	50205632	50197984	8000	50201632	-4000	4000	-3648
chr17	58513905	58521905	58521900	8000	58517905	-4000	4000	3995
chr17	7853746	7861746	7859419	8000	7857746	-4000	4000	1673
chr17	28851010	28859010	28858318	8000	28855010	-4000	4000	3308
chr17	4944092	4952092	4944879	8000	4948092	-4000	4000	-3213
chr17	8115047	8123047	8120921	8000	8119047	-4000	4000	1874
chr17	28899079	28907079	28906055	8000	28903079	-4000	4000	2976
chr17	29618912	29626912	29626507	8000	29622912	-4000	4000	3595
chr17	35997621	36005621	35997794	8000	36001621	-4000	4000	-3827
chr17	42557467	42565467	42562733	8000	42561467	-4000	4000	1266
chr17	42672994	42680994	42674385	8000	42676994	-4000	4000	-2609
chr17	49964970	49972970	49972855	8000	49968970	-4000	4000	3885
chr17	59615689	59623689	59620088	8000	59619689	-4000	4000	399
chr17	60522242	60530242	60526084	8000	60526242	-4000	4000	-158
chr17	66188133	66196133	66191729	8000	66192133	-4000	4000	-404
chr17	76733333	76741333	76734405	8000	76737333	-4000	4000	-2928
chr17	81162221	81170221	81165985	8000	81166221	-4000	4000	-236
chr17	18179078	18187078	18179114	8000	18183078	-4000	4000	-3964
chr17	27290076	27298076	27294366	8000	27294076	-4000	4000	290
chr17	64504199	64512199	64510175	8000	64508199	-4000	4000	1976
chr17	78356077	78364077	78358390	8000	78360077	-4000	4000	-1687
chr17	18311293	18319293	18317336	8000	18315293	-4000	4000	2043
chr17	42794704	42802704	42795874	8000	42798704	-4000	4000	-2830
chr17	43021123	43029123	43028584	8000	43025123	-4000	4000	3461
chr17	48541109	48549109	48543219	8000	48545109	-4000	4000	-1890
chr17	76067961	76075961	76072358	8000	76071961	-4000	4000	397
chr17	7008635	7016635	7010095	8000	7012635	-4000	4000	-2540
chr17	19644136	19652136	19651751	8000	19648136	-4000	4000	3615
chr17	35444837	35452837	35445286	8000	35448837	-4000	4000	-3551
chr17	36086169	36094169	36090125	8000	36090169	-4000	4000	-44
chr17	38865859	38873859	38870134	8000	38869859	-4000	4000	275
chr17	48541109	48549109	48543006	8000	48545109	-4000	4000	-2103
chr17	49705014	49713014	49705956	8000	49709014	-4000	4000	-3058
chr17	50863978	50871978	50864008	8000	50867978	-4000	4000	-3970
chr17	75874581	75882581	75875923	8000	75878581	-4000	4000	-2658
chr17	80540819	80548819	80545579	8000	80544819	-4000	4000	760
chr17	4963817	4971817	4968807	8000	4967817	-4000	4000	990
chr17	16376798	16384798	16381057	8000	16380798	-4000	4000	259
chr17	38796126	38804126	38799332	8000	38800126	-4000	4000	-794
chr17	41524308	41532308	41527929	8000	41528308	-4000	4000	-379
chr17	58324795	58332795	58328045	8000	58328795	-4000	4000	-750
chr17	72117020	72125020	72123691	8000	72121020	-4000	4000	2671
chr17	1512742	1520742	1518009	8000	1516742	-4000	4000	1267
chr17	2333498	2341498	2336518	8000	2337498	-4000	4000	-980
chr17	3912476	3920476	3915539	8000	3916476	-4000	4000	-937
chr17	4792144	4800144	4797558	8000	4796144	-4000	4000	1414
chr17	7575491	7583491	7578165	8000	7579491	-4000	4000	-1326
chr17	42573831	42581831	42581808	8000	42577831	-4000	4000	3977
chr17	43207835	43215835	43211378	8000	43211835	-4000	4000	-457
chr17	50464906	50472906	50468457	8000	50468906	-4000	4000	-449
chr17	59151732	59159732	59155015	8000	59155732	-4000	4000	-717
chr17	59205400	59213400	59211234	8000	59209400	-4000	4000	1834
chr17	63823152	63831152	63829419	8000	63827152	-4000	4000	2267
chr17	74322210	74330210	74326283	8000	74326210	-4000	4000	73
chr17	75267231	75275231	75268141	8000	75271231	-4000	4000	-3090
chr17	78164581	78172581	78170900	8000	78168581	-4000	4000	2319
chr17	80540819	80548819	80545126	8000	80544819	-4000	4000	307
chr17	81524377	81532377	81528767	8000	81528377	-4000	4000	390
chr17	7575491	7583491	7577482	8000	7579491	-4000	4000	-2009
chr17	7830217	7838217	7830823	8000	7834217	-4000	4000	-3394
chr17	18311293	18319293	18316800	8000	18315293	-4000	4000	1507
chr17	28403197	28411197	28404686	8000	28407197	-4000	4000	-2511
chr17	38293023	38301023	38297030	8000	38297023	-4000	4000	7
chr17	48724750	48732750	48728029	8000	48728750	-4000	4000	-721
chr17	42557467	42565467	42562953	8000	42561467	-4000	4000	1486
chr17	42847184	42855184	42852597	8000	42851184	-4000	4000	1413
chr17	4930438	4938438	4932981	8000	4934438	-4000	4000	-1457
chr17	28707888	28715888	28714688	8000	28711888	-4000	4000	2800
chr17	73232753	73240753	73235708	8000	73236753	-4000	4000	-1045
chr17	75267231	75275231	75270158	8000	75271231	-4000	4000	-1073
chr17	75840552	75848552	75847819	8000	75844552	-4000	4000	3267
chr17	68507780	68515780	68512451	8000	68511780	-4000	4000	671
chr17	68507780	68515780	68512452	8000	68511780	-4000	4000	672
chr17	75583800	75591800	75589965	8000	75587800	-4000	4000	2165
chr17	42847184	42855184	42850205	8000	42851184	-4000	4000	-979
chr17	63826012	63834012	63833636	8000	63830012	-4000	4000	3624
chr17	68255182	68263182	68257019	8000	68259182	-4000	4000	-2163
chr17	44196113	44204113	44197256	8000	44200113	-4000	4000	-2857
chr17	441939	449939	443449	8000	445939	-4000	4000	-2490
chr17	75258363	75266363	75265762	8000	75262363	-4000	4000	3399
chr17	56910080	56918080	56913467	8000	56914080	-4000	4000	-613
chr17	58003246	58011246	58006964	8000	58007246	-4000	4000	-282
chr17	76733333	76741333	76733648	8000	76737333	-4000	4000	-3685
chr17	81829302	81837302	81834620	8000	81833302	-4000	4000	1318
chr17	36060272	36068272	36064289	8000	36064272	-4000	4000	17
chr17	8306241	8314241	8312359	8000	8310241	-4000	4000	2118
chr17	10653309	10661309	10654990	8000	10657309	-4000	4000	-2319
chr17	48724750	48732750	48728456	8000	48728750	-4000	4000	-294
chr17	38701273	38709273	38709229	8000	38705273	-4000	4000	3956
chr17	28369091	28377091	28370148	8000	28373091	-4000	4000	-2943
chr17	36099827	36107827	36103840	8000	36103827	-4000	4000	13
chr17	39457486	39465486	39462809	8000	39461486	-4000	4000	1323
chr17	7925856	7933856	7926079	8000	7929856	-4000	4000	-3777
chr17	50539058	50547058	50539253	8000	50543058	-4000	4000	-3805
chr17	40096589	40104589	40100123	8000	40100589	-4000	4000	-466
chr17	7019050	7027050	7023758	8000	7023050	-4000	4000	708
chr17	7586094	7594094	7593926	8000	7590094	-4000	4000	3832
chr17	8172399	8180399	8174591	8000	8176399	-4000	4000	-1808
chr17	47827541	47835541	47832203	8000	47831541	-4000	4000	662
chr17	75874581	75882581	75876085	8000	75878581	-4000	4000	-2496
chr17	76733333	76741333	76733622	8000	76737333	-4000	4000	-3711
chr17	3912476	3920476	3916097	8000	3916476	-4000	4000	-379
chr17	7623876	7631876	7628059	8000	7627876	-4000	4000	183
chr17	8115047	8123047	8122382	8000	8119047	-4000	4000	3335
chr17	28037737	28045737	28042729	8000	28041737	-4000	4000	992
chr17	7623876	7631876	7626405	8000	7627876	-4000	4000	-1471
chr17	41620842	41628842	41624230	8000	41624842	-4000	4000	-612
chr17	36530987	36538987	36537367	8000	36534987	-4000	4000	2380
chr17	42678531	42686531	42682894	8000	42682531	-4000	4000	363
chr17	4727428	4735428	4735161	8000	4731428	-4000	4000	3733
chr17	5482811	5490811	5489258	8000	5486811	-4000	4000	2447
chr17	60418470	60426470	60422517	8000	60422470	-4000	4000	47
chr17	76733333	76741333	76736420	8000	76737333	-4000	4000	-913
chr17	58688055	58696055	58692704	8000	58692055	-4000	4000	649
chr17	28715985	28723985	28720812	8000	28719985	-4000	4000	827
chr17	42794704	42802704	42799099	8000	42798704	-4000	4000	395
chr17	42678531	42686531	42683899	8000	42682531	-4000	4000	1368
chr17	61924016	61932016	61927966	8000	61928016	-4000	4000	-50
chr17	68507780	68515780	68515523	8000	68511780	-4000	4000	3743
chr17	61587219	61595219	61591184	8000	61591219	-4000	4000	-35
chr17	42563072	42571072	42570046	8000	42567072	-4000	4000	2974
chr17	64504199	64512199	64504315	8000	64508199	-4000	4000	-3884
chr17	7230517	7238517	7235576	8000	7234517	-4000	4000	1059
chr17	35574046	35582046	35575844	8000	35578046	-4000	4000	-2202
chr17	38726341	38734341	38730791	8000	38730341	-4000	4000	450
chr17	64493054	64501054	64500602	8000	64497054	-4000	4000	3548
chr17	18311293	18319293	18315732	8000	18315293	-4000	4000	439
chr17	50369207	50377207	50370510	8000	50373207	-4000	4000	-2697
chr17	34315435	34323435	34319471	8000	34319435	-4000	4000	36
chr17	59960761	59968761	59962926	8000	59964761	-4000	4000	-1835
chr17	64502865	64510865	64503190	8000	64506865	-4000	4000	-3675
chr17	80097556	80105556	80099617	8000	80101556	-4000	4000	-1939
chr17	82019305	82027305	82025100	8000	82023305	-4000	4000	1795
chr17	59615689	59623689	59620153	8000	59619689	-4000	4000	464
chr17	81662635	81670635	81665252	8000	81666635	-4000	4000	-1383
chr17	42794704	42802704	42795008	8000	42798704	-4000	4000	-3696
chr17	7008635	7016635	7015822	8000	7012635	-4000	4000	3187
chr17	41518529	41526529	41523873	8000	41522529	-4000	4000	1344
chr17	58688055	58696055	58692622	8000	58692055	-4000	4000	567
chr17	58688055	58696055	58692965	8000	58692055	-4000	4000	910
chr17	29290148	29298148	29294053	8000	29294148	-4000	4000	-95
chr17	7008635	7016635	7009677	8000	7012635	-4000	4000	-2958
chr17	58513905	58521905	58520908	8000	58517905	-4000	4000	3003
chr17	58003246	58011246	58005742	8000	58007246	-4000	4000	-1504
chr17	61587219	61595219	61591043	8000	61591219	-4000	4000	-176
chr17	34352480	34360480	34358034	8000	34356480	-4000	4000	1554
chr17	1459162	1467162	1465650	8000	1463162	-4000	4000	2488
chr17	21210176	21218176	21211033	8000	21214176	-4000	4000	-3143
chr17	28893733	28901733	28898492	8000	28897733	-4000	4000	759
chr17	42776610	42784610	42784462	8000	42780610	-4000	4000	3852
chr17	47827541	47835541	47834652	8000	47831541	-4000	4000	3111
chr17	62419875	62427875	62426511	8000	62423875	-4000	4000	2636
chr17	7277718	7285718	7285708	8000	7281718	-4000	4000	3990
chr17	40283879	40291879	40287965	8000	40287879	-4000	4000	86
chr17	50369207	50377207	50375846	8000	50373207	-4000	4000	2639
chr17	42776610	42784610	42784069	8000	42780610	-4000	4000	3459
chr17	41501705	41509705	41503040	8000	41505705	-4000	4000	-2665
chr17	29618912	29626912	29622742	8000	29622912	-4000	4000	-170
chr17	18311293	18319293	18317323	8000	18315293	-4000	4000	2030
chr17	7559287	7567287	7565143	8000	7563287	-4000	4000	1856
chr17	7559287	7567287	7565349	8000	7563287	-4000	4000	2062
chr17	16411571	16419571	16417849	8000	16415571	-4000	4000	2278
chr17	28610185	28618185	28611165	8000	28614185	-4000	4000	-3020
chr17	41962763	41970763	41965609	8000	41966763	-4000	4000	-1154
chr17	42794704	42802704	42798995	8000	42798704	-4000	4000	291
chr17	28610185	28618185	28612633	8000	28614185	-4000	4000	-1552
chr17	39915854	39923854	39923217	8000	39919854	-4000	4000	3363
chr17	47817834	47825834	47818586	8000	47821834	-4000	4000	-3248
chr17	73232753	73240753	73236012	8000	73236753	-4000	4000	-741
chr17	76731865	76739865	76733042	8000	76735865	-4000	4000	-2823
chr17	28715985	28723985	28720607	8000	28719985	-4000	4000	622
chr17	76864404	76872404	76869089	8000	76868404	-4000	4000	685
chr17	778353	786353	782169	8000	782353	-4000	4000	-184
chr17	778353	786353	782456	8000	782353	-4000	4000	103
chr17	1825702	1833702	1827878	8000	1829702	-4000	4000	-1824
chr17	2332657	2340657	2333014	8000	2336657	-4000	4000	-3643
chr17	4727428	4735428	4733217	8000	4731428	-4000	4000	1789
chr17	4735833	4743833	4741675	8000	4739833	-4000	4000	1842
chr17	4782433	4790433	4785953	8000	4786433	-4000	4000	-480
chr17	4782433	4790433	4789235	8000	4786433	-4000	4000	2802
chr17	4803152	4811152	4808289	8000	4807152	-4000	4000	1137
chr17	4895418	4903418	4902454	8000	4899418	-4000	4000	3036
chr17	4993610	5001610	5000303	8000	4997610	-4000	4000	2693
chr17	5482811	5490811	5489153	8000	5486811	-4000	4000	2342
chr17	7008635	7016635	7009830	8000	7012635	-4000	4000	-2805
chr17	7441061	7449061	7441532	8000	7445061	-4000	4000	-3529
chr17	7441061	7449061	7447386	8000	7445061	-4000	4000	2325
chr17	7579529	7587529	7579836	8000	7583529	-4000	4000	-3693
chr17	7851066	7859066	7858053	8000	7855066	-4000	4000	2987
chr17	7851066	7859066	7858204	8000	7855066	-4000	4000	3138
chr17	8115047	8123047	8115647	8000	8119047	-4000	4000	-3400
chr17	8186180	8194180	8189156	8000	8190180	-4000	4000	-1024
chr17	8284654	8292654	8289380	8000	8288654	-4000	4000	726
chr17	8306241	8314241	8312033	8000	8310241	-4000	4000	1792
chr17	8306241	8314241	8313536	8000	8310241	-4000	4000	3295
chr17	17492395	17500395	17495496	8000	17496395	-4000	4000	-899
chr17	18777111	18785111	18778749	8000	18781111	-4000	4000	-2362
chr17	19383190	19391190	19384405	8000	19387190	-4000	4000	-2785
chr17	31314831	31322831	31318737	8000	31318831	-4000	4000	-94
chr17	34976512	34984512	34983091	8000	34980512	-4000	4000	2579
chr17	35117493	35125493	35119157	8000	35121493	-4000	4000	-2336
chr17	36530987	36538987	36538389	8000	36534987	-4000	4000	3402
chr17	36944925	36952925	36949036	8000	36948925	-4000	4000	111
chr17	38293023	38301023	38298455	8000	38297023	-4000	4000	1432
chr17	38849764	38857764	38850407	8000	38853764	-4000	4000	-3357
chr17	41501705	41509705	41503364	8000	41505705	-4000	4000	-2341
chr17	41518529	41526529	41523883	8000	41522529	-4000	4000	1354
chr17	41730644	41738644	41731529	8000	41734644	-4000	4000	-3115
chr17	42776610	42784610	42784054	8000	42780610	-4000	4000	3444
chr17	47729236	47737236	47733877	8000	47733236	-4000	4000	641
chr17	47817834	47825834	47820058	8000	47821834	-4000	4000	-1776
chr17	47817834	47825834	47824089	8000	47821834	-4000	4000	2255
chr17	47827541	47835541	47831793	8000	47831541	-4000	4000	252
chr17	47837289	47845289	47838641	8000	47841289	-4000	4000	-2648
chr17	47937506	47945506	47943369	8000	47941506	-4000	4000	1863
chr17	48541109	48549109	48543148	8000	48545109	-4000	4000	-1961
chr17	48541109	48549109	48544572	8000	48545109	-4000	4000	-537
chr17	48541109	48549109	48544805	8000	48545109	-4000	4000	-304
chr17	48600912	48608912	48607877	8000	48604912	-4000	4000	2965
chr17	48940842	48948842	48940997	8000	48944842	-4000	4000	-3845
chr17	49128460	49136460	49132980	8000	49132460	-4000	4000	520
chr17	49784648	49792648	49792004	8000	49788648	-4000	4000	3356
chr17	50393523	50401523	50394928	8000	50397523	-4000	4000	-2595
chr17	50474860	50482860	50482163	8000	50478860	-4000	4000	3303
chr17	50539058	50547058	50540865	8000	50543058	-4000	4000	-2193
chr17	50863978	50871978	50864044	8000	50867978	-4000	4000	-3934
chr17	56830107	56838107	56834853	8000	56834107	-4000	4000	746
chr17	58003246	58011246	58005382	8000	58007246	-4000	4000	-1864
chr17	58214548	58222548	58218632	8000	58218548	-4000	4000	84
chr17	58540368	58548368	58541776	8000	58544368	-4000	4000	-2592
chr17	58540368	58548368	58543859	8000	58544368	-4000	4000	-509
chr17	58751854	58759854	58756182	8000	58755854	-4000	4000	328
chr17	59205400	59213400	59210231	8000	59209400	-4000	4000	831
chr17	59205400	59213400	59211350	8000	59209400	-4000	4000	1950
chr17	59205400	59213400	59212454	8000	59209400	-4000	4000	3054
chr17	59205400	59213400	59213007	8000	59209400	-4000	4000	3607
chr17	61587219	61595219	61591093	8000	61591219	-4000	4000	-126
chr17	63823152	63831152	63824360	8000	63827152	-4000	4000	-2792
chr17	64504199	64512199	64506202	8000	64508199	-4000	4000	-1997
chr17	67713931	67721931	67717966	8000	67717931	-4000	4000	35
chr17	72117020	72125020	72121614	8000	72121020	-4000	4000	594
chr17	73232753	73240753	73235693	8000	73236753	-4000	4000	-1060
chr17	74619738	74627738	74623584	8000	74623738	-4000	4000	-154
chr17	74772367	74780367	74775690	8000	74776367	-4000	4000	-677
chr17	75267231	75275231	75269422	8000	75271231	-4000	4000	-1809
chr17	76731865	76739865	76733192	8000	76735865	-4000	4000	-2673
chr17	76733333	76741333	76736996	8000	76737333	-4000	4000	-337
chr17	78164581	78172581	78170878	8000	78168581	-4000	4000	2297
chr17	78210186	78218186	78214860	8000	78214186	-4000	4000	674
chr17	79835440	79843440	79835694	8000	79839440	-4000	4000	-3746
chr17	80032632	80040632	80039995	8000	80036632	-4000	4000	3363
chr17	80216923	80224923	80221704	8000	80220923	-4000	4000	781
chr17	81887586	81895586	81894538	8000	81891586	-4000	4000	2952
chr17	75105952	75113952	75110491	8000	75109952	-4000	4000	539
chr17	8206600	8214600	8207191	8000	8210600	-4000	4000	-3409
chr17	7575491	7583491	7577972	8000	7579491	-4000	4000	-1519
chr17	7682071	7690071	7688640	8000	7686071	-4000	4000	2569
chr17	81887586	81895586	81894486	8000	81891586	-4000	4000	2900
chr17	48034030	48042030	48037182	8000	48038030	-4000	4000	-848
chr17	51116868	51124868	51120530	8000	51120868	-4000	4000	-338
chr17	81867378	81875378	81868952	8000	81871378	-4000	4000	-2426
chr17	58324795	58332795	58331303	8000	58328795	-4000	4000	2508
chr17	36530987	36538987	36537654	8000	36534987	-4000	4000	2667
chr17	42672994	42680994	42674411	8000	42676994	-4000	4000	-2583
chr17	41832260	41840260	41832396	8000	41836260	-4000	4000	-3864
chr17	61587219	61595219	61590800	8000	61591219	-4000	4000	-419
chr17	44320870	44328870	44321439	8000	44324870	-4000	4000	-3431
chr17	63826012	63834012	63832958	8000	63830012	-4000	4000	2946
chr17	74772367	74780367	74773638	8000	74776367	-4000	4000	-2729
chr17	7701202	7709202	7708175	8000	7705202	-4000	4000	2973
chr17	1641744	1649744	1645614	8000	1645744	-4000	4000	-130
chr17	7575491	7583491	7578876	8000	7579491	-4000	4000	-615
chr17	8243618	8251618	8248022	8000	8247618	-4000	4000	404
chr17	993129	1001129	998927	8000	997129	-4000	4000	1798
chr17	1275662	1283662	1280352	8000	1279662	-4000	4000	690
chr17	2332657	2340657	2332982	8000	2336657	-4000	4000	-3675
chr17	4930438	4938438	4932700	8000	4934438	-4000	4000	-1738
chr17	4930438	4938438	4934126	8000	4934438	-4000	4000	-312
chr17	7235722	7243722	7236391	8000	7239722	-4000	4000	-3331
chr17	7545099	7553099	7550180	8000	7549099	-4000	4000	1081
chr17	7559287	7567287	7560824	8000	7563287	-4000	4000	-2463
chr17	8115047	8123047	8118766	8000	8119047	-4000	4000	-281
chr17	28360356	28368356	28364512	8000	28364356	-4000	4000	156
chr17	35117493	35125493	35121683	8000	35121493	-4000	4000	190
chr17	36172636	36180636	36174770	8000	36176636	-4000	4000	-1866
chr17	40818614	40826614	40822093	8000	40822614	-4000	4000	-521
chr17	41808604	41816604	41809749	8000	41812604	-4000	4000	-2855
chr17	42454844	42462844	42461006	8000	42458844	-4000	4000	2162
chr17	42847184	42855184	42850278	8000	42851184	-4000	4000	-906
chr17	42847184	42855184	42852806	8000	42851184	-4000	4000	1622
chr17	43843148	43851148	43848688	8000	43847148	-4000	4000	1540
chr17	47827541	47835541	47831381	8000	47831541	-4000	4000	-160
chr17	48940842	48948842	48944696	8000	48944842	-4000	4000	-146
chr17	58513905	58521905	58521415	8000	58517905	-4000	4000	3510
chr17	58540368	58548368	58543257	8000	58544368	-4000	4000	-1111
chr17	59960761	59968761	59962616	8000	59964761	-4000	4000	-2145
chr17	62061278	62069278	62065155	8000	62065278	-4000	4000	-123
chr17	75521080	75529080	75523696	8000	75525080	-4000	4000	-1384
chr17	76731865	76739865	76733292	8000	76735865	-4000	4000	-2573
chr17	49571871	49579871	49576191	8000	49575871	-4000	4000	320
chr17	67992469	68000469	67993222	8000	67996469	-4000	4000	-3247
chr17	75874581	75882581	75876307	8000	75878581	-4000	4000	-2274
chr17	82094294	82102294	82095438	8000	82098294	-4000	4000	-2856
chr17	28851010	28859010	28856313	8000	28855010	-4000	4000	1303
chr17	50369207	50377207	50375448	8000	50373207	-4000	4000	2241
chr17	4944092	4952092	4946847	8000	4948092	-4000	4000	-1245
chr17	59205400	59213400	59212425	8000	59209400	-4000	4000	3025
chr17	59205400	59213400	59212870	8000	59209400	-4000	4000	3470
chr17	8172399	8180399	8174187	8000	8176399	-4000	4000	-2212
chr17	44182970	44190970	44189488	8000	44186970	-4000	4000	2518
chr17	50422158	50430158	50426236	8000	50426158	-4000	4000	78
chr17	7830217	7838217	7833666	8000	7834217	-4000	4000	-551
chr17	7376534	7384534	7383275	8000	7380534	-4000	4000	2741
chr17	28740011	28748011	28741419	8000	28744011	-4000	4000	-2592
chr17	38796126	38804126	38802125	8000	38800126	-4000	4000	1999
chr17	61587219	61595219	61590906	8000	61591219	-4000	4000	-313
chr17	7347889	7355889	7347988	8000	7351889	-4000	4000	-3901
chr17	41620842	41628842	41621613	8000	41624842	-4000	4000	-3229
chr17	64504199	64512199	64506219	8000	64508199	-4000	4000	-1980
chr17	50474860	50482860	50482666	8000	50478860	-4000	4000	3806
chr17	81856856	81864856	81859323	8000	81860856	-4000	4000	-1533
chr17	7682071	7690071	7688640	8000	7686071	-4000	4000	2569
chr17	48541109	48549109	48543262	8000	48545109	-4000	4000	-1847
chr17	7586094	7594094	7593099	8000	7590094	-4000	4000	3005
chr17	42820385	42828385	42823771	8000	42824385	-4000	4000	-614
chr17	61395843	61403843	61400444	8000	61399843	-4000	4000	601
chr17	7701202	7709202	7703123	8000	7705202	-4000	4000	-2079
chr17	41582895	41590895	41586629	8000	41586895	-4000	4000	-266
chr17	68031636	68039636	68037367	8000	68035636	-4000	4000	1731
chr17	57251851	57259851	57257094	8000	57255851	-4000	4000	1243
chr17	64493054	64501054	64500611	8000	64497054	-4000	4000	3557
chr17	82047831	82055831	82050756	8000	82051831	-4000	4000	-1075
chr17	7682071	7690071	7688927	8000	7686071	-4000	4000	2856
chr17	67713931	67721931	67717948	8000	67717931	-4000	4000	17
chr17	2299383	2307383	2299620	8000	2303383	-4000	4000	-3763
chr17	2299383	2307383	2299621	8000	2303383	-4000	4000	-3762
chr17	2299383	2307383	2299758	8000	2303383	-4000	4000	-3625
chr17	2299383	2307383	2300249	8000	2303383	-4000	4000	-3134
chr17	45430421	45438421	45437088	8000	45434421	-4000	4000	2667
chr17	81524377	81532377	81528849	8000	81528377	-4000	4000	472
chr17	28641454	28649454	28642908	8000	28645454	-4000	4000	-2546
chr17	32440379	32448379	32444542	8000	32444379	-4000	4000	163
chr17	8115047	8123047	8121298	8000	8119047	-4000	4000	2251
chr17	7235722	7243722	7242251	8000	7239722	-4000	4000	2529
chr17	48541109	48549109	48543542	8000	48545109	-4000	4000	-1567
chr17	42606623	42614623	42613690	8000	42610623	-4000	4000	3067
chr17	49991224	49999224	49993574	8000	49995224	-4000	4000	-1650
chr17	56957050	56965050	56960986	8000	56961050	-4000	4000	-64
chr17	48044329	48052329	48051219	8000	48048329	-4000	4000	2890
chr17	8115047	8123047	8116774	8000	8119047	-4000	4000	-2273
chr17	39663981	39671981	39669741	8000	39667981	-4000	4000	1760
chr17	9640698	9648698	9643266	8000	9644698	-4000	4000	-1432
chr17	41582895	41590895	41584411	8000	41586895	-4000	4000	-2484
chr17	47937506	47945506	47944640	8000	47941506	-4000	4000	3134
chr17	82748042	82756042	82750427	8000	82752042	-4000	4000	-1615
chr17	6647762	6655762	6651514	8000	6651762	-4000	4000	-248
chr17	7076307	7084307	7076917	8000	7080307	-4000	4000	-3390
chr17	7441061	7449061	7443044	8000	7445061	-4000	4000	-2017
chr17	7559287	7567287	7560081	8000	7563287	-4000	4000	-3206
chr17	42776610	42784610	42779054	8000	42780610	-4000	4000	-1556
chr17	47837289	47845289	47840256	8000	47841289	-4000	4000	-1033
chr17	51149590	51157590	51155706	8000	51153590	-4000	4000	2116
chr17	5482811	5490811	5489554	8000	5486811	-4000	4000	2743
chr17	40818614	40826614	40822406	8000	40822614	-4000	4000	-208
chr17	78164581	78172581	78165899	8000	78168581	-4000	4000	-2682
chr17	83047809	83055809	83048667	8000	83051809	-4000	4000	-3142
chr17	28893733	28901733	28900999	8000	28897733	-4000	4000	3266
chr17	73189055	73197055	73196679	8000	73193055	-4000	4000	3624
chr17	42563072	42571072	42568855	8000	42567072	-4000	4000	1783
chr17	4930438	4938438	4934406	8000	4934438	-4000	4000	-32
chr17	28403197	28411197	28405087	8000	28407197	-4000	4000	-2110
chr17	48724750	48732750	48726980	8000	48728750	-4000	4000	-1770
chr17	31314831	31322831	31318286	8000	31318831	-4000	4000	-545
chr17	58540368	58548368	58543035	8000	58544368	-4000	4000	-1333
chr17	61924016	61932016	61927968	8000	61928016	-4000	4000	-48
chr17	2299383	2307383	2300660	8000	2303383	-4000	4000	-2723
chr17	7586094	7594094	7592578	8000	7590094	-4000	4000	2484
chr17	29562052	29570052	29563048	8000	29566052	-4000	4000	-3004
chr17	38726341	38734341	38731353	8000	38730341	-4000	4000	1012
chr17	58513905	58521905	58521205	8000	58517905	-4000	4000	3300
chr17	81679326	81687326	81683706	8000	81683326	-4000	4000	380
chr17	36597583	36605583	36599754	8000	36601583	-4000	4000	-1829
chr17	39457486	39465486	39462381	8000	39461486	-4000	4000	895
chr17	44964303	44972303	44967632	8000	44968303	-4000	4000	-671
chr17	7586094	7594094	7589509	8000	7590094	-4000	4000	-585
chr17	38670957	38678957	38673391	8000	38674957	-4000	4000	-1566
chr17	28899079	28907079	28906339	8000	28903079	-4000	4000	3260
chr17	40818614	40826614	40819620	8000	40822614	-4000	4000	-2994
chr17	36086169	36094169	36090075	8000	36090169	-4000	4000	-94
chr17	36530987	36538987	36538095	8000	36534987	-4000	4000	3108
chr17	42557467	42565467	42563410	8000	42561467	-4000	4000	1943
chr17	82047831	82055831	82052444	8000	82051831	-4000	4000	613
chr17	41501705	41509705	41503364	8000	41505705	-4000	4000	-2341
chr17	7441061	7449061	7442742	8000	7445061	-4000	4000	-2319
chr17	993129	1001129	1001067	8000	997129	-4000	4000	3938
chr17	7830217	7838217	7831309	8000	7834217	-4000	4000	-2908
chr17	36530987	36538987	36538244	8000	36534987	-4000	4000	3257
chr17	48940842	48948842	48944683	8000	48944842	-4000	4000	-159
chr17	79774148	79782148	79782135	8000	79778148	-4000	4000	3987
chr17	83047809	83055809	83048475	8000	83051809	-4000	4000	-3334
chr17	36206924	36214924	36212657	8000	36210924	-4000	4000	1733
chr17	67821503	67829503	67826311	8000	67825503	-4000	4000	808
chr17	50090737	50098737	50097525	8000	50094737	-4000	4000	2788
chr17	76304276	76312276	76307477	8000	76308276	-4000	4000	-799
chr17	81907432	81915432	81914348	8000	81911432	-4000	4000	2916
chr17	18179078	18187078	18184918	8000	18183078	-4000	4000	1840
chr17	28947771	28955771	28950069	8000	28951771	-4000	4000	-1702
chr17	28947771	28955771	28950071	8000	28951771	-4000	4000	-1700
chr17	42776610	42784610	42784039	8000	42780610	-4000	4000	3429
chr17	39457486	39465486	39462327	8000	39461486	-4000	4000	841
chr17	39196283	39204283	39203073	8000	39200283	-4000	4000	2790
chr17	39976807	39984807	39984397	8000	39980807	-4000	4000	3590
chr17	42655284	42663284	42659911	8000	42659284	-4000	4000	627
chr17	43657922	43665922	43661170	8000	43661922	-4000	4000	-752
chr17	44912937	44920937	44913273	8000	44916937	-4000	4000	-3664
chr17	81662635	81670635	81667780	8000	81666635	-4000	4000	1145
chr17	10545700	10553700	10547615	8000	10549700	-4000	4000	-2085
chr17	7400097	7408097	7404077	8000	7404097	-4000	4000	-20
chr17	44685779	44693779	44689570	8000	44689779	-4000	4000	-209
chr17	57251851	57259851	57257490	8000	57255851	-4000	4000	1639
chr17	406325	414325	413204	8000	410325	-4000	4000	2879
chr17	38849764	38857764	38853719	8000	38853764	-4000	4000	-45
chr17	44895142	44903142	44901098	8000	44899142	-4000	4000	1956
chr17	7830217	7838217	7832887	8000	7834217	-4000	4000	-1330
chr17	7076307	7084307	7076988	8000	7080307	-4000	4000	-3319
chr17	44182970	44190970	44187724	8000	44186970	-4000	4000	754
chr17	7325393	7333393	7327870	8000	7329393	-4000	4000	-1523
chr17	39196283	39204283	39202372	8000	39200283	-4000	4000	2089
chr17	42847184	42855184	42851845	8000	42851184	-4000	4000	661
chr17	19383190	19391190	19384393	8000	19387190	-4000	4000	-2797
chr17	7008635	7016635	7014222	8000	7012635	-4000	4000	1587
chr17	7575491	7583491	7577425	8000	7579491	-4000	4000	-2066
chr17	42769449	42777449	42773481	8000	42773449	-4000	4000	32
chr17	60673453	60681453	60679525	8000	60677453	-4000	4000	2072
chr17	75663189	75671189	75667179	8000	75667189	-4000	4000	-10
chr17	42419256	42427256	42422994	8000	42423256	-4000	4000	-262
chr17	7019050	7027050	7026534	8000	7023050	-4000	4000	3484
chr17	4782433	4790433	4783190	8000	4786433	-4000	4000	-3243
chr17	28851010	28859010	28858163	8000	28855010	-4000	4000	3153
chr17	39726532	39734532	39727755	8000	39730532	-4000	4000	-2777
chr17	7008635	7016635	7010003	8000	7012635	-4000	4000	-2632
chr17	7559287	7567287	7560907	8000	7563287	-4000	4000	-2380
chr17	15559561	15567561	15565623	8000	15563561	-4000	4000	2062
chr17	64504199	64512199	64504281	8000	64508199	-4000	4000	-3918
chr17	18311293	18319293	18316336	8000	18315293	-4000	4000	1043
chr17	32346023	32354023	32351901	8000	32350023	-4000	4000	1878
chr17	7851066	7859066	7852251	8000	7855066	-4000	4000	-2815
chr17	38821355	38829355	38825355	8000	38825355	-4000	4000	0
chr17	61587219	61595219	61590641	8000	61591219	-4000	4000	-578
chr17	6636985	6644985	6644421	8000	6640985	-4000	4000	3436
chr17	7247416	7255416	7254709	8000	7251416	-4000	4000	3293
chr17	4963817	4971817	4969693	8000	4967817	-4000	4000	1876
chr17	7277718	7285718	7284531	8000	7281718	-4000	4000	2813
chr17	75258363	75266363	75265860	8000	75262363	-4000	4000	3497
chr17	75663189	75671189	75668539	8000	75667189	-4000	4000	1350
chr17	64504199	64512199	64504690	8000	64508199	-4000	4000	-3509
chr17	1459162	1467162	1465704	8000	1463162	-4000	4000	2542
chr17	4936008	4944008	4943458	8000	4940008	-4000	4000	3450
chr17	4944092	4952092	4944641	8000	4948092	-4000	4000	-3451
chr17	5415641	5423641	5419539	8000	5419641	-4000	4000	-102
chr17	14065490	14073490	14069627	8000	14069490	-4000	4000	137
chr17	28721897	28729897	28725373	8000	28725897	-4000	4000	-524
chr17	29926276	29934276	29929879	8000	29930276	-4000	4000	-397
chr17	34352480	34360480	34358029	8000	34356480	-4000	4000	1549
chr17	42794704	42802704	42795424	8000	42798704	-4000	4000	-3280
chr17	75521080	75529080	75521862	8000	75525080	-4000	4000	-3218
chr17	28893733	28901733	28901555	8000	28897733	-4000	4000	3822
chr17	7434273	7442273	7436666	8000	7438273	-4000	4000	-1607
chr17	19373721	19381721	19380924	8000	19377721	-4000	4000	3203
chr17	29562052	29570052	29562653	8000	29566052	-4000	4000	-3399
chr17	39457486	39465486	39462193	8000	39461486	-4000	4000	707
chr17	40561472	40569472	40565403	8000	40565472	-4000	4000	-69
chr17	40881242	40889242	40884941	8000	40885242	-4000	4000	-301
chr17	42017376	42025376	42024016	8000	42021376	-4000	4000	2640
chr17	49571871	49579871	49579357	8000	49575871	-4000	4000	3486
chr17	50369207	50377207	50375952	8000	50373207	-4000	4000	2745
chr17	58540368	58548368	58544088	8000	58544368	-4000	4000	-280
chr17	59205400	59213400	59211707	8000	59209400	-4000	4000	2307
chr17	60596193	60604193	60600770	8000	60600193	-4000	4000	577
chr17	75663189	75671189	75667370	8000	75667189	-4000	4000	181
chr17	10545700	10553700	10547543	8000	10549700	-4000	4000	-2157
chr17	29290148	29298148	29294077	8000	29294148	-4000	4000	-71
chr17	28893733	28901733	28898584	8000	28897733	-4000	4000	851
chr17	4930438	4938438	4934586	8000	4934438	-4000	4000	148
chr17	7579529	7587529	7579890	8000	7583529	-4000	4000	-3639
chr17	8284654	8292654	8289841	8000	8288654	-4000	4000	1187
chr17	39633090	39641090	39636374	8000	39637090	-4000	4000	-716
chr17	48541109	48549109	48543525	8000	48545109	-4000	4000	-1584
chr17	60074922	60082922	60078866	8000	60078922	-4000	4000	-56
chr17	76304276	76312276	76307482	8000	76308276	-4000	4000	-794
chr17	48541109	48549109	48544697	8000	48545109	-4000	4000	-412
chr17	59205400	59213400	59210657	8000	59209400	-4000	4000	1257
chr17	18179078	18187078	18184822	8000	18183078	-4000	4000	1744
chr17	42017376	42025376	42021542	8000	42021376	-4000	4000	166
chr17	63823152	63831152	63827352	8000	63827152	-4000	4000	200
chr17	7579529	7587529	7587159	8000	7583529	-4000	4000	3630
chr17	75521080	75529080	75524494	8000	75525080	-4000	4000	-586
chr17	75975231	75983231	75979101	8000	75979231	-4000	4000	-130
chr17	78183233	78191233	78185155	8000	78187233	-4000	4000	-2078
chr18	63316128	63324128	63318380	8000	63320128	-4000	4000	-1748
chr18	63316128	63324128	63318836	8000	63320128	-4000	4000	-1292
chr18	9132228	9140228	9134272	8000	9136228	-4000	4000	-1956
chr18	67512720	67520720	67512879	8000	67516720	-4000	4000	-3841
chr18	14539600	14547600	14542922	8000	14543600	-4000	4000	-678
chr18	59895996	59903996	59900452	8000	59899996	-4000	4000	456
chr18	37561827	37569827	37565663	8000	37565827	-4000	4000	-164
chr18	69396888	69404888	69401263	8000	69400888	-4000	4000	375
chr18	22413915	22421915	22415474	8000	22417915	-4000	4000	-2441
chr18	35493940	35501940	35497769	8000	35497940	-4000	4000	-171
chr18	57618213	57626213	57620635	8000	57622213	-4000	4000	-1578
chr18	67512720	67520720	67513889	8000	67516720	-4000	4000	-2831
chr18	14539600	14547600	14543180	8000	14543600	-4000	4000	-420
chr18	74143843	74151843	74149044	8000	74147843	-4000	4000	1201
chr18	57431374	57439374	57436455	8000	57435374	-4000	4000	1081
chr18	63657893	63665893	63658551	8000	63661893	-4000	4000	-3342
chr18	63657893	63665893	63661949	8000	63661893	-4000	4000	56
chr18	22413915	22421915	22415596	8000	22417915	-4000	4000	-2319
chr18	48946965	48954965	48949941	8000	48950965	-4000	4000	-1024
chr18	32087874	32095874	32092833	8000	32091874	-4000	4000	959
chr18	50262495	50270495	50270073	8000	50266495	-4000	4000	3578
chr18	35373337	35381337	35374039	8000	35377337	-4000	4000	-3298
chr18	35237030	35245030	35242485	8000	35241030	-4000	4000	1455
chr18	67512720	67520720	67513041	8000	67516720	-4000	4000	-3679
chr18	76818557	76826557	76824377	8000	76822557	-4000	4000	1820
chr18	37561827	37569827	37565423	8000	37565827	-4000	4000	-404
chr18	79960582	79968582	79966648	8000	79964582	-4000	4000	2066
chr18	35373337	35381337	35374332	8000	35377337	-4000	4000	-3005
chr18	49488479	49496479	49489397	8000	49492479	-4000	4000	-3082
chr18	79960582	79968582	79968123	8000	79964582	-4000	4000	3541
chr18	62183255	62191255	62187623	8000	62187255	-4000	4000	368
chr18	22413915	22421915	22416431	8000	22417915	-4000	4000	-1484
chr18	14539600	14547600	14542701	8000	14543600	-4000	4000	-899
chr18	67512720	67520720	67513723	8000	67516720	-4000	4000	-2997
chr18	69396888	69404888	69401245	8000	69400888	-4000	4000	357
chr18	22413915	22421915	22415710	8000	22417915	-4000	4000	-2205
chr18	62183255	62191255	62187667	8000	62187255	-4000	4000	412
chr18	62183255	62191255	62187668	8000	62187255	-4000	4000	413
chr18	59895996	59903996	59903296	8000	59899996	-4000	4000	3300
chr18	36063576	36071576	36067390	8000	36067576	-4000	4000	-186
chr18	41951234	41959234	41957641	8000	41955234	-4000	4000	2407
chr18	7562782	7570782	7567773	8000	7566782	-4000	4000	991
chr18	14539600	14547600	14542681	8000	14543600	-4000	4000	-919
chr18	74287973	74295973	74291831	8000	74291973	-4000	4000	-142
chr18	22413915	22421915	22415897	8000	22417915	-4000	4000	-2018
chr18	67512720	67520720	67513614	8000	67516720	-4000	4000	-3106
chr18	22413915	22421915	22417796	8000	22417915	-4000	4000	-119
chr18	31314160	31322160	31318288	8000	31318160	-4000	4000	128
chr18	37561827	37569827	37565519	8000	37565827	-4000	4000	-308
chr18	63363228	63371228	63367144	8000	63367228	-4000	4000	-84
chr18	35968625	35976625	35975017	8000	35972625	-4000	4000	2392
chr18	36125444	36133444	36126895	8000	36129444	-4000	4000	-2549
chr18	36125444	36133444	36126415	8000	36129444	-4000	4000	-3029
chr18	63966029	63974029	63970133	8000	63970029	-4000	4000	104
chr18	63657893	63665893	63658596	8000	63661893	-4000	4000	-3297
chr18	14539600	14547600	14542798	8000	14543600	-4000	4000	-802
chr18	35373337	35381337	35374246	8000	35377337	-4000	4000	-3091
chr18	36125444	36133444	36129988	8000	36129444	-4000	4000	544
chr18	37561827	37569827	37565372	8000	37565827	-4000	4000	-455
chr18	49488479	49496479	49491545	8000	49492479	-4000	4000	-934
chr18	57431374	57439374	57436198	8000	57435374	-4000	4000	824
chr18	74287973	74295973	74291878	8000	74291973	-4000	4000	-95
chr18	14128490	14136490	14132280	8000	14132490	-4000	4000	-210
chr18	22413915	22421915	22415792	8000	22417915	-4000	4000	-2123
chr18	25348190	25356190	25350953	8000	25352190	-4000	4000	-1237
chr18	49556699	49564699	49562283	8000	49560699	-4000	4000	1584
chr18	50262495	50270495	50269500	8000	50266495	-4000	4000	3005
chr18	50371040	50379040	50375910	8000	50375040	-4000	4000	870
chr18	74143843	74151843	74148980	8000	74147843	-4000	4000	1137
chr18	62711541	62719541	62717252	8000	62715541	-4000	4000	1711
chr18	67512720	67520720	67514795	8000	67516720	-4000	4000	-1925
chr18	9132228	9140228	9134324	8000	9136228	-4000	4000	-1904
chr18	62183255	62191255	62187514	8000	62187255	-4000	4000	259
chr18	24422634	24430634	24427992	8000	24426634	-4000	4000	1358
chr18	14539600	14547600	14543192	8000	14543600	-4000	4000	-408
chr18	24422634	24430634	24427958	8000	24426634	-4000	4000	1324
chr18	22413915	22421915	22415549	8000	22417915	-4000	4000	-2366
chr18	43273535	43281535	43274015	8000	43277535	-4000	4000	-3520
chr18	62711541	62719541	62717229	8000	62715541	-4000	4000	1688
chr18	2567509	2575509	2575038	8000	2571509	-4000	4000	3529
chr18	50277774	50285774	50284490	8000	50281774	-4000	4000	2716
chr18	63657893	63665893	63658544	8000	63661893	-4000	4000	-3349
chr18	74287973	74295973	74291749	8000	74291973	-4000	4000	-224
chr18	46100334	46108334	46105311	8000	46104334	-4000	4000	977
chr18	49488479	49496479	49490853	8000	49492479	-4000	4000	-1626
chr18	14539600	14547600	14543119	8000	14543600	-4000	4000	-481
chr18	50277774	50285774	50284497	8000	50281774	-4000	4000	2723
chr19	19534248	19542248	19535082	8000	19538248	-4000	4000	-3166
chr19	19512227	19520227	19516163	8000	19516227	-4000	4000	-64
chr19	54335162	54343162	54338030	8000	54339162	-4000	4000	-1132
chr19	57390183	57398183	57394185	8000	57394183	-4000	4000	2
chr19	45788845	45796845	45791063	8000	45792845	-4000	4000	-1782
chr19	39830201	39838201	39834649	8000	39834201	-4000	4000	448
chr19	1487166	1495166	1489822	8000	1491166	-4000	4000	-1344
chr19	16492394	16500394	16496179	8000	16496394	-4000	4000	-215
chr19	35541600	35549600	35546707	8000	35545600	-4000	4000	1107
chr19	15445956	15453956	15451808	8000	15449956	-4000	4000	1852
chr19	49115143	49123143	49116378	8000	49119143	-4000	4000	-2765
chr19	12915293	12923293	12919268	8000	12919293	-4000	4000	-25
chr19	38422305	38430305	38426071	8000	38426305	-4000	4000	-234
chr19	14132613	14140613	14136365	8000	14136613	-4000	4000	-248
chr19	1255384	1263384	1255443	8000	1259384	-4000	4000	-3941
chr19	2245309	2253309	2247003	8000	2249309	-4000	4000	-2306
chr19	10115918	10123918	10118720	8000	10119918	-4000	4000	-1198
chr19	17330920	17338920	17338598	8000	17334920	-4000	4000	3678
chr19	18567730	18575730	18574947	8000	18571730	-4000	4000	3217
chr19	40588883	40596883	40589177	8000	40592883	-4000	4000	-3706
chr19	43615629	43623629	43623342	8000	43619629	-4000	4000	3713
chr19	54568920	54576920	54574504	8000	54572920	-4000	4000	1584
chr19	11233450	11241450	11240251	8000	11237450	-4000	4000	2801
chr19	44938238	44946238	44945461	8000	44942238	-4000	4000	3223
chr19	48715725	48723725	48716786	8000	48719725	-4000	4000	-2939
chr19	39980134	39988134	39981435	8000	39984134	-4000	4000	-2699
chr19	11810273	11818273	11814334	8000	11814273	-4000	4000	61
chr19	19199414	19207414	19202230	8000	19203414	-4000	4000	-1184
chr19	19639657	19647657	19640153	8000	19643657	-4000	4000	-3504
chr19	38836178	38844178	38836926	8000	38840178	-4000	4000	-3252
chr19	38874275	38882275	38880889	8000	38878275	-4000	4000	2614
chr19	41436717	41444717	41439535	8000	41440717	-4000	4000	-1182
chr19	48633379	48641379	48640097	8000	48637379	-4000	4000	2718
chr19	49151396	49159396	49152026	8000	49155396	-4000	4000	-3370
chr19	58463056	58471056	58469217	8000	58467056	-4000	4000	2161
chr19	46491879	46499879	46494631	8000	46495879	-4000	4000	-1248
chr19	50380204	50388204	50381987	8000	50384204	-4000	4000	-2217
chr19	51221064	51229064	51225430	8000	51225064	-4000	4000	366
chr19	50819787	50827787	50826682	8000	50823787	-4000	4000	2895
chr19	50907395	50915395	50909244	8000	50911395	-4000	4000	-2151
chr19	32967991	32975991	32973503	8000	32971991	-4000	4000	1512
chr19	41704657	41712657	41709737	8000	41708657	-4000	4000	1080
chr19	45688569	45696569	45693556	8000	45692569	-4000	4000	987
chr19	54589582	54597582	54596288	8000	54593582	-4000	4000	2706
chr19	46784594	46792594	46784623	8000	46788594	-4000	4000	-3971
chr19	39192964	39200964	39199257	8000	39196964	-4000	4000	2293
chr19	7530004	7538004	7536532	8000	7534004	-4000	4000	2528
chr19	8977342	8985342	8980472	8000	8981342	-4000	4000	-870
chr19	1035997	1043997	1041510	8000	1039997	-4000	4000	1513
chr19	18915705	18923705	18920583	8000	18919705	-4000	4000	878
chr19	3581478	3589478	3586588	8000	3585478	-4000	4000	1110
chr19	10115918	10123918	10118925	8000	10119918	-4000	4000	-993
chr19	51454456	51462456	51458055	8000	51458456	-4000	4000	-401
chr19	3981463	3989463	3982349	8000	3985463	-4000	4000	-3114
chr19	55176289	55184289	55181796	8000	55180289	-4000	4000	1507
chr19	54238791	54246791	54239723	8000	54242791	-4000	4000	-3068
chr19	58447611	58455611	58454482	8000	58451611	-4000	4000	2871
chr19	35524351	35532351	35527564	8000	35528351	-4000	4000	-787
chr19	42192585	42200585	42199480	8000	42196585	-4000	4000	2895
chr19	15375815	15383815	15380524	8000	15379815	-4000	4000	709
chr19	19817751	19825751	19821711	8000	19821751	-4000	4000	-40
chr19	38836178	38844178	38837649	8000	38840178	-4000	4000	-2529
chr19	50965673	50973673	50967285	8000	50969673	-4000	4000	-2388
chr19	54459778	54467778	54461250	8000	54463778	-4000	4000	-2528
chr19	47511091	47519091	47514892	8000	47515091	-4000	4000	-199
chr19	19029575	19037575	19030976	8000	19033575	-4000	4000	-2599
chr19	45778552	45786552	45779163	8000	45782552	-4000	4000	-3389
chr19	40878752	40886752	40882208	8000	40882752	-4000	4000	-544
chr19	38926944	38934944	38932380	8000	38930944	-4000	4000	1436
chr19	57970534	57978534	57978313	8000	57974534	-4000	4000	3779
chr19	54238791	54246791	54239082	8000	54242791	-4000	4000	-3709
chr19	19199414	19207414	19201969	8000	19203414	-4000	4000	-1445
chr19	40747553	40755553	40751468	8000	40751553	-4000	4000	-85
chr19	45688569	45696569	45693548	8000	45692569	-4000	4000	979
chr19	8510167	8518167	8512413	8000	8514167	-4000	4000	-1754
chr19	6726562	6734562	6731082	8000	6730562	-4000	4000	520
chr19	35625030	35633030	35631644	8000	35629030	-4000	4000	2614
chr19	3496674	3504674	3496674	8000	3500674	-4000	4000	-4000
chr19	38399093	38407093	38405380	8000	38403093	-4000	4000	2287
chr19	51016175	51024175	51022515	8000	51020175	-4000	4000	2340
chr19	52186048	52194048	52190102	8000	52190048	-4000	4000	54
chr19	35898529	35906529	35904260	8000	35902529	-4000	4000	1731
chr19	49874351	49882351	49882297	8000	49878351	-4000	4000	3946
chr19	58349492	58357492	58357133	8000	58353492	-4000	4000	3641
chr19	35863899	35871899	35866306	8000	35867899	-4000	4000	-1593
chr19	54253301	54261301	54256873	8000	54257301	-4000	4000	-428
chr19	6498848	6506848	6501303	8000	6502848	-4000	4000	-1545
chr19	49449497	49457497	49449505	8000	49453497	-4000	4000	-3992
chr19	35276716	35284716	35278783	8000	35280716	-4000	4000	-1933
chr19	44910247	44918247	44914888	8000	44914247	-4000	4000	641
chr19	19639657	19647657	19645423	8000	19643657	-4000	4000	1766
chr19	8977342	8985342	8979946	8000	8981342	-4000	4000	-1396
chr19	40187426	40195426	40192193	8000	40191426	-4000	4000	767
chr19	40878752	40886752	40878784	8000	40882752	-4000	4000	-3968
chr19	4787734	4795734	4793072	8000	4791734	-4000	4000	1338
chr19	17855910	17863910	17862143	8000	17859910	-4000	4000	2233
chr19	51454456	51462456	51457475	8000	51458456	-4000	4000	-981
chr19	49586262	49594262	49588500	8000	49590262	-4000	4000	-1762
chr19	57390183	57398183	57397158	8000	57394183	-4000	4000	2975
chr19	57390183	57398183	57397085	8000	57394183	-4000	4000	2902
chr19	6420811	6428811	6427152	8000	6424811	-4000	4000	2341
chr19	17330920	17338920	17333426	8000	17334920	-4000	4000	-1494
chr19	49458752	49466752	49462658	8000	49462752	-4000	4000	-94
chr19	51120906	51128906	51127259	8000	51124906	-4000	4000	2353
chr19	12662742	12670742	12663827	8000	12666742	-4000	4000	-2915
chr19	11370666	11378666	11378013	8000	11374666	-4000	4000	3347
chr19	1234027	1242027	1234255	8000	1238027	-4000	4000	-3772
chr19	6420811	6428811	6422371	8000	6424811	-4000	4000	-2440
chr19	8510167	8518167	8510733	8000	8514167	-4000	4000	-3434
chr19	11575008	11583008	11576976	8000	11579008	-4000	4000	-2032
chr19	12877466	12885466	12884802	8000	12881466	-4000	4000	3336
chr19	14114084	14122084	14120465	8000	14118084	-4000	4000	2381
chr19	32687821	32695821	32692644	8000	32691821	-4000	4000	823
chr19	35264962	35272962	35266486	8000	35268962	-4000	4000	-2476
chr19	35863899	35871899	35866418	8000	35867899	-4000	4000	-1481
chr19	38300164	38308164	38307733	8000	38304164	-4000	4000	3569
chr19	38785200	38793200	38790764	8000	38789200	-4000	4000	1564
chr19	39476412	39484412	39480712	8000	39480412	-4000	4000	300
chr19	49524003	49532003	49524522	8000	49528003	-4000	4000	-3481
chr19	49636143	49644143	49636676	8000	49640143	-4000	4000	-3467
chr19	50472400	50480400	50475415	8000	50476400	-4000	4000	-985
chr19	50907395	50915395	50908538	8000	50911395	-4000	4000	-2857
chr19	52186048	52194048	52190114	8000	52190048	-4000	4000	66
chr19	55481188	55489188	55483930	8000	55485188	-4000	4000	-1258
chr19	55484404	55492404	55490957	8000	55488404	-4000	4000	2553
chr19	57970534	57978534	57974145	8000	57974534	-4000	4000	-389
chr19	58508413	58516413	58511725	8000	58512413	-4000	4000	-688
chr19	58540064	58548064	58547884	8000	58544064	-4000	4000	3820
chr19	51221064	51229064	51226074	8000	51225064	-4000	4000	1010
chr19	8317379	8325379	8321364	8000	8321379	-4000	4000	-15
chr19	51024039	51032039	51027571	8000	51028039	-4000	4000	-468
chr19	45402644	45410644	45406572	8000	45406644	-4000	4000	-72
chr19	6368794	6376794	6374515	8000	6372794	-4000	4000	1721
chr19	19188158	19196158	19193986	8000	19192158	-4000	4000	1828
chr19	8977342	8985342	8981324	8000	8981342	-4000	4000	-18
chr19	12868740	12876740	12873751	8000	12872740	-4000	4000	1011
chr19	629537	637537	629859	8000	633537	-4000	4000	-3678
chr19	1234027	1242027	1234691	8000	1238027	-4000	4000	-3336
chr19	1487166	1495166	1490117	8000	1491166	-4000	4000	-1049
chr19	5780746	5788746	5784236	8000	5784746	-4000	4000	-510
chr19	8317379	8325379	8322872	8000	8321379	-4000	4000	1493
chr19	8498640	8506640	8498931	8000	8502640	-4000	4000	-3709
chr19	13760522	13768522	13766129	8000	13764522	-4000	4000	1607
chr19	17330920	17338920	17333459	8000	17334920	-4000	4000	-1461
chr19	34424352	34432352	34426157	8000	34428352	-4000	4000	-2195
chr19	35608735	35616735	35615327	8000	35612735	-4000	4000	2592
chr19	35713973	35721973	35719901	8000	35717973	-4000	4000	1928
chr19	40572853	40580853	40578163	8000	40576853	-4000	4000	1310
chr19	45318875	45326875	45319610	8000	45322875	-4000	4000	-3265
chr19	49151396	49159396	49151525	8000	49155396	-4000	4000	-3871
chr19	49358457	49366457	49359967	8000	49362457	-4000	4000	-2490
chr19	55403788	55411788	55404408	8000	55407788	-4000	4000	-3380
chr19	22630324	22638324	22634473	8000	22634324	-4000	4000	149
chr19	49483510	49491510	49487546	8000	49487510	-4000	4000	36
chr19	18567730	18575730	18568584	8000	18571730	-4000	4000	-3146
chr19	46621089	46629089	46621391	8000	46625089	-4000	4000	-3698
chr19	4178689	4186689	4186273	8000	4182689	-4000	4000	3584
chr19	11431284	11439284	11437884	8000	11435284	-4000	4000	2600
chr19	12930037	12938037	12930338	8000	12934037	-4000	4000	-3699
chr19	19639657	19647657	19646209	8000	19643657	-4000	4000	2552
chr19	38300164	38308164	38304278	8000	38304164	-4000	4000	114
chr19	43571801	43579801	43575476	8000	43575801	-4000	4000	-325
chr19	54219506	54227506	54221321	8000	54223506	-4000	4000	-2185
chr19	38384421	38392421	38385992	8000	38388421	-4000	4000	-2429
chr19	49331171	49339171	49335188	8000	49335171	-4000	4000	17
chr19	54309166	54317166	54312098	8000	54313166	-4000	4000	-1068
chr19	29807991	29815991	29812675	8000	29811991	-4000	4000	684
chr19	57626395	57634395	57633848	8000	57630395	-4000	4000	3453
chr19	46491879	46499879	46495505	8000	46495879	-4000	4000	-374
chr19	54568920	54576920	54573430	8000	54572920	-4000	4000	510
chr19	51024039	51032039	51031928	8000	51028039	-4000	4000	3889
chr19	19188158	19196158	19192226	8000	19192158	-4000	4000	68
chr19	14513085	14521085	14516744	8000	14517085	-4000	4000	-341
chr19	11735009	11743009	11738904	8000	11739009	-4000	4000	-105
chr19	12934578	12942578	12938639	8000	12938578	-4000	4000	61
chr19	39980134	39988134	39981202	8000	39984134	-4000	4000	-2932
chr19	42423388	42431388	42426758	8000	42427388	-4000	4000	-630
chr19	35509658	35517658	35511585	8000	35513658	-4000	4000	-2073
chr19	54253301	54261301	54254364	8000	54257301	-4000	4000	-2937
chr19	15018990	15026990	15023028	8000	15022990	-4000	4000	38
chr19	35662516	35670516	35666865	8000	35666516	-4000	4000	349
chr19	12662742	12670742	12663726	8000	12666742	-4000	4000	-3016
chr19	38300164	38308164	38304473	8000	38304164	-4000	4000	309
chr19	15045480	15053480	15052232	8000	15049480	-4000	4000	2752
chr19	35524351	35532351	35527250	8000	35528351	-4000	4000	-1101
chr19	46467563	46475563	46469913	8000	46471563	-4000	4000	-1650
chr19	51120906	51128906	51128474	8000	51124906	-4000	4000	3568
chr19	51221064	51229064	51225565	8000	51225064	-4000	4000	501
chr19	50819787	50827787	50826977	8000	50823787	-4000	4000	3190
chr19	51138299	51146299	51145908	8000	51142299	-4000	4000	3609
chr19	16825398	16833398	16831597	8000	16829398	-4000	4000	2199
chr19	51886950	51894950	51890462	8000	51890950	-4000	4000	-488
chr19	19199414	19207414	19203112	8000	19203414	-4000	4000	-302
chr19	23391471	23399471	23395398	8000	23395471	-4000	4000	-73
chr19	49576646	49584646	49583456	8000	49580646	-4000	4000	2810
chr19	10513931	10521931	10514685	8000	10517931	-4000	4000	-3246
chr19	5899787	5907787	5903814	8000	5903787	-4000	4000	27
chr19	40713112	40721112	40717881	8000	40717112	-4000	4000	769
chr19	49358457	49366457	49363983	8000	49362457	-4000	4000	1526
chr19	49954391	49962391	49960572	8000	49958391	-4000	4000	2181
chr19	1035997	1043997	1043432	8000	1039997	-4000	4000	3435
chr19	3758682	3766682	3762687	8000	3762682	-4000	4000	5
chr19	8977342	8985342	8980725	8000	8981342	-4000	4000	-617
chr19	38384421	38392421	38391954	8000	38388421	-4000	4000	3533
chr19	17373342	17381342	17377053	8000	17377342	-4000	4000	-289
chr19	43500935	43508935	43506848	8000	43504935	-4000	4000	1913
chr19	48615291	48623291	48620503	8000	48619291	-4000	4000	1212
chr19	49483510	49491510	49491092	8000	49487510	-4000	4000	3582
chr19	54155721	54163721	54159640	8000	54159721	-4000	4000	-81
chr19	54169250	54177250	54174276	8000	54173250	-4000	4000	1026
chr19	3981463	3989463	3983152	8000	3985463	-4000	4000	-2311
chr19	18189218	18197218	18193919	8000	18193218	-4000	4000	701
chr19	12662742	12670742	12669183	8000	12666742	-4000	4000	2441
chr19	54335162	54343162	54338212	8000	54339162	-4000	4000	-950
chr19	8498640	8506640	8499320	8000	8502640	-4000	4000	-3320
chr19	23391471	23399471	23395323	8000	23395471	-4000	4000	-148
chr19	51454456	51462456	51458098	8000	51458456	-4000	4000	-358
chr19	46491879	46499879	46494049	8000	46495879	-4000	4000	-1830
chr19	54568920	54576920	54574899	8000	54572920	-4000	4000	1979
chr19	57970534	57978534	57978523	8000	57974534	-4000	4000	3989
chr19	56503850	56511850	56511514	8000	56507850	-4000	4000	3664
chr19	58349492	58357492	58353446	8000	58353492	-4000	4000	-46
chr19	2324611	2332611	2328598	8000	2328611	-4000	4000	-13
chr19	11351386	11359386	11357682	8000	11355386	-4000	4000	2296
chr19	20073994	20081994	20078018	8000	20077994	-4000	4000	24
chr19	35264962	35272962	35267451	8000	35268962	-4000	4000	-1511
chr19	41393362	41401362	41397839	8000	41397362	-4000	4000	477
chr19	49331171	49339171	49335433	8000	49335171	-4000	4000	262
chr19	50819787	50827787	50820016	8000	50823787	-4000	4000	-3771
chr19	41084451	41092451	41091858	8000	41088451	-4000	4000	3407
chr19	39387154	39395154	39390160	8000	39391154	-4000	4000	-994
chr19	54169250	54177250	54173077	8000	54173250	-4000	4000	-173
chr19	49686898	49694898	49690251	8000	49690898	-4000	4000	-647
chr19	51413803	51421803	51416895	8000	51417803	-4000	4000	-908
chr19	55576848	55584848	55577896	8000	55580848	-4000	4000	-2952
chr19	17211346	17219346	17219229	8000	17215346	-4000	4000	3883
chr19	40878752	40886752	40882166	8000	40882752	-4000	4000	-586
chr19	41084451	41092451	41090057	8000	41088451	-4000	4000	1606
chr19	54253301	54261301	54256723	8000	54257301	-4000	4000	-578
chr19	54309166	54317166	54311312	8000	54313166	-4000	4000	-1854
chr19	2265759	2273759	2273084	8000	2269759	-4000	4000	3325
chr19	13146383	13154383	13149091	8000	13150383	-4000	4000	-1292
chr19	35662516	35670516	35668513	8000	35666516	-4000	4000	1997
chr19	36004813	36012813	36008650	8000	36008813	-4000	4000	-163
chr19	32967991	32975991	32973563	8000	32971991	-4000	4000	1572
chr19	3798129	3806129	3806018	8000	3802129	-4000	4000	3889
chr19	11351386	11359386	11356871	8000	11355386	-4000	4000	1485
chr19	12953223	12961223	12954274	8000	12957223	-4000	4000	-2949
chr19	1271530	1279530	1272042	8000	1275530	-4000	4000	-3488
chr19	58382400	58390400	58388195	8000	58386400	-4000	4000	1795
chr19	40747553	40755553	40751232	8000	40751553	-4000	4000	-321
chr19	49483510	49491510	49490515	8000	49487510	-4000	4000	3005
chr19	11233450	11241450	11236494	8000	11237450	-4000	4000	-956
chr19	55596022	55604022	55597796	8000	55600022	-4000	4000	-2226
chr19	44901791	44909791	44903357	8000	44905791	-4000	4000	-2434
chr19	51413803	51421803	51416267	8000	51417803	-4000	4000	-1536
chr19	17373342	17381342	17377067	8000	17377342	-4000	4000	-275
chr19	1234027	1242027	1235065	8000	1238027	-4000	4000	-2962
chr19	8977342	8985342	8977923	8000	8981342	-4000	4000	-3419
chr19	8977342	8985342	8979708	8000	8981342	-4000	4000	-1634
chr19	12662742	12670742	12663773	8000	12666742	-4000	4000	-2969
chr19	49586262	49594262	49590575	8000	49590262	-4000	4000	313
chr19	6666588	6674588	6669882	8000	6670588	-4000	4000	-706
chr19	41349922	41357922	41357909	8000	41353922	-4000	4000	3987
chr19	15669018	15677018	15673627	8000	15673018	-4000	4000	609
chr19	16492394	16500394	16495837	8000	16496394	-4000	4000	-557
chr19	54219506	54227506	54222953	8000	54223506	-4000	4000	-553
chr19	15445956	15453956	15448226	8000	15449956	-4000	4000	-1730
chr19	19534248	19542248	19535082	8000	19538248	-4000	4000	-3166
chr19	49115143	49123143	49118854	8000	49119143	-4000	4000	-289
chr19	16656442	16664442	16659435	8000	16660442	-4000	4000	-1007
chr19	17071625	17079625	17075448	8000	17075625	-4000	4000	-177
chr19	35150730	35158730	35155350	8000	35154730	-4000	4000	620
chr19	38895700	38903700	38900182	8000	38899700	-4000	4000	482
chr19	49151396	49159396	49153893	8000	49155396	-4000	4000	-1503
chr19	54155721	54163721	54163102	8000	54159721	-4000	4000	3381
chr19	50907395	50915395	50908532	8000	50911395	-4000	4000	-2863
chr19	55153773	55161773	55154172	8000	55157773	-4000	4000	-3601
chr19	55484404	55492404	55490304	8000	55488404	-4000	4000	1900
chr19	1061923	1069923	1064219	8000	1065923	-4000	4000	-1704
chr19	1099994	1107994	1106408	8000	1103994	-4000	4000	2414
chr19	54185882	54193882	54187278	8000	54189882	-4000	4000	-2604
chr19	55162722	55170722	55166346	8000	55166722	-4000	4000	-376
chr19	35713973	35721973	35716756	8000	35717973	-4000	4000	-1217
chr19	58179029	58187029	58186967	8000	58183029	-4000	4000	3938
chr19	40713112	40721112	40717724	8000	40717112	-4000	4000	612
chr19	39192964	39200964	39200350	8000	39196964	-4000	4000	3386
chr19	39967165	39975165	39974801	8000	39971165	-4000	4000	3636
chr19	2245309	2253309	2248155	8000	2249309	-4000	4000	-1154
chr19	6527026	6535026	6531070	8000	6531026	-4000	4000	44
chr19	8498640	8506640	8499022	8000	8502640	-4000	4000	-3618
chr19	10539895	10547895	10544835	8000	10543895	-4000	4000	940
chr19	10539895	10547895	10545109	8000	10543895	-4000	4000	1214
chr19	19029575	19037575	19034220	8000	19033575	-4000	4000	645
chr19	54111657	54119657	54114570	8000	54115657	-4000	4000	-1087
chr19	54277184	54285184	54280295	8000	54281184	-4000	4000	-889
chr19	55481188	55489188	55483888	8000	55485188	-4000	4000	-1300
chr19	11921075	11929075	11925119	8000	11925075	-4000	4000	44
chr19	18915705	18923705	18920620	8000	18919705	-4000	4000	915
chr19	20919222	20927222	20923279	8000	20923222	-4000	4000	57
chr19	38874275	38882275	38879175	8000	38878275	-4000	4000	900
chr19	45463995	45471995	45468475	8000	45467995	-4000	4000	480
chr19	11921075	11929075	11925217	8000	11925075	-4000	4000	142
chr19	19199414	19207414	19203129	8000	19203414	-4000	4000	-285
chr19	38399093	38407093	38405024	8000	38403093	-4000	4000	1931
chr19	51413803	51421803	51416797	8000	51417803	-4000	4000	-1006
chr19	5619035	5627035	5621362	8000	5623035	-4000	4000	-1673
chr19	10115918	10123918	10119106	8000	10119918	-4000	4000	-812
chr19	39431949	39439949	39433606	8000	39435949	-4000	4000	-2343
chr19	457033	465033	463919	8000	461033	-4000	4000	2886
chr19	16884999	16892999	16890403	8000	16888999	-4000	4000	1404
chr19	51120906	51128906	51125750	8000	51124906	-4000	4000	844
chr19	51454456	51462456	51454748	8000	51458456	-4000	4000	-3708
chr19	45788845	45796845	45796047	8000	45792845	-4000	4000	3202
chr19	49661142	49669142	49661806	8000	49665142	-4000	4000	-3336
chr19	12730684	12738684	12731050	8000	12734684	-4000	4000	-3634
chr19	51138299	51146299	51144437	8000	51142299	-4000	4000	2138
chr19	8977342	8985342	8979653	8000	8981342	-4000	4000	-1689
chr19	12606918	12614918	12610754	8000	12610918	-4000	4000	-164
chr19	12662742	12670742	12668390	8000	12666742	-4000	4000	1648
chr19	35036506	35044506	35039680	8000	35040506	-4000	4000	-826
chr19	55650146	55658146	55652683	8000	55654146	-4000	4000	-1463
chr19	40440335	40448335	40441584	8000	40444335	-4000	4000	-2751
chr19	1397570	1405570	1399911	8000	1401570	-4000	4000	-1659
chr19	35625030	35633030	35629613	8000	35629030	-4000	4000	583
chr19	629537	637537	629640	8000	633537	-4000	4000	-3897
chr19	8977342	8985342	8980798	8000	8981342	-4000	4000	-544
chr19	45778552	45786552	45784127	8000	45782552	-4000	4000	1575
chr19	49358457	49366457	49363897	8000	49362457	-4000	4000	1440
chr19	10539895	10547895	10545054	8000	10543895	-4000	4000	1159
chr19	50850915	50858915	50858550	8000	50854915	-4000	4000	3635
chr19	1271530	1279530	1272369	8000	1275530	-4000	4000	-3161
chr19	48633379	48641379	48639388	8000	48637379	-4000	4000	2009
chr19	49483510	49491510	49490028	8000	49487510	-4000	4000	2518
chr19	54589582	54597582	54595177	8000	54593582	-4000	4000	1595
chr19	10513931	10521931	10514420	8000	10517931	-4000	4000	-3511
chr19	41306172	41314172	41310240	8000	41310172	-4000	4000	68
chr19	6375058	6383058	6380398	8000	6379058	-4000	4000	1340
chr19	35264962	35272962	35267861	8000	35268962	-4000	4000	-1101
chr19	50819787	50827787	50821892	8000	50823787	-4000	4000	-1895
chr19	8977342	8985342	8980446	8000	8981342	-4000	4000	-896
chr19	17222213	17230213	17226276	8000	17226213	-4000	4000	63
chr19	38384421	38392421	38386164	8000	38388421	-4000	4000	-2257
chr19	54253301	54261301	54257059	8000	54257301	-4000	4000	-242
chr19	57555863	57563863	57556253	8000	57559863	-4000	4000	-3610
chr19	19639657	19647657	19645423	8000	19643657	-4000	4000	1766
chr19	35541600	35549600	35544977	8000	35545600	-4000	4000	-623
chr19	35713973	35721973	35719496	8000	35717973	-4000	4000	1523
chr19	51120906	51128906	51125019	8000	51124906	-4000	4000	113
chr19	10329638	10337638	10335254	8000	10333638	-4000	4000	1616
chr19	10335661	10343661	10338863	8000	10339661	-4000	4000	-798
chr19	35863899	35871899	35866441	8000	35867899	-4000	4000	-1458
chr19	41873279	41881279	41877250	8000	41877279	-4000	4000	-29
chr19	49151396	49159396	49153638	8000	49155396	-4000	4000	-1758
chr19	45463995	45471995	45468627	8000	45467995	-4000	4000	632
chr19	55145206	55153206	55146948	8000	55149206	-4000	4000	-2258
chr19	35741678	35749678	35744291	8000	35745678	-4000	4000	-1387
chr19	18393622	18401622	18396430	8000	18397622	-4000	4000	-1192
chr19	54253301	54261301	54256122	8000	54257301	-4000	4000	-1179
chr19	15460544	15468544	15464263	8000	15464544	-4000	4000	-281
chr19	36414644	36422644	36421935	8000	36418644	-4000	4000	3291
chr19	45778552	45786552	45784431	8000	45782552	-4000	4000	1879
chr19	13146383	13154383	13149737	8000	13150383	-4000	4000	-646
chr19	6726562	6734562	6731892	8000	6730562	-4000	4000	1330
chr19	49587182	49595182	49594896	8000	49591182	-4000	4000	3714
chr19	49331171	49339171	49337673	8000	49335171	-4000	4000	2502
chr19	5619035	5627035	5621329	8000	5623035	-4000	4000	-1706
chr19	11844726	11852726	11848862	8000	11848726	-4000	4000	136
chr19	41393362	41401362	41397345	8000	41397362	-4000	4000	-17
chr19	47774677	47782677	47778762	8000	47778677	-4000	4000	85
chr19	10082122	10090122	10090008	8000	10086122	-4000	4000	3886
chr19	14556391	14564391	14563218	8000	14560391	-4000	4000	2827
chr19	8359289	8367289	8365962	8000	8363289	-4000	4000	2673
chr19	15445956	15453956	15452797	8000	15449956	-4000	4000	2841
chr19	38836178	38844178	38844026	8000	38840178	-4000	4000	3848
chr19	42309309	42317309	42316687	8000	42313309	-4000	4000	3378
chr19	42423388	42431388	42427261	8000	42427388	-4000	4000	-127
chr19	46467563	46475563	46468513	8000	46471563	-4000	4000	-3050
chr19	54169250	54177250	54174176	8000	54173250	-4000	4000	926
chr19	55153773	55161773	55154763	8000	55157773	-4000	4000	-3010
chr19	51120906	51128906	51125795	8000	51124906	-4000	4000	889
chr19	46467563	46475563	46470131	8000	46471563	-4000	4000	-1432
chr19	2232824	2240824	2233278	8000	2236824	-4000	4000	-3546
chr19	45493055	45501055	45499226	8000	45497055	-4000	4000	2171
chr19	48465208	48473208	48470443	8000	48469208	-4000	4000	1235
chr19	12877466	12885466	12881115	8000	12881466	-4000	4000	-351
chr19	17401630	17409630	17405464	8000	17405630	-4000	4000	-166
chr19	17278786	17286786	17283427	8000	17282786	-4000	4000	641
chr19	40747553	40755553	40749518	8000	40751553	-4000	4000	-2035
chr19	11351386	11359386	11354909	8000	11355386	-4000	4000	-477
chr19	11370666	11378666	11378102	8000	11374666	-4000	4000	3436
chr19	39830201	39838201	39837740	8000	39834201	-4000	4000	3539
chr19	41436717	41444717	41438226	8000	41440717	-4000	4000	-2491
chr19	49686898	49694898	49690108	8000	49690898	-4000	4000	-790
chr19	7625545	7633545	7631809	8000	7629545	-4000	4000	2264
chr19	50719364	50727364	50723473	8000	50723364	-4000	4000	109
chr19	45484777	45492777	45488641	8000	45488777	-4000	4000	-136
chr19	7899843	7907843	7905887	8000	7903843	-4000	4000	2044
chr19	8977342	8985342	8978817	8000	8981342	-4000	4000	-2525
chr19	13099161	13107161	13100900	8000	13103161	-4000	4000	-2261
chr19	17330920	17338920	17337629	8000	17334920	-4000	4000	2709
chr19	18930397	18938397	18931339	8000	18934397	-4000	4000	-3058
chr19	23391471	23399471	23395400	8000	23395471	-4000	4000	-71
chr19	51567283	51575283	51573222	8000	51571283	-4000	4000	1939
chr19	54335162	54343162	54337571	8000	54339162	-4000	4000	-1591
chr19	39980134	39988134	39981359	8000	39984134	-4000	4000	-2775
chr19	44108181	44116181	44115836	8000	44112181	-4000	4000	3655
chr19	51120906	51128906	51125633	8000	51124906	-4000	4000	727
chr19	18434167	18442167	18435097	8000	18438167	-4000	4000	-3070
chr19	43500935	43508935	43501778	8000	43504935	-4000	4000	-3157
chr19	12887160	12895160	12891936	8000	12891160	-4000	4000	776
chr19	39830201	39838201	39834496	8000	39834201	-4000	4000	295
chr19	54277184	54285184	54279940	8000	54281184	-4000	4000	-1244
chr19	6726562	6734562	6731270	8000	6730562	-4000	4000	708
chr19	35288125	35296125	35295420	8000	35292125	-4000	4000	3295
chr19	14114084	14122084	14121628	8000	14118084	-4000	4000	3544
chr19	43521497	43529497	43526209	8000	43525497	-4000	4000	712
chr19	47044624	47052624	47046657	8000	47048624	-4000	4000	-1967
chr19	51120906	51128906	51127120	8000	51124906	-4000	4000	2214
chr19	51031230	51039230	51033992	8000	51035230	-4000	4000	-1238
chr19	51413803	51421803	51416149	8000	51417803	-4000	4000	-1654
chr19	54253301	54261301	54255553	8000	54257301	-4000	4000	-1748
chr19	51454456	51462456	51458129	8000	51458456	-4000	4000	-327
chr19	38926944	38934944	38931310	8000	38930944	-4000	4000	366
chr19	8573577	8581577	8577375	8000	8577577	-4000	4000	-202
chr19	58349492	58357492	58353000	8000	58353492	-4000	4000	-492
chr19	50819787	50827787	50826748	8000	50823787	-4000	4000	2961
chr19	54238791	54246791	54240898	8000	54242791	-4000	4000	-1893
chr19	13099161	13107161	13105445	8000	13103161	-4000	4000	2284
chr19	47415527	47423527	47416649	8000	47419527	-4000	4000	-2878
chr19	49873666	49881666	49878543	8000	49877666	-4000	4000	877
chr19	7530004	7538004	7536462	8000	7534004	-4000	4000	2458
chr19	6733925	6741925	6739777	8000	6737925	-4000	4000	1852
chr19	7676833	7684833	7682293	8000	7680833	-4000	4000	1460
chr19	14068536	14076536	14074273	8000	14072536	-4000	4000	1737
chr19	17551649	17559649	17551977	8000	17555649	-4000	4000	-3672
chr19	39830201	39838201	39830403	8000	39834201	-4000	4000	-3798
chr19	51368701	51376701	51371656	8000	51372701	-4000	4000	-1045
chr19	56389538	56397538	56393454	8000	56393538	-4000	4000	-84
chr19	39431949	39439949	39435907	8000	39435949	-4000	4000	-42
chr19	51886950	51894950	51891809	8000	51890950	-4000	4000	859
chr19	54277184	54285184	54279821	8000	54281184	-4000	4000	-1363
chr19	19199414	19207414	19202216	8000	19203414	-4000	4000	-1198
chr19	19199414	19207414	19202402	8000	19203414	-4000	4000	-1012
chr19	51138299	51146299	51144583	8000	51142299	-4000	4000	2284
chr19	17551649	17559649	17553520	8000	17555649	-4000	4000	-2129
chr19	54155721	54163721	54160281	8000	54159721	-4000	4000	560
chr19	1271530	1279530	1272307	8000	1275530	-4000	4000	-3223
chr19	3758682	3766682	3759709	8000	3762682	-4000	4000	-2973
chr19	10267093	10275093	10271123	8000	10271093	-4000	4000	30
chr19	19199414	19207414	19201718	8000	19203414	-4000	4000	-1696
chr19	1475219	1483219	1482993	8000	1479219	-4000	4000	3774
chr19	48961309	48969309	48966589	8000	48965309	-4000	4000	1280
chr19	4243080	4251080	4247129	8000	4247080	-4000	4000	49
chr19	13099161	13107161	13100914	8000	13103161	-4000	4000	-2247
chr19	7530004	7538004	7533763	8000	7534004	-4000	4000	-241
chr19	10006504	10014504	10013378	8000	10010504	-4000	4000	2874
chr19	43963862	43971862	43966489	8000	43967862	-4000	4000	-1373
chr19	45882141	45890141	45885128	8000	45886141	-4000	4000	-1013
chr19	49151396	49159396	49155042	8000	49155396	-4000	4000	-354
chr19	7625545	7633545	7633527	8000	7629545	-4000	4000	3982
chr19	50819787	50827787	50825753	8000	50823787	-4000	4000	1966
chr19	10247901	10255901	10252598	8000	10251901	-4000	4000	697
chr19	10562031	10570031	10565028	8000	10566031	-4000	4000	-1003
chr19	14027762	14035762	14032454	8000	14031762	-4000	4000	692
chr19	45991461	45999461	45995449	8000	45995461	-4000	4000	-12
chr19	54155721	54163721	54158395	8000	54159721	-4000	4000	-1326
chr19	54253301	54261301	54257042	8000	54257301	-4000	4000	-259
chr19	45778552	45786552	45779343	8000	45782552	-4000	4000	-3209
chr19	1434358	1442358	1440093	8000	1438358	-4000	4000	1735
chr19	11415328	11423328	11417048	8000	11419328	-4000	4000	-2280
chr19	23391471	23399471	23395412	8000	23395471	-4000	4000	-59
chr19	8498640	8506640	8498760	8000	8502640	-4000	4000	-3880
chr19	17373342	17381342	17377012	8000	17377342	-4000	4000	-330
chr19	35036506	35044506	35039696	8000	35040506	-4000	4000	-810
chr19	49661142	49669142	49663428	8000	49665142	-4000	4000	-1714
chr19	7625545	7633545	7633539	8000	7629545	-4000	4000	3994
chr19	12868740	12876740	12869240	8000	12872740	-4000	4000	-3500
chr19	41879173	41887173	41884461	8000	41883173	-4000	4000	1288
chr19	2245309	2253309	2251715	8000	2249309	-4000	4000	2406
chr19	22048430	22056430	22052625	8000	22052430	-4000	4000	195
chr19	49524003	49532003	49525408	8000	49528003	-4000	4000	-2595
chr19	48317971	48325971	48318522	8000	48321971	-4000	4000	-3449
chr19	15445956	15453956	15448363	8000	15449956	-4000	4000	-1593
chr19	49151396	49159396	49153480	8000	49155396	-4000	4000	-1916
chr19	8977342	8985342	8981324	8000	8981342	-4000	4000	-18
chr19	29807991	29815991	29812748	8000	29811991	-4000	4000	757
chr19	46491879	46499879	46494516	8000	46495879	-4000	4000	-1363
chr19	45493055	45501055	45499661	8000	45497055	-4000	4000	2606
chr19	40721784	40729784	40725441	8000	40725784	-4000	4000	-343
chr19	48868421	48876421	48874105	8000	48872421	-4000	4000	1684
chr19	38836178	38844178	38840608	8000	38840178	-4000	4000	430
chr19	54253301	54261301	54254175	8000	54257301	-4000	4000	-3126
chr19	38370550	38378550	38370616	8000	38374550	-4000	4000	-3934
chr19	57999349	58007349	58002257	8000	58003349	-4000	4000	-1092
chr19	43776976	43784976	43780926	8000	43780976	-4000	4000	-50
chr19	13902452	13910452	13904901	8000	13906452	-4000	4000	-1551
chr19	54155721	54163721	54156811	8000	54159721	-4000	4000	-2910
chr19	8498640	8506640	8499181	8000	8502640	-4000	4000	-3459
chr19	35863899	35871899	35866214	8000	35867899	-4000	4000	-1685
chr19	41873279	41881279	41879597	8000	41877279	-4000	4000	2318
chr19	35150730	35158730	35158389	8000	35154730	-4000	4000	3659
chr19	35244330	35252330	35250485	8000	35248330	-4000	4000	2155
chr19	51886950	51894950	51891234	8000	51890950	-4000	4000	284
chr19	35713973	35721973	35714733	8000	35717973	-4000	4000	-3240
chr19	38836178	38844178	38838559	8000	38840178	-4000	4000	-1619
chr19	629537	637537	630136	8000	633537	-4000	4000	-3401
chr19	7625545	7633545	7629824	8000	7629545	-4000	4000	279
chr19	10565059	10573059	10567049	8000	10569059	-4000	4000	-2010
chr19	11342270	11350270	11346515	8000	11346270	-4000	4000	245
chr19	12787486	12795486	12792650	8000	12791486	-4000	4000	1164
chr19	14132613	14140613	14136462	8000	14136613	-4000	4000	-151
chr19	16320826	16328826	16327072	8000	16324826	-4000	4000	2246
chr19	17373342	17381342	17376980	8000	17377342	-4000	4000	-362
chr19	19896913	19904913	19901003	8000	19900913	-4000	4000	90
chr19	48751390	48759390	48756146	8000	48755390	-4000	4000	756
chr19	50325653	50333653	50328578	8000	50329653	-4000	4000	-1075
chr19	55671226	55679226	55678638	8000	55675226	-4000	4000	3412
chr19	58551105	58559105	58552089	8000	58555105	-4000	4000	-3016
chr19	12887160	12895160	12891636	8000	12891160	-4000	4000	476
chr19	54459778	54467778	54461466	8000	54463778	-4000	4000	-2312
chr19	55162722	55170722	55165974	8000	55166722	-4000	4000	-748
chr19	40747553	40755553	40751199	8000	40751553	-4000	4000	-354
chr19	52365917	52373917	52366374	8000	52369917	-4000	4000	-3543
chr19	39967165	39975165	39974354	8000	39971165	-4000	4000	3189
chr19	40721784	40729784	40729329	8000	40725784	-4000	4000	3545
chr19	50980099	50988099	50980458	8000	50984099	-4000	4000	-3641
chr19	50507220	50515220	50513771	8000	50511220	-4000	4000	2551
chr19	2092673	2100673	2097306	8000	2096673	-4000	4000	633
chr19	17330920	17338920	17338058	8000	17334920	-4000	4000	3138
chr19	51016175	51024175	51023095	8000	51020175	-4000	4000	2920
chr19	7530004	7538004	7530299	8000	7534004	-4000	4000	-3705
chr19	1099994	1107994	1107745	8000	1103994	-4000	4000	3751
chr19	15229435	15237435	15231781	8000	15233435	-4000	4000	-1654
chr19	48633379	48641379	48635348	8000	48637379	-4000	4000	-2031
chr19	48950815	48958815	48956230	8000	48954815	-4000	4000	1415
chr19	49686898	49694898	49690504	8000	49690898	-4000	4000	-394
chr19	41084451	41092451	41088955	8000	41088451	-4000	4000	504
chr19	2736048	2744048	2737122	8000	2740048	-4000	4000	-2926
chr19	4899080	4907080	4902694	8000	4903080	-4000	4000	-386
chr19	11415328	11423328	11421760	8000	11419328	-4000	4000	2432
chr19	12829951	12837951	12835117	8000	12833951	-4000	4000	1166
chr19	12868740	12876740	12870833	8000	12872740	-4000	4000	-1907
chr19	12868740	12876740	12876352	8000	12872740	-4000	4000	3612
chr19	17288609	17296609	17294350	8000	17292609	-4000	4000	1741
chr19	35276716	35284716	35282534	8000	35280716	-4000	4000	1818
chr19	45463995	45471995	45470835	8000	45467995	-4000	4000	2840
chr19	45493055	45501055	45494331	8000	45497055	-4000	4000	-2724
chr19	49638209	49646209	49645401	8000	49642209	-4000	4000	3192
chr19	54155721	54163721	54160188	8000	54159721	-4000	4000	467
chr19	50507220	50515220	50513012	8000	50511220	-4000	4000	1792
chr19	54589582	54597582	54594200	8000	54593582	-4000	4000	618
chr19	58540064	58548064	58547456	8000	58544064	-4000	4000	3392
chr19	43615629	43623629	43623219	8000	43619629	-4000	4000	3590
chr19	5716572	5724572	5720736	8000	5720572	-4000	4000	164
chr19	7625545	7633545	7627806	8000	7629545	-4000	4000	-1739
chr19	7870390	7878390	7872321	8000	7874390	-4000	4000	-2069
chr19	7870390	7878390	7873281	8000	7874390	-4000	4000	-1109
chr19	8510167	8518167	8510725	8000	8514167	-4000	4000	-3442
chr19	12941855	12949855	12948765	8000	12945855	-4000	4000	2910
chr19	14068536	14076536	14074518	8000	14072536	-4000	4000	1982
chr19	14132613	14140613	14136462	8000	14136613	-4000	4000	-151
chr19	35770532	35778532	35777829	8000	35774532	-4000	4000	3297
chr19	39402847	39410847	39408253	8000	39406847	-4000	4000	1406
chr19	49151396	49159396	49154427	8000	49155396	-4000	4000	-969
chr19	49449497	49457497	49449501	8000	49453497	-4000	4000	-3996
chr19	49954391	49962391	49960595	8000	49958391	-4000	4000	2204
chr19	51016175	51024175	51023184	8000	51020175	-4000	4000	3009
chr19	55637062	55645062	55643175	8000	55641062	-4000	4000	2113
chr19	57845859	57853859	57850374	8000	57849859	-4000	4000	515
chr19	58349492	58357492	58356937	8000	58353492	-4000	4000	3445
chr19	58358848	58366848	58358959	8000	58362848	-4000	4000	-3889
chr19	10098678	10106678	10106354	8000	10102678	-4000	4000	3676
chr19	19512227	19520227	19516159	8000	19516227	-4000	4000	-68
chr19	43500935	43508935	43502199	8000	43504935	-4000	4000	-2736
chr19	38384421	38392421	38387249	8000	38388421	-4000	4000	-1172
chr19	14068536	14076536	14074436	8000	14072536	-4000	4000	1900
chr19	50507220	50515220	50512233	8000	50511220	-4000	4000	1013
chr19	54568920	54576920	54574888	8000	54572920	-4000	4000	1968
chr19	18915705	18923705	18919308	8000	18919705	-4000	4000	-397
chr19	40440335	40448335	40441744	8000	40444335	-4000	4000	-2591
chr19	12868740	12876740	12869107	8000	12872740	-4000	4000	-3633
chr19	17071625	17079625	17075403	8000	17075625	-4000	4000	-222
chr19	1486752	1494752	1486859	8000	1490752	-4000	4000	-3893
chr19	7625545	7633545	7627353	8000	7629545	-4000	4000	-2192
chr19	17288609	17296609	17292774	8000	17292609	-4000	4000	165
chr19	18540077	18548077	18541844	8000	18544077	-4000	4000	-2233
chr19	18915705	18923705	18922460	8000	18919705	-4000	4000	2755
chr19	19316509	19324509	19320494	8000	19320509	-4000	4000	-15
chr19	48633379	48641379	48639338	8000	48637379	-4000	4000	1959
chr19	48633379	48641379	48640207	8000	48637379	-4000	4000	2828
chr19	50329515	50337515	50335073	8000	50333515	-4000	4000	1558
chr19	51454456	51462456	51458398	8000	51458456	-4000	4000	-58
chr19	54238791	54246791	54240838	8000	54242791	-4000	4000	-1953
chr19	55145206	55153206	55151842	8000	55149206	-4000	4000	2636
chr19	58447611	58455611	58455521	8000	58451611	-4000	4000	3910
chr19	1397570	1405570	1398964	8000	1401570	-4000	4000	-2606
chr19	2423586	2431586	2426967	8000	2427586	-4000	4000	-619
chr19	10832318	10840318	10835253	8000	10836318	-4000	4000	-1065
chr19	54169250	54177250	54174158	8000	54173250	-4000	4000	908
chr19	55671226	55679226	55677704	8000	55675226	-4000	4000	2478
chr19	1901372	1909372	1905382	8000	1905372	-4000	4000	10
chr19	2047244	2055244	2050867	8000	2051244	-4000	4000	-377
chr19	3570290	3578290	3576926	8000	3574290	-4000	4000	2636
chr19	5670947	5678947	5678641	8000	5674947	-4000	4000	3694
chr19	6420811	6428811	6426434	8000	6424811	-4000	4000	1623
chr19	6733925	6741925	6736615	8000	6737925	-4000	4000	-1310
chr19	7916338	7924338	7921702	8000	7920338	-4000	4000	1364
chr19	10115918	10123918	10118509	8000	10119918	-4000	4000	-1409
chr19	10583315	10591315	10587242	8000	10587315	-4000	4000	-73
chr19	12329720	12337720	12333646	8000	12333720	-4000	4000	-74
chr19	13760522	13768522	13764561	8000	13764522	-4000	4000	39
chr19	17263418	17271418	17263971	8000	17267418	-4000	4000	-3447
chr19	19624930	19632930	19630149	8000	19628930	-4000	4000	1219
chr19	29807991	29815991	29812659	8000	29811991	-4000	4000	668
chr19	32967991	32975991	32971886	8000	32971991	-4000	4000	-105
chr19	34424352	34432352	34428523	8000	34428352	-4000	4000	171
chr19	40572853	40580853	40576060	8000	40576853	-4000	4000	-793
chr19	40572853	40580853	40577299	8000	40576853	-4000	4000	446
chr19	40721784	40729784	40729236	8000	40725784	-4000	4000	3452
chr19	44886569	44894569	44888781	8000	44890569	-4000	4000	-1788
chr19	49661142	49669142	49664818	8000	49665142	-4000	4000	-324
chr19	49671786	49679786	49677280	8000	49675786	-4000	4000	1494
chr19	45402644	45410644	45409608	8000	45406644	-4000	4000	2964
chr19	54589582	54597582	54595332	8000	54593582	-4000	4000	1750
chr19	12915293	12923293	12922588	8000	12919293	-4000	4000	3295
chr19	38874275	38882275	38881151	8000	38878275	-4000	4000	2876
chr19	41424730	41432730	41432326	8000	41428730	-4000	4000	3596
chr19	44108181	44116181	44115657	8000	44112181	-4000	4000	3476
chr19	46491879	46499879	46494713	8000	46495879	-4000	4000	-1166
chr19	47741546	47749546	47745546	8000	47745546	-4000	4000	0
chr19	48633379	48641379	48638982	8000	48637379	-4000	4000	1603
chr19	48736610	48744610	48743452	8000	48740610	-4000	4000	2842
chr19	49846735	49854735	49854525	8000	49850735	-4000	4000	3790
chr19	50361830	50369830	50362065	8000	50365830	-4000	4000	-3765
chr19	51138299	51146299	51142753	8000	51142299	-4000	4000	454
chr19	51454456	51462456	51455585	8000	51458456	-4000	4000	-2871
chr19	54335162	54343162	54337694	8000	54339162	-4000	4000	-1468
chr19	55153773	55161773	55157102	8000	55157773	-4000	4000	-671
chr19	7625545	7633545	7629554	8000	7629545	-4000	4000	9
chr19	7625545	7633545	7629826	8000	7629545	-4000	4000	281
chr19	12692631	12700631	12696608	8000	12696631	-4000	4000	-23
chr19	54277184	54285184	54279454	8000	54281184	-4000	4000	-1730
chr19	58554954	58562954	58556117	8000	58558954	-4000	4000	-2837
chr19	51368701	51376701	51372601	8000	51372701	-4000	4000	-100
chr19	54589582	54597582	54595687	8000	54593582	-4000	4000	2105
chr19	11370666	11378666	11375752	8000	11374666	-4000	4000	1086
chr19	36912291	36920291	36916070	8000	36916291	-4000	4000	-221
chr19	11342270	11350270	11346604	8000	11346270	-4000	4000	334
chr19	17278786	17286786	17283469	8000	17282786	-4000	4000	683
chr19	18915705	18923705	18921939	8000	18919705	-4000	4000	2234
chr19	1350711	1358711	1357085	8000	1354711	-4000	4000	2374
chr19	35524351	35532351	35528056	8000	35528351	-4000	4000	-295
chr19	35713973	35721973	35719875	8000	35717973	-4000	4000	1902
chr19	36414644	36422644	36422088	8000	36418644	-4000	4000	3444
chr19	49331171	49339171	49335734	8000	49335171	-4000	4000	563
chr19	54238791	54246791	54242310	8000	54242791	-4000	4000	-481
chr19	40878752	40886752	40882224	8000	40882752	-4000	4000	-528
chr19	36414644	36422644	36422182	8000	36418644	-4000	4000	3538
chr19	42309309	42317309	42309679	8000	42313309	-4000	4000	-3630
chr19	49358457	49366457	49365874	8000	49362457	-4000	4000	3417
chr19	42299546	42307546	42302418	8000	42303546	-4000	4000	-1128
chr19	44886569	44894569	44888641	8000	44890569	-4000	4000	-1928
chr19	37590792	37598792	37598440	8000	37594792	-4000	4000	3648
chr19	49151396	49159396	49154487	8000	49155396	-4000	4000	-909
chr19	49151396	49159396	49154565	8000	49155396	-4000	4000	-831
chr19	11370666	11378666	11375549	8000	11374666	-4000	4000	883
chr19	51338139	51346139	51345252	8000	51342139	-4000	4000	3113
chr19	49483510	49491510	49490966	8000	49487510	-4000	4000	3456
chr19	54169250	54177250	54173248	8000	54173250	-4000	4000	-2
chr19	54185882	54193882	54191944	8000	54189882	-4000	4000	2062
chr19	7922135	7930135	7927222	8000	7926135	-4000	4000	1087
chr19	10539895	10547895	10546836	8000	10543895	-4000	4000	2941
chr19	18567730	18575730	18569346	8000	18571730	-4000	4000	-2384
chr19	45493055	45501055	45494682	8000	45497055	-4000	4000	-2373
chr19	54277184	54285184	54280519	8000	54281184	-4000	4000	-665
chr19	35509658	35517658	35512449	8000	35513658	-4000	4000	-1209
chr19	287403	295403	287582	8000	291403	-4000	4000	-3821
chr19	38300164	38308164	38304469	8000	38304164	-4000	4000	305
chr19	54309166	54317166	54311889	8000	54313166	-4000	4000	-1277
chr19	39431949	39439949	39433588	8000	39435949	-4000	4000	-2361
chr19	12887160	12895160	12891616	8000	12891160	-4000	4000	456
chr19	12934578	12942578	12940413	8000	12938578	-4000	4000	1835
chr19	35754143	35762143	35758208	8000	35758143	-4000	4000	65
chr19	40440335	40448335	40441591	8000	40444335	-4000	4000	-2744
chr19	49115143	49123143	49118387	8000	49119143	-4000	4000	-756
chr19	49115143	49123143	49118593	8000	49119143	-4000	4000	-550
chr19	49458752	49466752	49461986	8000	49462752	-4000	4000	-766
chr19	51120906	51128906	51125702	8000	51124906	-4000	4000	796
chr19	7676833	7684833	7682402	8000	7680833	-4000	4000	1569
chr19	51454456	51462456	51454757	8000	51458456	-4000	4000	-3699
chr19	8977342	8985342	8977411	8000	8981342	-4000	4000	-3931
chr19	49483510	49491510	49490252	8000	49487510	-4000	4000	2742
chr19	55162722	55170722	55166563	8000	55166722	-4000	4000	-159
chr19	39830201	39838201	39837756	8000	39834201	-4000	4000	3555
chr19	14087036	14095036	14088519	8000	14091036	-4000	4000	-2517
chr19	49151396	49159396	49155170	8000	49155396	-4000	4000	-226
chr19	49483510	49491510	49490025	8000	49487510	-4000	4000	2515
chr19	45493055	45501055	45494665	8000	45497055	-4000	4000	-2390
chr19	42438946	42446946	42442830	8000	42442946	-4000	4000	-116
chr19	44886569	44894569	44893875	8000	44890569	-4000	4000	3306
chr19	45463995	45471995	45470965	8000	45467995	-4000	4000	2970
chr19	41084451	41092451	41090453	8000	41088451	-4000	4000	2002
chr19	47480265	47488265	47483139	8000	47484265	-4000	4000	-1126
chr19	8977342	8985342	8981324	8000	8981342	-4000	4000	-18
chr19	43461608	43469608	43461691	8000	43465608	-4000	4000	-3917
chr19	913287	921287	918593	8000	917287	-4000	4000	1306
chr19	3570290	3578290	3576914	8000	3574290	-4000	4000	2624
chr19	44938238	44946238	44945182	8000	44942238	-4000	4000	2944
chr19	50329515	50337515	50334944	8000	50333515	-4000	4000	1429
chr19	18567730	18575730	18575073	8000	18571730	-4000	4000	3343
chr19	54253301	54261301	54256265	8000	54257301	-4000	4000	-1036
chr19	18200042	18208042	18200347	8000	18204042	-4000	4000	-3695
chr19	42309309	42317309	42314314	8000	42313309	-4000	4000	1005
chr19	45402644	45410644	45408745	8000	45406644	-4000	4000	2101
chr19	45778552	45786552	45779965	8000	45782552	-4000	4000	-2587
chr19	18189218	18197218	18197024	8000	18193218	-4000	4000	3806
chr19	35608735	35616735	35615259	8000	35612735	-4000	4000	2524
chr19	889218	897218	890221	8000	893218	-4000	4000	-2997
chr19	4531224	4539224	4534054	8000	4535224	-4000	4000	-1170
chr19	35741678	35749678	35746473	8000	35745678	-4000	4000	795
chr19	55650146	55658146	55651383	8000	55654146	-4000	4000	-2763
chr19	48633379	48641379	48638954	8000	48637379	-4000	4000	1575
chr19	11415328	11423328	11415973	8000	11419328	-4000	4000	-3355
chr19	45402644	45410644	45409076	8000	45406644	-4000	4000	2432
chr19	47480265	47488265	47483198	8000	47484265	-4000	4000	-1067
chr19	47480265	47488265	47483319	8000	47484265	-4000	4000	-946
chr19	17278786	17286786	17286452	8000	17282786	-4000	4000	3666
chr19	1271530	1279530	1278960	8000	1275530	-4000	4000	3430
chr19	5787225	5795225	5788141	8000	5791225	-4000	4000	-3084
chr19	6420811	6428811	6426292	8000	6424811	-4000	4000	1481
chr19	10247901	10255901	10252624	8000	10251901	-4000	4000	723
chr19	19188158	19196158	19194043	8000	19192158	-4000	4000	1885
chr19	20919222	20927222	20923309	8000	20923222	-4000	4000	87
chr19	54568920	54576920	54574904	8000	54572920	-4000	4000	1984
chr19	55176289	55184289	55181654	8000	55180289	-4000	4000	1365
chr19	55601647	55609647	55602499	8000	55605647	-4000	4000	-3148
chr19	11575008	11583008	11575246	8000	11579008	-4000	4000	-3762
chr19	13146383	13154383	13149768	8000	13150383	-4000	4000	-615
chr19	12829951	12837951	12834806	8000	12833951	-4000	4000	855
chr19	17855910	17863910	17863228	8000	17859910	-4000	4000	3318
chr19	43571801	43579801	43574984	8000	43575801	-4000	4000	-817
chr19	15445956	15453956	15448268	8000	15449956	-4000	4000	-1688
chr19	49458752	49466752	49459681	8000	49462752	-4000	4000	-3071
chr19	9617236	9625236	9619434	8000	9621236	-4000	4000	-1802
chr19	55153773	55161773	55154173	8000	55157773	-4000	4000	-3600
chr19	9320174	9328174	9324216	8000	9324174	-4000	4000	42
chr19	11351386	11359386	11353619	8000	11355386	-4000	4000	-1767
chr19	38895700	38903700	38899706	8000	38899700	-4000	4000	6
chr19	47741546	47749546	47742867	8000	47745546	-4000	4000	-2679
chr19	48633379	48641379	48639402	8000	48637379	-4000	4000	2023
chr19	52265587	52273587	52269598	8000	52269587	-4000	4000	11
chr19	55145206	55153206	55145556	8000	55149206	-4000	4000	-3650
chr19	5787225	5795225	5787621	8000	5791225	-4000	4000	-3604
chr19	55224784	55232784	55231804	8000	55228784	-4000	4000	3020
chr19	10006504	10014504	10013583	8000	10010504	-4000	4000	3079
chr19	18540077	18548077	18541835	8000	18544077	-4000	4000	-2242
chr19	49586262	49594262	49591663	8000	49590262	-4000	4000	1401
chr19	42423388	42431388	42427158	8000	42427388	-4000	4000	-230
chr19	54196809	54204809	54201241	8000	54200809	-4000	4000	432
chr19	39402847	39410847	39406865	8000	39406847	-4000	4000	18
chr19	39408669	39416669	39415066	8000	39412669	-4000	4000	2397
chr19	40440335	40448335	40441954	8000	40444335	-4000	4000	-2381
chr19	41084451	41092451	41090558	8000	41088451	-4000	4000	2107
chr19	51080245	51088245	51081677	8000	51084245	-4000	4000	-2568
chr19	54568920	54576920	54574953	8000	54572920	-4000	4000	2033
chr19	3568777	3576777	3574550	8000	3572777	-4000	4000	1773
chr19	45402644	45410644	45408159	8000	45406644	-4000	4000	1515
chr19	11351386	11359386	11353863	8000	11355386	-4000	4000	-1523
chr19	35036506	35044506	35039202	8000	35040506	-4000	4000	-1304
chr19	49686898	49694898	49692350	8000	49690898	-4000	4000	1452
chr19	44901791	44909791	44903163	8000	44905791	-4000	4000	-2628
chr19	23391471	23399471	23395440	8000	23395471	-4000	4000	-31
chr19	35741678	35749678	35745419	8000	35745678	-4000	4000	-259
chr19	58349492	58357492	58352941	8000	58353492	-4000	4000	-551
chr19	1487166	1495166	1488080	8000	1491166	-4000	4000	-3086
chr19	2092673	2100673	2097474	8000	2096673	-4000	4000	801
chr19	2423586	2431586	2430866	8000	2427586	-4000	4000	3280
chr19	3568777	3576777	3575620	8000	3572777	-4000	4000	2843
chr19	4178689	4186689	4182583	8000	4182689	-4000	4000	-106
chr19	4531224	4539224	4538698	8000	4535224	-4000	4000	3474
chr19	4531224	4539224	4538889	8000	4535224	-4000	4000	3665
chr19	6368794	6376794	6374816	8000	6372794	-4000	4000	2022
chr19	7899843	7907843	7900763	8000	7903843	-4000	4000	-3080
chr19	8510167	8518167	8513328	8000	8514167	-4000	4000	-839
chr19	10098678	10106678	10106338	8000	10102678	-4000	4000	3660
chr19	11342270	11350270	11346545	8000	11346270	-4000	4000	275
chr19	12930037	12938037	12930692	8000	12934037	-4000	4000	-3345
chr19	13770456	13778456	13772210	8000	13774456	-4000	4000	-2246
chr19	16181380	16189380	16185745	8000	16185380	-4000	4000	365
chr19	17519301	17527301	17520953	8000	17523301	-4000	4000	-2348
chr19	18149158	18157158	18149656	8000	18153158	-4000	4000	-3502
chr19	19639657	19647657	19640549	8000	19643657	-4000	4000	-3108
chr19	23754891	23762891	23758874	8000	23758891	-4000	4000	-17
chr19	34424352	34432352	34426070	8000	34428352	-4000	4000	-2282
chr19	35036506	35044506	35042417	8000	35040506	-4000	4000	1911
chr19	35138451	35146451	35141166	8000	35142451	-4000	4000	-1285
chr19	35713973	35721973	35716697	8000	35717973	-4000	4000	-1276
chr19	35713973	35721973	35720131	8000	35717973	-4000	4000	2158
chr19	35863899	35871899	35871295	8000	35867899	-4000	4000	3396
chr19	36111213	36119213	36115916	8000	36115213	-4000	4000	703
chr19	37206512	37214512	37207235	8000	37210512	-4000	4000	-3277
chr19	38300164	38308164	38304407	8000	38304164	-4000	4000	243
chr19	38399093	38407093	38405532	8000	38403093	-4000	4000	2439
chr19	38836178	38844178	38838563	8000	38840178	-4000	4000	-1615
chr19	39402847	39410847	39408562	8000	39406847	-4000	4000	1715
chr19	39408669	39416669	39414148	8000	39412669	-4000	4000	1479
chr19	39967165	39975165	39974535	8000	39971165	-4000	4000	3370
chr19	40187426	40195426	40192577	8000	40191426	-4000	4000	1151
chr19	42423388	42431388	42426267	8000	42427388	-4000	4000	-1121
chr19	45366918	45374918	45370348	8000	45370918	-4000	4000	-570
chr19	45463995	45471995	45471118	8000	45467995	-4000	4000	3123
chr19	47511091	47519091	47514840	8000	47515091	-4000	4000	-251
chr19	48633379	48641379	48633710	8000	48637379	-4000	4000	-3669
chr19	48715725	48723725	48720774	8000	48719725	-4000	4000	1049
chr19	48896312	48904312	48896432	8000	48900312	-4000	4000	-3880
chr19	48961309	48969309	48961635	8000	48965309	-4000	4000	-3674
chr19	48989310	48997310	48993805	8000	48993310	-4000	4000	495
chr19	49115143	49123143	49118381	8000	49119143	-4000	4000	-762
chr19	49151396	49159396	49153807	8000	49155396	-4000	4000	-1589
chr19	49661142	49669142	49661980	8000	49665142	-4000	4000	-3162
chr19	49686898	49694898	49689768	8000	49690898	-4000	4000	-1130
chr19	49686898	49694898	49692333	8000	49690898	-4000	4000	1435
chr19	50819787	50827787	50819949	8000	50823787	-4000	4000	-3838
chr19	50949093	50957093	50952610	8000	50953093	-4000	4000	-483
chr19	51024039	51032039	51024744	8000	51028039	-4000	4000	-3295
chr19	51221064	51229064	51225140	8000	51225064	-4000	4000	76
chr19	51338139	51346139	51341640	8000	51342139	-4000	4000	-499
chr19	51362388	51370388	51368536	8000	51366388	-4000	4000	2148
chr19	52365917	52373917	52366789	8000	52369917	-4000	4000	-3128
chr19	54196809	54204809	54201277	8000	54200809	-4000	4000	468
chr19	54335162	54343162	54337571	8000	54339162	-4000	4000	-1591
chr19	55145206	55153206	55151807	8000	55149206	-4000	4000	2601
chr19	55162722	55170722	55165945	8000	55166722	-4000	4000	-777
chr19	58179029	58187029	58186997	8000	58183029	-4000	4000	3968
chr19	4531224	4539224	4538667	8000	4535224	-4000	4000	3443
chr19	4666362	4674362	4668602	8000	4670362	-4000	4000	-1760
chr19	17288609	17296609	17294490	8000	17292609	-4000	4000	1881
chr19	1475219	1483219	1481715	8000	1479219	-4000	4000	2496
chr19	39980134	39988134	39980337	8000	39984134	-4000	4000	-3797
chr19	39408669	39416669	39415252	8000	39412669	-4000	4000	2583
chr19	51138299	51146299	51144506	8000	51142299	-4000	4000	2207
chr19	17519301	17527301	17523363	8000	17523301	-4000	4000	62
chr19	49587182	49595182	49594951	8000	49591182	-4000	4000	3769
chr19	37590792	37598792	37598416	8000	37594792	-4000	4000	3624
chr19	3981463	3989463	3982422	8000	3985463	-4000	4000	-3041
chr19	35264962	35272962	35267160	8000	35268962	-4000	4000	-1802
chr19	35541600	35549600	35542914	8000	35545600	-4000	4000	-2686
chr19	35541600	35549600	35543355	8000	35545600	-4000	4000	-2245
chr19	36111213	36119213	36113785	8000	36115213	-4000	4000	-1428
chr19	45493055	45501055	45494741	8000	45497055	-4000	4000	-2314
chr19	43963862	43971862	43966823	8000	43967862	-4000	4000	-1039
chr19	46467563	46475563	46470318	8000	46471563	-4000	4000	-1245
chr19	54169250	54177250	54173248	8000	54173250	-4000	4000	-2
chr19	8510167	8518167	8512480	8000	8514167	-4000	4000	-1687
chr19	38874275	38882275	38879289	8000	38878275	-4000	4000	1014
chr19	19199414	19207414	19203085	8000	19203414	-4000	4000	-329
chr19	55481188	55489188	55484390	8000	55485188	-4000	4000	-798
chr19	8977342	8985342	8980868	8000	8981342	-4000	4000	-474
chr19	48807029	48815029	48807036	8000	48811029	-4000	4000	-3993
chr19	11575008	11583008	11576769	8000	11579008	-4000	4000	-2239
chr19	51120906	51128906	51125659	8000	51124906	-4000	4000	753
chr19	54238791	54246791	54241625	8000	54242791	-4000	4000	-1166
chr19	2973538	2981538	2980135	8000	2977538	-4000	4000	2597
chr19	5787225	5795225	5790086	8000	5791225	-4000	4000	-1139
chr19	6461203	6469203	6468030	8000	6465203	-4000	4000	2827
chr19	6498848	6506848	6501519	8000	6502848	-4000	4000	-1329
chr19	7698146	7706146	7699784	8000	7702146	-4000	4000	-2362
chr19	8317379	8325379	8324734	8000	8321379	-4000	4000	3355
chr19	8977342	8985342	8979851	8000	8981342	-4000	4000	-1491
chr19	11342270	11350270	11349165	8000	11346270	-4000	4000	2895
chr19	11415328	11423328	11420813	8000	11419328	-4000	4000	1485
chr19	14513085	14521085	14515881	8000	14517085	-4000	4000	-1204
chr19	18540077	18548077	18541899	8000	18544077	-4000	4000	-2178
chr19	34960229	34968229	34960332	8000	34964229	-4000	4000	-3897
chr19	39402847	39410847	39408371	8000	39406847	-4000	4000	1524
chr19	39967165	39975165	39974619	8000	39971165	-4000	4000	3454
chr19	41873279	41881279	41879578	8000	41877279	-4000	4000	2299
chr19	43592617	43600617	43592950	8000	43596617	-4000	4000	-3667
chr19	45463995	45471995	45471409	8000	45467995	-4000	4000	3414
chr19	45688569	45696569	45692137	8000	45692569	-4000	4000	-432
chr19	46467563	46475563	46470604	8000	46471563	-4000	4000	-959
chr19	47480265	47488265	47483141	8000	47484265	-4000	4000	-1124
chr19	48832510	48840510	48837541	8000	48836510	-4000	4000	1031
chr19	48961309	48969309	48966708	8000	48965309	-4000	4000	1399
chr19	50850915	50858915	50858213	8000	50854915	-4000	4000	3298
chr19	50907395	50915395	50908217	8000	50911395	-4000	4000	-3178
chr19	51120906	51128906	51125274	8000	51124906	-4000	4000	368
chr19	51413803	51421803	51415278	8000	51417803	-4000	4000	-2525
chr19	51454456	51462456	51457470	8000	51458456	-4000	4000	-986
chr19	51886950	51894950	51890570	8000	51890950	-4000	4000	-380
chr19	51886950	51894950	51891810	8000	51890950	-4000	4000	860
chr19	52026240	52034240	52033745	8000	52030240	-4000	4000	3505
chr19	54098728	54106728	54102878	8000	54102728	-4000	4000	150
chr19	54185882	54193882	54188496	8000	54189882	-4000	4000	-1386
chr19	54589582	54597582	54594786	8000	54593582	-4000	4000	1204
chr19	54589582	54597582	54595746	8000	54593582	-4000	4000	2164
chr19	55162722	55170722	55166516	8000	55166722	-4000	4000	-206
chr19	55576848	55584848	55578041	8000	55580848	-4000	4000	-2807
chr19	58447611	58455611	58453763	8000	58451611	-4000	4000	2152
chr19	58551105	58559105	58552316	8000	58555105	-4000	4000	-2789
chr19	527760	535760	532034	8000	531760	-4000	4000	274
chr19	12662742	12670742	12669384	8000	12666742	-4000	4000	2642
chr19	13099161	13107161	13105553	8000	13103161	-4000	4000	2392
chr19	17330920	17338920	17338729	8000	17334920	-4000	4000	3809
chr19	33076899	33084899	33081263	8000	33080899	-4000	4000	364
chr19	39387154	39395154	39390264	8000	39391154	-4000	4000	-890
chr19	40588883	40596883	40590832	8000	40592883	-4000	4000	-2051
chr19	45493055	45501055	45493298	8000	45497055	-4000	4000	-3757
chr19	45688569	45696569	45692769	8000	45692569	-4000	4000	200
chr19	54155721	54163721	54160279	8000	54159721	-4000	4000	558
chr19	58382400	58390400	58388144	8000	58386400	-4000	4000	1744
chr19	54111657	54119657	54114625	8000	54115657	-4000	4000	-1032
chr19	35288125	35296125	35295902	8000	35292125	-4000	4000	3777
chr19	3758682	3766682	3765206	8000	3762682	-4000	4000	2524
chr19	50472848	50480848	50480729	8000	50476848	-4000	4000	3881
chr19	49586262	49594262	49590547	8000	49590262	-4000	4000	285
chr19	54589582	54597582	54595911	8000	54593582	-4000	4000	2329
chr19	6375058	6383058	6380383	8000	6379058	-4000	4000	1325
chr19	48387551	48395551	48390502	8000	48391551	-4000	4000	-1049
chr19	54155721	54163721	54159676	8000	54159721	-4000	4000	-45
chr19	35264962	35272962	35267456	8000	35268962	-4000	4000	-1506
chr19	48360059	48368059	48363928	8000	48364059	-4000	4000	-131
chr19	49661142	49669142	49665881	8000	49665142	-4000	4000	739
chr19	4787734	4795734	4793204	8000	4791734	-4000	4000	1470
chr19	11575008	11583008	11576459	8000	11579008	-4000	4000	-2549
chr19	15445956	15453956	15451897	8000	15449956	-4000	4000	1941
chr19	38836178	38844178	38838414	8000	38840178	-4000	4000	-1764
chr19	38836178	38844178	38838783	8000	38840178	-4000	4000	-1395
chr19	13146383	13154383	13153332	8000	13150383	-4000	4000	2949
chr19	405147	413147	407162	8000	409147	-4000	4000	-1985
chr19	55380292	55388292	55386799	8000	55384292	-4000	4000	2507
chr19	23754891	23762891	23758890	8000	23758891	-4000	4000	-1
chr19	41306172	41314172	41306820	8000	41310172	-4000	4000	-3352
chr19	11575008	11583008	11575160	8000	11579008	-4000	4000	-3848
chr19	51024039	51032039	51029226	8000	51028039	-4000	4000	1187
chr19	57999349	58007349	58002409	8000	58003349	-4000	4000	-940
chr19	13902452	13910452	13904884	8000	13906452	-4000	4000	-1568
chr19	45366918	45374918	45370228	8000	45370918	-4000	4000	-690
chr19	45366918	45374918	45370229	8000	45370918	-4000	4000	-689
chr19	50719364	50727364	50723535	8000	50723364	-4000	4000	171
chr19	11921075	11929075	11925155	8000	11925075	-4000	4000	80
chr19	10082122	10090122	10087038	8000	10086122	-4000	4000	916
chr19	48633379	48641379	48639787	8000	48637379	-4000	4000	2408
chr19	12941855	12949855	12948511	8000	12945855	-4000	4000	2656
chr19	35264962	35272962	35267213	8000	35268962	-4000	4000	-1749
chr19	54568920	54576920	54576051	8000	54572920	-4000	4000	3131
chr19	12662742	12670742	12668410	8000	12666742	-4000	4000	1668
chr19	13099161	13107161	13105521	8000	13103161	-4000	4000	2360
chr19	19624930	19632930	19630497	8000	19628930	-4000	4000	1567
chr19	35754079	35762079	35754133	8000	35758079	-4000	4000	-3946
chr19	42309309	42317309	42316688	8000	42313309	-4000	4000	3379
chr19	23754891	23762891	23758891	8000	23758891	-4000	4000	0
chr19	12930037	12938037	12930672	8000	12934037	-4000	4000	-3365
chr19	49954391	49962391	49958325	8000	49958391	-4000	4000	-66
chr19	8977342	8985342	8981324	8000	8981342	-4000	4000	-18
chr19	55145206	55153206	55148023	8000	55149206	-4000	4000	-1183
chr19	1271530	1279530	1272340	8000	1275530	-4000	4000	-3190
chr19	49813376	49821376	49819204	8000	49817376	-4000	4000	1828
chr19	10832318	10840318	10833007	8000	10836318	-4000	4000	-3311
chr19	8977342	8985342	8979551	8000	8981342	-4000	4000	-1791
chr19	41436717	41444717	41438246	8000	41440717	-4000	4000	-2471
chr19	6478557	6486557	6480052	8000	6482557	-4000	4000	-2505
chr19	41084451	41092451	41088972	8000	41088451	-4000	4000	521
chr19	54155721	54163721	54156984	8000	54159721	-4000	4000	-2737
chr19	48950815	48958815	48955789	8000	48954815	-4000	4000	974
chr19	35741678	35749678	35742584	8000	35745678	-4000	4000	-3094
chr19	51120906	51128906	51125847	8000	51124906	-4000	4000	941
chr19	45484777	45492777	45489527	8000	45488777	-4000	4000	750
chr19	13770456	13778456	13778104	8000	13774456	-4000	4000	3648
chr19	35541600	35549600	35543752	8000	35545600	-4000	4000	-1848
chr19	39476412	39484412	39482916	8000	39480412	-4000	4000	2504
chr19	49954391	49962391	49960349	8000	49958391	-4000	4000	1958
chr19	50850915	50858915	50858591	8000	50854915	-4000	4000	3676
chr19	8977342	8985342	8980837	8000	8981342	-4000	4000	-505
chr19	10335661	10343661	10335825	8000	10339661	-4000	4000	-3836
chr19	7530004	7538004	7533855	8000	7534004	-4000	4000	-149
chr19	7899843	7907843	7900188	8000	7903843	-4000	4000	-3655
chr19	8510167	8518167	8512415	8000	8514167	-4000	4000	-1752
chr19	11342270	11350270	11345521	8000	11346270	-4000	4000	-749
chr19	12953223	12961223	12954165	8000	12957223	-4000	4000	-3058
chr19	18200042	18208042	18202699	8000	18204042	-4000	4000	-1343
chr19	35741678	35749678	35746845	8000	35745678	-4000	4000	1167
chr19	39830201	39838201	39834786	8000	39834201	-4000	4000	585
chr19	41424730	41432730	41432502	8000	41428730	-4000	4000	3772
chr19	43349686	43357686	43355722	8000	43353686	-4000	4000	2036
chr19	48751390	48759390	48756331	8000	48755390	-4000	4000	941
chr19	49115143	49123143	49118929	8000	49119143	-4000	4000	-214
chr19	49331171	49339171	49335882	8000	49335171	-4000	4000	711
chr19	54589582	54597582	54595936	8000	54593582	-4000	4000	2354
chr19	48868421	48876421	48874009	8000	48872421	-4000	4000	1588
chr19	11193791	11201791	11200929	8000	11197791	-4000	4000	3138
chr19	1475219	1483219	1482438	8000	1479219	-4000	4000	3219
chr19	39431949	39439949	39435618	8000	39435949	-4000	4000	-331
chr19	46409564	46417564	46412571	8000	46413564	-4000	4000	-993
chr19	38926944	38934944	38932551	8000	38930944	-4000	4000	1607
chr19	47044624	47052624	47045202	8000	47048624	-4000	4000	-3422
chr19	48868421	48876421	48873915	8000	48872421	-4000	4000	1494
chr19	55671226	55679226	55678744	8000	55675226	-4000	4000	3518
chr19	58382400	58390400	58388105	8000	58386400	-4000	4000	1705
chr19	40747553	40755553	40751386	8000	40751553	-4000	4000	-167
chr19	46409564	46417564	46411032	8000	46413564	-4000	4000	-2532
chr19	58463056	58471056	58469210	8000	58467056	-4000	4000	2154
chr19	7625545	7633545	7629498	8000	7629545	-4000	4000	-47
chr19	17211346	17219346	17216209	8000	17215346	-4000	4000	863
chr19	10583315	10591315	10587276	8000	10587315	-4000	4000	-39
chr19	54219506	54227506	54221997	8000	54223506	-4000	4000	-1509
chr19	3981463	3989463	3982833	8000	3985463	-4000	4000	-2630
chr19	14027762	14035762	14031931	8000	14031762	-4000	4000	169
chr19	51138299	51146299	51144563	8000	51142299	-4000	4000	2264
chr19	23754891	23762891	23754893	8000	23758891	-4000	4000	-3998
chr19	40713112	40721112	40718234	8000	40717112	-4000	4000	1122
chr19	48633379	48641379	48639797	8000	48637379	-4000	4000	2418
chr19	48989310	48997310	48991424	8000	48993310	-4000	4000	-1886
chr19	50329515	50337515	50337035	8000	50333515	-4000	4000	3520
chr19	51024039	51032039	51031918	8000	51028039	-4000	4000	3879
chr19	51138299	51146299	51146077	8000	51142299	-4000	4000	3778
chr19	55153773	55161773	55159217	8000	55157773	-4000	4000	1444
chr19	56389538	56397538	56390426	8000	56393538	-4000	4000	-3112
chr19	48360059	48368059	48365837	8000	48364059	-4000	4000	1778
chr19	48611076	48619076	48617398	8000	48615076	-4000	4000	2322
chr19	4531224	4539224	4538455	8000	4535224	-4000	4000	3231
chr19	21763579	21771579	21767509	8000	21767579	-4000	4000	-70
chr19	54309166	54317166	54312143	8000	54313166	-4000	4000	-1023
chr19	50325653	50333653	50328531	8000	50329653	-4000	4000	-1122
chr19	51005581	51013581	51009276	8000	51009581	-4000	4000	-305
chr19	18787305	18795305	18787509	8000	18791305	-4000	4000	-3796
chr19	8498640	8506640	8499649	8000	8502640	-4000	4000	-2991
chr19	45402644	45410644	45409517	8000	45406644	-4000	4000	2873
chr19	38399093	38407093	38405041	8000	38403093	-4000	4000	1948
chr19	43500935	43508935	43502231	8000	43504935	-4000	4000	-2704
chr19	46409564	46417564	46411348	8000	46413564	-4000	4000	-2216
chr19	287403	295403	287568	8000	291403	-4000	4000	-3835
chr19	10565059	10573059	10567151	8000	10569059	-4000	4000	-1908
chr19	17263418	17271418	17264331	8000	17267418	-4000	4000	-3087
chr19	46409564	46417564	46411242	8000	46413564	-4000	4000	-2322
chr19	629537	637537	630130	8000	633537	-4000	4000	-3407
chr19	40572853	40580853	40575631	8000	40576853	-4000	4000	-1222
chr19	15018990	15026990	15020569	8000	15022990	-4000	4000	-2421
chr19	49685594	49693594	49686098	8000	49689594	-4000	4000	-3496
chr19	35625030	35633030	35631558	8000	35629030	-4000	4000	2528
chr19	38874275	38882275	38879629	8000	38878275	-4000	4000	1354
chr19	7625545	7633545	7626170	8000	7629545	-4000	4000	-3375
chr19	12787486	12795486	12793227	8000	12791486	-4000	4000	1741
chr19	44743705	44751705	44751306	8000	44747705	-4000	4000	3601
chr19	45778552	45786552	45784689	8000	45782552	-4000	4000	2137
chr19	49954391	49962391	49960636	8000	49958391	-4000	4000	2245
chr19	42064477	42072477	42065310	8000	42068477	-4000	4000	-3167
chr19	39431949	39439949	39433342	8000	39435949	-4000	4000	-2607
chr19	17222213	17230213	17228886	8000	17226213	-4000	4000	2673
chr19	38614882	38622882	38620347	8000	38618882	-4000	4000	1465
chr19	45402644	45410644	45409519	8000	45406644	-4000	4000	2875
chr19	49586262	49594262	49590684	8000	49590262	-4000	4000	422
chr19	35713973	35721973	35716290	8000	35717973	-4000	4000	-1683
chr19	12136355	12144355	12140266	8000	12140355	-4000	4000	-89
chr19	46409564	46417564	46411577	8000	46413564	-4000	4000	-1987
chr19	1271530	1279530	1272449	8000	1275530	-4000	4000	-3081
chr19	58508413	58516413	58512024	8000	58512413	-4000	4000	-389
chr19	49358457	49366457	49365601	8000	49362457	-4000	4000	3144
chr19	54277184	54285184	54278293	8000	54281184	-4000	4000	-2891
chr19	51413803	51421803	51415250	8000	51417803	-4000	4000	-2553
chr19	7676833	7684833	7678388	8000	7680833	-4000	4000	-2445
chr19	35150730	35158730	35153967	8000	35154730	-4000	4000	-763
chr19	51024039	51032039	51029442	8000	51028039	-4000	4000	1403
chr19	51138299	51146299	51144535	8000	51142299	-4000	4000	2236
chr19	57678045	57686045	57679132	8000	57682045	-4000	4000	-2913
chr19	15445956	15453956	15452741	8000	15449956	-4000	4000	2785
chr19	37367061	37375061	37371187	8000	37371061	-4000	4000	126
chr19	58540064	58548064	58545833	8000	58544064	-4000	4000	1769
chr19	8977342	8985342	8980200	8000	8981342	-4000	4000	-1142
chr19	41704657	41712657	41709704	8000	41708657	-4000	4000	1047
chr19	43592617	43600617	43598925	8000	43596617	-4000	4000	2308
chr19	2245309	2253309	2252561	8000	2249309	-4000	4000	3252
chr19	2245309	2253309	2252562	8000	2249309	-4000	4000	3253
chr19	22048430	22056430	22052471	8000	22052430	-4000	4000	41
chr19	38836178	38844178	38840553	8000	38840178	-4000	4000	375
chr19	35608735	35616735	35613880	8000	35612735	-4000	4000	1145
chr19	39402847	39410847	39408710	8000	39406847	-4000	4000	1863
chr19	54155721	54163721	54156808	8000	54159721	-4000	4000	-2913
chr19	18787305	18795305	18791255	8000	18791305	-4000	4000	-50
chr19	56389538	56397538	56391822	8000	56393538	-4000	4000	-1716
chr19	51413803	51421803	51416223	8000	51417803	-4000	4000	-1580
chr19	55620566	55628566	55621179	8000	55624566	-4000	4000	-3387
chr19	1061923	1069923	1063776	8000	1065923	-4000	4000	-2147
chr19	46467563	46475563	46470615	8000	46471563	-4000	4000	-948
chr19	6389981	6397981	6396546	8000	6393981	-4000	4000	2565
chr19	54309166	54317166	54311614	8000	54313166	-4000	4000	-1552
chr19	35524351	35532351	35526854	8000	35528351	-4000	4000	-1497
chr19	1379527	1387527	1383593	8000	1383527	-4000	4000	66
chr19	23754891	23762891	23758823	8000	23758891	-4000	4000	-68
chr19	54309166	54317166	54311930	8000	54313166	-4000	4000	-1236
chr19	48611076	48619076	48616080	8000	48615076	-4000	4000	1004
chr19	17330920	17338920	17333144	8000	17334920	-4000	4000	-1776
chr19	56389538	56397538	56391825	8000	56393538	-4000	4000	-1713
chr19	51016175	51024175	51023827	8000	51020175	-4000	4000	3652
chr19	14027762	14035762	14032392	8000	14031762	-4000	4000	630
chr19	57678045	57686045	57679047	8000	57682045	-4000	4000	-2998
chr19	4531224	4539224	4538646	8000	4535224	-4000	4000	3422
chr19	13770456	13778456	13778093	8000	13774456	-4000	4000	3637
chr19	16063021	16071021	16067513	8000	16067021	-4000	4000	492
chr19	17278786	17286786	17285757	8000	17282786	-4000	4000	2971
chr19	18567730	18575730	18575293	8000	18571730	-4000	4000	3563
chr19	21078159	21086159	21082264	8000	21082159	-4000	4000	105
chr19	39476412	39484412	39480728	8000	39480412	-4000	4000	316
chr19	40440335	40448335	40441397	8000	40444335	-4000	4000	-2938
chr19	44496524	44504524	44497362	8000	44500524	-4000	4000	-3162
chr19	45882141	45890141	45884997	8000	45886141	-4000	4000	-1144
chr19	18915705	18923705	18919697	8000	18919705	-4000	4000	-8
chr19	50329515	50337515	50337014	8000	50333515	-4000	4000	3499
chr19	48509935	48517935	48511565	8000	48513935	-4000	4000	-2370
chr19	2092673	2100673	2097596	8000	2096673	-4000	4000	923
chr19	42299546	42307546	42300008	8000	42303546	-4000	4000	-3538
chr19	41084451	41092451	41090099	8000	41088451	-4000	4000	1648
chr19	18434167	18442167	18435100	8000	18438167	-4000	4000	-3067
chr19	18787305	18795305	18788864	8000	18791305	-4000	4000	-2441
chr19	45688569	45696569	45695593	8000	45692569	-4000	4000	3024
chr19	48989310	48997310	48993789	8000	48993310	-4000	4000	479
chr19	53250898	53258898	53258617	8000	53254898	-4000	4000	3719
chr19	54219506	54227506	54222021	8000	54223506	-4000	4000	-1485
chr19	57678045	57686045	57678826	8000	57682045	-4000	4000	-3219
chr19	50819787	50827787	50825431	8000	50823787	-4000	4000	1644
chr19	49763001	49771001	49763167	8000	49767001	-4000	4000	-3834
chr19	4531224	4539224	4538276	8000	4535224	-4000	4000	3052
chr19	19512227	19520227	19514831	8000	19516227	-4000	4000	-1396
chr19	35036506	35044506	35039258	8000	35040506	-4000	4000	-1248
chr19	35244330	35252330	35248881	8000	35248330	-4000	4000	551
chr19	35541600	35549600	35547162	8000	35545600	-4000	4000	1562
chr19	41084451	41092451	41090070	8000	41088451	-4000	4000	1619
chr19	42309309	42317309	42315205	8000	42313309	-4000	4000	1896
chr19	43461608	43469608	43465587	8000	43465608	-4000	4000	-21
chr19	43963862	43971862	43967155	8000	43967862	-4000	4000	-707
chr19	46409564	46417564	46412107	8000	46413564	-4000	4000	-1457
chr19	49358457	49366457	49359478	8000	49362457	-4000	4000	-2979
chr19	51454456	51462456	51457516	8000	51458456	-4000	4000	-940
chr19	54185882	54193882	54191750	8000	54189882	-4000	4000	1868
chr19	54185882	54193882	54192182	8000	54189882	-4000	4000	2300
chr19	40721784	40729784	40729240	8000	40725784	-4000	4000	3456
chr19	8317379	8325379	8324712	8000	8321379	-4000	4000	3333
chr19	42309309	42317309	42310368	8000	42313309	-4000	4000	-2941
chr19	54589582	54597582	54595786	8000	54593582	-4000	4000	2204
chr19	17211346	17219346	17215417	8000	17215346	-4000	4000	71
chr19	41306172	41314172	41310279	8000	41310172	-4000	4000	107
chr19	15229435	15237435	15231281	8000	15233435	-4000	4000	-2154
chr19	6726562	6734562	6732532	8000	6730562	-4000	4000	1970
chr19	29807991	29815991	29812659	8000	29811991	-4000	4000	668
chr19	40421992	40429992	40422975	8000	40425992	-4000	4000	-3017
chr19	42309309	42317309	42314323	8000	42313309	-4000	4000	1014
chr19	42423388	42431388	42428963	8000	42427388	-4000	4000	1575
chr19	49524003	49532003	49525326	8000	49528003	-4000	4000	-2677
chr19	49813376	49821376	49818423	8000	49817376	-4000	4000	1047
chr19	51886950	51894950	51891370	8000	51890950	-4000	4000	420
chr19	57316472	57324472	57323753	8000	57320472	-4000	4000	3281
chr19	5676516	5684516	5679396	8000	5680516	-4000	4000	-1120
chr19	46467563	46475563	46469802	8000	46471563	-4000	4000	-1761
chr19	5780746	5788746	5785624	8000	5784746	-4000	4000	878
chr19	55380292	55388292	55387907	8000	55384292	-4000	4000	3615
chr20	31633912	31641912	31640098	8000	31637912	-4000	4000	2186
chr20	45877227	45885227	45884746	8000	45881227	-4000	4000	3519
chr20	45886144	45894144	45892270	8000	45890144	-4000	4000	2126
chr20	63735776	63743776	63741955	8000	63739776	-4000	4000	2179
chr20	63976008	63984008	63981233	8000	63980008	-4000	4000	1225
chr20	2660219	2668219	2660721	8000	2664219	-4000	4000	-3498
chr20	31948046	31956046	31950375	8000	31952046	-4000	4000	-1671
chr20	50954818	50962818	50958995	8000	50958818	-4000	4000	177
chr20	2660219	2668219	2663701	8000	2664219	-4000	4000	-518
chr20	49274426	49282426	49280504	8000	49278426	-4000	4000	2078
chr20	3042052	3050052	3047834	8000	3046052	-4000	4000	1782
chr20	31601283	31609283	31606051	8000	31605283	-4000	4000	768
chr20	45886144	45894144	45890496	8000	45890144	-4000	4000	352
chr20	57491366	57499366	57498671	8000	57495366	-4000	4000	3305
chr20	63735776	63743776	63742931	8000	63739776	-4000	4000	3155
chr20	49808713	49816713	49815113	8000	49812713	-4000	4000	2400
chr20	23747268	23755268	23747872	8000	23751268	-4000	4000	-3396
chr20	59296443	59304443	59301613	8000	59300443	-4000	4000	1170
chr20	46004908	46012908	46008941	8000	46008908	-4000	4000	33
chr20	33670463	33678463	33676943	8000	33674463	-4000	4000	2480
chr20	32105714	32113714	32109691	8000	32109714	-4000	4000	-23
chr20	20048514	20056514	20055952	8000	20052514	-4000	4000	3438
chr20	45886144	45894144	45892405	8000	45890144	-4000	4000	2261
chr20	2648593	2656593	2654838	8000	2652593	-4000	4000	2245
chr20	45853405	45861405	45857701	8000	45857405	-4000	4000	296
chr20	45170902	45178902	45176030	8000	45174902	-4000	4000	1128
chr20	31948046	31956046	31948814	8000	31952046	-4000	4000	-3232
chr20	63268785	63276785	63276635	8000	63272785	-4000	4000	3850
chr20	2796627	2804627	2798232	8000	2800627	-4000	4000	-2395
chr20	23875748	23883748	23879493	8000	23879748	-4000	4000	-255
chr20	50186830	50194830	50192415	8000	50190830	-4000	4000	1585
chr20	23875748	23883748	23877595	8000	23879748	-4000	4000	-2153
chr20	23601917	23609917	23603556	8000	23605917	-4000	4000	-2361
chr20	35280985	35288985	35288496	8000	35284985	-4000	4000	3511
chr20	23082324	23090324	23084749	8000	23086324	-4000	4000	-1575
chr20	342782	350782	349807	8000	346782	-4000	4000	3025
chr20	2796627	2804627	2798440	8000	2800627	-4000	4000	-2187
chr20	35274131	35282131	35280717	8000	35278131	-4000	4000	2586
chr20	35538038	35546038	35544581	8000	35542038	-4000	4000	2543
chr20	36769818	36777818	36771040	8000	36773818	-4000	4000	-2778
chr20	50954818	50962818	50959456	8000	50958818	-4000	4000	638
chr20	63861228	63869228	63862657	8000	63865228	-4000	4000	-2571
chr20	35738312	35746312	35740880	8000	35742312	-4000	4000	-1432
chr20	41362818	41370818	41365075	8000	41366818	-4000	4000	-1743
chr20	35274131	35282131	35274361	8000	35278131	-4000	4000	-3770
chr20	35280985	35288985	35287815	8000	35284985	-4000	4000	2830
chr20	44710844	44718844	44715295	8000	44714844	-4000	4000	451
chr20	45877227	45885227	45883463	8000	45881227	-4000	4000	2236
chr20	45886144	45894144	45890324	8000	45890144	-4000	4000	180
chr20	50954818	50962818	50959320	8000	50958818	-4000	4000	502
chr20	62118461	62126461	62124660	8000	62122461	-4000	4000	2199
chr20	63704025	63712025	63709075	8000	63708025	-4000	4000	1050
chr20	45787954	45795954	45788975	8000	45791954	-4000	4000	-2979
chr20	62139440	62147440	62139832	8000	62143440	-4000	4000	-3608
chr20	25244085	25252085	25248370	8000	25248085	-4000	4000	285
chr20	31471288	31479288	31476638	8000	31475288	-4000	4000	1350
chr20	23747268	23755268	23750753	8000	23751268	-4000	4000	-515
chr20	31471288	31479288	31476781	8000	31475288	-4000	4000	1493
chr20	62118461	62126461	62124643	8000	62122461	-4000	4000	2182
chr20	63735776	63743776	63743150	8000	63739776	-4000	4000	3374
chr20	33670463	33678463	33677256	8000	33674463	-4000	4000	2793
chr20	45170902	45178902	45176031	8000	45174902	-4000	4000	1129
chr20	4717909	4725909	4725336	8000	4721909	-4000	4000	3427
chr20	38744460	38752460	38752281	8000	38748460	-4000	4000	3821
chr20	38300150	38308150	38307571	8000	38304150	-4000	4000	3421
chr20	63516765	63524765	63521587	8000	63520765	-4000	4000	822
chr20	36769818	36777818	36777792	8000	36773818	-4000	4000	3974
chr20	45808576	45816576	45811251	8000	45812576	-4000	4000	-1325
chr20	45886144	45894144	45887139	8000	45890144	-4000	4000	-3005
chr20	3782772	3790772	3785112	8000	3786772	-4000	4000	-1660
chr20	25403673	25411673	25407894	8000	25407673	-4000	4000	221
chr20	45359200	45367200	45363600	8000	45363200	-4000	4000	400
chr20	59936305	59944305	59944065	8000	59940305	-4000	4000	3760
chr20	63861228	63869228	63862881	8000	63865228	-4000	4000	-2347
chr20	62139440	62147440	62139832	8000	62143440	-4000	4000	-3608
chr20	20048514	20056514	20052417	8000	20052514	-4000	4000	-97
chr20	63268785	63276785	63276559	8000	63272785	-4000	4000	3774
chr20	17222107	17230107	17227338	8000	17226107	-4000	4000	1231
chr20	59936305	59944305	59943985	8000	59940305	-4000	4000	3680
chr20	63965930	63973930	63966606	8000	63969930	-4000	4000	-3324
chr20	63495239	63503239	63497819	8000	63499239	-4000	4000	-1420
chr20	321552	329552	326266	8000	325552	-4000	4000	714
chr20	62383103	62391103	62390236	8000	62387103	-4000	4000	3133
chr20	56408112	56416112	56412481	8000	56412112	-4000	4000	369
chr20	23358182	23366182	23365113	8000	23362182	-4000	4000	2931
chr20	35538038	35546038	35542892	8000	35542038	-4000	4000	854
chr20	31719989	31727989	31721772	8000	31723989	-4000	4000	-2217
chr20	46004908	46012908	46009878	8000	46008908	-4000	4000	970
chr20	45829799	45837799	45834847	8000	45833799	-4000	4000	1048
chr20	46680467	46688467	46686445	8000	46684467	-4000	4000	1978
chr20	45887208	45895208	45894712	8000	45891208	-4000	4000	3504
chr20	45968203	45976203	45972173	8000	45972203	-4000	4000	-30
chr20	63861228	63869228	63862134	8000	63865228	-4000	4000	-3094
chr20	63543749	63551749	63544266	8000	63547749	-4000	4000	-3483
chr20	2097827	2105827	2103256	8000	2101827	-4000	4000	1429
chr20	20048514	20056514	20052413	8000	20052514	-4000	4000	-101
chr20	32581333	32589333	32584646	8000	32585333	-4000	4000	-687
chr20	35168072	35176072	35174832	8000	35172072	-4000	4000	2760
chr20	35950564	35958564	35954599	8000	35954564	-4000	4000	35
chr20	45877227	45885227	45882787	8000	45881227	-4000	4000	1560
chr20	56388371	56396371	56395576	8000	56392371	-4000	4000	3205
chr20	62792473	62800473	62800439	8000	62796473	-4000	4000	3966
chr20	25403673	25411673	25407746	8000	25407673	-4000	4000	73
chr20	25403673	25411673	25407747	8000	25407673	-4000	4000	74
chr20	23082324	23090324	23085102	8000	23086324	-4000	4000	-1222
chr20	2648593	2656593	2655428	8000	2652593	-4000	4000	2835
chr20	37517206	37525206	37522672	8000	37521206	-4000	4000	1466
chr20	57557080	57565080	57563708	8000	57561080	-4000	4000	2628
chr20	54169986	54177986	54172907	8000	54173986	-4000	4000	-1079
chr20	41362818	41370818	41365061	8000	41366818	-4000	4000	-1757
chr20	23346791	23354791	23354037	8000	23350791	-4000	4000	3246
chr20	63735776	63743776	63741381	8000	63739776	-4000	4000	1605
chr20	2796627	2804627	2797194	8000	2800627	-4000	4000	-3433
chr20	63976008	63984008	63977022	8000	63980008	-4000	4000	-2986
chr20	21510064	21518064	21512331	8000	21514064	-4000	4000	-1733
chr20	45877227	45885227	45877544	8000	45881227	-4000	4000	-3683
chr20	44206771	44214771	44206955	8000	44210771	-4000	4000	-3816
chr20	62792473	62800473	62799574	8000	62796473	-4000	4000	3101
chr20	49215347	49223347	49223316	8000	49219347	-4000	4000	3969
chr20	47352889	47360889	47356699	8000	47356889	-4000	4000	-190
chr20	4717909	4725909	4724548	8000	4721909	-4000	4000	2639
chr20	57557080	57565080	57562873	8000	57561080	-4000	4000	1793
chr20	35670544	35678544	35674543	8000	35674544	-4000	4000	-1
chr20	63704025	63712025	63706357	8000	63708025	-4000	4000	-1668
chr20	33670463	33678463	33677213	8000	33674463	-4000	4000	2750
chr20	56625306	56633306	56629314	8000	56629306	-4000	4000	8
chr20	4717909	4725909	4724742	8000	4721909	-4000	4000	2833
chr20	20048514	20056514	20052492	8000	20052514	-4000	4000	-22
chr20	57707536	57715536	57710521	8000	57711536	-4000	4000	-1015
chr20	9510358	9518358	9518088	8000	9514358	-4000	4000	3730
chr20	13781007	13789007	13788593	8000	13785007	-4000	4000	3586
chr20	18493225	18501225	18493964	8000	18497225	-4000	4000	-3261
chr20	2097827	2105827	2102909	8000	2101827	-4000	4000	1082
chr20	64098394	64106394	64098951	8000	64102394	-4000	4000	-3443
chr20	50954818	50962818	50960807	8000	50958818	-4000	4000	1989
chr20	31633912	31641912	31640089	8000	31637912	-4000	4000	2177
chr20	59296443	59304443	59301462	8000	59300443	-4000	4000	1019
chr20	18493225	18501225	18497235	8000	18497225	-4000	4000	10
chr20	37517206	37525206	37518862	8000	37521206	-4000	4000	-2344
chr20	57387396	57395396	57392773	8000	57391396	-4000	4000	1377
chr20	57707536	57715536	57709513	8000	57711536	-4000	4000	-2023
chr20	31866634	31874634	31870909	8000	31870634	-4000	4000	275
chr20	54169986	54177986	54173074	8000	54173986	-4000	4000	-912
chr20	63655300	63663300	63661917	8000	63659300	-4000	4000	2617
chr20	45877227	45885227	45877938	8000	45881227	-4000	4000	-3289
chr20	56464585	56472585	56468761	8000	56468585	-4000	4000	176
chr20	23082324	23090324	23085127	8000	23086324	-4000	4000	-1197
chr20	57557080	57565080	57562810	8000	57561080	-4000	4000	1730
chr20	63516765	63524765	63521714	8000	63520765	-4000	4000	949
chr20	50927437	50935437	50935120	8000	50931437	-4000	4000	3683
chr20	62227922	62235922	62233419	8000	62231922	-4000	4000	1497
chr20	23082324	23090324	23084441	8000	23086324	-4000	4000	-1883
chr20	54471593	54479593	54475980	8000	54475593	-4000	4000	387
chr20	4717909	4725909	4724801	8000	4721909	-4000	4000	2892
chr20	46004908	46012908	46011246	8000	46008908	-4000	4000	2338
chr20	3782772	3790772	3784941	8000	3786772	-4000	4000	-1831
chr20	44906060	44914060	44910291	8000	44910060	-4000	4000	231
chr20	61248261	61256261	61254841	8000	61252261	-4000	4000	2580
chr20	23346791	23354791	23354134	8000	23350791	-4000	4000	3343
chr20	37517206	37525206	37519232	8000	37521206	-4000	4000	-1974
chr20	40685236	40693236	40688823	8000	40689236	-4000	4000	-413
chr20	45877227	45885227	45877969	8000	45881227	-4000	4000	-3258
chr20	63704025	63712025	63706732	8000	63708025	-4000	4000	-1293
chr20	63704025	63712025	63706733	8000	63708025	-4000	4000	-1292
chr20	45250564	45258564	45252404	8000	45254564	-4000	4000	-2160
chr20	37517206	37525206	37517466	8000	37521206	-4000	4000	-3740
chr20	35695272	35703272	35700961	8000	35699272	-4000	4000	1689
chr20	44518085	44526085	44521974	8000	44522085	-4000	4000	-111
chr20	46004908	46012908	46011651	8000	46008908	-4000	4000	2743
chr20	40685236	40693236	40687876	8000	40689236	-4000	4000	-1360
chr20	45359200	45367200	45367067	8000	45363200	-4000	4000	3867
chr20	35280985	35288985	35287365	8000	35284985	-4000	4000	2380
chr20	35280985	35288985	35288800	8000	35284985	-4000	4000	3815
chr20	45968203	45976203	45968349	8000	45972203	-4000	4000	-3854
chr20	321552	329552	329193	8000	325552	-4000	4000	3641
chr20	3235559	3243559	3238090	8000	3239559	-4000	4000	-1469
chr20	3816524	3824524	3822135	8000	3820524	-4000	4000	1611
chr20	35280985	35288985	35287423	8000	35284985	-4000	4000	2438
chr20	62933952	62941952	62941505	8000	62937952	-4000	4000	3553
chr20	63952416	63960416	63957509	8000	63956416	-4000	4000	1093
chr20	57557080	57565080	57563720	8000	57561080	-4000	4000	2640
chr20	18493225	18501225	18494014	8000	18497225	-4000	4000	-3211
chr20	9510358	9518358	9514803	8000	9514358	-4000	4000	445
chr20	17222107	17230107	17227196	8000	17226107	-4000	4000	1089
chr20	31964151	31972151	31968463	8000	31968151	-4000	4000	312
chr20	3816524	3824524	3824332	8000	3820524	-4000	4000	3808
chr20	37517206	37525206	37519073	8000	37521206	-4000	4000	-2133
chr20	45170902	45178902	45174961	8000	45174902	-4000	4000	59
chr20	57387396	57395396	57391744	8000	57391396	-4000	4000	348
chr20	3816524	3824524	3824282	8000	3820524	-4000	4000	3758
chr20	23082324	23090324	23085593	8000	23086324	-4000	4000	-731
chr20	24945269	24953269	24949463	8000	24949269	-4000	4000	194
chr20	45877227	45885227	45877733	8000	45881227	-4000	4000	-3494
chr20	23417519	23425519	23421413	8000	23421519	-4000	4000	-106
chr20	37517206	37525206	37522950	8000	37521206	-4000	4000	1744
chr20	20048514	20056514	20052544	8000	20052514	-4000	4000	30
chr20	3042052	3050052	3046428	8000	3046052	-4000	4000	376
chr20	45170902	45178902	45176105	8000	45174902	-4000	4000	1203
chr20	64098394	64106394	64098780	8000	64102394	-4000	4000	-3614
chr20	62792473	62800473	62799542	8000	62796473	-4000	4000	3069
chr20	1181415	1189415	1183889	8000	1185415	-4000	4000	-1526
chr20	63570239	63578239	63570506	8000	63574239	-4000	4000	-3733
chr20	35280985	35288985	35287069	8000	35284985	-4000	4000	2084
chr20	57387396	57395396	57392701	8000	57391396	-4000	4000	1305
chr20	62792473	62800473	62799557	8000	62796473	-4000	4000	3084
chr20	17222107	17230107	17227471	8000	17226107	-4000	4000	1364
chr20	23822729	23830729	23826447	8000	23826729	-4000	4000	-282
chr20	23601917	23609917	23603473	8000	23605917	-4000	4000	-2444
chr20	3782772	3790772	3785401	8000	3786772	-4000	4000	-1371
chr20	62179028	62187028	62181557	8000	62183028	-4000	4000	-1471
chr20	50927437	50935437	50935034	8000	50931437	-4000	4000	3597
chr20	41362818	41370818	41362892	8000	41366818	-4000	4000	-3926
chr20	31471288	31479288	31476489	8000	31475288	-4000	4000	1201
chr20	31471288	31479288	31476415	8000	31475288	-4000	4000	1127
chr20	62792473	62800473	62798644	8000	62796473	-4000	4000	2171
chr20	62383103	62391103	62388332	8000	62387103	-4000	4000	1229
chr20	31719989	31727989	31722147	8000	31723989	-4000	4000	-1842
chr20	44518085	44526085	44522018	8000	44522085	-4000	4000	-67
chr20	35538038	35546038	35544651	8000	35542038	-4000	4000	2613
chr20	23822729	23830729	23826447	8000	23826729	-4000	4000	-282
chr20	31471288	31479288	31476383	8000	31475288	-4000	4000	1095
chr20	45877227	45885227	45883686	8000	45881227	-4000	4000	2459
chr20	49215347	49223347	49219344	8000	49219347	-4000	4000	-3
chr20	5109103	5117103	5115114	8000	5113103	-4000	4000	2011
chr20	54169986	54177986	54173364	8000	54173986	-4000	4000	-622
chr20	63735776	63743776	63741891	8000	63739776	-4000	4000	2115
chr20	23082324	23090324	23085678	8000	23086324	-4000	4000	-646
chr20	31866634	31874634	31870139	8000	31870634	-4000	4000	-495
chr20	1181415	1189415	1181422	8000	1185415	-4000	4000	-3993
chr20	3777448	3785448	3778450	8000	3781448	-4000	4000	-2998
chr20	3777448	3785448	3781297	8000	3781448	-4000	4000	-151
chr20	6119030	6127030	6119485	8000	6123030	-4000	4000	-3545
chr20	21510064	21518064	21512315	8000	21514064	-4000	4000	-1749
chr20	31719989	31727989	31721927	8000	31723989	-4000	4000	-2062
chr20	32006438	32014438	32010481	8000	32010438	-4000	4000	43
chr20	32203743	32211743	32208021	8000	32207743	-4000	4000	278
chr20	35168072	35176072	35172160	8000	35172072	-4000	4000	88
chr20	35611829	35619829	35618922	8000	35615829	-4000	4000	3093
chr20	35611829	35619829	35619709	8000	35615829	-4000	4000	3880
chr20	35950564	35958564	35954169	8000	35954564	-4000	4000	-395
chr20	36769818	36777818	36777682	8000	36773818	-4000	4000	3864
chr20	45787954	45795954	45795365	8000	45791954	-4000	4000	3411
chr20	45886144	45894144	45890700	8000	45890144	-4000	4000	556
chr20	57491366	57499366	57498606	8000	57495366	-4000	4000	3240
chr20	57557080	57565080	57563106	8000	57561080	-4000	4000	2026
chr20	63212139	63220139	63213921	8000	63216139	-4000	4000	-2218
chr20	63495239	63503239	63497734	8000	63499239	-4000	4000	-1505
chr20	63735776	63743776	63742976	8000	63739776	-4000	4000	3200
chr20	57557080	57565080	57563067	8000	57561080	-4000	4000	1987
chr20	63861228	63869228	63862727	8000	63865228	-4000	4000	-2501
chr20	45808576	45816576	45813357	8000	45812576	-4000	4000	781
chr20	35670544	35678544	35674600	8000	35674544	-4000	4000	56
chr20	45877227	45885227	45877479	8000	45881227	-4000	4000	-3748
chr20	57707536	57715536	57710494	8000	57711536	-4000	4000	-1042
chr20	9063825	9071825	9069166	8000	9067825	-4000	4000	1341
chr20	13004972	13012972	13009211	8000	13008972	-4000	4000	239
chr20	18493225	18501225	18494055	8000	18497225	-4000	4000	-3170
chr20	33231995	33239995	33238081	8000	33235995	-4000	4000	2086
chr20	40685236	40693236	40687815	8000	40689236	-4000	4000	-1421
chr20	59015429	59023429	59022919	8000	59019429	-4000	4000	3490
chr20	57557080	57565080	57563132	8000	57561080	-4000	4000	2052
chr20	63965930	63973930	63967457	8000	63969930	-4000	4000	-2473
chr20	2097827	2105827	2103217	8000	2101827	-4000	4000	1390
chr20	2796627	2804627	2797055	8000	2800627	-4000	4000	-3572
chr20	13781007	13789007	13782597	8000	13785007	-4000	4000	-2410
chr20	13781007	13789007	13782831	8000	13785007	-4000	4000	-2176
chr20	23634473	23642473	23635344	8000	23638473	-4000	4000	-3129
chr20	31601283	31609283	31605670	8000	31605283	-4000	4000	387
chr20	31719989	31727989	31722087	8000	31723989	-4000	4000	-1902
chr20	38300150	38308150	38304159	8000	38304150	-4000	4000	9
chr20	38744460	38752460	38750101	8000	38748460	-4000	4000	1641
chr20	45877227	45885227	45878407	8000	45881227	-4000	4000	-2820
chr20	49215347	49223347	49222997	8000	49219347	-4000	4000	3650
chr20	49480297	49488297	49481992	8000	49484297	-4000	4000	-2305
chr20	49709878	49717878	49713623	8000	49713878	-4000	4000	-255
chr20	57557080	57565080	57562215	8000	57561080	-4000	4000	1135
chr20	20048514	20056514	20050511	8000	20052514	-4000	4000	-2003
chr20	38744460	38752460	38750228	8000	38748460	-4000	4000	1768
chr20	62933952	62941952	62941601	8000	62937952	-4000	4000	3649
chr20	23685038	23693038	23685771	8000	23689038	-4000	4000	-3267
chr20	31601283	31609283	31606358	8000	31605283	-4000	4000	1075
chr20	49274426	49282426	49278687	8000	49278426	-4000	4000	261
chr20	54169986	54177986	54171706	8000	54173986	-4000	4000	-2280
chr20	293570	301570	298727	8000	297570	-4000	4000	1157
chr20	31841604	31849604	31848409	8000	31845604	-4000	4000	2805
chr20	57491366	57499366	57498431	8000	57495366	-4000	4000	3065
chr20	23822729	23830729	23826503	8000	23826729	-4000	4000	-226
chr20	23747268	23755268	23749063	8000	23751268	-4000	4000	-2205
chr20	4717909	4725909	4724892	8000	4721909	-4000	4000	2983
chr20	20048514	20056514	20052392	8000	20052514	-4000	4000	-122
chr20	2648593	2656593	2655478	8000	2652593	-4000	4000	2885
chr20	31471288	31479288	31476400	8000	31475288	-4000	4000	1112
chr20	56625306	56633306	56631313	8000	56629306	-4000	4000	2007
chr20	45403889	45411889	45410216	8000	45407889	-4000	4000	2327
chr20	63952416	63960416	63954036	8000	63956416	-4000	4000	-2380
chr20	45787954	45795954	45795374	8000	45791954	-4000	4000	3420
chr20	63965930	63973930	63967429	8000	63969930	-4000	4000	-2501
chr20	4717909	4725909	4724620	8000	4721909	-4000	4000	2711
chr20	63516765	63524765	63521540	8000	63520765	-4000	4000	775
chr20	44956397	44964397	44956465	8000	44960397	-4000	4000	-3932
chr20	21299331	21307331	21303387	8000	21303331	-4000	4000	56
chr20	59038809	59046809	59042776	8000	59042809	-4000	4000	-33
chr20	45359200	45367200	45365644	8000	45363200	-4000	4000	2444
chr20	57557080	57565080	57564387	8000	57561080	-4000	4000	3307
chr20	17965018	17973018	17970015	8000	17969018	-4000	4000	997
chr20	23685038	23693038	23688955	8000	23689038	-4000	4000	-83
chr20	38342482	38350482	38349600	8000	38346482	-4000	4000	3118
chr20	33670463	33678463	33677512	8000	33674463	-4000	4000	3049
chr20	46004908	46012908	46011234	8000	46008908	-4000	4000	2326
chr20	63952416	63960416	63954184	8000	63956416	-4000	4000	-2232
chr20	49480297	49488297	49482182	8000	49484297	-4000	4000	-2115
chr20	45877227	45885227	45877397	8000	45881227	-4000	4000	-3830
chr20	35280985	35288985	35287340	8000	35284985	-4000	4000	2355
chr20	58835718	58843718	58840687	8000	58839718	-4000	4000	969
chr20	2660219	2668219	2663996	8000	2664219	-4000	4000	-223
chr20	62383103	62391103	62390139	8000	62387103	-4000	4000	3036
chr20	45412084	45420084	45416566	8000	45416084	-4000	4000	482
chr20	50954818	50962818	50958504	8000	50958818	-4000	4000	-314
chr20	2796627	2804627	2798787	8000	2800627	-4000	4000	-1840
chr20	63704025	63712025	63706374	8000	63708025	-4000	4000	-1651
chr20	23747268	23755268	23747787	8000	23751268	-4000	4000	-3481
chr20	24945269	24953269	24949463	8000	24949269	-4000	4000	194
chr20	52968358	52976358	52973192	8000	52972358	-4000	4000	834
chr20	62118461	62126461	62126244	8000	62122461	-4000	4000	3783
chr20	59936305	59944305	59939101	8000	59940305	-4000	4000	-1204
chr20	2796627	2804627	2797967	8000	2800627	-4000	4000	-2660
chr20	2648593	2656593	2655415	8000	2652593	-4000	4000	2822
chr20	5109103	5117103	5109423	8000	5113103	-4000	4000	-3680
chr20	23045672	23053672	23048412	8000	23049672	-4000	4000	-1260
chr20	33670463	33678463	33678330	8000	33674463	-4000	4000	3867
chr20	36947893	36955893	36951763	8000	36951893	-4000	4000	-130
chr20	45250564	45258564	45252332	8000	45254564	-4000	4000	-2232
chr20	63704025	63712025	63705696	8000	63708025	-4000	4000	-2329
chr20	63977132	63985132	63985015	8000	63981132	-4000	4000	3883
chr20	2836703	2844703	2839879	8000	2840703	-4000	4000	-824
chr20	18055188	18063188	18057747	8000	18059188	-4000	4000	-1441
chr20	18463281	18471281	18467403	8000	18467281	-4000	4000	122
chr20	23045672	23053672	23048307	8000	23049672	-4000	4000	-1365
chr20	40685236	40693236	40688770	8000	40689236	-4000	4000	-466
chr21	14212130	14220130	14216238	8000	14216130	-4000	4000	108
chr21	43772330	43780330	43774137	8000	43776330	-4000	4000	-2193
chr21	46282297	46290297	46287021	8000	46286297	-4000	4000	724
chr21	25731673	25739673	25734946	8000	25735673	-4000	4000	-727
chr21	30212097	30220097	30215491	8000	30216097	-4000	4000	-606
chr21	32389012	32397012	32393307	8000	32393012	-4000	4000	295
chr21	26963088	26971088	26966117	8000	26967088	-4000	4000	-971
chr21	46282297	46290297	46283652	8000	46286297	-4000	4000	-2645
chr21	37002150	37010150	37008222	8000	37006150	-4000	4000	2072
chr21	39863438	39871438	39867495	8000	39867438	-4000	4000	57
chr21	14212130	14220130	14216189	8000	14216130	-4000	4000	59
chr21	42195689	42203689	42201714	8000	42199689	-4000	4000	2025
chr21	44296051	44304051	44297702	8000	44300051	-4000	4000	-2349
chr21	42875644	42883644	42879550	8000	42879644	-4000	4000	-94
chr21	14379484	14387484	14383170	8000	14383484	-4000	4000	-314
chr21	42311409	42319409	42312217	8000	42315409	-4000	4000	-3192
chr21	33487716	33495716	33488330	8000	33491716	-4000	4000	-3386
chr21	45283898	45291898	45285721	8000	45287898	-4000	4000	-2177
chr21	33487716	33495716	33488577	8000	33491716	-4000	4000	-3139
chr21	33487716	33495716	33489376	8000	33491716	-4000	4000	-2340
chr21	39345647	39353647	39348316	8000	39349647	-4000	4000	-1331
chr21	36131079	36139079	36132907	8000	36135079	-4000	4000	-2172
chr21	42399447	42407447	42406344	8000	42403447	-4000	4000	2897
chr21	45977770	45985770	45984401	8000	45981770	-4000	4000	2631
chr21	46631595	46639595	46636921	8000	46635595	-4000	4000	1326
chr21	43772330	43780330	43774137	8000	43776330	-4000	4000	-2193
chr21	44451510	44459510	44457595	8000	44455510	-4000	4000	2085
chr21	45977770	45985770	45982678	8000	45981770	-4000	4000	908
chr21	32608865	32616865	32612192	8000	32612865	-4000	4000	-673
chr21	29936033	29944033	29939455	8000	29940033	-4000	4000	-578
chr21	33539038	33547038	33546355	8000	33543038	-4000	4000	3317
chr21	36065941	36073941	36072864	8000	36069941	-4000	4000	2923
chr21	36131079	36139079	36132510	8000	36135079	-4000	4000	-2569
chr21	29015360	29023360	29019224	8000	29019360	-4000	4000	-136
chr21	44335402	44343402	44335709	8000	44339402	-4000	4000	-3693
chr21	46282297	46290297	46287113	8000	46286297	-4000	4000	816
chr21	26841409	26849409	26842459	8000	26845409	-4000	4000	-2950
chr21	30212097	30220097	30214889	8000	30216097	-4000	4000	-1208
chr21	34664994	34672994	34670640	8000	34668994	-4000	4000	1646
chr21	38117345	38125345	38121324	8000	38121345	-4000	4000	-21
chr21	46319875	46327875	46326425	8000	46323875	-4000	4000	2550
chr21	46319875	46327875	46322814	8000	46323875	-4000	4000	-1061
chr21	17815386	17823386	17818261	8000	17819386	-4000	4000	-1125
chr21	32389012	32397012	32393423	8000	32393012	-4000	4000	411
chr21	29069797	29077797	29073680	8000	29073797	-4000	4000	-117
chr21	43772330	43780330	43774181	8000	43776330	-4000	4000	-2149
chr21	44451510	44459510	44458002	8000	44455510	-4000	4000	2492
chr21	30212097	30220097	30215347	8000	30216097	-4000	4000	-750
chr21	32389012	32397012	32393263	8000	32393012	-4000	4000	251
chr21	26963088	26971088	26965452	8000	26967088	-4000	4000	-1636
chr21	41357999	41365999	41363775	8000	41361999	-4000	4000	1776
chr21	38117345	38125345	38121238	8000	38121345	-4000	4000	-107
chr21	39345647	39353647	39348565	8000	39349647	-4000	4000	-1082
chr21	46319875	46327875	46326560	8000	46323875	-4000	4000	2685
chr21	46601208	46609208	46602314	8000	46605208	-4000	4000	-2894
chr21	44451510	44459510	44457122	8000	44455510	-4000	4000	1612
chr21	29069797	29077797	29073553	8000	29073797	-4000	4000	-244
chr21	32724040	32732040	32726872	8000	32728040	-4000	4000	-1168
chr21	14212130	14220130	14216157	8000	14216130	-4000	4000	27
chr21	26841409	26849409	26842584	8000	26845409	-4000	4000	-2825
chr21	43785513	43793513	43793397	8000	43789513	-4000	4000	3884
chr21	14212130	14220130	14216238	8000	14216130	-4000	4000	108
chr21	30212097	30220097	30215554	8000	30216097	-4000	4000	-543
chr21	30212097	30220097	30215821	8000	30216097	-4000	4000	-276
chr21	32389012	32397012	32393423	8000	32393012	-4000	4000	411
chr21	46282297	46290297	46283802	8000	46286297	-4000	4000	-2495
chr21	45283898	45291898	45285590	8000	45287898	-4000	4000	-2308
chr21	44103373	44111373	44109004	8000	44107373	-4000	4000	1631
chr21	26569286	26577286	26572968	8000	26573286	-4000	4000	-318
chr21	43785513	43793513	43792727	8000	43789513	-4000	4000	3214
chr21	30212097	30220097	30215542	8000	30216097	-4000	4000	-555
chr21	31728118	31736118	31731916	8000	31732118	-4000	4000	-202
chr21	25731673	25739673	25734946	8000	25735673	-4000	4000	-727
chr21	45069853	45077853	45072116	8000	45073853	-4000	4000	-1737
chr21	44346163	44354163	44353587	8000	44350163	-4000	4000	3424
chr21	32389012	32397012	32393204	8000	32393012	-4000	4000	192
chr21	43785513	43793513	43789543	8000	43789513	-4000	4000	30
chr21	46601208	46609208	46602394	8000	46605208	-4000	4000	-2814
chr21	33487716	33495716	33488824	8000	33491716	-4000	4000	-2892
chr21	17509043	17517043	17513057	8000	17513043	-4000	4000	14
chr21	28988956	28996956	28992827	8000	28992956	-4000	4000	-129
chr21	41763089	41771089	41766977	8000	41767089	-4000	4000	-112
chr21	33487716	33495716	33488547	8000	33491716	-4000	4000	-3169
chr21	26569286	26577286	26572875	8000	26573286	-4000	4000	-411
chr21	42492008	42500008	42496130	8000	42496008	-4000	4000	122
chr21	29069797	29077797	29073634	8000	29073797	-4000	4000	-163
chr21	42311409	42319409	42312223	8000	42315409	-4000	4000	-3186
chr22	35295275	35303275	35299933	8000	35299275	-4000	4000	658
chr22	37671636	37679636	37678652	8000	37675636	-4000	4000	3016
chr22	42126865	42134865	42130876	8000	42130865	-4000	4000	11
chr22	19127308	19135308	19132023	8000	19131308	-4000	4000	715
chr22	37983422	37991422	37983601	8000	37987422	-4000	4000	-3821
chr22	31288534	31296534	31289318	8000	31292534	-4000	4000	-3216
chr22	38503660	38511660	38506316	8000	38507660	-4000	4000	-1344
chr22	19850939	19858939	19851385	8000	19854939	-4000	4000	-3554
chr22	31288534	31296534	31289261	8000	31292534	-4000	4000	-3273
chr22	19127308	19135308	19134299	8000	19131308	-4000	4000	2991
chr22	41464692	41472692	41469160	8000	41468692	-4000	4000	468
chr22	20111938	20119938	20112743	8000	20115938	-4000	4000	-3195
chr22	24551935	24559935	24555881	8000	24555935	-4000	4000	-54
chr22	21028840	21036840	21030916	8000	21032840	-4000	4000	-1924
chr22	31342346	31350346	31344719	8000	31346346	-4000	4000	-1627
chr22	40858113	40866113	40861379	8000	40862113	-4000	4000	-734
chr22	42075691	42083691	42083251	8000	42079691	-4000	4000	3560
chr22	30242759	30250759	30244851	8000	30246759	-4000	4000	-1908
chr22	19174739	19182739	19176616	8000	19178739	-4000	4000	-2123
chr22	19174739	19182739	19177169	8000	19178739	-4000	4000	-1570
chr22	42549617	42557617	42554947	8000	42553617	-4000	4000	1330
chr22	49956768	49964768	49963059	8000	49960768	-4000	4000	2291
chr22	19127308	19135308	19134281	8000	19131308	-4000	4000	2973
chr22	19127308	19135308	19134459	8000	19131308	-4000	4000	3151
chr22	23764226	23772226	23766230	8000	23768226	-4000	4000	-1996
chr22	23782931	23790931	23787148	8000	23786931	-4000	4000	217
chr22	30663887	30671887	30664051	8000	30667887	-4000	4000	-3836
chr22	31136508	31144508	31140094	8000	31140508	-4000	4000	-414
chr22	31208239	31216239	31212383	8000	31212239	-4000	4000	144
chr22	30322947	30330947	30326724	8000	30326947	-4000	4000	-223
chr22	35633951	35641951	35634970	8000	35637951	-4000	4000	-2981
chr22	37515542	37523542	37516128	8000	37519542	-4000	4000	-3414
chr22	42126865	42134865	42130872	8000	42130865	-4000	4000	7
chr22	29302582	29310582	29308427	8000	29306582	-4000	4000	1845
chr22	49956768	49964768	49963378	8000	49960768	-4000	4000	2610
chr22	50479923	50487923	50483310	8000	50483923	-4000	4000	-613
chr22	19443450	19451450	19450854	8000	19447450	-4000	4000	3404
chr22	32039261	32047261	32039701	8000	32043261	-4000	4000	-3560
chr22	50241023	50249023	50247919	8000	50245023	-4000	4000	2896
chr22	50526032	50534032	50527688	8000	50530032	-4000	4000	-2344
chr22	28796597	28804597	28796984	8000	28800597	-4000	4000	-3613
chr22	30689782	30697782	30694237	8000	30693782	-4000	4000	455
chr22	20390115	20398115	20394642	8000	20394115	-4000	4000	527
chr22	44494233	44502233	44497283	8000	44498233	-4000	4000	-950
chr22	41994725	42002725	41997898	8000	41998725	-4000	4000	-827
chr22	36200840	36208840	36201742	8000	36204840	-4000	4000	-3098
chr22	20390115	20398115	20395372	8000	20394115	-4000	4000	1257
chr22	45280949	45288949	45286090	8000	45284949	-4000	4000	1141
chr22	30421623	30429623	30425911	8000	30425623	-4000	4000	288
chr22	37948607	37956607	37953799	8000	37952607	-4000	4000	1192
chr22	38697556	38705556	38700014	8000	38701556	-4000	4000	-1542
chr22	49914438	49922438	49922359	8000	49918438	-4000	4000	3921
chr22	26479837	26487837	26481802	8000	26483837	-4000	4000	-2035
chr22	42126865	42134865	42130617	8000	42130865	-4000	4000	-248
chr22	37671636	37679636	37677038	8000	37675636	-4000	4000	1402
chr22	29834304	29842304	29834543	8000	29838304	-4000	4000	-3761
chr22	40858113	40866113	40861261	8000	40862113	-4000	4000	-852
chr22	46326875	46334875	46330697	8000	46330875	-4000	4000	-178
chr22	41585871	41593871	41589724	8000	41589871	-4000	4000	-147
chr22	50241023	50249023	50248228	8000	50245023	-4000	4000	3205
chr22	42066842	42074842	42070305	8000	42070842	-4000	4000	-537
chr22	22640614	22648614	22647638	8000	22644614	-4000	4000	3024
chr22	29763011	29771011	29767510	8000	29767011	-4000	4000	499
chr22	50241023	50249023	50243904	8000	50245023	-4000	4000	-1119
chr22	24177487	24185487	24177676	8000	24181487	-4000	4000	-3811
chr22	41943152	41951152	41946472	8000	41947152	-4000	4000	-680
chr22	42515796	42523796	42516028	8000	42519796	-4000	4000	-3768
chr22	41088592	41096592	41093022	8000	41092592	-4000	4000	430
chr22	41464692	41472692	41468658	8000	41468692	-4000	4000	-34
chr22	39036604	39044604	39044100	8000	39040604	-4000	4000	3496
chr22	40675273	40683273	40679432	8000	40679273	-4000	4000	159
chr22	43139398	43147398	43141165	8000	43143398	-4000	4000	-2233
chr22	49956768	49964768	49962746	8000	49960768	-4000	4000	1978
chr22	42126865	42134865	42128248	8000	42130865	-4000	4000	-2617
chr22	27916134	27924134	27919113	8000	27920134	-4000	4000	-1021
chr22	31288534	31296534	31289348	8000	31292534	-4000	4000	-3186
chr22	50266767	50274767	50266794	8000	50270767	-4000	4000	-3973
chr22	27797756	27805756	27799045	8000	27801756	-4000	4000	-2711
chr22	27797756	27805756	27799795	8000	27801756	-4000	4000	-1961
chr22	41236931	41244931	41239533	8000	41240931	-4000	4000	-1398
chr22	23835128	23843128	23836882	8000	23839128	-4000	4000	-2246
chr22	31288534	31296534	31289614	8000	31292534	-4000	4000	-2920
chr22	36503221	36511221	36504669	8000	36507221	-4000	4000	-2552
chr22	19850939	19858939	19851979	8000	19854939	-4000	4000	-2960
chr22	37801229	37809229	37806560	8000	37805229	-4000	4000	1331
chr22	44494233	44502233	44497013	8000	44498233	-4000	4000	-1220
chr22	23858188	23866188	23862167	8000	23862188	-4000	4000	-21
chr22	24177487	24185487	24177607	8000	24181487	-4000	4000	-3880
chr22	41686504	41694504	41690635	8000	41690504	-4000	4000	131
chr22	28738039	28746039	28745947	8000	28742039	-4000	4000	3908
chr22	50596793	50604793	50603192	8000	50600793	-4000	4000	2399
chr22	21028840	21036840	21031419	8000	21032840	-4000	4000	-1421
chr22	21662000	21670000	21666079	8000	21666000	-4000	4000	79
chr22	19127308	19135308	19134334	8000	19131308	-4000	4000	3026
chr22	38107015	38115015	38113502	8000	38111015	-4000	4000	2487
chr22	38107015	38115015	38110568	8000	38111015	-4000	4000	-447
chr22	30242759	30250759	30243809	8000	30246759	-4000	4000	-2950
chr22	17624749	17632749	17628782	8000	17628749	-4000	4000	33
chr22	27916134	27924134	27919182	8000	27920134	-4000	4000	-952
chr22	42126865	42134865	42129160	8000	42130865	-4000	4000	-1705
chr22	50624173	50632173	50625401	8000	50628173	-4000	4000	-2772
chr22	32408248	32416248	32414315	8000	32412248	-4000	4000	2067
chr22	41994725	42002725	41997210	8000	41998725	-4000	4000	-1515
chr22	20998196	21006196	21000143	8000	21002196	-4000	4000	-2053
chr22	29264009	29272009	29265476	8000	29268009	-4000	4000	-2533
chr22	29763011	29771011	29767507	8000	29767011	-4000	4000	496
chr22	50241023	50249023	50245990	8000	50245023	-4000	4000	967
chr22	17117367	17125367	17119282	8000	17121367	-4000	4000	-2085
chr22	39515695	39523695	39521505	8000	39519695	-4000	4000	1810
chr22	24177487	24185487	24184875	8000	24181487	-4000	4000	3388
chr22	44494233	44502233	44497014	8000	44498233	-4000	4000	-1219
chr22	20998196	21006196	21000418	8000	21002196	-4000	4000	-1778
chr22	21462423	21470423	21469718	8000	21466423	-4000	4000	3295
chr22	23782931	23790931	23787036	8000	23786931	-4000	4000	105
chr22	29763011	29771011	29767510	8000	29767011	-4000	4000	499
chr22	35376361	35384361	35383223	8000	35380361	-4000	4000	2862
chr22	36815479	36823479	36817000	8000	36819479	-4000	4000	-2479
chr22	41695503	41703503	41696772	8000	41699503	-4000	4000	-2731
chr22	19443450	19451450	19450798	8000	19447450	-4000	4000	3348
chr22	50624173	50632173	50625391	8000	50628173	-4000	4000	-2782
chr22	38107015	38115015	38110571	8000	38111015	-4000	4000	-444
chr22	31118731	31126731	31126405	8000	31122731	-4000	4000	3674
chr22	50197011	50205011	50197324	8000	50201011	-4000	4000	-3687
chr22	20998196	21006196	20999978	8000	21002196	-4000	4000	-2218
chr22	41943152	41951152	41945205	8000	41947152	-4000	4000	-1947
chr22	37578616	37586616	37580004	8000	37582616	-4000	4000	-2612
chr22	38052311	38060311	38057836	8000	38056311	-4000	4000	1525
chr22	50596793	50604793	50603241	8000	50600793	-4000	4000	2448
chr22	39316389	39324389	39316619	8000	39320389	-4000	4000	-3770
chr22	19523545	19531545	19524096	8000	19527545	-4000	4000	-3449
chr22	22640614	22648614	22646375	8000	22644614	-4000	4000	1761
chr22	37278027	37286027	37282452	8000	37282027	-4000	4000	425
chr22	39036604	39044604	39043031	8000	39040604	-4000	4000	2427
chr22	50624173	50632173	50625664	8000	50628173	-4000	4000	-2509
chr22	36235954	36243954	36237146	8000	36239954	-4000	4000	-2808
chr22	36477640	36485640	36480715	8000	36481640	-4000	4000	-925
chr22	40040817	40048817	40044952	8000	40044817	-4000	4000	135
chr22	40858113	40866113	40861700	8000	40862113	-4000	4000	-413
chr22	41464692	41472692	41469174	8000	41468692	-4000	4000	482
chr22	41994725	42002725	41994838	8000	41998725	-4000	4000	-3887
chr22	50779667	50787667	50782261	8000	50783667	-4000	4000	-1406
chr22	31136508	31144508	31136983	8000	31140508	-4000	4000	-3525
chr22	46533620	46541620	46536311	8000	46537620	-4000	4000	-1309
chr22	20111938	20119938	20114621	8000	20115938	-4000	4000	-1317
chr22	29763011	29771011	29767543	8000	29767011	-4000	4000	532
chr22	35396134	35404134	35400451	8000	35400134	-4000	4000	317
chr22	42126865	42134865	42127568	8000	42130865	-4000	4000	-3297
chr22	19127308	19135308	19132460	8000	19131308	-4000	4000	1152
chr22	19127308	19135308	19132349	8000	19131308	-4000	4000	1041
chr22	22640614	22648614	22647228	8000	22644614	-4000	4000	2614
chr22	36200840	36208840	36201913	8000	36204840	-4000	4000	-2927
chr22	38503660	38511660	38506322	8000	38507660	-4000	4000	-1338
chr22	50526032	50534032	50529524	8000	50530032	-4000	4000	-508
chr22	39073067	39081067	39079000	8000	39077067	-4000	4000	1933
chr22	19174739	19182739	19175953	8000	19178739	-4000	4000	-2786
chr22	20111938	20119938	20116126	8000	20115938	-4000	4000	188
chr22	22555361	22563361	22556964	8000	22559361	-4000	4000	-2397
chr22	28738039	28746039	28742180	8000	28742039	-4000	4000	141
chr22	28796597	28804597	28797167	8000	28800597	-4000	4000	-3430
chr22	28796597	28804597	28799112	8000	28800597	-4000	4000	-1485
chr22	30663887	30671887	30664001	8000	30667887	-4000	4000	-3886
chr22	36503221	36511221	36506219	8000	36507221	-4000	4000	-1002
chr22	36815479	36823479	36816985	8000	36819479	-4000	4000	-2494
chr22	37845327	37853327	37851333	8000	37849327	-4000	4000	2006
chr22	38107015	38115015	38109145	8000	38111015	-4000	4000	-1870
chr22	41796679	41804679	41799420	8000	41800679	-4000	4000	-1259
chr22	41943152	41951152	41946550	8000	41947152	-4000	4000	-602
chr22	41994725	42002725	41996929	8000	41998725	-4000	4000	-1796
chr22	41994725	42002725	41997083	8000	41998725	-4000	4000	-1642
chr22	42126865	42134865	42127968	8000	42130865	-4000	4000	-2897
chr22	45409693	45417693	45413865	8000	45413693	-4000	4000	172
chr22	46533620	46541620	46534699	8000	46537620	-4000	4000	-2921
chr22	50526032	50534032	50528599	8000	50530032	-4000	4000	-1433
chr22	50541899	50549899	50548338	8000	50545899	-4000	4000	2439
chr22	32039261	32047261	32039799	8000	32043261	-4000	4000	-3462
chr22	50541899	50549899	50549498	8000	50545899	-4000	4000	3599
chr22	37948607	37956607	37953103	8000	37952607	-4000	4000	496
chr22	20111938	20119938	20116242	8000	20115938	-4000	4000	304
chr22	41464692	41472692	41468675	8000	41468692	-4000	4000	-17
chr22	19428545	19436545	19434816	8000	19432545	-4000	4000	2271
chr22	20125456	20133456	20126349	8000	20129456	-4000	4000	-3107
chr22	20978269	20986269	20979575	8000	20982269	-4000	4000	-2694
chr22	21028840	21036840	21031059	8000	21032840	-4000	4000	-1781
chr22	21028840	21036840	21031498	8000	21032840	-4000	4000	-1342
chr22	22640614	22648614	22647778	8000	22644614	-4000	4000	3164
chr22	29763011	29771011	29767506	8000	29767011	-4000	4000	495
chr22	32039261	32047261	32043368	8000	32043261	-4000	4000	107
chr22	39073067	39081067	39078965	8000	39077067	-4000	4000	1898
chr22	40858113	40866113	40861853	8000	40862113	-4000	4000	-260
chr22	42126865	42134865	42128865	8000	42130865	-4000	4000	-2000
chr22	39515695	39523695	39522336	8000	39519695	-4000	4000	2641
chr22	19127308	19135308	19134322	8000	19131308	-4000	4000	3014
chr22	19428545	19436545	19435737	8000	19432545	-4000	4000	3192
chr22	50624173	50632173	50626231	8000	50628173	-4000	4000	-1942
chr22	20913407	20921407	20918008	8000	20917407	-4000	4000	601
chr22	19174739	19182739	19176631	8000	19178739	-4000	4000	-2108
chr22	30242759	30250759	30243837	8000	30246759	-4000	4000	-2922
chr22	41617043	41625043	41622035	8000	41621043	-4000	4000	992
chr22	38697556	38705556	38700182	8000	38701556	-4000	4000	-1374
chr22	37803905	37811905	37810084	8000	37807905	-4000	4000	2179
chr22	22640614	22648614	22647713	8000	22644614	-4000	4000	3099
chr22	26508505	26516505	26510062	8000	26512505	-4000	4000	-2443
chr22	31136508	31144508	31140391	8000	31140508	-4000	4000	-117
chr22	23175704	23183704	23181860	8000	23179704	-4000	4000	2156
chr22	23747112	23755112	23754401	8000	23751112	-4000	4000	3289
chr22	39316389	39324389	39316895	8000	39320389	-4000	4000	-3494
chr22	50479923	50487923	50483272	8000	50483923	-4000	4000	-651
chr22	39515695	39523695	39521832	8000	39519695	-4000	4000	2137
chr22	39515695	39523695	39522687	8000	39519695	-4000	4000	2992
chr22	42066842	42074842	42070449	8000	42070842	-4000	4000	-393
chr22	29302582	29310582	29310540	8000	29306582	-4000	4000	3958
chr22	38677957	38685957	38683777	8000	38681957	-4000	4000	1820
chr22	20111938	20119938	20114682	8000	20115938	-4000	4000	-1256
chr22	37845327	37853327	37849483	8000	37849327	-4000	4000	156
chr22	38210778	38218778	38215308	8000	38214778	-4000	4000	530
chr22	38210778	38218778	38216465	8000	38214778	-4000	4000	1687
chr22	20111938	20119938	20114682	8000	20115938	-4000	4000	-1256
chr22	35376361	35384361	35383130	8000	35380361	-4000	4000	2769
chr22	50504224	50512224	50506796	8000	50508224	-4000	4000	-1428
chr22	20125456	20133456	20127098	8000	20129456	-4000	4000	-2358
chr22	19428545	19436545	19435695	8000	19432545	-4000	4000	3150
chr22	19140684	19148684	19142744	8000	19144684	-4000	4000	-1940
chr22	37803905	37811905	37810077	8000	37807905	-4000	4000	2172
chr22	31208239	31216239	31212303	8000	31212239	-4000	4000	64
chr22	40858113	40866113	40862055	8000	40862113	-4000	4000	-58
chr22	23175704	23183704	23181131	8000	23179704	-4000	4000	1427
chr22	19174739	19182739	19176471	8000	19178739	-4000	4000	-2268
chr22	40675273	40683273	40681008	8000	40679273	-4000	4000	1735
chr22	42086884	42094884	42087078	8000	42090884	-4000	4000	-3806
chr22	20978269	20986269	20980043	8000	20982269	-4000	4000	-2226
chr22	30663887	30671887	30663968	8000	30667887	-4000	4000	-3919
chr22	23747112	23755112	23754327	8000	23751112	-4000	4000	3215
chr22	40853077	40861077	40857212	8000	40857077	-4000	4000	135
chr22	42086884	42094884	42087137	8000	42090884	-4000	4000	-3747
chr22	49914438	49922438	49922417	8000	49918438	-4000	4000	3979
chr22	30417771	30425771	30422401	8000	30421771	-4000	4000	630
chr22	31118731	31126731	31126482	8000	31122731	-4000	4000	3751
chr22	46533620	46541620	46534093	8000	46537620	-4000	4000	-3527
chr22	36235954	36243954	36237079	8000	36239954	-4000	4000	-2875
chrX	71614511	71622511	71616393	8000	71618511	-4000	4000	-2118
chrX	71140821	71148821	71148044	8000	71144821	-4000	4000	3223
chrX	120626054	120634054	120626515	8000	120630054	-4000	4000	-3539
chrX	101618797	101626797	101625822	8000	101622797	-4000	4000	3025
chrX	47655180	47663180	47658970	8000	47659180	-4000	4000	-210
chrX	71114543	71122543	71121118	8000	71118543	-4000	4000	2575
chrX	48466260	48474260	48467735	8000	48470260	-4000	4000	-2525
chrX	55485848	55493848	55488017	8000	55489848	-4000	4000	-1831
chrX	56991827	56999827	56994476	8000	56995827	-4000	4000	-1351
chrX	57117548	57125548	57119774	8000	57121548	-4000	4000	-1774
chrX	103307007	103315007	103309949	8000	103311007	-4000	4000	-1058
chrX	103372395	103380395	103377640	8000	103376395	-4000	4000	1245
chrX	120246752	120254752	120254369	8000	120250752	-4000	4000	3617
chrX	152910442	152918442	152914777	8000	152914442	-4000	4000	335
chrX	154432913	154440913	154435732	8000	154436913	-4000	4000	-1181
chrX	23779173	23787173	23783848	8000	23783173	-4000	4000	675
chrX	72273248	72281248	72277249	8000	72277248	-4000	4000	1
chrX	57282706	57290706	57286764	8000	57286706	-4000	4000	58
chrX	155067420	155075420	155071499	8000	155071420	-4000	4000	79
chrX	40643561	40651561	40647031	8000	40647561	-4000	4000	-530
chrX	121043610	121051610	121047916	8000	121047610	-4000	4000	306
chrX	101344742	101352742	101348585	8000	101348742	-4000	4000	-157
chrX	40643561	40651561	40647039	8000	40647561	-4000	4000	-522
chrX	48998264	49006264	48999284	8000	49002264	-4000	4000	-2980
chrX	153760196	153768196	153766242	8000	153764196	-4000	4000	2046
chrX	48967844	48975844	48969767	8000	48971844	-4000	4000	-2077
chrX	135028355	135036355	135032977	8000	135032355	-4000	4000	622
chrX	107773342	107781342	107775322	8000	107777342	-4000	4000	-2020
chrX	48998264	49006264	49002266	8000	49002264	-4000	4000	2
chrX	116458976	116466976	116459237	8000	116462976	-4000	4000	-3739
chrX	100406273	100414273	100408132	8000	100410273	-4000	4000	-2141
chrX	141173129	141181129	141176692	8000	141177129	-4000	4000	-437
chrX	55448127	55456127	55453106	8000	55452127	-4000	4000	979
chrX	71614511	71622511	71616996	8000	71618511	-4000	4000	-1515
chrX	57588011	57596011	57594630	8000	57592011	-4000	4000	2619
chrX	69161521	69169521	69163218	8000	69165521	-4000	4000	-2303
chrX	72710319	72718319	72714035	8000	72714319	-4000	4000	-284
chrX	3342652	3350652	3343708	8000	3346652	-4000	4000	-2944
chrX	46833043	46841043	46836985	8000	46837043	-4000	4000	-58
chrX	101546547	101554547	101554245	8000	101550547	-4000	4000	3698
chrX	48504959	48512959	48509829	8000	48508959	-4000	4000	870
chrX	11754159	11762159	11761511	8000	11758159	-4000	4000	3352
chrX	100406273	100414273	100408463	8000	100410273	-4000	4000	-1810
chrX	119867733	119875733	119871231	8000	119871733	-4000	4000	-502
chrX	101655850	101663850	101655967	8000	101659850	-4000	4000	-3883
chrX	71529104	71537104	71529923	8000	71533104	-4000	4000	-3181
chrX	23779173	23787173	23783865	8000	23783173	-4000	4000	692
chrX	149545924	149553924	149546788	8000	149549924	-4000	4000	-3136
chrX	155260491	155268491	155264210	8000	155264491	-4000	4000	-281
chrX	76169040	76177040	76173126	8000	76173040	-4000	4000	86
chrX	67540021	67548021	67546228	8000	67544021	-4000	4000	2207
chrX	132957395	132965395	132958708	8000	132961395	-4000	4000	-2687
chrX	153052409	153060409	153058535	8000	153056409	-4000	4000	2126
chrX	153790512	153798512	153798409	8000	153794512	-4000	4000	3897
chrX	108732563	108740563	108735044	8000	108736563	-4000	4000	-1519
chrX	120626054	120634054	120626396	8000	120630054	-4000	4000	-3658
chrX	22028325	22036325	22033044	8000	22032325	-4000	4000	719
chrX	76423710	76431710	76430128	8000	76427710	-4000	4000	2418
chrX	101387011	101395011	101392160	8000	101391011	-4000	4000	1149
chrX	154454281	154462281	154461267	8000	154458281	-4000	4000	2986
chrX	46755118	46763118	46758805	8000	46759118	-4000	4000	-313
chrX	51739442	51747442	51744801	8000	51743442	-4000	4000	1359
chrX	129519500	129527500	129523245	8000	129523500	-4000	4000	-255
chrX	71091851	71099851	71096954	8000	71095851	-4000	4000	1103
chrX	108732563	108740563	108736268	8000	108736563	-4000	4000	-295
chrX	142201290	142209290	142203954	8000	142205290	-4000	4000	-1336
chrX	108732563	108740563	108733595	8000	108736563	-4000	4000	-2968
chrX	154486690	154494690	154487669	8000	154490690	-4000	4000	-3021
chrX	154440141	154448141	154440474	8000	154444141	-4000	4000	-3667
chrX	119867733	119875733	119870992	8000	119871733	-4000	4000	-741
chrX	100406273	100414273	100407742	8000	100410273	-4000	4000	-2531
chrX	51739442	51747442	51745257	8000	51743442	-4000	4000	1815
chrX	135018542	135026542	135021867	8000	135022542	-4000	4000	-675
chrX	12787355	12795355	12791506	8000	12791355	-4000	4000	151
chrX	12863072	12871072	12867524	8000	12867072	-4000	4000	452
chrX	47615857	47623857	47619776	8000	47619857	-4000	4000	-81
chrX	48472021	48480021	48478070	8000	48476021	-4000	4000	2049
chrX	76423710	76431710	76429147	8000	76427710	-4000	4000	1437
chrX	119689370	119697370	119693174	8000	119693370	-4000	4000	-196
chrX	121043610	121051610	121049458	8000	121047610	-4000	4000	1848
chrX	153685010	153693010	153690505	8000	153689010	-4000	4000	1495
chrX	101387011	101395011	101390985	8000	101391011	-4000	4000	-26
chrX	152694767	152702767	152701363	8000	152698767	-4000	4000	2596
chrX	41329348	41337348	41333554	8000	41333348	-4000	4000	206
chrX	72127901	72135901	72129931	8000	72131901	-4000	4000	-1970
chrX	91430595	91438595	91435650	8000	91434595	-4000	4000	1055
chrX	67540021	67548021	67546712	8000	67544021	-4000	4000	2691
chrX	101404012	101412012	101407788	8000	101408012	-4000	4000	-224
chrX	154015902	154023902	154017014	8000	154019902	-4000	4000	-2888
chrX	48967844	48975844	48969157	8000	48971844	-4000	4000	-2687
chrX	49158564	49166564	49165298	8000	49162564	-4000	4000	2734
chrX	49167898	49175898	49173450	8000	49171898	-4000	4000	1552
chrX	49231470	49239470	49231679	8000	49235470	-4000	4000	-3791
chrX	51739442	51747442	51744906	8000	51743442	-4000	4000	1464
chrX	53078367	53086367	53084832	8000	53082367	-4000	4000	2465
chrX	54916462	54924462	54922233	8000	54920462	-4000	4000	1771
chrX	72710319	72718319	72714033	8000	72714319	-4000	4000	-286
chrX	107624428	107632428	107628533	8000	107628428	-4000	4000	105
chrX	135018542	135026542	135021925	8000	135022542	-4000	4000	-617
chrX	154440141	154448141	154441342	8000	154444141	-4000	4000	-2799
chrX	154454281	154462281	154460504	8000	154458281	-4000	4000	2223
chrX	153052409	153060409	153058535	8000	153056409	-4000	4000	2126
chrX	19339893	19347893	19344094	8000	19343893	-4000	4000	201
chrX	51492592	51500592	51496100	8000	51496592	-4000	4000	-492
chrX	1388113	1396113	1389512	8000	1392113	-4000	4000	-2601
chrX	48466260	48474260	48467242	8000	48470260	-4000	4000	-3018
chrX	102138970	102146970	102140500	8000	102142970	-4000	4000	-2470
chrX	57282706	57290706	57286853	8000	57286706	-4000	4000	147
chrX	106689794	106697794	106693989	8000	106693794	-4000	4000	195
chrX	47578408	47586408	47583470	8000	47582408	-4000	4000	1062
chrX	57588011	57596011	57594447	8000	57592011	-4000	4000	2436
chrX	102512739	102520739	102513987	8000	102516739	-4000	4000	-2752
chrX	136876764	136884764	136879014	8000	136880764	-4000	4000	-1750
chrX	22028325	22036325	22032978	8000	22032325	-4000	4000	653
chrX	48894143	48902143	48902014	8000	48898143	-4000	4000	3871
chrX	48915024	48923024	48917795	8000	48919024	-4000	4000	-1229
chrX	54436404	54444404	54440775	8000	54440404	-4000	4000	371
chrX	1587604	1595604	1594061	8000	1591604	-4000	4000	2457
chrX	108732563	108740563	108735548	8000	108736563	-4000	4000	-1015
chrX	73210851	73218851	73213941	8000	73214851	-4000	4000	-910
chrX	102512739	102520739	102514122	8000	102516739	-4000	4000	-2617
chrX	51739442	51747442	51744596	8000	51743442	-4000	4000	1154
chrX	11661920	11669920	11664430	8000	11665920	-4000	4000	-1490
chrX	101344742	101352742	101348786	8000	101348742	-4000	4000	44
chrX	101614001	101622001	101616491	8000	101618001	-4000	4000	-1510
chrX	151970680	151978680	151974675	8000	151974680	-4000	4000	-5
chrX	152729757	152737757	152737164	8000	152733757	-4000	4000	3407
chrX	153052409	153060409	153057885	8000	153056409	-4000	4000	1476
chrX	155330657	155338657	155334409	8000	155334657	-4000	4000	-248
chrX	152826967	152834967	152827705	8000	152830967	-4000	4000	-3262
chrX	72273248	72281248	72273277	8000	72277248	-4000	4000	-3971
chrX	153068454	153076454	153073694	8000	153072454	-4000	4000	1240
chrX	152694767	152702767	152701953	8000	152698767	-4000	4000	3186
chrX	152765716	152773716	152766530	8000	152769716	-4000	4000	-3186
chrX	46569765	46577765	46574574	8000	46573765	-4000	4000	809
chrX	106607930	106615930	106612242	8000	106611930	-4000	4000	312
chrX	23779173	23787173	23785782	8000	23783173	-4000	4000	2609
chrX	54996363	55004363	55001581	8000	55000363	-4000	4000	1218
chrX	76423710	76431710	76429120	8000	76427710	-4000	4000	1410
chrX	54996363	55004363	55002989	8000	55000363	-4000	4000	2626
chrX	135048196	135056196	135052047	8000	135052196	-4000	4000	-149
chrX	135018542	135026542	135022413	8000	135022542	-4000	4000	-129
chrX	48894143	48902143	48898360	8000	48898143	-4000	4000	217
chrX	135028355	135036355	135033462	8000	135032355	-4000	4000	1107
chrX	123180153	123188153	123185842	8000	123184153	-4000	4000	1689
chrX	53078367	53086367	53086184	8000	53082367	-4000	4000	3817
chrX	153720856	153728856	153720902	8000	153724856	-4000	4000	-3954
chrX	23330849	23338849	23335071	8000	23334849	-4000	4000	222
chrX	53078367	53086367	53085761	8000	53082367	-4000	4000	3394
chrX	121043610	121051610	121048552	8000	121047610	-4000	4000	942
chrX	142201290	142209290	142202945	8000	142205290	-4000	4000	-2345
chrX	72127901	72135901	72131035	8000	72131901	-4000	4000	-866
chrX	142201290	142209290	142203770	8000	142205290	-4000	4000	-1520
chrX	57588011	57596011	57593657	8000	57592011	-4000	4000	1646
chrX	72127901	72135901	72129761	8000	72131901	-4000	4000	-2140
chrX	154440141	154448141	154441794	8000	154444141	-4000	4000	-2347
chrX	141173129	141181129	141176833	8000	141177129	-4000	4000	-296
chrX	119867733	119875733	119871933	8000	119871733	-4000	4000	200
chrX	110791819	110799819	110792088	8000	110795819	-4000	4000	-3731
chrX	103307007	103315007	103309509	8000	103311007	-4000	4000	-1498
chrX	54179281	54187281	54182599	8000	54183281	-4000	4000	-682
chrX	47578408	47586408	47585063	8000	47582408	-4000	4000	2655
chrX	120600074	120608074	120604149	8000	120604074	-4000	4000	75
chrX	30649359	30657359	30653548	8000	30653359	-4000	4000	189
chrX	38797440	38805440	38805036	8000	38801440	-4000	4000	3596
chrX	48466260	48474260	48467716	8000	48470260	-4000	4000	-2544
chrX	72177353	72185353	72181688	8000	72181353	-4000	4000	335
chrX	152729757	152737757	152736849	8000	152733757	-4000	4000	3092
chrX	153931080	153939080	153932376	8000	153935080	-4000	4000	-2704
chrX	103211108	103219108	103216470	8000	103215108	-4000	4000	1362
chrX	121043610	121051610	121048882	8000	121047610	-4000	4000	1272
chrX	142201290	142209290	142203120	8000	142205290	-4000	4000	-2170
chrX	48967844	48975844	48969157	8000	48971844	-4000	4000	-2687
chrX	23330849	23338849	23335046	8000	23334849	-4000	4000	197
chrX	73210851	73218851	73213455	8000	73214851	-4000	4000	-1396
chrX	53078367	53086367	53084992	8000	53082367	-4000	4000	2625
chrX	154432913	154440913	154433657	8000	154436913	-4000	4000	-3256
chrX	7144158	7152158	7148143	8000	7148158	-4000	4000	-15
chrX	54436404	54444404	54444092	8000	54440404	-4000	4000	3688
chrX	48894143	48902143	48898260	8000	48898143	-4000	4000	117
chrX	73559197	73567197	73563274	8000	73563197	-4000	4000	77
chrX	75519502	75527502	75522996	8000	75523502	-4000	4000	-506
chrX	110791819	110799819	110795837	8000	110795819	-4000	4000	18
chrX	154440141	154448141	154442083	8000	154444141	-4000	4000	-2058
chrX	140998594	141006594	141002675	8000	141002594	-4000	4000	81
chrX	134986991	134994991	134992080	8000	134990991	-4000	4000	1089
chrX	153760196	153768196	153767286	8000	153764196	-4000	4000	3090
chrX	57906458	57914458	57908881	8000	57910458	-4000	4000	-1577
chrX	108732563	108740563	108733848	8000	108736563	-4000	4000	-2715
chrX	3342652	3350652	3343770	8000	3346652	-4000	4000	-2882
chrX	71614511	71622511	71616925	8000	71618511	-4000	4000	-1586
chrX	121043610	121051610	121049559	8000	121047610	-4000	4000	1949
chrX	15331554	15339554	15331779	8000	15335554	-4000	4000	-3775
chrX	103352489	103360489	103357944	8000	103356489	-4000	4000	1455
chrX	69161521	69169521	69162704	8000	69165521	-4000	4000	-2817
chrX	154015902	154023902	154019234	8000	154019902	-4000	4000	-668
chrX	153068454	153076454	153074809	8000	153072454	-4000	4000	2355
chrX	155260491	155268491	155261071	8000	155264491	-4000	4000	-3420
chrX	49231470	49239470	49237179	8000	49235470	-4000	4000	1709
chrX	56228356	56236356	56233280	8000	56232356	-4000	4000	924
chrX	152729757	152737757	152736753	8000	152733757	-4000	4000	2996
chrX	48967844	48975844	48969370	8000	48971844	-4000	4000	-2474
chrX	108087668	108095668	108091485	8000	108091668	-4000	4000	-183
chrX	152729757	152737757	152737250	8000	152733757	-4000	4000	3493
chrX	1587604	1595604	1593896	8000	1591604	-4000	4000	2292
chrX	152765716	152773716	152766608	8000	152769716	-4000	4000	-3108
chrX	130335888	130343888	130340352	8000	130339888	-4000	4000	464
chrX	11754159	11762159	11760440	8000	11758159	-4000	4000	2281
chrX	93669578	93677578	93671718	8000	93673578	-4000	4000	-1860
chrX	103603451	103611451	103609122	8000	103607451	-4000	4000	1671
chrX	106607930	106615930	106612147	8000	106611930	-4000	4000	217
chrX	47213860	47221860	47214584	8000	47217860	-4000	4000	-3276
chrX	154424633	154432633	154432325	8000	154428633	-4000	4000	3692
chrX	102138970	102146970	102141162	8000	102142970	-4000	4000	-1808
chrX	155260491	155268491	155264103	8000	155264491	-4000	4000	-388
chrX	154407524	154415524	154412152	8000	154411524	-4000	4000	628
chrX	103211108	103219108	103216855	8000	103215108	-4000	4000	1747
chrX	71140821	71148821	71142312	8000	71144821	-4000	4000	-2509
chrX	149925573	149933573	149932756	8000	149929573	-4000	4000	3183
chrX	51739442	51747442	51745665	8000	51743442	-4000	4000	2223
chrX	100406273	100414273	100407074	8000	100410273	-4000	4000	-3199
chrX	101655850	101663850	101655896	8000	101659850	-4000	4000	-3954
chrX	101655850	101663850	101656544	8000	101659850	-4000	4000	-3306
chrX	47213860	47221860	47214809	8000	47217860	-4000	4000	-3051
chrX	135048196	135056196	135052061	8000	135052196	-4000	4000	-135
chrX	140998594	141006594	141003705	8000	141002594	-4000	4000	1111
chrX	147907919	147915919	147912141	8000	147911919	-4000	4000	222
chrX	53078367	53086367	53084792	8000	53082367	-4000	4000	2425
chrX	100580936	100588936	100585234	8000	100584936	-4000	4000	298
chrX	103211108	103219108	103216559	8000	103215108	-4000	4000	1451
chrX	51739442	51747442	51744680	8000	51743442	-4000	4000	1238
chrX	152826967	152834967	152827914	8000	152830967	-4000	4000	-3053
chrX	13565601	13573601	13569823	8000	13569601	-4000	4000	222
chrX	53430370	53438370	53431006	8000	53434370	-4000	4000	-3364
chrX	71091851	71099851	71096774	8000	71095851	-4000	4000	923
chrX	71114543	71122543	71121075	8000	71118543	-4000	4000	2532
chrX	91430595	91438595	91436256	8000	91434595	-4000	4000	1661
chrX	135018542	135026542	135021834	8000	135022542	-4000	4000	-708
chrX	135969841	135977841	135973710	8000	135973841	-4000	4000	-131
chrX	68494562	68502562	68499111	8000	68498562	-4000	4000	549
chrX	152729757	152737757	152736987	8000	152733757	-4000	4000	3230
chrX	154432913	154440913	154440030	8000	154436913	-4000	4000	3117
chrX	154758742	154766742	154764940	8000	154762742	-4000	4000	2198
chrX	153685010	153693010	153691529	8000	153689010	-4000	4000	2519
chrX	57906458	57914458	57909745	8000	57910458	-4000	4000	-713
chrX	152633895	152641895	152640439	8000	152637895	-4000	4000	2544
chrX	93669578	93677578	93672935	8000	93673578	-4000	4000	-643
chrX	135018542	135026542	135022007	8000	135022542	-4000	4000	-535
chrX	76169040	76177040	76173163	8000	76173040	-4000	4000	123
chrX	129839909	129847909	129841863	8000	129843909	-4000	4000	-2046
chrX	153052409	153060409	153059798	8000	153056409	-4000	4000	3389
chrX	119939751	119947751	119943534	8000	119943751	-4000	4000	-217
chrX	154758742	154766742	154764921	8000	154762742	-4000	4000	2179
chrX	49158564	49166564	49165049	8000	49162564	-4000	4000	2485
chrX	48886197	48894197	48893938	8000	48890197	-4000	4000	3741
chrX	101546547	101554547	101552938	8000	101550547	-4000	4000	2391
chrX	1587604	1595604	1593734	8000	1591604	-4000	4000	2130
chrX	56559627	56567627	56565577	8000	56563627	-4000	4000	1950
chrX	101655850	101663850	101656002	8000	101659850	-4000	4000	-3848
chrX	69161521	69169521	69163068	8000	69165521	-4000	4000	-2453
chrX	71114543	71122543	71121682	8000	71118543	-4000	4000	3139
chrX	116458976	116466976	116461983	8000	116462976	-4000	4000	-993
chrX	152729757	152737757	152736242	8000	152733757	-4000	4000	2485
chrX	49231470	49239470	49233274	8000	49235470	-4000	4000	-2196
chrX	47832902	47840902	47836085	8000	47836902	-4000	4000	-817
chrX	154375273	154383273	154379434	8000	154379273	-4000	4000	161
chrX	153052409	153060409	153057208	8000	153056409	-4000	4000	799
chrX	54916462	54924462	54923506	8000	54920462	-4000	4000	3044
chrX	49196218	49204218	49197758	8000	49200218	-4000	4000	-2460
chrX	103372395	103380395	103377713	8000	103376395	-4000	4000	1318
chrX	119939751	119947751	119943275	8000	119943751	-4000	4000	-476
chrX	136876764	136884764	136879053	8000	136880764	-4000	4000	-1711
chrX	48915024	48923024	48918610	8000	48919024	-4000	4000	-414
chrX	53078367	53086367	53086106	8000	53082367	-4000	4000	3739
chrX	85239911	85247911	85247437	8000	85243911	-4000	4000	3526
chrX	48967844	48975844	48975176	8000	48971844	-4000	4000	3332
chrX	51328231	51336231	51333209	8000	51332231	-4000	4000	978
chrX	57906458	57914458	57908039	8000	57910458	-4000	4000	-2419
chrX	106607930	106615930	106612600	8000	106611930	-4000	4000	670
chrX	108732563	108740563	108735534	8000	108736563	-4000	4000	-1029
chrX	152729757	152737757	152736875	8000	152733757	-4000	4000	3118
chrX	103307007	103315007	103310406	8000	103311007	-4000	4000	-601
chrX	77965638	77973638	77969502	8000	77969638	-4000	4000	-136
chrX	21835617	21843617	21839659	8000	21839617	-4000	4000	42
chrX	55485848	55493848	55487548	8000	55489848	-4000	4000	-2300
chrX	91430595	91438595	91435559	8000	91434595	-4000	4000	964
chrX	107773342	107781342	107775146	8000	107777342	-4000	4000	-2196
chrX	120465365	120473365	120469243	8000	120469365	-4000	4000	-122
chrX	154475281	154483281	154477867	8000	154479281	-4000	4000	-1414
chrX	48472021	48480021	48478668	8000	48476021	-4000	4000	2647
chrX	75152388	75160388	75156271	8000	75156388	-4000	4000	-117
chrX	30649359	30657359	30653514	8000	30653359	-4000	4000	155
chrX	49875484	49883484	49880745	8000	49879484	-4000	4000	1261
chrX	79363667	79371667	79367192	8000	79367667	-4000	4000	-475
chrX	120600074	120608074	120604833	8000	120604074	-4000	4000	759
chrX	152765716	152773716	152767066	8000	152769716	-4000	4000	-2650
chrX	91430595	91438595	91435699	8000	91434595	-4000	4000	1104
chrX	53430370	53438370	53433813	8000	53434370	-4000	4000	-557
chrX	154440141	154448141	154446511	8000	154444141	-4000	4000	2370
chrX	101655850	101663850	101657120	8000	101659850	-4000	4000	-2730
chrX	53078367	53086367	53086091	8000	53082367	-4000	4000	3724
chrX	49875484	49883484	49880692	8000	49879484	-4000	4000	1208
chrX	75519502	75527502	75522984	8000	75523502	-4000	4000	-518
chrX	72273248	72281248	72273252	8000	72277248	-4000	4000	-3996
chrX	55448127	55456127	55453020	8000	55452127	-4000	4000	893
chrX	135028355	135036355	135032656	8000	135032355	-4000	4000	301
chrX	102595168	102603168	102602578	8000	102599168	-4000	4000	3410
chrX	152729757	152737757	152736811	8000	152733757	-4000	4000	3054
chrX	116458976	116466976	116458980	8000	116462976	-4000	4000	-3996
chrX	75152388	75160388	75156258	8000	75156388	-4000	4000	-130
chrX	48907958	48915958	48915095	8000	48911958	-4000	4000	3137
chrX	48954386	48962386	48962121	8000	48958386	-4000	4000	3735
chrX	71362222	71370222	71366399	8000	71366222	-4000	4000	177
chrX	75152388	75160388	75156279	8000	75156388	-4000	4000	-109
chrX	80805877	80813877	80808548	8000	80809877	-4000	4000	-1329
chrX	101094188	101102188	101096305	8000	101098188	-4000	4000	-1883
chrX	48797377	48805377	48802985	8000	48801377	-4000	4000	1608
chrX	57588011	57596011	57594951	8000	57592011	-4000	4000	2940
chrX	71362222	71370222	71366386	8000	71366222	-4000	4000	164
chrX	103307007	103315007	103309523	8000	103311007	-4000	4000	-1484
chrX	136644158	136652158	136650279	8000	136648158	-4000	4000	2121
chrX	108732563	108740563	108734917	8000	108736563	-4000	4000	-1646
chrX	72127901	72135901	72130492	8000	72131901	-4000	4000	-1409
chrX	153940687	153948687	153943968	8000	153944687	-4000	4000	-719
chrX	109998631	110006631	110003552	8000	110002631	-4000	4000	921
chrX	51739442	51747442	51745402	8000	51743442	-4000	4000	1960
chrX	69161521	69169521	69162294	8000	69165521	-4000	4000	-3227
chrX	16715612	16723612	16719742	8000	16719612	-4000	4000	130
chrX	152729757	152737757	152737223	8000	152733757	-4000	4000	3466
chrX	49875484	49883484	49880901	8000	49879484	-4000	4000	1417
chrX	49167898	49175898	49175895	8000	49171898	-4000	4000	3997
chrX	84999877	85007877	85003906	8000	85003877	-4000	4000	29
chrX	72273248	72281248	72275107	8000	72277248	-4000	4000	-2141
chrX	38797440	38805440	38804882	8000	38801440	-4000	4000	3442
chrX	71114543	71122543	71121369	8000	71118543	-4000	4000	2826
chrX	136528215	136536215	136536032	8000	136532215	-4000	4000	3817
chrX	152729757	152737757	152736662	8000	152733757	-4000	4000	2905
chrX	153789516	153797516	153790284	8000	153793516	-4000	4000	-3232
chrX	153931080	153939080	153932543	8000	153935080	-4000	4000	-2537
chrX	101387011	101395011	101391925	8000	101391011	-4000	4000	914
chrX	102121679	102129679	102127302	8000	102125679	-4000	4000	1623
chrX	108732563	108740563	108735949	8000	108736563	-4000	4000	-614
chrX	1388113	1396113	1391922	8000	1392113	-4000	4000	-191
chrX	46569765	46577765	46574067	8000	46573765	-4000	4000	302
chrX	47646604	47654604	47651813	8000	47650604	-4000	4000	1209
chrX	51739442	51747442	51743468	8000	51743442	-4000	4000	26
chrX	57588011	57596011	57593543	8000	57592011	-4000	4000	1532
chrX	69161521	69169521	69161885	8000	69165521	-4000	4000	-3636
chrX	71529104	71537104	71529901	8000	71533104	-4000	4000	-3203
chrX	101344742	101352742	101346409	8000	101348742	-4000	4000	-2333
chrX	101344742	101352742	101348703	8000	101348742	-4000	4000	-39
chrX	108732563	108740563	108736113	8000	108736563	-4000	4000	-450
chrX	152765716	152773716	152766471	8000	152769716	-4000	4000	-3245
chrX	119867733	119875733	119871134	8000	119871733	-4000	4000	-599
chrX	152729757	152737757	152736824	8000	152733757	-4000	4000	3067
chrX	69161521	69169521	69163214	8000	69165521	-4000	4000	-2307
chrX	153789516	153797516	153794718	8000	153793516	-4000	4000	1202
chrX	119867733	119875733	119873316	8000	119871733	-4000	4000	1583
chrX	108732563	108740563	108734976	8000	108736563	-4000	4000	-1587
chrX	153175284	153183284	153183225	8000	153179284	-4000	4000	3941
chrX	70286514	70294514	70290513	8000	70290514	-4000	4000	-1
chrX	101387011	101395011	101391815	8000	101391011	-4000	4000	804
chrX	53078367	53086367	53085322	8000	53082367	-4000	4000	2955
chrX	101655850	101663850	101657609	8000	101659850	-4000	4000	-2241
chrX	2824822	2832822	2830103	8000	2828822	-4000	4000	1281
chrX	71614511	71622511	71617390	8000	71618511	-4000	4000	-1121
chrX	73210851	73218851	73213883	8000	73214851	-4000	4000	-968
chrX	153052409	153060409	153057434	8000	153056409	-4000	4000	1025
chrX	154454281	154462281	154461142	8000	154458281	-4000	4000	2861
chrX	73559197	73567197	73563345	8000	73563197	-4000	4000	148
chrX	154475281	154483281	154477955	8000	154479281	-4000	4000	-1326
chrX	1388113	1396113	1389626	8000	1392113	-4000	4000	-2487
chrX	1587604	1595604	1595410	8000	1591604	-4000	4000	3806
chrX	41329348	41337348	41334210	8000	41333348	-4000	4000	862
chrX	63347332	63355332	63350450	8000	63351332	-4000	4000	-882
chrX	68494562	68502562	68499094	8000	68498562	-4000	4000	532
chrX	76169040	76177040	76173648	8000	76173040	-4000	4000	608
chrX	93669578	93677578	93671718	8000	93673578	-4000	4000	-1860
chrX	103060171	103068171	103062987	8000	103064171	-4000	4000	-1184
chrX	103684158	103692158	103686650	8000	103688158	-4000	4000	-1508
chrX	106607930	106615930	106612374	8000	106611930	-4000	4000	444
chrX	110791819	110799819	110795785	8000	110795819	-4000	4000	-34
chrX	132019302	132027302	132023403	8000	132023302	-4000	4000	101
chrX	135028355	135036355	135033202	8000	135032355	-4000	4000	847
chrX	152729757	152737757	152737250	8000	152733757	-4000	4000	3493
chrX	47213860	47221860	47214548	8000	47217860	-4000	4000	-3312
chrX	49158564	49166564	49164880	8000	49162564	-4000	4000	2316
chrX	69161521	69169521	69163277	8000	69165521	-4000	4000	-2244
chrX	72127901	72135901	72134407	8000	72131901	-4000	4000	2506
chrX	153052409	153060409	153057311	8000	153056409	-4000	4000	902
chrX	154424633	154432633	154428986	8000	154428633	-4000	4000	353
chrX	154486690	154494690	154488864	8000	154490690	-4000	4000	-1826
chrX	153940687	153948687	153941500	8000	153944687	-4000	4000	-3187
chrX	71140821	71148821	71141346	8000	71144821	-4000	4000	-3475
chrX	100406273	100414273	100407742	8000	100410273	-4000	4000	-2531
chrX	101614001	101622001	101616721	8000	101618001	-4000	4000	-1280
chrX	153720856	153728856	153720873	8000	153724856	-4000	4000	-3983
chrX	54803599	54811599	54810839	8000	54807599	-4000	4000	3240
chrX	101387011	101395011	101392160	8000	101391011	-4000	4000	1149
chrX	47626305	47634305	47629878	8000	47630305	-4000	4000	-427
chrX	49875484	49883484	49881012	8000	49879484	-4000	4000	1528
chrX	142201290	142209290	142203247	8000	142205290	-4000	4000	-2043
chrX	154432913	154440913	154438862	8000	154436913	-4000	4000	1949
chrX	48907958	48915958	48914152	8000	48911958	-4000	4000	2194
chrX	100406273	100414273	100408203	8000	100410273	-4000	4000	-2070
chrX	71251146	71259146	71252830	8000	71255146	-4000	4000	-2316
chrX	135340109	135348109	135347080	8000	135344109	-4000	4000	2971
chrX	46833043	46841043	46837144	8000	46837043	-4000	4000	101
chrX	76423710	76431710	76430665	8000	76427710	-4000	4000	2955
chrX	101618797	101626797	101625831	8000	101622797	-4000	4000	3034
chrX	110791819	110799819	110792097	8000	110795819	-4000	4000	-3722
chrX	71529104	71537104	71530122	8000	71533104	-4000	4000	-2982
chrX	48967844	48975844	48970024	8000	48971844	-4000	4000	-1820
chrX	71614511	71622511	71616598	8000	71618511	-4000	4000	-1913
chrX	1587604	1595604	1594062	8000	1591604	-4000	4000	2458
chrX	106689794	106697794	106694018	8000	106693794	-4000	4000	224
chrX	70129447	70137447	70133976	8000	70133447	-4000	4000	529
chrX	153968754	153976754	153970684	8000	153972754	-4000	4000	-2070
chrX	71140821	71148821	71141950	8000	71144821	-4000	4000	-2871
chrX	23330849	23338849	23335009	8000	23334849	-4000	4000	160
chrX	101614001	101622001	101616504	8000	101618001	-4000	4000	-1497
chrX	119867733	119875733	119871929	8000	119871733	-4000	4000	196
chrX	101655850	101663850	101657466	8000	101659850	-4000	4000	-2384
chrX	101655850	101663850	101657468	8000	101659850	-4000	4000	-2382
chrX	154407524	154415524	154414182	8000	154411524	-4000	4000	2658
chrX	49119735	49127735	49122710	8000	49123735	-4000	4000	-1025
chrX	72177353	72185353	72181823	8000	72181353	-4000	4000	470
chrX	152910442	152918442	152914740	8000	152914442	-4000	4000	298
chrX	65530810	65538810	65534510	8000	65534810	-4000	4000	-300
chrX	108732563	108740563	108733788	8000	108736563	-4000	4000	-2775
chrX	54996363	55004363	55003056	8000	55000363	-4000	4000	2693
chrX	72127901	72135901	72130801	8000	72131901	-4000	4000	-1100
chrX	109531781	109539781	109536990	8000	109535781	-4000	4000	1209
chrX	154486690	154494690	154487604	8000	154490690	-4000	4000	-3086
chrX	57588011	57596011	57594267	8000	57592011	-4000	4000	2256
chrX	107114823	107122823	107116055	8000	107118823	-4000	4000	-2768
chrX	101344742	101352742	101346603	8000	101348742	-4000	4000	-2139
chrX	152729757	152737757	152736432	8000	152733757	-4000	4000	2675
chrX	57588011	57596011	57594422	8000	57592011	-4000	4000	2411
chrX	71114543	71122543	71120987	8000	71118543	-4000	4000	2444
chrX	77965638	77973638	77969456	8000	77969638	-4000	4000	-182
chrX	102121679	102129679	102126936	8000	102125679	-4000	4000	1257
chrX	154407524	154415524	154413527	8000	154411524	-4000	4000	2003
chrX	49119735	49127735	49123654	8000	49123735	-4000	4000	-81
chrX	119232245	119240245	119236433	8000	119236245	-4000	4000	188
chrX	70129447	70137447	70134698	8000	70133447	-4000	4000	1251
chrX	46833043	46841043	46837050	8000	46837043	-4000	4000	7
chrX	85239911	85247911	85247630	8000	85243911	-4000	4000	3719
chrX	134986991	134994991	134991248	8000	134990991	-4000	4000	257
chrX	108732563	108740563	108734772	8000	108736563	-4000	4000	-1791
chrX	69612067	69620067	69616632	8000	69616067	-4000	4000	565
chrX	154486690	154494690	154487575	8000	154490690	-4000	4000	-3115
chrX	47578408	47586408	47585101	8000	47582408	-4000	4000	2693
chrX	103211108	103219108	103216310	8000	103215108	-4000	4000	1202
chrX	154424633	154432633	154429142	8000	154428633	-4000	4000	509
chrX	48967844	48975844	48969581	8000	48971844	-4000	4000	-2263
chrX	108732563	108740563	108734141	8000	108736563	-4000	4000	-2422
chrX	153789516	153797516	153790216	8000	153793516	-4000	4000	-3300
chrX	55485848	55493848	55487483	8000	55489848	-4000	4000	-2365
chrX	53078367	53086367	53083075	8000	53082367	-4000	4000	708
chrX	48967844	48975844	48974057	8000	48971844	-4000	4000	2213
chrX	57117548	57125548	57119939	8000	57121548	-4000	4000	-1609
chrX	119867733	119875733	119871230	8000	119871733	-4000	4000	-503
chrX	142201290	142209290	142203494	8000	142205290	-4000	4000	-1796
chrX	20137838	20145838	20138614	8000	20141838	-4000	4000	-3224
chrX	51739442	51747442	51745761	8000	51743442	-4000	4000	2319
chrX	48570449	48578449	48575642	8000	48574449	-4000	4000	1193
chrX	149925573	149933573	149932351	8000	149929573	-4000	4000	2778
chrX	135018542	135026542	135022086	8000	135022542	-4000	4000	-456
chrX	71114543	71122543	71120139	8000	71118543	-4000	4000	1596
chrX	57588011	57596011	57593174	8000	57592011	-4000	4000	1163
chrX	72127901	72135901	72131328	8000	72131901	-4000	4000	-573
chrX	135048196	135056196	135051926	8000	135052196	-4000	4000	-270
chrX	119867733	119875733	119871631	8000	119871733	-4000	4000	-102
chrX	47141466	47149466	47142250	8000	47145466	-4000	4000	-3216
chrX	48504959	48512959	48512340	8000	48508959	-4000	4000	3381
chrX	53078367	53086367	53083218	8000	53082367	-4000	4000	851
chrX	53430370	53438370	53431405	8000	53434370	-4000	4000	-2965
chrX	54803599	54811599	54811082	8000	54807599	-4000	4000	3483
chrX	54996363	55004363	55002381	8000	55000363	-4000	4000	2018
chrX	55485848	55493848	55487640	8000	55489848	-4000	4000	-2208
chrX	57588011	57596011	57594257	8000	57592011	-4000	4000	2246
chrX	72127901	72135901	72131318	8000	72131901	-4000	4000	-583
chrX	76169040	76177040	76174893	8000	76173040	-4000	4000	1853
chrX	79363667	79371667	79367173	8000	79367667	-4000	4000	-494
chrX	93669578	93677578	93672782	8000	93673578	-4000	4000	-796
chrX	101094188	101102188	101094783	8000	101098188	-4000	4000	-3405
chrX	101546547	101554547	101553054	8000	101550547	-4000	4000	2507
chrX	102647092	102655092	102653821	8000	102651092	-4000	4000	2729
chrX	102647092	102655092	102655013	8000	102651092	-4000	4000	3921
chrX	103603451	103611451	103609515	8000	103607451	-4000	4000	2064
chrX	104162453	104170453	104166867	8000	104166453	-4000	4000	414
chrX	108040970	108048970	108045046	8000	108044970	-4000	4000	76
chrX	108435838	108443838	108439949	8000	108439838	-4000	4000	111
chrX	119867733	119875733	119870568	8000	119871733	-4000	4000	-1165
chrX	119867733	119875733	119871280	8000	119871733	-4000	4000	-453
chrX	135340109	135348109	135347074	8000	135344109	-4000	4000	2965
chrX	135340109	135348109	135347521	8000	135344109	-4000	4000	3412
chrX	141173129	141181129	141176983	8000	141177129	-4000	4000	-146
chrX	142201290	142209290	142202934	8000	142205290	-4000	4000	-2356
chrX	142201290	142209290	142203229	8000	142205290	-4000	4000	-2061
chrX	152729757	152737757	152736743	8000	152733757	-4000	4000	2986
chrX	152765716	152773716	152766532	8000	152769716	-4000	4000	-3184
chrX	153940687	153948687	153942954	8000	153944687	-4000	4000	-1733
chrX	140998594	141006594	141002726	8000	141002594	-4000	4000	132
chrX	71362222	71370222	71367568	8000	71366222	-4000	4000	1346
chrX	18671909	18679909	18672069	8000	18675909	-4000	4000	-3840
chrX	49231470	49239470	49231764	8000	49235470	-4000	4000	-3706
chrX	72127901	72135901	72130963	8000	72131901	-4000	4000	-938
chrX	79363667	79371667	79367245	8000	79367667	-4000	4000	-422
chrX	100635991	100643991	100636793	8000	100639991	-4000	4000	-3198
chrX	48691554	48699554	48699015	8000	48695554	-4000	4000	3461
chrX	103326229	103334229	103332046	8000	103330229	-4000	4000	1817
chrX	55485848	55493848	55488057	8000	55489848	-4000	4000	-1791
chrX	119939751	119947751	119943378	8000	119943751	-4000	4000	-373
chrX	53078367	53086367	53085361	8000	53082367	-4000	4000	2994
chrX	23779173	23787173	23783216	8000	23783173	-4000	4000	43
chrX	93669578	93677578	93673471	8000	93673578	-4000	4000	-107
chrX	152765716	152773716	152767347	8000	152769716	-4000	4000	-2369
chrX	155067420	155075420	155071505	8000	155071420	-4000	4000	85
chrX	100406273	100414273	100406927	8000	100410273	-4000	4000	-3346
chrX	77965638	77973638	77969242	8000	77969638	-4000	4000	-396
chrX	152694767	152702767	152701546	8000	152698767	-4000	4000	2779
chrX	154432913	154440913	154440069	8000	154436913	-4000	4000	3156
chrX	15331554	15339554	15331726	8000	15335554	-4000	4000	-3828
chrX	16119565	16127565	16124337	8000	16123565	-4000	4000	772
chrX	16866362	16874362	16869149	8000	16870362	-4000	4000	-1213
chrX	30649359	30657359	30653602	8000	30653359	-4000	4000	243
chrX	33335609	33343609	33339378	8000	33339609	-4000	4000	-231
chrX	47213860	47221860	47214339	8000	47217860	-4000	4000	-3521
chrX	47655180	47663180	47657811	8000	47659180	-4000	4000	-1369
chrX	48504959	48512959	48511427	8000	48508959	-4000	4000	2468
chrX	49167898	49175898	49174395	8000	49171898	-4000	4000	2497
chrX	49196218	49204218	49199029	8000	49200218	-4000	4000	-1189
chrX	51492592	51500592	51496079	8000	51496592	-4000	4000	-513
chrX	53418690	53426690	53426340	8000	53422690	-4000	4000	3650
chrX	54916462	54924462	54922748	8000	54920462	-4000	4000	2286
chrX	56559627	56567627	56564937	8000	56563627	-4000	4000	1310
chrX	66158671	66166671	66162877	8000	66162671	-4000	4000	206
chrX	69161521	69169521	69161906	8000	69165521	-4000	4000	-3615
chrX	69161521	69169521	69162110	8000	69165521	-4000	4000	-3411
chrX	69161521	69169521	69162213	8000	69165521	-4000	4000	-3308
chrX	69161521	69169521	69162833	8000	69165521	-4000	4000	-2688
chrX	71091851	71099851	71096885	8000	71095851	-4000	4000	1034
chrX	76169040	76177040	76175587	8000	76173040	-4000	4000	2547
chrX	77965638	77973638	77969416	8000	77969638	-4000	4000	-222
chrX	100406273	100414273	100407739	8000	100410273	-4000	4000	-2534
chrX	101094188	101102188	101101187	8000	101098188	-4000	4000	2999
chrX	101546547	101554547	101553708	8000	101550547	-4000	4000	3161
chrX	101546547	101554547	101553850	8000	101550547	-4000	4000	3303
chrX	101614001	101622001	101616334	8000	101618001	-4000	4000	-1667
chrX	101618797	101626797	101625583	8000	101622797	-4000	4000	2786
chrX	102121679	102129679	102126936	8000	102125679	-4000	4000	1257
chrX	102512739	102520739	102513937	8000	102516739	-4000	4000	-2802
chrX	102647092	102655092	102653926	8000	102651092	-4000	4000	2834
chrX	103326229	103334229	103331777	8000	103330229	-4000	4000	1548
chrX	107773342	107781342	107775275	8000	107777342	-4000	4000	-2067
chrX	108732563	108740563	108735148	8000	108736563	-4000	4000	-1415
chrX	116458976	116466976	116459110	8000	116462976	-4000	4000	-3866
chrX	120600074	120608074	120605473	8000	120604074	-4000	4000	1399
chrX	120626054	120634054	120627005	8000	120630054	-4000	4000	-3049
chrX	121043610	121051610	121048267	8000	121047610	-4000	4000	657
chrX	130397987	130405987	130402340	8000	130401987	-4000	4000	353
chrX	135018542	135026542	135021984	8000	135022542	-4000	4000	-558
chrX	135340109	135348109	135347482	8000	135344109	-4000	4000	3373
chrX	136876764	136884764	136879257	8000	136880764	-4000	4000	-1507
chrX	152694767	152702767	152701945	8000	152698767	-4000	4000	3178
chrX	152826967	152834967	152828606	8000	152830967	-4000	4000	-2361
chrX	154454281	154462281	154461539	8000	154458281	-4000	4000	3258
chrX	48894143	48902143	48898505	8000	48898143	-4000	4000	362
chrX	63347332	63355332	63350066	8000	63351332	-4000	4000	-1266
chrX	69161521	69169521	69162658	8000	69165521	-4000	4000	-2863
chrX	71362222	71370222	71366379	8000	71366222	-4000	4000	157
chrX	152729757	152737757	152736488	8000	152733757	-4000	4000	2731
chrX	153940687	153948687	153944624	8000	153944687	-4000	4000	-63
chrX	153052409	153060409	153058673	8000	153056409	-4000	4000	2264
chrX	136776932	136784932	136781102	8000	136780932	-4000	4000	170
chrX	135969841	135977841	135971104	8000	135973841	-4000	4000	-2737
chrX	49167898	49175898	49172024	8000	49171898	-4000	4000	126
chrX	69161521	69169521	69161626	8000	69165521	-4000	4000	-3895
chrX	100406273	100414273	100407859	8000	100410273	-4000	4000	-2414
chrX	100816359	100824359	100823993	8000	100820359	-4000	4000	3634
chrX	73210851	73218851	73213398	8000	73214851	-4000	4000	-1453
chrX	53430370	53438370	53430617	8000	53434370	-4000	4000	-3753
chrX	21835617	21843617	21839782	8000	21839617	-4000	4000	165
chrX	49158564	49166564	49164810	8000	49162564	-4000	4000	2246
chrX	70286514	70294514	70289309	8000	70290514	-4000	4000	-1205
chrX	129535849	129543849	129540788	8000	129539849	-4000	4000	939
chrX	129650956	129658956	129654584	8000	129654956	-4000	4000	-372
chrX	71251146	71259146	71252981	8000	71255146	-4000	4000	-2165
chrX	154440141	154448141	154440410	8000	154444141	-4000	4000	-3731
chrX	34653285	34661285	34657124	8000	34657285	-4000	4000	-161
chrX	108087549	108095549	108087595	8000	108091549	-4000	4000	-3954
chrX	53418690	53426690	53426341	8000	53422690	-4000	4000	3651
chrX	47626305	47634305	47629782	8000	47630305	-4000	4000	-523
chrX	48907958	48915958	48914106	8000	48911958	-4000	4000	2148
chrX	70286514	70294514	70290500	8000	70290514	-4000	4000	-14
chrX	69500326	69508326	69506014	8000	69504326	-4000	4000	1688
chrX	21368801	21376801	21374948	8000	21372801	-4000	4000	2147
chrX	13565601	13573601	13569845	8000	13569601	-4000	4000	244
chrX	76423710	76431710	76428924	8000	76427710	-4000	4000	1214
chrX	121043610	121051610	121048112	8000	121047610	-4000	4000	502
chrX	51739442	51747442	51743621	8000	51743442	-4000	4000	179
chrX	51739442	51747442	51745418	8000	51743442	-4000	4000	1976
chrX	85375717	85383717	85379251	8000	85379717	-4000	4000	-466
chrX	56991827	56999827	56994712	8000	56995827	-4000	4000	-1115
chrX	153052409	153060409	153057109	8000	153056409	-4000	4000	700
chrX	47626305	47634305	47628202	8000	47630305	-4000	4000	-2103
chrX	152729757	152737757	152736537	8000	152733757	-4000	4000	2780
chrX	153720856	153728856	153726014	8000	153724856	-4000	4000	1158
chrX	120600074	120608074	120604858	8000	120604074	-4000	4000	784
chrX	149545924	149553924	149546788	8000	149549924	-4000	4000	-3136
chrX	73210851	73218851	73213352	8000	73214851	-4000	4000	-1499
chrX	101655850	101663850	101656438	8000	101659850	-4000	4000	-3412
chrX	49158564	49166564	49164655	8000	49162564	-4000	4000	2091
chrX	49167898	49175898	49175594	8000	49171898	-4000	4000	3696
chrX	51739442	51747442	51745331	8000	51743442	-4000	4000	1889
chrX	71140821	71148821	71147966	8000	71144821	-4000	4000	3145
chrX	71614511	71622511	71616890	8000	71618511	-4000	4000	-1621
chrX	85375717	85383717	85379286	8000	85379717	-4000	4000	-431
chrX	91430595	91438595	91436599	8000	91434595	-4000	4000	2004
chrX	103372395	103380395	103377762	8000	103376395	-4000	4000	1367
chrX	153052409	153060409	153057537	8000	153056409	-4000	4000	1128
chrX	71140821	71148821	71141964	8000	71144821	-4000	4000	-2857
chrX	85239911	85247911	85247584	8000	85243911	-4000	4000	3673
chrX	23779173	23787173	23783952	8000	23783173	-4000	4000	779
chrX	100406273	100414273	100408208	8000	100410273	-4000	4000	-2065
chrX	100580936	100588936	100585061	8000	100584936	-4000	4000	125
chrX	101618797	101626797	101626204	8000	101622797	-4000	4000	3407
chrX	134986991	134994991	134991248	8000	134990991	-4000	4000	257
chrX	152729757	152737757	152737090	8000	152733757	-4000	4000	3333
chrX	154015902	154023902	154016071	8000	154019902	-4000	4000	-3831
chrX	153790512	153798512	153798340	8000	153794512	-4000	4000	3828
chrX	102595168	102603168	102603078	8000	102599168	-4000	4000	3910
chrX	135048196	135056196	135051322	8000	135052196	-4000	4000	-874
chrX	103603451	103611451	103609308	8000	103607451	-4000	4000	1857
chrX	49119735	49127735	49122423	8000	49123735	-4000	4000	-1312
chrX	51739442	51747442	51743924	8000	51743442	-4000	4000	482
chrX	135028355	135036355	135033058	8000	135032355	-4000	4000	703
chrX	54803599	54811599	54809751	8000	54807599	-4000	4000	2152
chrX	47655180	47663180	47657569	8000	47659180	-4000	4000	-1611
chrX	121043610	121051610	121048759	8000	121047610	-4000	4000	1149
chrX	71614511	71622511	71617152	8000	71618511	-4000	4000	-1359
chrX	123956212	123964212	123960795	8000	123960212	-4000	4000	583
chrX	100406273	100414273	100408127	8000	100410273	-4000	4000	-2146
chrX	11107301	11115301	11112074	8000	11111301	-4000	4000	773
chrX	135018542	135026542	135022235	8000	135022542	-4000	4000	-307
chrX	47626305	47634305	47626423	8000	47630305	-4000	4000	-3882
chrX	47626305	47634305	47626364	8000	47630305	-4000	4000	-3941
chrX	71614511	71622511	71617365	8000	71618511	-4000	4000	-1146
chrX	69161521	69169521	69162985	8000	69165521	-4000	4000	-2536
chrX	81198102	81206102	81202238	8000	81202102	-4000	4000	136
chrX	154432913	154440913	154439007	8000	154436913	-4000	4000	2094
chrX	120600074	120608074	120604214	8000	120604074	-4000	4000	140
chrX	57133523	57141523	57136303	8000	57137523	-4000	4000	-1220
chrX	100406273	100414273	100407060	8000	100410273	-4000	4000	-3213
chrX	16119565	16127565	16123978	8000	16123565	-4000	4000	413
chrX	108732563	108740563	108732884	8000	108736563	-4000	4000	-3679
chrX	153760196	153768196	153767052	8000	153764196	-4000	4000	2856
chrX	76423710	76431710	76428249	8000	76427710	-4000	4000	539
chrX	130335888	130343888	130340339	8000	130339888	-4000	4000	451
chrX	71529104	71537104	71529914	8000	71533104	-4000	4000	-3190
chrX	51739442	51747442	51745601	8000	51743442	-4000	4000	2159
chrX	93669578	93677578	93672870	8000	93673578	-4000	4000	-708
chrX	154454281	154462281	154461210	8000	154458281	-4000	4000	2929
chrX	57906458	57914458	57908214	8000	57910458	-4000	4000	-2244
chrX	103307007	103315007	103309717	8000	103311007	-4000	4000	-1290
chrX	81198102	81206102	81201972	8000	81202102	-4000	4000	-130
chrX	152694767	152702767	152701543	8000	152698767	-4000	4000	2776
chrX	69500326	69508326	69506044	8000	69504326	-4000	4000	1718
chrX	53430370	53438370	53433881	8000	53434370	-4000	4000	-489
chrX	152729757	152737757	152736244	8000	152733757	-4000	4000	2487
chrX	11754159	11762159	11759685	8000	11758159	-4000	4000	1526
chrX	49167898	49175898	49175599	8000	49171898	-4000	4000	3701
chrX	101655850	101663850	101657425	8000	101659850	-4000	4000	-2425
chrX	135028355	135036355	135033402	8000	135032355	-4000	4000	1047
chrX	47626305	47634305	47626357	8000	47630305	-4000	4000	-3948
chrX	76423710	76431710	76428217	8000	76427710	-4000	4000	507
chrX	47228866	47236866	47229664	8000	47232866	-4000	4000	-3202
chrX	152729757	152737757	152737242	8000	152733757	-4000	4000	3485
chrX	154482615	154490615	154485359	8000	154486615	-4000	4000	-1256
chrX	46569765	46577765	46574568	8000	46573765	-4000	4000	803
chrX	11754159	11762159	11760891	8000	11758159	-4000	4000	2732
chrX	55485848	55493848	55488307	8000	55489848	-4000	4000	-1541
chrX	69161521	69169521	69162959	8000	69165521	-4000	4000	-2562
chrX	119867733	119875733	119871229	8000	119871733	-4000	4000	-504
chrX	123180153	123188153	123184512	8000	123184153	-4000	4000	359
chrX	67540021	67548021	67545239	8000	67544021	-4000	4000	1218
chrX	48915024	48923024	48917808	8000	48919024	-4000	4000	-1216
chrX	136493079	136501079	136500193	8000	136497079	-4000	4000	3114
chrX	55448127	55456127	55452475	8000	55452127	-4000	4000	348
chrX	152729757	152737757	152736428	8000	152733757	-4000	4000	2671
chrX	23903938	23911938	23910319	8000	23907938	-4000	4000	2381
chrX	69500326	69508326	69505954	8000	69504326	-4000	4000	1628
chrX	100406273	100414273	100407818	8000	100410273	-4000	4000	-2455
chrX	135048196	135056196	135051778	8000	135052196	-4000	4000	-418
chrX	141173129	141181129	141176601	8000	141177129	-4000	4000	-528
chrX	119867733	119875733	119871819	8000	119871733	-4000	4000	86
chrX	119867733	119875733	119870981	8000	119871733	-4000	4000	-752
chrX	21835617	21843617	21839720	8000	21839617	-4000	4000	103
chrX	76423710	76431710	76430742	8000	76427710	-4000	4000	3032
chrX	100635991	100643991	100636726	8000	100639991	-4000	4000	-3265
chrX	154475281	154483281	154477906	8000	154479281	-4000	4000	-1375
chrX	57117548	57125548	57120513	8000	57121548	-4000	4000	-1035
chrX	119867733	119875733	119871413	8000	119871733	-4000	4000	-320
chrX	71614511	71622511	71617575	8000	71618511	-4000	4000	-936
chrX	108732563	108740563	108735278	8000	108736563	-4000	4000	-1285
chrX	106689794	106697794	106694292	8000	106693794	-4000	4000	498
chrX	1587604	1595604	1595459	8000	1591604	-4000	4000	3855
chrX	13730743	13738743	13734148	8000	13734743	-4000	4000	-595
chrX	49158564	49166564	49166290	8000	49162564	-4000	4000	3726
chrX	71614511	71622511	71617390	8000	71618511	-4000	4000	-1121
chrX	102121679	102129679	102127697	8000	102125679	-4000	4000	2018
chrX	152694767	152702767	152701250	8000	152698767	-4000	4000	2483
chrX	57906458	57914458	57909110	8000	57910458	-4000	4000	-1348
chrX	100406273	100414273	100407748	8000	100410273	-4000	4000	-2525
chrX	101618797	101626797	101625908	8000	101622797	-4000	4000	3111
