Chr	Start	End	Mutation	Size	Middle	Start_C	End_C	Mutations_C
chr1	145906111	145914111	145912056	8000	145910111	-4000	4000	1945
chr1	161148776	161156776	161153822	8000	161152776	-4000	4000	1046
chr1	248344775	248352775	248349077	8000	248348775	-4000	4000	302
chr1	143901977	143909977	143904312	8000	143905977	-4000	4000	-1665
chr1	19284770	19292770	19286262	8000	19288770	-4000	4000	-2508
chr1	152155228	152163228	152155595	8000	152159228	-4000	4000	-3633
chr1	232801416	232809416	232805052	8000	232805416	-4000	4000	-364
chr1	23365836	23373836	23369496	8000	23369836	-4000	4000	-340
chr1	149809693	149817693	149812291	8000	149813693	-4000	4000	-1402
chr1	152755561	152763561	152760603	8000	152759561	-4000	4000	1042
chr1	246503312	246511312	246507283	8000	246507312	-4000	4000	-29
chr1	248855144	248863144	248855418	8000	248859144	-4000	4000	-3726
chr1	45496079	45504079	45500381	8000	45500079	-4000	4000	302
chr1	237886922	237894922	237890148	8000	237890922	-4000	4000	-774
chr1	231333104	231341104	231338305	8000	231337104	-4000	4000	1201
chr1	247601586	247609586	247606502	8000	247605586	-4000	4000	916
chr1	25612791	25620791	25618268	8000	25616791	-4000	4000	1477
chr1	18476930	18484930	18483028	8000	18480930	-4000	4000	2098
chr1	39022318	39030318	39028861	8000	39026318	-4000	4000	2543
chr1	42149410	42157410	42153516	8000	42153410	-4000	4000	106
chr1	149809693	149817693	149813390	8000	149813693	-4000	4000	-303
chr1	152111444	152119444	152111858	8000	152115444	-4000	4000	-3586
chr1	152715522	152723522	152719689	8000	152719522	-4000	4000	167
chr1	159950237	159958237	159951799	8000	159954237	-4000	4000	-2438
chr1	247100372	247108372	247101772	8000	247104372	-4000	4000	-2600
chr1	248855144	248863144	248857848	8000	248859144	-4000	4000	-1296
chr1	37855592	37863592	37857466	8000	37859592	-4000	4000	-2126
chr1	152410263	152418263	152410366	8000	152414263	-4000	4000	-3897
chr1	159710589	159718589	159714052	8000	159714589	-4000	4000	-537
chr1	165352715	165360715	165355718	8000	165356715	-4000	4000	-997
chr1	19247552	19255552	19251813	8000	19251552	-4000	4000	261
chr1	19284770	19292770	19285103	8000	19288770	-4000	4000	-3667
chr1	26107165	26115165	26114330	8000	26111165	-4000	4000	3165
chr1	27379333	27387333	27380117	8000	27383333	-4000	4000	-3216
chr1	36080094	36088094	36085835	8000	36084094	-4000	4000	1741
chr1	93875918	93883918	93877337	8000	93879918	-4000	4000	-2581
chr1	148479302	148487302	148483103	8000	148483302	-4000	4000	-199
chr1	150253251	150261251	150260233	8000	150257251	-4000	4000	2982
chr1	152755561	152763561	152760854	8000	152759561	-4000	4000	1293
chr1	153982358	153990358	153983538	8000	153986358	-4000	4000	-2820
chr1	155907404	155915404	155914223	8000	155911404	-4000	4000	2819
chr1	161162056	161170056	161168025	8000	161166056	-4000	4000	1969
chr1	197142694	197150694	197143455	8000	197146694	-4000	4000	-3239
chr1	204192491	204200491	204192813	8000	204196491	-4000	4000	-3678
chr1	232801416	232809416	232807134	8000	232805416	-4000	4000	1718
chr1	248855144	248863144	248857466	8000	248859144	-4000	4000	-1678
chr1	248855144	248863144	248857457	8000	248859144	-4000	4000	-1687
chr1	109707780	109715780	109712259	8000	109711780	-4000	4000	479
chr1	1720357	1728357	1721603	8000	1724357	-4000	4000	-2754
chr1	155606205	155614205	155611578	8000	155610205	-4000	4000	1373
chr1	46715146	46723146	46717972	8000	46719146	-4000	4000	-1174
chr1	100128955	100136955	100132845	8000	100132955	-4000	4000	-110
chr1	156575723	156583723	156582289	8000	156579723	-4000	4000	2566
chr1	43970487	43978487	43972155	8000	43974487	-4000	4000	-2332
chr1	143901977	143909977	143904370	8000	143905977	-4000	4000	-1607
chr1	149882682	149890682	149886521	8000	149886682	-4000	4000	-161
chr1	222544104	222552104	222548008	8000	222548104	-4000	4000	-96
chr1	13052575	13060575	13053557	8000	13056575	-4000	4000	-3018
chr1	39767348	39775348	39770325	8000	39771348	-4000	4000	-1023
chr1	184047651	184055651	184054790	8000	184051651	-4000	4000	3139
chr1	203182704	203190704	203183727	8000	203186704	-4000	4000	-2977
chr1	162019869	162027869	162019984	8000	162023869	-4000	4000	-3885
chr1	197142694	197150694	197143355	8000	197146694	-4000	4000	-3339
chr1	152802651	152810651	152805425	8000	152806651	-4000	4000	-1226
chr1	152802651	152810651	152805427	8000	152806651	-4000	4000	-1224
chr1	179587613	179595613	179588303	8000	179591613	-4000	4000	-3310
chr1	12787397	12795397	12793374	8000	12791397	-4000	4000	1977
chr1	26314363	26322363	26317976	8000	26318363	-4000	4000	-387
chr1	248320568	248328568	248323712	8000	248324568	-4000	4000	-856
chr1	20657544	20665544	20664589	8000	20661544	-4000	4000	3045
chr1	248469351	248477351	248473878	8000	248473351	-4000	4000	527
chr1	12912610	12920610	12920255	8000	12916610	-4000	4000	3645
chr1	52400423	52408423	52405803	8000	52404423	-4000	4000	1380
chr1	180908897	180916897	180916241	8000	180912897	-4000	4000	3344
chr1	153546136	153554136	153547714	8000	153550136	-4000	4000	-2422
chr1	155297438	155305438	155300985	8000	155301438	-4000	4000	-453
chr1	151032321	151040321	151038939	8000	151036321	-4000	4000	2618
chr1	93341907	93349907	93346623	8000	93345907	-4000	4000	716
chr1	112707433	112715433	112710471	8000	112711433	-4000	4000	-962
chr1	152562780	152570780	152566134	8000	152566780	-4000	4000	-646
chr1	36446451	36454451	36450273	8000	36450451	-4000	4000	-178
chr1	173913327	173921327	173917228	8000	173917327	-4000	4000	-99
chr1	152755561	152763561	152760708	8000	152759561	-4000	4000	1147
chr1	173913327	173921327	173914814	8000	173917327	-4000	4000	-2513
chr1	26314363	26322363	26318024	8000	26318363	-4000	4000	-339
chr1	12844720	12852720	12847829	8000	12848720	-4000	4000	-891
chr1	241995098	242003098	241998820	8000	241999098	-4000	4000	-278
chr1	42654335	42662335	42659319	8000	42658335	-4000	4000	984
chr1	159776932	159784932	159782260	8000	159780932	-4000	4000	1328
chr1	160077538	160085538	160084429	8000	160081538	-4000	4000	2891
chr1	1169880	1177880	1175652	8000	1173880	-4000	4000	1772
chr1	76070746	76078746	76074852	8000	76074746	-4000	4000	106
chr1	151849712	151857712	151853551	8000	151853712	-4000	4000	-161
chr1	158174030	158182030	158180943	8000	158178030	-4000	4000	2913
chr1	145992579	146000579	145996228	8000	145996579	-4000	4000	-351
chr1	162372854	162380854	162373910	8000	162376854	-4000	4000	-2944
chr1	47133435	47141435	47137451	8000	47137435	-4000	4000	16
chr1	244860560	244868560	244862501	8000	244864560	-4000	4000	-2059
chr1	202885149	202893149	202892351	8000	202889149	-4000	4000	3202
chr1	200406056	200414056	200407700	8000	200410056	-4000	4000	-2356
chr1	248570757	248578757	248574629	8000	248574757	-4000	4000	-128
chr1	158349696	158357696	158355431	8000	158353696	-4000	4000	1735
chr1	158349696	158357696	158355432	8000	158353696	-4000	4000	1736
chr1	234369456	234377456	234374369	8000	234373456	-4000	4000	913
chr1	90713302	90721302	90714549	8000	90717302	-4000	4000	-2753
chr1	154970653	154978653	154975757	8000	154974653	-4000	4000	1104
chr1	13367900	13375900	13370662	8000	13371900	-4000	4000	-1238
chr1	152356006	152364006	152357158	8000	152360006	-4000	4000	-2848
chr1	209671412	209679412	209676006	8000	209675412	-4000	4000	594
chr1	45487155	45495155	45494984	8000	45491155	-4000	4000	3829
chr1	248141148	248149148	248145832	8000	248145148	-4000	4000	684
chr1	152997747	153005747	153003097	8000	153001747	-4000	4000	1350
chr1	158682715	158690715	158683496	8000	158686715	-4000	4000	-3219
chr1	227559543	227567543	227563695	8000	227563543	-4000	4000	152
chr1	247734615	247742615	247738656	8000	247738615	-4000	4000	41
chr1	247961233	247969233	247965464	8000	247965233	-4000	4000	231
chr1	248320568	248328568	248324373	8000	248324568	-4000	4000	-195
chr1	31292788	31300788	31296684	8000	31296788	-4000	4000	-104
chr1	31292788	31300788	31296685	8000	31296788	-4000	4000	-103
chr1	109707780	109715780	109713368	8000	109711780	-4000	4000	1588
chr1	26356080	26364080	26361851	8000	26360080	-4000	4000	1771
chr1	12827410	12835410	12828773	8000	12831410	-4000	4000	-2637
chr1	63318567	63326567	63323864	8000	63322567	-4000	4000	1297
chr1	109615929	109623929	109620076	8000	109619929	-4000	4000	147
chr1	152755561	152763561	152760387	8000	152759561	-4000	4000	826
chr1	161520540	161528540	161525612	8000	161524540	-4000	4000	1072
chr1	160281130	160289130	160282107	8000	160285130	-4000	4000	-3023
chr1	110959965	110967965	110963627	8000	110963965	-4000	4000	-338
chr1	150253251	150261251	150260269	8000	150257251	-4000	4000	3018
chr1	160111759	160119759	160115864	8000	160115759	-4000	4000	105
chr1	111444864	111452864	111449189	8000	111448864	-4000	4000	325
chr1	159433845	159441845	159440152	8000	159437845	-4000	4000	2307
chr1	114850863	114858863	114857232	8000	114854863	-4000	4000	2369
chr1	149932879	149940879	149936201	8000	149936879	-4000	4000	-678
chr1	154317090	154325090	154321160	8000	154321090	-4000	4000	70
chr1	153067611	153075611	153070589	8000	153071611	-4000	4000	-1022
chr1	153067611	153075611	153070590	8000	153071611	-4000	4000	-1021
chr1	203182704	203190704	203182841	8000	203186704	-4000	4000	-3863
chr1	28644291	28652291	28648696	8000	28648291	-4000	4000	405
chr1	54014186	54022186	54014241	8000	54018186	-4000	4000	-3945
chr1	1403293	1411293	1405761	8000	1407293	-4000	4000	-1532
chr1	13112854	13120854	13115751	8000	13116854	-4000	4000	-1103
chr1	37510766	37518766	37513509	8000	37514766	-4000	4000	-1257
chr1	160339316	160347316	160339939	8000	160343316	-4000	4000	-3377
chr1	212620474	212628474	212624988	8000	212624474	-4000	4000	514
chr1	67050148	67058148	67053960	8000	67054148	-4000	4000	-188
chr1	152997747	153005747	153003583	8000	153001747	-4000	4000	1836
chr1	152085064	152093064	152085532	8000	152089064	-4000	4000	-3532
chr1	1371207	1379207	1373903	8000	1375207	-4000	4000	-1304
chr1	13343134	13351134	13344486	8000	13347134	-4000	4000	-2648
chr1	150504062	150512062	150504338	8000	150508062	-4000	4000	-3724
chr1	211575161	211583161	211575385	8000	211579161	-4000	4000	-3776
chr1	43970487	43978487	43975847	8000	43974487	-4000	4000	1360
chr1	160858887	160866887	160862648	8000	160862887	-4000	4000	-239
chr1	18476930	18484930	18481783	8000	18480930	-4000	4000	853
chr1	93875918	93883918	93877504	8000	93879918	-4000	4000	-2414
chr1	152085064	152093064	152087375	8000	152089064	-4000	4000	-1689
chr1	152981231	152989231	152985248	8000	152985231	-4000	4000	17
chr1	154563778	154571778	154571367	8000	154567778	-4000	4000	3589
chr1	186676922	186684922	186679164	8000	186680922	-4000	4000	-1758
chr1	248320568	248328568	248324409	8000	248324568	-4000	4000	-159
chr1	158682715	158690715	158685194	8000	158686715	-4000	4000	-1521
chr1	246720409	246728409	246726957	8000	246724409	-4000	4000	2548
chr1	247601586	247609586	247606019	8000	247605586	-4000	4000	433
chr1	42452253	42460253	42456776	8000	42456253	-4000	4000	523
chr1	212620474	212628474	212625525	8000	212624474	-4000	4000	1051
chr1	248469351	248477351	248473842	8000	248473351	-4000	4000	491
chr1	248570757	248578757	248574266	8000	248574757	-4000	4000	-491
chr1	26314363	26322363	26318082	8000	26318363	-4000	4000	-281
chr1	234369456	234377456	234373760	8000	234373456	-4000	4000	304
chr1	6205389	6213389	6207426	8000	6209389	-4000	4000	-1963
chr1	6550513	6558513	6555500	8000	6554513	-4000	4000	987
chr1	12894270	12902270	12894844	8000	12898270	-4000	4000	-3426
chr1	37943057	37951057	37946266	8000	37947057	-4000	4000	-791
chr1	66529267	66537267	66534260	8000	66533267	-4000	4000	993
chr1	86910424	86918424	86914089	8000	86914424	-4000	4000	-335
chr1	109209918	109217918	109213977	8000	109213918	-4000	4000	59
chr1	150922263	150930263	150927915	8000	150926263	-4000	4000	1652
chr1	153387073	153395073	153390035	8000	153391073	-4000	4000	-1038
chr1	154151116	154159116	154152851	8000	154155116	-4000	4000	-2265
chr1	158575899	158583899	158579068	8000	158579899	-4000	4000	-831
chr1	160094943	160102943	160094983	8000	160098943	-4000	4000	-3960
chr1	160707831	160715831	160711748	8000	160711831	-4000	4000	-83
chr1	161627963	161635963	161630367	8000	161631963	-4000	4000	-1596
chr1	173864082	173872082	173870380	8000	173868082	-4000	4000	2298
chr1	186676922	186684922	186679152	8000	186680922	-4000	4000	-1770
chr1	202157588	202165588	202157801	8000	202161588	-4000	4000	-3787
chr1	206113699	206121699	206116273	8000	206117699	-4000	4000	-1426
chr1	211575161	211583161	211576004	8000	211579161	-4000	4000	-3157
chr1	228101411	228109411	228108075	8000	228105411	-4000	4000	2664
chr1	228412861	228420861	228414820	8000	228416861	-4000	4000	-2041
chr1	11922428	11930428	11922784	8000	11926428	-4000	4000	-3644
chr1	26173484	26181484	26180515	8000	26177484	-4000	4000	3031
chr1	26406817	26414817	26410846	8000	26410817	-4000	4000	29
chr1	113975391	113983391	113981135	8000	113979391	-4000	4000	1744
chr1	113975391	113983391	113981136	8000	113979391	-4000	4000	1745
chr1	6575994	6583994	6577030	8000	6579994	-4000	4000	-2964
chr1	159433845	159441845	159439989	8000	159437845	-4000	4000	2144
chr1	11802096	11810096	11803100	8000	11806096	-4000	4000	-2996
chr1	13281174	13289174	13283994	8000	13285174	-4000	4000	-1180
chr1	156746610	156754610	156752190	8000	156750610	-4000	4000	1580
chr1	37943057	37951057	37943816	8000	37947057	-4000	4000	-3241
chr1	85255672	85263672	85258673	8000	85259672	-4000	4000	-999
chr1	153037931	153045931	153040045	8000	153041931	-4000	4000	-1886
chr1	247837896	247845896	247841030	8000	247841896	-4000	4000	-866
chr1	247837896	247845896	247841354	8000	247841896	-4000	4000	-542
chr1	247837896	247845896	247841527	8000	247841896	-4000	4000	-369
chr1	956584	964584	962441	8000	960584	-4000	4000	1857
chr1	16000236	16008236	16004303	8000	16004236	-4000	4000	67
chr1	16014875	16022875	16022691	8000	16018875	-4000	4000	3816
chr1	18626846	18634846	18634463	8000	18630846	-4000	4000	3617
chr1	21973022	21981022	21977058	8000	21977022	-4000	4000	36
chr1	37943057	37951057	37943884	8000	37947057	-4000	4000	-3173
chr1	46937484	46945484	46941269	8000	46941484	-4000	4000	-215
chr1	53138638	53146638	53142439	8000	53142638	-4000	4000	-199
chr1	54994933	55002933	54999252	8000	54998933	-4000	4000	319
chr1	78645796	78653796	78650592	8000	78649796	-4000	4000	796
chr1	93875918	93883918	93877724	8000	93879918	-4000	4000	-2194
chr1	112707433	112715433	112710478	8000	112711433	-4000	4000	-955
chr1	143901977	143909977	143904286	8000	143905977	-4000	4000	-1691
chr1	145992579	146000579	145993675	8000	145996579	-4000	4000	-2904
chr1	149809693	149817693	149813683	8000	149813693	-4000	4000	-10
chr1	152823473	152831473	152827647	8000	152827473	-4000	4000	174
chr1	152981231	152989231	152985239	8000	152985231	-4000	4000	8
chr1	153609145	153617145	153615902	8000	153613145	-4000	4000	2757
chr1	154268589	154276589	154275644	8000	154272589	-4000	4000	3055
chr1	156811640	156819640	156816747	8000	156815640	-4000	4000	1107
chr1	158575899	158583899	158579172	8000	158579899	-4000	4000	-727
chr1	158696652	158704652	158700212	8000	158700652	-4000	4000	-440
chr1	158716720	158724720	158717691	8000	158720720	-4000	4000	-3029
chr1	160950809	160958809	160951179	8000	160954809	-4000	4000	-3630
chr1	161520540	161528540	161526496	8000	161524540	-4000	4000	1956
chr1	206019909	206027909	206023783	8000	206023909	-4000	4000	-126
chr1	206466476	206474476	206474467	8000	206470476	-4000	4000	3991
chr1	224326189	224334189	224330126	8000	224330189	-4000	4000	-63
chr1	228101411	228109411	228107841	8000	228105411	-4000	4000	2430
chr1	245150985	245158985	245155300	8000	245154985	-4000	4000	315
chr1	247100372	247108372	247100837	8000	247104372	-4000	4000	-3535
chr1	248399048	248407048	248406130	8000	248403048	-4000	4000	3082
chr1	149882682	149890682	149886301	8000	149886682	-4000	4000	-381
chr1	43970487	43978487	43970623	8000	43974487	-4000	4000	-3864
chr1	148148322	148156322	148149275	8000	148152322	-4000	4000	-3047
chr1	152576516	152584516	152579700	8000	152580516	-4000	4000	-816
chr1	113069198	113077198	113073567	8000	113073198	-4000	4000	369
chr1	15434442	15442442	15440549	8000	15438442	-4000	4000	2107
chr1	150504062	150512062	150511484	8000	150508062	-4000	4000	3422
chr1	153982358	153990358	153982627	8000	153986358	-4000	4000	-3731
chr1	154866281	154874281	154869401	8000	154870281	-4000	4000	-880
chr1	160735057	160743057	160739293	8000	160739057	-4000	4000	236
chr1	173203331	173211331	173207168	8000	173207331	-4000	4000	-163
chr1	205809748	205817748	205810148	8000	205813748	-4000	4000	-3600
chr1	145992579	146000579	145995223	8000	145996579	-4000	4000	-1356
chr1	149932879	149940879	149933698	8000	149936879	-4000	4000	-3181
chr1	248141148	248149148	248146012	8000	248145148	-4000	4000	864
chr1	18476930	18484930	18483716	8000	18480930	-4000	4000	2786
chr1	154952123	154960123	154957788	8000	154956123	-4000	4000	1665
chr1	210324252	210332252	210328948	8000	210328252	-4000	4000	696
chr1	156208982	156216982	156213022	8000	156212982	-4000	4000	40
chr1	186676922	186684922	186679327	8000	186680922	-4000	4000	-1595
chr1	229430104	229438104	229431456	8000	229434104	-4000	4000	-2648
chr1	161065970	161073970	161073272	8000	161069970	-4000	4000	3302
chr1	162374841	162382841	162382102	8000	162378841	-4000	4000	3261
chr1	202344699	202352699	202348849	8000	202348699	-4000	4000	150
chr1	206861623	206869623	206866009	8000	206865623	-4000	4000	386
chr1	150504062	150512062	150511754	8000	150508062	-4000	4000	3692
chr1	152694345	152702345	152699106	8000	152698345	-4000	4000	761
chr1	109490052	109498052	109490117	8000	109494052	-4000	4000	-3935
chr1	248357665	248365665	248361800	8000	248361665	-4000	4000	135
chr1	155029824	155037824	155033193	8000	155033824	-4000	4000	-631
chr1	155316894	155324894	155320486	8000	155320894	-4000	4000	-408
chr1	197197293	197205293	197200414	8000	197201293	-4000	4000	-879
chr1	89194942	89202942	89195320	8000	89198942	-4000	4000	-3622
chr1	157696769	157704769	157698430	8000	157700769	-4000	4000	-2339
chr1	225920278	225928278	225921971	8000	225924278	-4000	4000	-2307
chr1	32960809	32968809	32964229	8000	32964809	-4000	4000	-580
chr1	52400423	52408423	52405774	8000	52404423	-4000	4000	1351
chr1	223389415	223397415	223395420	8000	223393415	-4000	4000	2005
chr1	39635643	39643643	39639554	8000	39639643	-4000	4000	-89
chr1	152659380	152667380	152664639	8000	152663380	-4000	4000	1259
chr1	161520540	161528540	161526482	8000	161524540	-4000	4000	1942
chr1	150253251	150261251	150258157	8000	150257251	-4000	4000	906
chr1	152220193	152228193	152220443	8000	152224193	-4000	4000	-3750
chr1	89194942	89202942	89195312	8000	89198942	-4000	4000	-3630
chr1	40473290	40481290	40479483	8000	40477290	-4000	4000	2193
chr1	43354981	43362981	43359271	8000	43358981	-4000	4000	290
chr1	151032321	151040321	151033913	8000	151036321	-4000	4000	-2408
chr1	152682123	152690123	152686948	8000	152686123	-4000	4000	825
chr1	247412156	247420156	247418764	8000	247416156	-4000	4000	2608
chr1	12912610	12920610	12919908	8000	12916610	-4000	4000	3298
chr1	13222106	13230106	13225258	8000	13226106	-4000	4000	-848
chr1	145820095	145828095	145826646	8000	145824095	-4000	4000	2551
chr1	151368707	151376707	151369885	8000	151372707	-4000	4000	-2822
chr1	77278019	77286019	77282371	8000	77282019	-4000	4000	352
chr1	149809693	149817693	149813650	8000	149813693	-4000	4000	-43
chr1	150504062	150512062	150511702	8000	150508062	-4000	4000	3640
chr1	154190648	154198648	154191229	8000	154194648	-4000	4000	-3419
chr1	158349696	158357696	158355863	8000	158353696	-4000	4000	2167
chr1	159433845	159441845	159439980	8000	159437845	-4000	4000	2135
chr1	247601586	247609586	247606140	8000	247605586	-4000	4000	554
chr1	11258551	11266551	11259385	8000	11262551	-4000	4000	-3166
chr1	54014186	54022186	54014243	8000	54018186	-4000	4000	-3943
chr1	48218685	48226685	48222895	8000	48222685	-4000	4000	210
chr1	116750430	116758430	116754719	8000	116754430	-4000	4000	289
chr1	155316894	155324894	155320489	8000	155320894	-4000	4000	-405
chr1	227811693	227819693	227817411	8000	227815693	-4000	4000	1718
chr1	227811693	227819693	227817412	8000	227815693	-4000	4000	1719
chr1	235124837	235132837	235127886	8000	235128837	-4000	4000	-951
chr1	26186561	26194561	26188249	8000	26190561	-4000	4000	-2312
chr1	26186561	26194561	26191385	8000	26190561	-4000	4000	824
chr1	150805577	150813577	150812110	8000	150809577	-4000	4000	2533
chr1	157134474	157142474	157136319	8000	157138474	-4000	4000	-2155
chr1	158682715	158690715	158685147	8000	158686715	-4000	4000	-1568
chr1	248855144	248863144	248857447	8000	248859144	-4000	4000	-1697
chr1	109086764	109094764	109094442	8000	109090764	-4000	4000	3678
chr1	113975391	113983391	113981269	8000	113979391	-4000	4000	1878
chr1	202157588	202165588	202159715	8000	202161588	-4000	4000	-1873
chr1	12894270	12902270	12894849	8000	12898270	-4000	4000	-3421
chr1	15732258	15740258	15738725	8000	15736258	-4000	4000	2467
chr1	48468208	48476208	48471964	8000	48472208	-4000	4000	-244
chr1	109707780	109715780	109713374	8000	109711780	-4000	4000	1594
chr1	112616825	112624825	112619775	8000	112620825	-4000	4000	-1050
chr1	147924393	147932393	147928548	8000	147928393	-4000	4000	155
chr1	158327531	158335531	158329857	8000	158331531	-4000	4000	-1674
chr1	186676922	186684922	186679379	8000	186680922	-4000	4000	-1543
chr1	201425866	201433866	201429050	8000	201429866	-4000	4000	-816
chr1	212410901	212418901	212414854	8000	212414901	-4000	4000	-47
chr1	148148322	148156322	148149294	8000	148152322	-4000	4000	-3028
chr1	75720431	75728431	75724638	8000	75724431	-4000	4000	207
chr1	154563778	154571778	154571343	8000	154567778	-4000	4000	3565
chr1	17368196	17376196	17375491	8000	17372196	-4000	4000	3295
chr1	155606205	155614205	155614177	8000	155610205	-4000	4000	3972
chr1	155606205	155614205	155614178	8000	155610205	-4000	4000	3973
chr1	154952123	154960123	154957928	8000	154956123	-4000	4000	1805
chr1	158250424	158258424	158254462	8000	158254424	-4000	4000	38
chr1	158349696	158357696	158356829	8000	158353696	-4000	4000	3133
chr1	63318567	63326567	63323738	8000	63322567	-4000	4000	1171
chr1	110670940	110678940	110673068	8000	110674940	-4000	4000	-1872
chr1	28644291	28652291	28648715	8000	28648291	-4000	4000	424
chr1	155316894	155324894	155320499	8000	155320894	-4000	4000	-395
chr1	237000441	237008441	237004351	8000	237004441	-4000	4000	-90
chr1	66797276	66805276	66801146	8000	66801276	-4000	4000	-130
chr1	158395466	158403466	158398919	8000	158399466	-4000	4000	-547
chr1	248570757	248578757	248574673	8000	248574757	-4000	4000	-84
chr1	212620474	212628474	212626288	8000	212624474	-4000	4000	1814
chr1	1720357	1728357	1721601	8000	1724357	-4000	4000	-2756
chr1	197142694	197150694	197142818	8000	197146694	-4000	4000	-3876
chr1	119892515	119900515	119895973	8000	119896515	-4000	4000	-542
chr1	13343134	13351134	13344568	8000	13347134	-4000	4000	-2566
chr1	66920895	66928895	66924965	8000	66924895	-4000	4000	70
chr1	160363071	160371071	160370945	8000	160367071	-4000	4000	3874
chr1	166163001	166171001	166166303	8000	166167001	-4000	4000	-698
chr1	183414380	183422380	183418286	8000	183418380	-4000	4000	-94
chr1	63318567	63326567	63323535	8000	63322567	-4000	4000	968
chr1	152755561	152763561	152760163	8000	152759561	-4000	4000	602
chr1	158696652	158704652	158699703	8000	158700652	-4000	4000	-949
chr1	237000441	237008441	237004406	8000	237004441	-4000	4000	-35
chr1	152704160	152712160	152709178	8000	152708160	-4000	4000	1018
chr1	151801419	151809419	151801865	8000	151805419	-4000	4000	-3554
chr1	149809693	149817693	149812264	8000	149813693	-4000	4000	-1429
chr1	3017467	3025467	3022597	8000	3021467	-4000	4000	1130
chr1	63589721	63597721	63593719	8000	63593721	-4000	4000	-2
chr1	158682715	158690715	158685193	8000	158686715	-4000	4000	-1522
chr1	247916252	247924252	247921061	8000	247920252	-4000	4000	809
chr1	158250424	158258424	158256988	8000	158254424	-4000	4000	2564
chr1	17368196	17376196	17373080	8000	17372196	-4000	4000	884
chr1	180908897	180916897	180916674	8000	180912897	-4000	4000	3777
chr1	150504062	150512062	150507053	8000	150508062	-4000	4000	-1009
chr1	150504062	150512062	150508167	8000	150508062	-4000	4000	105
chr1	152356006	152364006	152356896	8000	152360006	-4000	4000	-3110
chr1	159710589	159718589	159714065	8000	159714589	-4000	4000	-524
chr1	158174030	158182030	158181668	8000	158178030	-4000	4000	3638
chr1	13367900	13375900	13369361	8000	13371900	-4000	4000	-2539
chr1	51232273	51240273	51236720	8000	51236273	-4000	4000	447
chr1	248469351	248477351	248474279	8000	248473351	-4000	4000	928
chr1	103613427	103621427	103618070	8000	103617427	-4000	4000	643
chr1	13281174	13289174	13281830	8000	13285174	-4000	4000	-3344
chr1	22632628	22640628	22638971	8000	22636628	-4000	4000	2343
chr1	113975391	113983391	113981346	8000	113979391	-4000	4000	1955
chr1	31812022	31820022	31813973	8000	31816022	-4000	4000	-2049
chr1	158777204	158785204	158777254	8000	158781204	-4000	4000	-3950
chr1	17304195	17312195	17308202	8000	17308195	-4000	4000	7
chr1	39022318	39030318	39028818	8000	39026318	-4000	4000	2500
chr1	165540000	165548000	165544244	8000	165544000	-4000	4000	244
chr1	149932879	149940879	149936787	8000	149936879	-4000	4000	-92
chr1	171181249	171189249	171185836	8000	171185249	-4000	4000	587
chr1	75124434	75132434	75130504	8000	75128434	-4000	4000	2070
chr1	157773132	157781132	157777077	8000	157777132	-4000	4000	-55
chr1	158682715	158690715	158683381	8000	158686715	-4000	4000	-3334
chr1	159710589	159718589	159713428	8000	159714589	-4000	4000	-1161
chr1	159950237	159958237	159953619	8000	159954237	-4000	4000	-618
chr1	203182704	203190704	203185207	8000	203186704	-4000	4000	-1497
chr1	214599195	214607195	214605805	8000	214603195	-4000	4000	2610
chr1	226735323	226743323	226737077	8000	226739323	-4000	4000	-2246
chr1	19976416	19984416	19978782	8000	19980416	-4000	4000	-1634
chr1	158327531	158335531	158330843	8000	158331531	-4000	4000	-688
chr1	203022491	203030491	203023181	8000	203026491	-4000	4000	-3310
chr1	211575161	211583161	211575526	8000	211579161	-4000	4000	-3635
chr1	26107165	26115165	26114360	8000	26111165	-4000	4000	3195
chr1	248344775	248352775	248349667	8000	248348775	-4000	4000	892
chr1	196648043	196656043	196651951	8000	196652043	-4000	4000	-92
chr1	241995098	242003098	241996309	8000	241999098	-4000	4000	-2789
chr1	20714017	20722017	20715516	8000	20718017	-4000	4000	-2501
chr1	158327531	158335531	158328255	8000	158331531	-4000	4000	-3276
chr1	32175675	32183675	32181472	8000	32179675	-4000	4000	1797
chr1	32201671	32209671	32207922	8000	32205671	-4000	4000	2251
chr1	247944858	247952858	247949648	8000	247948858	-4000	4000	790
chr1	159532007	159540007	159535654	8000	159536007	-4000	4000	-353
chr1	28229029	28237029	28236188	8000	28233029	-4000	4000	3159
chr1	152755561	152763561	152760599	8000	152759561	-4000	4000	1038
chr1	153199430	153207430	153204755	8000	153203430	-4000	4000	1325
chr1	156575723	156583723	156582283	8000	156579723	-4000	4000	2560
chr1	112707433	112715433	112710799	8000	112711433	-4000	4000	-634
chr1	248320568	248328568	248323865	8000	248324568	-4000	4000	-703
chr1	85704433	85712433	85707834	8000	85708433	-4000	4000	-599
chr1	209671412	209679412	209675837	8000	209675412	-4000	4000	425
chr1	27370824	27378824	27374412	8000	27374824	-4000	4000	-412
chr1	151536305	151544305	151537853	8000	151540305	-4000	4000	-2452
chr1	147924393	147932393	147928455	8000	147928393	-4000	4000	62
chr1	202344699	202352699	202349083	8000	202348699	-4000	4000	384
chr1	247412156	247420156	247419008	8000	247416156	-4000	4000	2852
chr1	152838856	152846856	152843592	8000	152842856	-4000	4000	736
chr1	154563778	154571778	154571196	8000	154567778	-4000	4000	3418
chr1	32647142	32655142	32651948	8000	32651142	-4000	4000	806
chr1	962482	970482	963353	8000	966482	-4000	4000	-3129
chr1	11269198	11277198	11273542	8000	11273198	-4000	4000	344
chr1	12787397	12795397	12793336	8000	12791397	-4000	4000	1939
chr1	26468440	26476440	26475946	8000	26472440	-4000	4000	3506
chr1	37986075	37994075	37987616	8000	37990075	-4000	4000	-2459
chr1	54994933	55002933	54999271	8000	54998933	-4000	4000	338
chr1	152510482	152518482	152515995	8000	152514482	-4000	4000	1513
chr1	158682715	158690715	158683486	8000	158686715	-4000	4000	-3229
chr1	161162056	161170056	161165604	8000	161166056	-4000	4000	-452
chr1	161546737	161554737	161549873	8000	161550737	-4000	4000	-864
chr1	184033729	184041729	184037700	8000	184037729	-4000	4000	-29
chr1	247944858	247952858	247949366	8000	247948858	-4000	4000	508
chr1	248320568	248328568	248324545	8000	248324568	-4000	4000	-23
chr1	12015466	12023466	12022377	8000	12019466	-4000	4000	2911
chr1	158250424	158258424	158254242	8000	158254424	-4000	4000	-182
chr1	247961233	247969233	247966248	8000	247965233	-4000	4000	1015
chr1	32243222	32251222	32247263	8000	32247222	-4000	4000	41
chr1	159941613	159949613	159943596	8000	159945613	-4000	4000	-2017
chr1	114850863	114858863	114857454	8000	114854863	-4000	4000	2591
chr1	226404154	226412154	226407828	8000	226408154	-4000	4000	-326
chr1	248855144	248863144	248858452	8000	248859144	-4000	4000	-692
chr1	1915279	1923279	1923091	8000	1919279	-4000	4000	3812
chr1	12882201	12890201	12883123	8000	12886201	-4000	4000	-3078
chr1	35714894	35722894	35716118	8000	35718894	-4000	4000	-2776
chr1	158716720	158724720	158717999	8000	158720720	-4000	4000	-2721
chr1	109535872	109543872	109543791	8000	109539872	-4000	4000	3919
chr1	170141959	170149959	170146145	8000	170145959	-4000	4000	186
chr1	234369456	234377456	234373529	8000	234373456	-4000	4000	73
chr1	154563778	154571778	154570302	8000	154567778	-4000	4000	2524
chr1	203301491	203309491	203305552	8000	203305491	-4000	4000	61
chr1	11922428	11930428	11922937	8000	11926428	-4000	4000	-3491
chr1	151368707	151376707	151372665	8000	151372707	-4000	4000	-42
chr1	247584360	247592360	247589082	8000	247588360	-4000	4000	722
chr1	152802651	152810651	152805437	8000	152806651	-4000	4000	-1214
chr1	18855682	18863682	18859626	8000	18859682	-4000	4000	-56
chr1	152576516	152584516	152579947	8000	152580516	-4000	4000	-569
chr1	248141148	248149148	248145448	8000	248145148	-4000	4000	300
chr1	248469351	248477351	248473712	8000	248473351	-4000	4000	361
chr1	149809693	149817693	149812364	8000	149813693	-4000	4000	-1329
chr1	152997747	153005747	153003423	8000	153001747	-4000	4000	1676
chr1	158327531	158335531	158330016	8000	158331531	-4000	4000	-1515
chr1	168539997	168547997	168543955	8000	168543997	-4000	4000	-42
chr1	151849712	151857712	151851123	8000	151853712	-4000	4000	-2589
chr1	46937484	46945484	46941380	8000	46941484	-4000	4000	-104
chr1	207084860	207092860	207089567	8000	207088860	-4000	4000	707
chr1	32243222	32251222	32247588	8000	32247222	-4000	4000	366
chr1	247916252	247924252	247921336	8000	247920252	-4000	4000	1084
chr1	157696769	157704769	157697543	8000	157700769	-4000	4000	-3226
chr1	248570757	248578757	248574378	8000	248574757	-4000	4000	-379
chr1	152596234	152604234	152600671	8000	152600234	-4000	4000	437
chr1	63318567	63326567	63323146	8000	63322567	-4000	4000	579
chr1	152807971	152815971	152812928	8000	152811971	-4000	4000	957
chr1	160950809	160958809	160951046	8000	160954809	-4000	4000	-3763
chr1	223360233	223368233	223363282	8000	223364233	-4000	4000	-951
chr1	103613427	103621427	103619018	8000	103617427	-4000	4000	1591
chr1	153412520	153420520	153419206	8000	153416520	-4000	4000	2686
chr1	158575899	158583899	158579093	8000	158579899	-4000	4000	-806
chr1	159532007	159540007	159535348	8000	159536007	-4000	4000	-659
chr1	160147586	160155586	160153225	8000	160151586	-4000	4000	1639
chr1	247601586	247609586	247606087	8000	247605586	-4000	4000	501
chr1	150289861	150297861	150294400	8000	150293861	-4000	4000	539
chr1	27388622	27396622	27394609	8000	27392622	-4000	4000	1987
chr1	201884680	201892680	201890476	8000	201888680	-4000	4000	1796
chr1	56520495	56528495	56524521	8000	56524495	-4000	4000	26
chr1	228421360	228429360	228424867	8000	228425360	-4000	4000	-493
chr1	207084860	207092860	207089549	8000	207088860	-4000	4000	689
chr1	158327531	158335531	158329622	8000	158331531	-4000	4000	-1909
chr1	28549085	28557085	28553658	8000	28553085	-4000	4000	573
chr1	148479302	148487302	148483241	8000	148483302	-4000	4000	-61
chr1	152997747	153005747	153003016	8000	153001747	-4000	4000	1269
chr1	206199346	206207346	206199830	8000	206203346	-4000	4000	-3516
chr1	153199430	153207430	153204712	8000	153203430	-4000	4000	1282
chr1	15732258	15740258	15736717	8000	15736258	-4000	4000	459
chr1	56850797	56858797	56854869	8000	56854797	-4000	4000	72
chr1	149882682	149890682	149886455	8000	149886682	-4000	4000	-227
chr1	154498219	154506219	154499236	8000	154502219	-4000	4000	-2983
chr1	185730391	185738391	185735016	8000	185734391	-4000	4000	625
chr1	201942588	201950588	201946188	8000	201946588	-4000	4000	-400
chr1	223389415	223397415	223394880	8000	223393415	-4000	4000	1465
chr1	246503312	246511312	246507070	8000	246507312	-4000	4000	-242
chr1	47412285	47420285	47416684	8000	47416285	-4000	4000	399
chr1	101232865	101240865	101238922	8000	101236865	-4000	4000	2057
chr1	149923803	149931803	149926722	8000	149927803	-4000	4000	-1081
chr1	193102114	193110114	193105522	8000	193106114	-4000	4000	-592
chr1	247944858	247952858	247949043	8000	247948858	-4000	4000	185
chr1	159710589	159718589	159713937	8000	159714589	-4000	4000	-652
chr1	206113699	206121699	206116505	8000	206117699	-4000	4000	-1194
chr1	200868981	200876981	200873987	8000	200872981	-4000	4000	1006
chr1	154970653	154978653	154978037	8000	154974653	-4000	4000	3384
chr1	42149410	42157410	42155548	8000	42153410	-4000	4000	2138
chr1	12882201	12890201	12883340	8000	12886201	-4000	4000	-2861
chr1	16014875	16022875	16015581	8000	16018875	-4000	4000	-3294
chr1	38042793	38050793	38045687	8000	38046793	-4000	4000	-1106
chr1	145906111	145914111	145912221	8000	145910111	-4000	4000	2110
chr1	152155228	152163228	152156543	8000	152159228	-4000	4000	-2685
chr1	161041977	161049977	161048438	8000	161045977	-4000	4000	2461
chr1	207084860	207092860	207089443	8000	207088860	-4000	4000	583
chr1	224352858	224360858	224356993	8000	224356858	-4000	4000	135
chr1	158327531	158335531	158328045	8000	158331531	-4000	4000	-3486
chr1	236600516	236608516	236603332	8000	236604516	-4000	4000	-1184
chr1	84475259	84483259	84479482	8000	84479259	-4000	4000	223
chr1	111469792	111477792	111477704	8000	111473792	-4000	4000	3912
chr1	152111444	152119444	152112664	8000	152115444	-4000	4000	-2780
chr1	44804482	44812482	44810262	8000	44808482	-4000	4000	1780
chr1	158682715	158690715	158683374	8000	158686715	-4000	4000	-3341
chr1	172528349	172536349	172532500	8000	172532349	-4000	4000	151
chr1	23787145	23795145	23787468	8000	23791145	-4000	4000	-3677
chr1	120885771	120893771	120889872	8000	120889771	-4000	4000	101
chr1	248469351	248477351	248474151	8000	248473351	-4000	4000	800
chr1	248631091	248639091	248638511	8000	248635091	-4000	4000	3420
chr1	89194942	89202942	89197189	8000	89198942	-4000	4000	-1753
chr1	149923803	149931803	149930684	8000	149927803	-4000	4000	2881
chr1	12853086	12861086	12860210	8000	12857086	-4000	4000	3124
chr1	152755561	152763561	152760619	8000	152759561	-4000	4000	1058
chr1	200616751	200624751	200617773	8000	200620751	-4000	4000	-2978
chr1	201951503	201959503	201955494	8000	201955503	-4000	4000	-9
chr1	11922428	11930428	11922782	8000	11926428	-4000	4000	-3646
chr1	18626846	18634846	18634520	8000	18630846	-4000	4000	3674
chr1	43970487	43978487	43978033	8000	43974487	-4000	4000	3546
chr1	44804482	44812482	44810302	8000	44808482	-4000	4000	1820
chr1	74194187	74202187	74199689	8000	74198187	-4000	4000	1502
chr1	92482925	92490925	92483015	8000	92486925	-4000	4000	-3910
chr1	161363876	161371876	161365556	8000	161367876	-4000	4000	-2320
chr1	197264204	197272204	197268401	8000	197268204	-4000	4000	197
chr1	152755561	152763561	152761309	8000	152759561	-4000	4000	1748
chr1	154563778	154571778	154571384	8000	154567778	-4000	4000	3606
chr1	207492147	207500147	207496294	8000	207496147	-4000	4000	147
chr1	152356006	152364006	152356023	8000	152360006	-4000	4000	-3983
chr1	248855144	248863144	248858584	8000	248859144	-4000	4000	-560
chr1	149882682	149890682	149886630	8000	149886682	-4000	4000	-52
chr1	158250424	158258424	158255328	8000	158254424	-4000	4000	904
chr1	47019669	47027669	47023991	8000	47023669	-4000	4000	322
chr1	152715522	152723522	152719800	8000	152719522	-4000	4000	278
chr1	19247552	19255552	19251446	8000	19251552	-4000	4000	-106
chr1	226735323	226743323	226736725	8000	226739323	-4000	4000	-2598
chr1	153109516	153117516	153112592	8000	153113516	-4000	4000	-924
chr1	248570757	248578757	248574114	8000	248574757	-4000	4000	-643
chr1	228421360	228429360	228424886	8000	228425360	-4000	4000	-474
chr1	151801419	151809419	151801558	8000	151805419	-4000	4000	-3861
chr1	247734615	247742615	247739555	8000	247738615	-4000	4000	940
chr1	226735323	226743323	226735634	8000	226739323	-4000	4000	-3689
chr1	248344775	248352775	248349485	8000	248348775	-4000	4000	710
chr1	54994933	55002933	54999223	8000	54998933	-4000	4000	290
chr1	160281130	160289130	160283010	8000	160285130	-4000	4000	-2120
chr1	160792074	160800074	160799833	8000	160796074	-4000	4000	3759
chr1	158716720	158724720	158717701	8000	158720720	-4000	4000	-3019
chr1	32243222	32251222	32247274	8000	32247222	-4000	4000	52
chr1	89146456	89154456	89152437	8000	89150456	-4000	4000	1981
chr1	111196771	111204771	111199665	8000	111200771	-4000	4000	-1106
chr1	158696652	158704652	158700037	8000	158700652	-4000	4000	-615
chr1	52923276	52931276	52927335	8000	52927276	-4000	4000	59
chr1	161162056	161170056	161167414	8000	161166056	-4000	4000	1358
chr1	229430104	229438104	229432040	8000	229434104	-4000	4000	-2064
chr1	231333104	231341104	231338269	8000	231337104	-4000	4000	1165
chr1	37591937	37599937	37595823	8000	37595937	-4000	4000	-114
chr1	109906242	109914242	109910782	8000	109910242	-4000	4000	540
chr1	247584360	247592360	247588797	8000	247588360	-4000	4000	437
chr1	153435949	153443949	153438312	8000	153439949	-4000	4000	-1637
chr1	111342600	111350600	111347042	8000	111346600	-4000	4000	442
chr1	152904546	152912546	152910375	8000	152908546	-4000	4000	1829
chr1	203182704	203190704	203185302	8000	203186704	-4000	4000	-1402
chr1	45496079	45504079	45500262	8000	45500079	-4000	4000	183
chr1	86910424	86918424	86914265	8000	86914424	-4000	4000	-159
chr1	12827410	12835410	12827599	8000	12831410	-4000	4000	-3811
chr1	70350734	70358734	70354983	8000	70354734	-4000	4000	249
chr1	152111444	152119444	152112738	8000	152115444	-4000	4000	-2706
chr1	1016120	1024120	1022338	8000	1020120	-4000	4000	2218
chr1	152111444	152119444	152111445	8000	152115444	-4000	4000	-3999
chr1	223389415	223397415	223394597	8000	223393415	-4000	4000	1182
chr1	247601586	247609586	247605662	8000	247605586	-4000	4000	76
chr1	248570757	248578757	248574470	8000	248574757	-4000	4000	-287
chr1	158285923	158293923	158289946	8000	158289923	-4000	4000	23
chr1	37591937	37599937	37595832	8000	37595937	-4000	4000	-105
chr1	153371621	153379621	153373793	8000	153375621	-4000	4000	-1828
chr1	159433845	159441845	159440469	8000	159437845	-4000	4000	2624
chr1	229430104	229438104	229433047	8000	229434104	-4000	4000	-1057
chr1	237886922	237894922	237888466	8000	237890922	-4000	4000	-2456
chr1	159710589	159718589	159713744	8000	159714589	-4000	4000	-845
chr1	173864082	173872082	173870206	8000	173868082	-4000	4000	2124
chr1	211575161	211583161	211576049	8000	211579161	-4000	4000	-3112
chr1	211671630	211679630	211675524	8000	211675630	-4000	4000	-106
chr1	219169869	219177869	219173906	8000	219173869	-4000	4000	37
chr1	237886922	237894922	237889932	8000	237890922	-4000	4000	-990
chr1	206919247	206927247	206921849	8000	206923247	-4000	4000	-1398
chr1	109393918	109401918	109401902	8000	109397918	-4000	4000	3984
chr1	148148322	148156322	148149324	8000	148152322	-4000	4000	-2998
chr1	152802651	152810651	152805443	8000	152806651	-4000	4000	-1208
chr1	145603988	145611988	145608100	8000	145607988	-4000	4000	112
chr1	17245098	17253098	17249218	8000	17249098	-4000	4000	120
chr1	90713302	90721302	90716977	8000	90717302	-4000	4000	-325
chr1	159433845	159441845	159440213	8000	159437845	-4000	4000	2368
chr1	13385632	13393632	13389926	8000	13389632	-4000	4000	294
chr1	206766764	206774764	206768660	8000	206770764	-4000	4000	-2104
chr1	220090132	220098132	220096193	8000	220094132	-4000	4000	2061
chr1	75928404	75936404	75932102	8000	75932404	-4000	4000	-302
chr1	46715146	46723146	46718167	8000	46719146	-4000	4000	-979
chr1	153412520	153420520	153419328	8000	153416520	-4000	4000	2808
chr1	161034962	161042962	161040648	8000	161038962	-4000	4000	1686
chr1	158327531	158335531	158329585	8000	158331531	-4000	4000	-1946
chr1	20115566	20123566	20119488	8000	20119566	-4000	4000	-78
chr1	201884680	201892680	201889504	8000	201888680	-4000	4000	824
chr1	248570757	248578757	248574714	8000	248574757	-4000	4000	-43
chr1	12827410	12835410	12827750	8000	12831410	-4000	4000	-3660
chr1	86910424	86918424	86915110	8000	86914424	-4000	4000	686
chr1	149882682	149890682	149886215	8000	149886682	-4000	4000	-467
chr1	149923803	149931803	149931422	8000	149927803	-4000	4000	3619
chr1	237886922	237894922	237888391	8000	237890922	-4000	4000	-2531
chr1	24139140	24147140	24143118	8000	24143140	-4000	4000	-22
chr1	71043816	71051816	71047200	8000	71047816	-4000	4000	-616
chr1	151536305	151544305	151536821	8000	151540305	-4000	4000	-3484
chr1	153308952	153316952	153310621	8000	153312952	-4000	4000	-2331
chr1	161546737	161554737	161548461	8000	161550737	-4000	4000	-2276
chr1	173913327	173921327	173914882	8000	173917327	-4000	4000	-2445
chr1	200665907	200673907	200666194	8000	200669907	-4000	4000	-3713
chr1	158696652	158704652	158700193	8000	158700652	-4000	4000	-459
chr1	149882682	149890682	149886087	8000	149886682	-4000	4000	-595
chr1	154202333	154210333	154207625	8000	154206333	-4000	4000	1292
chr1	13112854	13120854	13116119	8000	13116854	-4000	4000	-735
chr1	21973022	21981022	21978410	8000	21977022	-4000	4000	1388
chr1	114691618	114699618	114693449	8000	114695618	-4000	4000	-2169
chr1	246562444	246570444	246566041	8000	246566444	-4000	4000	-403
chr1	109279186	109287186	109281924	8000	109283186	-4000	4000	-1262
chr1	119807580	119815580	119808844	8000	119811580	-4000	4000	-2736
chr1	161627963	161635963	161631231	8000	161631963	-4000	4000	-732
chr1	23527233	23535233	23530542	8000	23531233	-4000	4000	-691
chr1	244447909	244455909	244451797	8000	244451909	-4000	4000	-112
chr1	16014875	16022875	16015435	8000	16018875	-4000	4000	-3440
chr1	248855144	248863144	248858458	8000	248859144	-4000	4000	-686
chr1	237886922	237894922	237888472	8000	237890922	-4000	4000	-2450
chr1	21973022	21981022	21978429	8000	21977022	-4000	4000	1407
chr1	205080460	205088460	205084202	8000	205084460	-4000	4000	-258
chr1	247916252	247924252	247921268	8000	247920252	-4000	4000	1016
chr1	230974875	230982875	230979232	8000	230978875	-4000	4000	357
chr1	75720431	75728431	75724584	8000	75724431	-4000	4000	153
chr1	109535872	109543872	109543751	8000	109539872	-4000	4000	3879
chr1	154979338	154987338	154983525	8000	154983338	-4000	4000	187
chr1	158327531	158335531	158328131	8000	158331531	-4000	4000	-3400
chr1	161034962	161042962	161039827	8000	161038962	-4000	4000	865
chr1	169582588	169590588	169586501	8000	169586588	-4000	4000	-87
chr1	12912610	12920610	12917884	8000	12916610	-4000	4000	1274
chr1	248344775	248352775	248349323	8000	248348775	-4000	4000	548
chr1	158285923	158293923	158291383	8000	158289923	-4000	4000	1460
chr1	155606205	155614205	155611480	8000	155610205	-4000	4000	1275
chr1	27379333	27387333	27379884	8000	27383333	-4000	4000	-3449
chr1	145603988	145611988	145608052	8000	145607988	-4000	4000	64
chr1	247734615	247742615	247738656	8000	247738615	-4000	4000	41
chr1	12882201	12890201	12882424	8000	12886201	-4000	4000	-3777
chr1	23365836	23373836	23371091	8000	23369836	-4000	4000	1255
chr1	108708908	108716908	108713516	8000	108712908	-4000	4000	608
chr1	248399048	248407048	248406748	8000	248403048	-4000	4000	3700
chr1	201951503	201959503	201955543	8000	201955503	-4000	4000	40
chr1	226305869	226313869	226309460	8000	226309869	-4000	4000	-409
chr1	182585256	182593256	182585809	8000	182589256	-4000	4000	-3447
chr1	101232865	101240865	101239928	8000	101236865	-4000	4000	3063
chr1	152155228	152163228	152156838	8000	152159228	-4000	4000	-2390
chr1	18476930	18484930	18481418	8000	18480930	-4000	4000	488
chr1	110959965	110967965	110963627	8000	110963965	-4000	4000	-338
chr1	149809693	149817693	149813574	8000	149813693	-4000	4000	-119
chr1	149882682	149890682	149886428	8000	149886682	-4000	4000	-254
chr1	226404154	226412154	226407902	8000	226408154	-4000	4000	-252
chr1	3017467	3025467	3022696	8000	3021467	-4000	4000	1229
chr1	115839917	115847917	115840238	8000	115843917	-4000	4000	-3679
chr1	202157588	202165588	202161543	8000	202161588	-4000	4000	-45
chr1	232801416	232809416	232808569	8000	232805416	-4000	4000	3153
chr1	149882682	149890682	149886569	8000	149886682	-4000	4000	-113
chr1	152619103	152627103	152623023	8000	152623103	-4000	4000	-80
chr1	153053512	153061512	153056273	8000	153057512	-4000	4000	-1239
chr1	247837896	247845896	247841124	8000	247841896	-4000	4000	-772
chr1	224352858	224360858	224356919	8000	224356858	-4000	4000	61
chr1	211575161	211583161	211576005	8000	211579161	-4000	4000	-3156
chr1	70350734	70358734	70355116	8000	70354734	-4000	4000	382
chr1	109490052	109498052	109490285	8000	109494052	-4000	4000	-3767
chr1	114577629	114585629	114581552	8000	114581629	-4000	4000	-77
chr1	149882682	149890682	149886378	8000	149886682	-4000	4000	-304
chr1	150693154	150701154	150698712	8000	150697154	-4000	4000	1558
chr1	151152664	151160664	151159454	8000	151156664	-4000	4000	2790
chr1	155136595	155144595	155140252	8000	155140595	-4000	4000	-343
chr1	158327531	158335531	158331369	8000	158331531	-4000	4000	-162
chr1	158716720	158724720	158717630	8000	158720720	-4000	4000	-3090
chr1	161041977	161049977	161047819	8000	161045977	-4000	4000	1842
chr1	212410901	212418901	212414854	8000	212414901	-4000	4000	-47
chr1	247944858	247952858	247949380	8000	247948858	-4000	4000	522
chr1	110206314	110214314	110211505	8000	110210314	-4000	4000	1191
chr1	110206314	110214314	110211927	8000	110210314	-4000	4000	1613
chr1	152356006	152364006	152356868	8000	152360006	-4000	4000	-3138
chr1	159776932	159784932	159782228	8000	159780932	-4000	4000	1296
chr1	159776932	159784932	159782432	8000	159780932	-4000	4000	1500
chr1	247584360	247592360	247588944	8000	247588360	-4000	4000	584
chr1	77215430	77223430	77219337	8000	77219430	-4000	4000	-93
chr1	158349696	158357696	158355307	8000	158353696	-4000	4000	1611
chr1	152356006	152364006	152356338	8000	152360006	-4000	4000	-3668
chr1	153053512	153061512	153056439	8000	153057512	-4000	4000	-1073
chr1	180908897	180916897	180916230	8000	180912897	-4000	4000	3333
chr1	186676922	186684922	186678373	8000	186680922	-4000	4000	-2549
chr1	162019869	162027869	162023304	8000	162023869	-4000	4000	-565
chr1	170141959	170149959	170146117	8000	170145959	-4000	4000	158
chr1	13343134	13351134	13344592	8000	13347134	-4000	4000	-2542
chr1	90713302	90721302	90714663	8000	90717302	-4000	4000	-2639
chr1	160792074	160800074	160799833	8000	160796074	-4000	4000	3759
chr1	192571763	192579763	192576828	8000	192575763	-4000	4000	1065
chr1	109535872	109543872	109543727	8000	109539872	-4000	4000	3855
chr1	226057851	226065851	226064358	8000	226061851	-4000	4000	2507
chr1	12769738	12777738	12775671	8000	12773738	-4000	4000	1933
chr1	158250424	158258424	158254527	8000	158254424	-4000	4000	103
chr1	152085064	152093064	152085302	8000	152089064	-4000	4000	-3762
chr1	237886922	237894922	237888427	8000	237890922	-4000	4000	-2495
chr1	89268860	89276860	89269392	8000	89272860	-4000	4000	-3468
chr1	152659380	152667380	152664564	8000	152663380	-4000	4000	1184
chr1	173046941	173054941	173050784	8000	173050941	-4000	4000	-157
chr1	39767348	39775348	39769842	8000	39771348	-4000	4000	-1506
chr1	160147586	160155586	160151922	8000	160151586	-4000	4000	336
chr1	956584	964584	961658	8000	960584	-4000	4000	1074
chr1	166163001	166171001	166166177	8000	166167001	-4000	4000	-824
chr1	145992579	146000579	145993423	8000	145996579	-4000	4000	-3156
chr1	10468288	10476288	10472424	8000	10472288	-4000	4000	136
chr1	32196595	32204595	32202037	8000	32200595	-4000	4000	1442
chr1	101232865	101240865	101240007	8000	101236865	-4000	4000	3142
chr1	114850863	114858863	114855474	8000	114854863	-4000	4000	611
chr1	120885771	120893771	120889826	8000	120889771	-4000	4000	55
chr1	157696769	157704769	157697688	8000	157700769	-4000	4000	-3081
chr1	161041977	161049977	161047895	8000	161045977	-4000	4000	1918
chr1	162372854	162380854	162376700	8000	162376854	-4000	4000	-154
chr1	200616751	200624751	200618333	8000	200620751	-4000	4000	-2418
chr1	201884680	201892680	201890493	8000	201888680	-4000	4000	1813
chr1	203182704	203190704	203185224	8000	203186704	-4000	4000	-1480
chr1	204407887	204415887	204409718	8000	204411887	-4000	4000	-2169
chr1	205080460	205088460	205083613	8000	205084460	-4000	4000	-847
chr1	211671630	211679630	211673575	8000	211675630	-4000	4000	-2055
chr1	212620474	212628474	212625940	8000	212624474	-4000	4000	1466
chr1	212620474	212628474	212626351	8000	212624474	-4000	4000	1877
chr1	223389415	223397415	223395470	8000	223393415	-4000	4000	2055
chr1	226735323	226743323	226735958	8000	226739323	-4000	4000	-3365
chr1	227811693	227819693	227816099	8000	227815693	-4000	4000	406
chr1	228412861	228420861	228413845	8000	228416861	-4000	4000	-3016
chr1	247100372	247108372	247102003	8000	247104372	-4000	4000	-2369
chr1	248357665	248365665	248362579	8000	248361665	-4000	4000	914
chr1	145992579	146000579	145994992	8000	145996579	-4000	4000	-1587
chr1	45007324	45015324	45013558	8000	45011324	-4000	4000	2234
chr1	158174030	158182030	158181588	8000	158178030	-4000	4000	3558
chr1	12787397	12795397	12794014	8000	12791397	-4000	4000	2617
chr1	156278825	156286825	156285884	8000	156282825	-4000	4000	3059
chr1	23365836	23373836	23370247	8000	23369836	-4000	4000	411
chr1	27668212	27676212	27669329	8000	27672212	-4000	4000	-2883
chr1	46336789	46344789	46341994	8000	46340789	-4000	4000	1205
chr1	153067611	153075611	153070538	8000	153071611	-4000	4000	-1073
chr1	159532007	159540007	159535322	8000	159536007	-4000	4000	-685
chr1	162374841	162382841	162382208	8000	162378841	-4000	4000	3367
chr1	161627963	161635963	161630374	8000	161631963	-4000	4000	-1589
chr1	42736254	42744254	42738237	8000	42740254	-4000	4000	-2017
chr1	152410263	152418263	152410681	8000	152414263	-4000	4000	-3582
chr1	247961233	247969233	247965505	8000	247965233	-4000	4000	272
chr1	76863480	76871480	76868646	8000	76867480	-4000	4000	1166
chr1	153067611	153075611	153070576	8000	153071611	-4000	4000	-1035
chr1	115972513	115980513	115976586	8000	115976513	-4000	4000	73
chr1	151801419	151809419	151807633	8000	151805419	-4000	4000	2214
chr1	152356006	152364006	152357216	8000	152360006	-4000	4000	-2790
chr1	152755561	152763561	152760400	8000	152759561	-4000	4000	839
chr1	152807971	152815971	152813070	8000	152811971	-4000	4000	1099
chr1	153067611	153075611	153070595	8000	153071611	-4000	4000	-1016
chr1	172655103	172663103	172659508	8000	172659103	-4000	4000	405
chr1	158250424	158258424	158254509	8000	158254424	-4000	4000	85
chr1	173864082	173872082	173865268	8000	173868082	-4000	4000	-2814
chr1	154979338	154987338	154983777	8000	154983338	-4000	4000	439
chr1	223389415	223397415	223395126	8000	223393415	-4000	4000	1711
chr1	32243222	32251222	32247498	8000	32247222	-4000	4000	276
chr1	109535872	109543872	109543774	8000	109539872	-4000	4000	3902
chr1	110515175	110523175	110518687	8000	110519175	-4000	4000	-488
chr1	173864082	173872082	173864703	8000	173868082	-4000	4000	-3379
chr1	247944858	247952858	247949110	8000	247948858	-4000	4000	252
chr1	13299539	13307539	13305985	8000	13303539	-4000	4000	2446
chr1	32201671	32209671	32207899	8000	32205671	-4000	4000	2228
chr1	44670692	44678692	44674362	8000	44674692	-4000	4000	-330
chr1	46336789	46344789	46340795	8000	46340789	-4000	4000	6
chr1	149923803	149931803	149928751	8000	149927803	-4000	4000	948
chr1	151849712	151857712	151851074	8000	151853712	-4000	4000	-2638
chr1	152085064	152093064	152088045	8000	152089064	-4000	4000	-1019
chr1	153435949	153443949	153438198	8000	153439949	-4000	4000	-1751
chr1	154979338	154987338	154984055	8000	154983338	-4000	4000	717
chr1	156673407	156681407	156675239	8000	156677407	-4000	4000	-2168
chr1	161193104	161201104	161196086	8000	161197104	-4000	4000	-1018
chr1	181029374	181037374	181034072	8000	181033374	-4000	4000	698
chr1	193102114	193110114	193105599	8000	193106114	-4000	4000	-515
chr1	202924636	202932636	202925085	8000	202928636	-4000	4000	-3551
chr1	216419448	216427448	216422285	8000	216423448	-4000	4000	-1163
chr1	224171756	224179756	224175849	8000	224175756	-4000	4000	93
chr1	230743384	230751384	230747558	8000	230747384	-4000	4000	174
chr1	150504062	150512062	150510155	8000	150508062	-4000	4000	2093
chr1	152755561	152763561	152760711	8000	152759561	-4000	4000	1150
chr1	160339316	160347316	160339923	8000	160343316	-4000	4000	-3393
chr1	160950809	160958809	160954762	8000	160954809	-4000	4000	-47
chr1	161193104	161201104	161196554	8000	161197104	-4000	4000	-550
chr1	186676922	186684922	186679074	8000	186680922	-4000	4000	-1848
chr1	228421360	228429360	228425148	8000	228425360	-4000	4000	-212
chr1	237886922	237894922	237889939	8000	237890922	-4000	4000	-983
chr1	247853187	247861187	247860623	8000	247857187	-4000	4000	3436
chr1	247944858	247952858	247949709	8000	247948858	-4000	4000	851
chr1	247961233	247969233	247966137	8000	247965233	-4000	4000	904
chr1	248631091	248639091	248638737	8000	248635091	-4000	4000	3646
chr1	1276436	1284436	1281422	8000	1280436	-4000	4000	986
chr1	2522597	2530597	2526579	8000	2526597	-4000	4000	-18
chr1	15613458	15621458	15617623	8000	15617458	-4000	4000	165
chr1	32068031	32076031	32073022	8000	32072031	-4000	4000	991
chr1	37030515	37038515	37034060	8000	37034515	-4000	4000	-455
chr1	38005258	38013258	38012724	8000	38009258	-4000	4000	3466
chr1	43266936	43274936	43270594	8000	43270936	-4000	4000	-342
chr1	50419443	50427443	50419567	8000	50423443	-4000	4000	-3876
chr1	110515175	110523175	110518220	8000	110519175	-4000	4000	-955
chr1	112707433	112715433	112710206	8000	112711433	-4000	4000	-1227
chr1	117206960	117214960	117210832	8000	117210960	-4000	4000	-128
chr1	149809693	149817693	149813390	8000	149813693	-4000	4000	-303
chr1	154268589	154276589	154274956	8000	154272589	-4000	4000	2367
chr1	158716720	158724720	158717625	8000	158720720	-4000	4000	-3095
chr1	160186575	160194575	160192854	8000	160190575	-4000	4000	2279
chr1	167910215	167918215	167918197	8000	167914215	-4000	4000	3982
chr1	172528349	172536349	172532671	8000	172532349	-4000	4000	322
chr1	197142694	197150694	197143378	8000	197146694	-4000	4000	-3316
chr1	202157588	202165588	202158390	8000	202161588	-4000	4000	-3198
chr1	231333104	231341104	231333916	8000	231337104	-4000	4000	-3188
chr1	232801416	232809416	232804958	8000	232805416	-4000	4000	-458
chr1	242520697	242528697	242524220	8000	242524697	-4000	4000	-477
chr1	247584360	247592360	247589196	8000	247588360	-4000	4000	836
chr1	248399048	248407048	248406062	8000	248403048	-4000	4000	3014
chr1	161546737	161554737	161549940	8000	161550737	-4000	4000	-797
chr1	43942950	43950950	43949730	8000	43946950	-4000	4000	2780
chr1	43970487	43978487	43971502	8000	43974487	-4000	4000	-2985
chr1	47187044	47195044	47187358	8000	47191044	-4000	4000	-3686
chr1	110515175	110523175	110517770	8000	110519175	-4000	4000	-1405
chr1	149923803	149931803	149929170	8000	149927803	-4000	4000	1367
chr1	152576516	152584516	152579744	8000	152580516	-4000	4000	-772
chr1	182949525	182957525	182951339	8000	182953525	-4000	4000	-2186
chr1	206113699	206121699	206116683	8000	206117699	-4000	4000	-1016
chr1	228101411	228109411	228108002	8000	228105411	-4000	4000	2591
chr1	232801416	232809416	232807845	8000	232805416	-4000	4000	2429
chr1	247891587	247899587	247896103	8000	247895587	-4000	4000	516
chr1	11043239	11051239	11044936	8000	11047239	-4000	4000	-2303
chr1	26428282	26436282	26429396	8000	26432282	-4000	4000	-2886
chr1	210324252	210332252	210329025	8000	210328252	-4000	4000	773
chr1	247916252	247924252	247921650	8000	247920252	-4000	4000	1398
chr1	31292788	31300788	31296701	8000	31296788	-4000	4000	-87
chr1	45007324	45015324	45009420	8000	45011324	-4000	4000	-1904
chr1	26356080	26364080	26362170	8000	26360080	-4000	4000	2090
chr1	32647142	32655142	32650570	8000	32651142	-4000	4000	-572
chr1	36080094	36088094	36085205	8000	36084094	-4000	4000	1111
chr1	152704160	152712160	152709062	8000	152708160	-4000	4000	902
chr1	152782214	152790214	152787347	8000	152786214	-4000	4000	1133
chr1	165441355	165449355	165445036	8000	165445355	-4000	4000	-319
chr1	182585256	182593256	182586060	8000	182589256	-4000	4000	-3196
chr1	38042793	38050793	38044515	8000	38046793	-4000	4000	-2278
chr1	209671412	209679412	209675688	8000	209675412	-4000	4000	276
chr1	13222106	13230106	13224962	8000	13226106	-4000	4000	-1144
chr1	158285923	158293923	158291357	8000	158289923	-4000	4000	1434
chr1	12769738	12777738	12775078	8000	12773738	-4000	4000	1340
chr1	152576516	152584516	152579752	8000	152580516	-4000	4000	-764
chr1	31812022	31820022	31814105	8000	31816022	-4000	4000	-1917
chr1	152085064	152093064	152086181	8000	152089064	-4000	4000	-2883
chr1	161193104	161201104	161198307	8000	161197104	-4000	4000	1203
chr1	247837896	247845896	247841830	8000	247841896	-4000	4000	-66
chr1	13412351	13420351	13418663	8000	13416351	-4000	4000	2312
chr1	205846132	205854132	205850083	8000	205850132	-4000	4000	-49
chr1	37855592	37863592	37857414	8000	37859592	-4000	4000	-2178
chr1	158250424	158258424	158254589	8000	158254424	-4000	4000	165
chr1	1371207	1379207	1374747	8000	1375207	-4000	4000	-460
chr1	109072012	109080012	109075010	8000	109076012	-4000	4000	-1002
chr1	161085558	161093558	161089226	8000	161089558	-4000	4000	-332
chr1	13112854	13120854	13116458	8000	13116854	-4000	4000	-396
chr1	247584360	247592360	247588899	8000	247588360	-4000	4000	539
chr1	20115566	20123566	20116410	8000	20119566	-4000	4000	-3156
chr1	25334213	25342213	25340518	8000	25338213	-4000	4000	2305
chr1	153532244	153540244	153534797	8000	153536244	-4000	4000	-1447
chr1	158696652	158704652	158700567	8000	158700652	-4000	4000	-85
chr1	248344775	248352775	248349146	8000	248348775	-4000	4000	371
chr1	2551639	2559639	2558349	8000	2555639	-4000	4000	2710
chr1	12844720	12852720	12847529	8000	12848720	-4000	4000	-1191
chr1	202157588	202165588	202158271	8000	202161588	-4000	4000	-3317
chr1	160281130	160289130	160282941	8000	160285130	-4000	4000	-2189
chr1	215001775	215009775	215005809	8000	215005775	-4000	4000	34
chr1	11043239	11051239	11045424	8000	11047239	-4000	4000	-1815
chr1	13412351	13420351	13418138	8000	13416351	-4000	4000	1787
chr1	159532007	159540007	159535643	8000	159536007	-4000	4000	-364
chr1	223389415	223397415	223394180	8000	223393415	-4000	4000	765
chr1	248484589	248492589	248488670	8000	248488589	-4000	4000	81
chr1	151536305	151544305	151536849	8000	151540305	-4000	4000	-3456
chr1	206113699	206121699	206116373	8000	206117699	-4000	4000	-1326
chr1	223389415	223397415	223394199	8000	223393415	-4000	4000	784
chr1	24139140	24147140	24143066	8000	24143140	-4000	4000	-74
chr1	92294987	92302987	92299109	8000	92298987	-4000	4000	122
chr1	19660875	19668875	19666068	8000	19664875	-4000	4000	1193
chr1	156568604	156576604	156572581	8000	156572604	-4000	4000	-23
chr1	179361720	179369720	179366539	8000	179365720	-4000	4000	819
chr1	46612843	46620843	46613012	8000	46616843	-4000	4000	-3831
chr1	152755561	152763561	152759824	8000	152759561	-4000	4000	263
chr1	159950237	159958237	159953546	8000	159954237	-4000	4000	-691
chr1	145992579	146000579	145996330	8000	145996579	-4000	4000	-249
chr1	13299539	13307539	13306874	8000	13303539	-4000	4000	3335
chr1	20714017	20722017	20721836	8000	20718017	-4000	4000	3819
chr1	108688310	108696310	108696139	8000	108692310	-4000	4000	3829
chr1	152155228	152163228	152156637	8000	152159228	-4000	4000	-2591
chr1	201884680	201892680	201890480	8000	201888680	-4000	4000	1800
chr1	956584	964584	956911	8000	960584	-4000	4000	-3673
chr1	956584	964584	956912	8000	960584	-4000	4000	-3672
chr1	39022318	39030318	39028930	8000	39026318	-4000	4000	2612
chr1	145906111	145914111	145912505	8000	145910111	-4000	4000	2394
chr1	12827410	12835410	12827630	8000	12831410	-4000	4000	-3780
chr1	247601586	247609586	247605741	8000	247605586	-4000	4000	155
chr1	152755561	152763561	152761163	8000	152759561	-4000	4000	1602
chr1	155183272	155191272	155187728	8000	155187272	-4000	4000	456
chr1	11043239	11051239	11046959	8000	11047239	-4000	4000	-280
chr1	119892515	119900515	119895998	8000	119896515	-4000	4000	-517
chr1	152823473	152831473	152827544	8000	152827473	-4000	4000	71
chr1	53138638	53146638	53142365	8000	53142638	-4000	4000	-273
chr1	20714017	20722017	20715534	8000	20718017	-4000	4000	-2483
chr1	223389415	223397415	223394655	8000	223393415	-4000	4000	1240
chr1	43354981	43362981	43362303	8000	43358981	-4000	4000	3322
chr1	43970487	43978487	43975151	8000	43974487	-4000	4000	664
chr1	151849712	151857712	151851187	8000	151853712	-4000	4000	-2525
chr1	156568604	156576604	156569428	8000	156572604	-4000	4000	-3176
chr1	154866281	154874281	154869692	8000	154870281	-4000	4000	-589
chr1	161162056	161170056	161168104	8000	161166056	-4000	4000	2048
chr1	160950809	160958809	160951247	8000	160954809	-4000	4000	-3562
chr1	158349696	158357696	158356774	8000	158353696	-4000	4000	3078
chr1	37550293	37558293	37557743	8000	37554293	-4000	4000	3450
chr1	93875918	93883918	93876645	8000	93879918	-4000	4000	-3273
chr1	155029824	155037824	155033462	8000	155033824	-4000	4000	-362
chr1	228421360	228429360	228425051	8000	228425360	-4000	4000	-309
chr1	152356006	152364006	152357485	8000	152360006	-4000	4000	-2521
chr1	160281130	160289130	160282170	8000	160285130	-4000	4000	-2960
chr1	23864290	23872290	23865559	8000	23868290	-4000	4000	-2731
chr1	45496079	45504079	45497365	8000	45500079	-4000	4000	-2714
chr1	145992579	146000579	145995501	8000	145996579	-4000	4000	-1078
chr1	152220193	152228193	152223197	8000	152224193	-4000	4000	-996
chr1	154498219	154506219	154501541	8000	154502219	-4000	4000	-678
chr1	207084860	207092860	207090457	8000	207088860	-4000	4000	1597
chr1	248320568	248328568	248324222	8000	248324568	-4000	4000	-346
chr1	248855144	248863144	248858458	8000	248859144	-4000	4000	-686
chr1	244447909	244455909	244451866	8000	244451909	-4000	4000	-43
chr1	26896238	26904238	26900134	8000	26900238	-4000	4000	-104
chr1	93875918	93883918	93879074	8000	93879918	-4000	4000	-844
chr1	160950809	160958809	160952663	8000	160954809	-4000	4000	-2146
chr1	168539997	168547997	168540895	8000	168543997	-4000	4000	-3102
chr1	247944858	247952858	247949714	8000	247948858	-4000	4000	856
chr1	153146890	153154890	153150063	8000	153150890	-4000	4000	-827
chr1	161065970	161073970	161072721	8000	161069970	-4000	4000	2751
chr1	232801416	232809416	232807894	8000	232805416	-4000	4000	2478
chr1	111196771	111204771	111199690	8000	111200771	-4000	4000	-1081
chr1	154190648	154198648	154191272	8000	154194648	-4000	4000	-3376
chr1	212031557	212039557	212035896	8000	212035557	-4000	4000	339
chr1	232801416	232809416	232806737	8000	232805416	-4000	4000	1321
chr1	232801416	232809416	232805309	8000	232805416	-4000	4000	-107
chr1	200023614	200031614	200027802	8000	200027614	-4000	4000	188
chr1	70350734	70358734	70354888	8000	70354734	-4000	4000	154
chr1	152596234	152604234	152600928	8000	152600234	-4000	4000	694
chr1	197142694	197150694	197144101	8000	197146694	-4000	4000	-2593
chr1	229430104	229438104	229431627	8000	229434104	-4000	4000	-2477
chr1	247961233	247969233	247965541	8000	247965233	-4000	4000	308
chr1	248399048	248407048	248406492	8000	248403048	-4000	4000	3444
chr1	211575161	211583161	211575896	8000	211579161	-4000	4000	-3265
chr1	232801416	232809416	232806491	8000	232805416	-4000	4000	1075
chr1	161520540	161528540	161525458	8000	161524540	-4000	4000	918
chr1	246720409	246728409	246726952	8000	246724409	-4000	4000	2543
chr1	77975110	77983110	77978973	8000	77979110	-4000	4000	-137
chr1	99642113	99650113	99646060	8000	99646113	-4000	4000	-53
chr1	145992579	146000579	145996069	8000	145996579	-4000	4000	-510
chr1	165694562	165702562	165698466	8000	165698562	-4000	4000	-96
chr1	154190648	154198648	154192028	8000	154194648	-4000	4000	-2620
chr1	152111444	152119444	152113015	8000	152115444	-4000	4000	-2429
chr1	248344775	248352775	248349046	8000	248348775	-4000	4000	271
chr1	43970487	43978487	43971025	8000	43974487	-4000	4000	-3462
chr1	224171756	224179756	224175805	8000	224175756	-4000	4000	49
chr1	70350734	70358734	70355012	8000	70354734	-4000	4000	278
chr1	247853187	247861187	247857293	8000	247857187	-4000	4000	106
chr1	222614097	222622097	222621185	8000	222618097	-4000	4000	3088
chr1	232801416	232809416	232805957	8000	232805416	-4000	4000	541
chr1	151836557	151844557	151839171	8000	151840557	-4000	4000	-1386
chr1	40241947	40249947	40248138	8000	40245947	-4000	4000	2191
chr1	158349696	158357696	158355333	8000	158353696	-4000	4000	1637
chr1	158349696	158357696	158355335	8000	158353696	-4000	4000	1639
chr1	160147586	160155586	160155050	8000	160151586	-4000	4000	3464
chr1	236600516	236608516	236603323	8000	236604516	-4000	4000	-1193
chr1	205118015	205126015	205121945	8000	205122015	-4000	4000	-70
chr1	173864082	173872082	173871027	8000	173868082	-4000	4000	2945
chr1	248855144	248863144	248858458	8000	248859144	-4000	4000	-686
chr1	13222106	13230106	13226029	8000	13226106	-4000	4000	-77
chr1	228453873	228461873	228458358	8000	228457873	-4000	4000	485
chr1	12640085	12648085	12644556	8000	12644085	-4000	4000	471
chr1	152155228	152163228	152155566	8000	152159228	-4000	4000	-3662
chr1	151801419	151809419	151802350	8000	151805419	-4000	4000	-3069
chr1	152802651	152810651	152805125	8000	152806651	-4000	4000	-1526
chr1	236791260	236799260	236795713	8000	236795260	-4000	4000	453
chr1	247734615	247742615	247739449	8000	247738615	-4000	4000	834
chr1	197898630	197906630	197905888	8000	197902630	-4000	4000	3258
chr1	44771251	44779251	44775576	8000	44775251	-4000	4000	325
chr1	152220193	152228193	152220286	8000	152224193	-4000	4000	-3907
chr1	152220193	152228193	152221289	8000	152224193	-4000	4000	-2904
chr1	151536305	151544305	151536790	8000	151540305	-4000	4000	-3515
chr1	248570757	248578757	248574033	8000	248574757	-4000	4000	-724
chr1	3648516	3656516	3649987	8000	3652516	-4000	4000	-2529
chr1	153067611	153075611	153070744	8000	153071611	-4000	4000	-867
chr1	162372854	162380854	162374105	8000	162376854	-4000	4000	-2749
chr1	159869053	159877053	159876701	8000	159873053	-4000	4000	3648
chr1	248469351	248477351	248473958	8000	248473351	-4000	4000	607
chr1	248469351	248477351	248473959	8000	248473351	-4000	4000	608
chr1	44804482	44812482	44810265	8000	44808482	-4000	4000	1783
chr1	3621015	3629015	3625459	8000	3625015	-4000	4000	444
chr1	6257098	6265098	6264593	8000	6261098	-4000	4000	3495
chr1	13343134	13351134	13345264	8000	13347134	-4000	4000	-1870
chr1	13367900	13375900	13369456	8000	13371900	-4000	4000	-2444
chr1	13385632	13393632	13389819	8000	13389632	-4000	4000	187
chr1	16014875	16022875	16022644	8000	16018875	-4000	4000	3769
chr1	19976416	19984416	19978835	8000	19980416	-4000	4000	-1581
chr1	26468440	26476440	26473810	8000	26472440	-4000	4000	1370
chr1	37591937	37599937	37595870	8000	37595937	-4000	4000	-67
chr1	40254041	40262041	40258169	8000	40258041	-4000	4000	128
chr1	43385808	43393808	43389925	8000	43389808	-4000	4000	117
chr1	43942950	43950950	43949992	8000	43946950	-4000	4000	3042
chr1	45487155	45495155	45494984	8000	45491155	-4000	4000	3829
chr1	52400423	52408423	52404721	8000	52404423	-4000	4000	298
chr1	63363575	63371575	63370869	8000	63367575	-4000	4000	3294
chr1	93875918	93883918	93876674	8000	93879918	-4000	4000	-3244
chr1	94923223	94931223	94927002	8000	94927223	-4000	4000	-221
chr1	103613427	103621427	103620614	8000	103617427	-4000	4000	3187
chr1	109303011	109311011	109306916	8000	109307011	-4000	4000	-95
chr1	109707780	109715780	109713271	8000	109711780	-4000	4000	1491
chr1	110670940	110678940	110673244	8000	110674940	-4000	4000	-1696
chr1	112616825	112624825	112618986	8000	112620825	-4000	4000	-1839
chr1	145906111	145914111	145912071	8000	145910111	-4000	4000	1960
chr1	145992579	146000579	145996261	8000	145996579	-4000	4000	-318
chr1	145992579	146000579	145996358	8000	145996579	-4000	4000	-221
chr1	148479302	148487302	148483114	8000	148483302	-4000	4000	-188
chr1	149579848	149587848	149584140	8000	149583848	-4000	4000	292
chr1	149882682	149890682	149886228	8000	149886682	-4000	4000	-454
chr1	149882682	149890682	149886593	8000	149886682	-4000	4000	-89
chr1	149932879	149940879	149936725	8000	149936879	-4000	4000	-154
chr1	150063279	150071279	150067939	8000	150067279	-4000	4000	660
chr1	151536305	151544305	151536850	8000	151540305	-4000	4000	-3455
chr1	152085064	152093064	152086304	8000	152089064	-4000	4000	-2760
chr1	152111444	152119444	152112871	8000	152115444	-4000	4000	-2573
chr1	152111444	152119444	152112925	8000	152115444	-4000	4000	-2519
chr1	152155228	152163228	152156543	8000	152159228	-4000	4000	-2685
chr1	152609811	152617811	152613992	8000	152613811	-4000	4000	181
chr1	152671279	152679279	152676159	8000	152675279	-4000	4000	880
chr1	152807971	152815971	152812518	8000	152811971	-4000	4000	547
chr1	153067611	153075611	153070538	8000	153071611	-4000	4000	-1073
chr1	153344841	153352841	153346182	8000	153348841	-4000	4000	-2659
chr1	153456651	153464651	153459014	8000	153460651	-4000	4000	-1637
chr1	153982358	153990358	153982801	8000	153986358	-4000	4000	-3557
chr1	154190648	154198648	154191983	8000	154194648	-4000	4000	-2665
chr1	154317090	154325090	154323264	8000	154321090	-4000	4000	2174
chr1	154866281	154874281	154869641	8000	154870281	-4000	4000	-640
chr1	155316894	155324894	155320531	8000	155320894	-4000	4000	-363
chr1	155606205	155614205	155611441	8000	155610205	-4000	4000	1236
chr1	155606205	155614205	155612209	8000	155610205	-4000	4000	2004
chr1	156278825	156286825	156285404	8000	156282825	-4000	4000	2579
chr1	156811640	156819640	156814236	8000	156815640	-4000	4000	-1404
chr1	157696769	157704769	157697450	8000	157700769	-4000	4000	-3319
chr1	157696769	157704769	157700527	8000	157700769	-4000	4000	-242
chr1	158250424	158258424	158256088	8000	158254424	-4000	4000	1664
chr1	159532007	159540007	159535448	8000	159536007	-4000	4000	-559
chr1	159710589	159718589	159714015	8000	159714589	-4000	4000	-574
chr1	159941613	159949613	159943407	8000	159945613	-4000	4000	-2206
chr1	160147586	160155586	160151916	8000	160151586	-4000	4000	330
chr1	161041977	161049977	161043280	8000	161045977	-4000	4000	-2697
chr1	161193104	161201104	161196232	8000	161197104	-4000	4000	-872
chr1	161501430	161509430	161506397	8000	161505430	-4000	4000	967
chr1	165352715	165360715	165355501	8000	165356715	-4000	4000	-1214
chr1	171738074	171746074	171738384	8000	171742074	-4000	4000	-3690
chr1	182585256	182593256	182585410	8000	182589256	-4000	4000	-3846
chr1	182949525	182957525	182951353	8000	182953525	-4000	4000	-2172
chr1	186676922	186684922	186677708	8000	186680922	-4000	4000	-3214
chr1	192805039	192813039	192811644	8000	192809039	-4000	4000	2605
chr1	204407887	204415887	204409551	8000	204411887	-4000	4000	-2336
chr1	205080460	205088460	205083508	8000	205084460	-4000	4000	-952
chr1	206199346	206207346	206202113	8000	206203346	-4000	4000	-1233
chr1	207450230	207458230	207454457	8000	207454230	-4000	4000	227
chr1	211671630	211679630	211674409	8000	211675630	-4000	4000	-1221
chr1	214599195	214607195	214605805	8000	214603195	-4000	4000	2610
chr1	223661723	223669723	223665436	8000	223665723	-4000	4000	-287
chr1	227314492	227322492	227317021	8000	227318492	-4000	4000	-1471
chr1	228453873	228461873	228457649	8000	228457873	-4000	4000	-224
chr1	232801416	232809416	232805211	8000	232805416	-4000	4000	-205
chr1	232801416	232809416	232805333	8000	232805416	-4000	4000	-83
chr1	234369456	234377456	234374294	8000	234373456	-4000	4000	838
chr1	236600516	236608516	236603024	8000	236604516	-4000	4000	-1492
chr1	236791260	236799260	236795708	8000	236795260	-4000	4000	448
chr1	237886922	237894922	237890479	8000	237890922	-4000	4000	-443
chr1	245150985	245158985	245155324	8000	245154985	-4000	4000	339
chr1	247601586	247609586	247605649	8000	247605586	-4000	4000	63
chr1	247837896	247845896	247841237	8000	247841896	-4000	4000	-659
chr1	248141148	248149148	248145822	8000	248145148	-4000	4000	674
chr1	248344775	248352775	248349323	8000	248348775	-4000	4000	548
chr1	248593700	248601700	248593715	8000	248597700	-4000	4000	-3985
chr1	154866281	154874281	154869435	8000	154870281	-4000	4000	-846
chr1	227559543	227567543	227563582	8000	227563543	-4000	4000	39
chr1	154317090	154325090	154323318	8000	154321090	-4000	4000	2228
chr1	155131344	155139344	155133764	8000	155135344	-4000	4000	-1580
chr1	172528349	172536349	172532615	8000	172532349	-4000	4000	266
chr1	237000441	237008441	237004280	8000	237004441	-4000	4000	-161
chr1	153199430	153207430	153204988	8000	153203430	-4000	4000	1558
chr1	154866281	154874281	154869453	8000	154870281	-4000	4000	-828
chr1	248855144	248863144	248856343	8000	248859144	-4000	4000	-2801
chr1	248855144	248863144	248858458	8000	248859144	-4000	4000	-686
chr1	18855682	18863682	18859519	8000	18859682	-4000	4000	-163
chr1	157696769	157704769	157699696	8000	157700769	-4000	4000	-1073
chr1	147239050	147247050	147242706	8000	147243050	-4000	4000	-344
chr1	152356006	152364006	152358891	8000	152360006	-4000	4000	-1115
chr1	6231972	6239972	6231979	8000	6235972	-4000	4000	-3993
chr1	13112854	13120854	13115562	8000	13116854	-4000	4000	-1292
chr1	28644291	28652291	28648618	8000	28648291	-4000	4000	327
chr1	100128955	100136955	100132812	8000	100132955	-4000	4000	-143
chr1	152155228	152163228	152157875	8000	152159228	-4000	4000	-1353
chr1	247944858	247952858	247948890	8000	247948858	-4000	4000	32
chr1	17245098	17253098	17249112	8000	17249098	-4000	4000	14
chr1	28229029	28237029	28236134	8000	28233029	-4000	4000	3105
chr1	31292788	31300788	31296627	8000	31296788	-4000	4000	-161
chr1	149882682	149890682	149886419	8000	149886682	-4000	4000	-263
chr1	155251483	155259483	155254725	8000	155255483	-4000	4000	-758
chr1	158716720	158724720	158717352	8000	158720720	-4000	4000	-3368
chr1	226735323	226743323	226737008	8000	226739323	-4000	4000	-2315
chr1	149809693	149817693	149813418	8000	149813693	-4000	4000	-275
chr1	152802651	152810651	152805411	8000	152806651	-4000	4000	-1240
chr1	158395466	158403466	158399137	8000	158399466	-4000	4000	-329
chr1	158716720	158724720	158717370	8000	158720720	-4000	4000	-3350
chr1	212620474	212628474	212625708	8000	212624474	-4000	4000	1234
chr1	113975391	113983391	113981370	8000	113979391	-4000	4000	1979
chr1	153067611	153075611	153070698	8000	153071611	-4000	4000	-913
chr1	74729152	74737152	74733308	8000	74733152	-4000	4000	156
chr1	158349696	158357696	158356770	8000	158353696	-4000	4000	3074
chr1	160094943	160102943	160095092	8000	160098943	-4000	4000	-3851
chr1	6575994	6583994	6576613	8000	6579994	-4000	4000	-3381
chr1	25228502	25236502	25229044	8000	25232502	-4000	4000	-3458
chr1	27362961	27370961	27370678	8000	27366961	-4000	4000	3717
chr1	27370824	27378824	27373510	8000	27374824	-4000	4000	-1314
chr1	36393908	36401908	36394006	8000	36397908	-4000	4000	-3902
chr1	37943057	37951057	37946326	8000	37947057	-4000	4000	-731
chr1	47412285	47420285	47416702	8000	47416285	-4000	4000	417
chr1	75124434	75132434	75130625	8000	75128434	-4000	4000	2191
chr1	86420171	86428171	86424134	8000	86424171	-4000	4000	-37
chr1	93175919	93183919	93183375	8000	93179919	-4000	4000	3456
chr1	99642113	99650113	99646180	8000	99646113	-4000	4000	67
chr1	100715742	100723742	100720627	8000	100719742	-4000	4000	885
chr1	101232865	101240865	101239101	8000	101236865	-4000	4000	2236
chr1	101232865	101240865	101239942	8000	101236865	-4000	4000	3077
chr1	110515175	110523175	110517341	8000	110519175	-4000	4000	-1834
chr1	110515175	110523175	110517983	8000	110519175	-4000	4000	-1192
chr1	110670940	110678940	110673836	8000	110674940	-4000	4000	-1104
chr1	110670940	110678940	110674341	8000	110674940	-4000	4000	-599
chr1	112669141	112677141	112670078	8000	112673141	-4000	4000	-3063
chr1	113883581	113891581	113887470	8000	113887581	-4000	4000	-111
chr1	113975391	113983391	113980588	8000	113979391	-4000	4000	1197
chr1	113975391	113983391	113981687	8000	113979391	-4000	4000	2296
chr1	145992579	146000579	145995010	8000	145996579	-4000	4000	-1569
chr1	149809693	149817693	149813294	8000	149813693	-4000	4000	-399
chr1	150232156	150240156	150235860	8000	150236156	-4000	4000	-296
chr1	150693154	150701154	150700163	8000	150697154	-4000	4000	3009
chr1	151152664	151160664	151159030	8000	151156664	-4000	4000	2366
chr1	151801419	151809419	151802068	8000	151805419	-4000	4000	-3351
chr1	151836557	151844557	151838041	8000	151840557	-4000	4000	-2516
chr1	152155228	152163228	152155725	8000	152159228	-4000	4000	-3503
chr1	152155228	152163228	152156919	8000	152159228	-4000	4000	-2309
chr1	152220193	152228193	152220454	8000	152224193	-4000	4000	-3739
chr1	152410263	152418263	152412198	8000	152414263	-4000	4000	-2065
chr1	153067611	153075611	153070740	8000	153071611	-4000	4000	-871
chr1	153537765	153545765	153541625	8000	153541765	-4000	4000	-140
chr1	154563778	154571778	154570318	8000	154567778	-4000	4000	2540
chr1	154979338	154987338	154983916	8000	154983338	-4000	4000	578
chr1	155029824	155037824	155033481	8000	155033824	-4000	4000	-343
chr1	155316894	155324894	155320616	8000	155320894	-4000	4000	-278
chr1	157696769	157704769	157697214	8000	157700769	-4000	4000	-3555
chr1	158174030	158182030	158181658	8000	158178030	-4000	4000	3628
chr1	158250424	158258424	158256921	8000	158254424	-4000	4000	2497
chr1	158349696	158357696	158354019	8000	158353696	-4000	4000	323
chr1	159433845	159441845	159440023	8000	159437845	-4000	4000	2178
chr1	159433845	159441845	159440552	8000	159437845	-4000	4000	2707
chr1	159532007	159540007	159535225	8000	159536007	-4000	4000	-782
chr1	159921507	159929507	159928586	8000	159925507	-4000	4000	3079
chr1	160147586	160155586	160155152	8000	160151586	-4000	4000	3566
chr1	160186575	160194575	160186833	8000	160190575	-4000	4000	-3742
chr1	160643044	160651044	160647106	8000	160647044	-4000	4000	62
chr1	161094361	161102361	161100633	8000	161098361	-4000	4000	2272
chr1	166163001	166171001	166166012	8000	166167001	-4000	4000	-989
chr1	170658728	170666728	170664314	8000	170662728	-4000	4000	1586
chr1	182585256	182593256	182585387	8000	182589256	-4000	4000	-3869
chr1	186676922	186684922	186679200	8000	186680922	-4000	4000	-1722
chr1	192571763	192579763	192575903	8000	192575763	-4000	4000	140
chr1	200616751	200624751	200617760	8000	200620751	-4000	4000	-2991
chr1	200665907	200673907	200665940	8000	200669907	-4000	4000	-3967
chr1	200665907	200673907	200666714	8000	200669907	-4000	4000	-3193
chr1	205846132	205854132	205849960	8000	205850132	-4000	4000	-172
chr1	207317532	207325532	207324678	8000	207321532	-4000	4000	3146
chr1	207748054	207756054	207752186	8000	207752054	-4000	4000	132
chr1	209648425	209656425	209651046	8000	209652425	-4000	4000	-1379
chr1	212031557	212039557	212035861	8000	212035557	-4000	4000	304
chr1	212695840	212703840	212697004	8000	212699840	-4000	4000	-2836
chr1	229430104	229438104	229431408	8000	229434104	-4000	4000	-2696
chr1	247100372	247108372	247100466	8000	247104372	-4000	4000	-3906
chr1	247837896	247845896	247841035	8000	247841896	-4000	4000	-861
chr1	27910746	27918746	27914474	8000	27914746	-4000	4000	-272
chr1	35714894	35722894	35716000	8000	35718894	-4000	4000	-2894
chr1	37855592	37863592	37857629	8000	37859592	-4000	4000	-1963
chr1	42842573	42850573	42843248	8000	42846573	-4000	4000	-3325
chr1	43970487	43978487	43972155	8000	43974487	-4000	4000	-2332
chr1	149923803	149931803	149926722	8000	149927803	-4000	4000	-1081
chr1	152085064	152093064	152088045	8000	152089064	-4000	4000	-1019
chr1	152111444	152119444	152112073	8000	152115444	-4000	4000	-3371
chr1	152111444	152119444	152112510	8000	152115444	-4000	4000	-2934
chr1	154190648	154198648	154193702	8000	154194648	-4000	4000	-946
chr1	156208982	156216982	156210509	8000	156212982	-4000	4000	-2473
chr1	159950237	159958237	159951829	8000	159954237	-4000	4000	-2408
chr1	209823972	209831972	209828162	8000	209827972	-4000	4000	190
chr1	212620474	212628474	212625765	8000	212624474	-4000	4000	1291
chr1	224352858	224360858	224360550	8000	224356858	-4000	4000	3692
chr1	228453873	228461873	228458343	8000	228457873	-4000	4000	470
chr1	231237207	231245207	231241120	8000	231241207	-4000	4000	-87
chr1	247891587	247899587	247895637	8000	247895587	-4000	4000	50
chr1	168572605	168580605	168580076	8000	168576605	-4000	4000	3471
chr1	207641113	207649113	207645167	8000	207645113	-4000	4000	54
chr1	11269198	11277198	11273844	8000	11273198	-4000	4000	646
chr1	153027203	153035203	153032681	8000	153031203	-4000	4000	1478
chr1	161162056	161170056	161164539	8000	161166056	-4000	4000	-1517
chr1	26064436	26072436	26067467	8000	26068436	-4000	4000	-969
chr1	151827845	151835845	151831725	8000	151831845	-4000	4000	-120
chr1	247601586	247609586	247605882	8000	247605586	-4000	4000	296
chr1	148479302	148487302	148483114	8000	148483302	-4000	4000	-188
chr1	113867753	113875753	113871630	8000	113871753	-4000	4000	-123
chr1	233900676	233908676	233905703	8000	233904676	-4000	4000	1027
chr1	12844720	12852720	12847985	8000	12848720	-4000	4000	-735
chr1	200665907	200673907	200666644	8000	200669907	-4000	4000	-3263
chr1	158696652	158704652	158699918	8000	158700652	-4000	4000	-734
chr1	247837896	247845896	247841770	8000	247841896	-4000	4000	-126
chr1	205846132	205854132	205849951	8000	205850132	-4000	4000	-181
chr1	247412156	247420156	247419024	8000	247416156	-4000	4000	2868
chr1	203182704	203190704	203182793	8000	203186704	-4000	4000	-3911
chr1	154563778	154571778	154571510	8000	154567778	-4000	4000	3732
chr1	206631536	206639536	206636963	8000	206635536	-4000	4000	1427
chr1	207492147	207500147	207496231	8000	207496147	-4000	4000	84
chr1	18476930	18484930	18483220	8000	18480930	-4000	4000	2290
chr1	44839253	44847253	44842919	8000	44843253	-4000	4000	-334
chr1	47187044	47195044	47187390	8000	47191044	-4000	4000	-3654
chr1	28644291	28652291	28648648	8000	28648291	-4000	4000	357
chr1	100534139	100542139	100540698	8000	100538139	-4000	4000	2559
chr1	101232865	101240865	101240728	8000	101236865	-4000	4000	3863
chr1	151801419	151809419	151802339	8000	151805419	-4000	4000	-3080
chr1	152576516	152584516	152579508	8000	152580516	-4000	4000	-1008
chr1	201373764	201381764	201381357	8000	201377764	-4000	4000	3593
chr1	26468440	26476440	26475197	8000	26472440	-4000	4000	2757
chr1	32647142	32655142	32650530	8000	32651142	-4000	4000	-612
chr1	152997747	153005747	153003618	8000	153001747	-4000	4000	1871
chr1	183414380	183422380	183418254	8000	183418380	-4000	4000	-126
chr1	201884680	201892680	201889444	8000	201888680	-4000	4000	764
chr1	205771482	205779482	205775097	8000	205775482	-4000	4000	-385
chr1	193117983	193125983	193122272	8000	193121983	-4000	4000	289
chr1	158250424	158258424	158256183	8000	158254424	-4000	4000	1759
chr1	45487155	45495155	45494998	8000	45491155	-4000	4000	3843
chr1	145992579	146000579	145993540	8000	145996579	-4000	4000	-3039
chr1	212620474	212628474	212625427	8000	212624474	-4000	4000	953
chr1	143901977	143909977	143904387	8000	143905977	-4000	4000	-1590
chr1	143901977	143909977	143904388	8000	143905977	-4000	4000	-1589
chr1	152085064	152093064	152086979	8000	152089064	-4000	4000	-2085
chr1	27668212	27676212	27669338	8000	27672212	-4000	4000	-2874
chr1	154190648	154198648	154193664	8000	154194648	-4000	4000	-984
chr1	228402835	228410835	228408508	8000	228406835	-4000	4000	1673
chr1	3017467	3025467	3022445	8000	3021467	-4000	4000	978
chr1	145992579	146000579	145993822	8000	145996579	-4000	4000	-2757
chr1	117118587	117126587	117118709	8000	117122587	-4000	4000	-3878
chr1	248399048	248407048	248406515	8000	248403048	-4000	4000	3467
chr1	157816120	157824120	157820089	8000	157820120	-4000	4000	-31
chr1	241995098	242003098	241996060	8000	241999098	-4000	4000	-3038
chr1	12769738	12777738	12777340	8000	12773738	-4000	4000	3602
chr1	13112854	13120854	13115870	8000	13116854	-4000	4000	-984
chr1	13385632	13393632	13390462	8000	13389632	-4000	4000	830
chr1	13343134	13351134	13344599	8000	13347134	-4000	4000	-2535
chr1	103613427	103621427	103620557	8000	103617427	-4000	4000	3130
chr1	158682715	158690715	158683496	8000	158686715	-4000	4000	-3219
chr1	247961233	247969233	247965464	8000	247965233	-4000	4000	231
chr1	159583826	159591826	159587959	8000	159587826	-4000	4000	133
chr1	228101411	228109411	228107865	8000	228105411	-4000	4000	2454
chr1	75928404	75936404	75932206	8000	75932404	-4000	4000	-198
chr1	117118587	117126587	117121008	8000	117122587	-4000	4000	-1579
chr1	117118587	117126587	117121247	8000	117122587	-4000	4000	-1340
chr1	153982358	153990358	153982426	8000	153986358	-4000	4000	-3932
chr1	32647142	32655142	32651948	8000	32651142	-4000	4000	806
chr1	36084892	36092892	36091640	8000	36088892	-4000	4000	2748
chr1	215001775	215009775	215005946	8000	215005775	-4000	4000	171
chr1	207748054	207756054	207752086	8000	207752054	-4000	4000	32
chr1	158395466	158403466	158398573	8000	158399466	-4000	4000	-893
chr1	231237207	231245207	231241240	8000	231241207	-4000	4000	33
chr1	43281617	43289617	43282361	8000	43285617	-4000	4000	-3256
chr1	192571763	192579763	192578631	8000	192575763	-4000	4000	2868
chr1	160792074	160800074	160799888	8000	160796074	-4000	4000	3814
chr1	247601586	247609586	247605650	8000	247605586	-4000	4000	64
chr1	11043239	11051239	11046909	8000	11047239	-4000	4000	-330
chr1	9022423	9030423	9022926	8000	9026423	-4000	4000	-3497
chr1	27388622	27396622	27394765	8000	27392622	-4000	4000	2143
chr1	101232865	101240865	101239714	8000	101236865	-4000	4000	2849
chr1	110515175	110523175	110517225	8000	110519175	-4000	4000	-1950
chr1	111342600	111350600	111348531	8000	111346600	-4000	4000	1931
chr1	113975391	113983391	113979424	8000	113979391	-4000	4000	33
chr1	116750430	116758430	116754774	8000	116754430	-4000	4000	344
chr1	145401567	145409567	145405120	8000	145405567	-4000	4000	-447
chr1	145906111	145914111	145912548	8000	145910111	-4000	4000	2437
chr1	149882682	149890682	149886247	8000	149886682	-4000	4000	-435
chr1	149923803	149931803	149931299	8000	149927803	-4000	4000	3496
chr1	150063279	150071279	150067822	8000	150067279	-4000	4000	543
chr1	151706433	151714433	151709072	8000	151710433	-4000	4000	-1361
chr1	152671279	152679279	152676008	8000	152675279	-4000	4000	729
chr1	155251483	155259483	155254664	8000	155255483	-4000	4000	-819
chr1	156278825	156286825	156286398	8000	156282825	-4000	4000	3573
chr1	179361720	179369720	179366466	8000	179365720	-4000	4000	746
chr1	197142694	197150694	197143205	8000	197146694	-4000	4000	-3489
chr1	203182704	203190704	203183734	8000	203186704	-4000	4000	-2970
chr1	205846132	205854132	205849912	8000	205850132	-4000	4000	-220
chr1	229430104	229438104	229432364	8000	229434104	-4000	4000	-1740
chr1	231333104	231341104	231337664	8000	231337104	-4000	4000	560
chr1	243251348	243259348	243256104	8000	243255348	-4000	4000	756
chr1	247601586	247609586	247606356	8000	247605586	-4000	4000	770
chr1	248344775	248352775	248349630	8000	248348775	-4000	4000	855
chr1	248855144	248863144	248856409	8000	248859144	-4000	4000	-2735
chr1	41480683	41488683	41482547	8000	41484683	-4000	4000	-2136
chr1	119764905	119772905	119768810	8000	119768905	-4000	4000	-95
chr1	160881180	160889180	160881301	8000	160885180	-4000	4000	-3879
chr1	152904546	152912546	152911229	8000	152908546	-4000	4000	2683
chr1	232801416	232809416	232807066	8000	232805416	-4000	4000	1650
chr1	12853086	12861086	12859773	8000	12857086	-4000	4000	2687
chr1	13112854	13120854	13116462	8000	13116854	-4000	4000	-392
chr1	13281174	13289174	13281662	8000	13285174	-4000	4000	-3512
chr1	92025985	92033985	92030208	8000	92029985	-4000	4000	223
chr1	150504062	150512062	150505643	8000	150508062	-4000	4000	-2419
chr1	152782214	152790214	152787421	8000	152786214	-4000	4000	1207
chr1	158250424	158258424	158255321	8000	158254424	-4000	4000	897
chr1	203347758	203355758	203348169	8000	203351758	-4000	4000	-3589
chr1	47063231	47071231	47067666	8000	47067231	-4000	4000	435
chr1	12912610	12920610	12917834	8000	12916610	-4000	4000	1224
chr1	78645796	78653796	78650300	8000	78649796	-4000	4000	504
chr1	3742460	3750460	3746096	8000	3746460	-4000	4000	-364
chr1	161520540	161528540	161526342	8000	161524540	-4000	4000	1802
chr1	202954572	202962572	202962549	8000	202958572	-4000	4000	3977
chr1	248484589	248492589	248488850	8000	248488589	-4000	4000	261
chr1	6205389	6213389	6206561	8000	6209389	-4000	4000	-2828
chr1	156568604	156576604	156572551	8000	156572604	-4000	4000	-53
chr1	162372854	162380854	162373751	8000	162376854	-4000	4000	-3103
chr1	19811283	19819283	19814795	8000	19815283	-4000	4000	-488
chr1	101992926	102000926	101996764	8000	101996926	-4000	4000	-162
chr1	154268589	154276589	154275636	8000	154272589	-4000	4000	3047
chr1	161162056	161170056	161168125	8000	161166056	-4000	4000	2069
chr1	173864082	173872082	173870899	8000	173868082	-4000	4000	2817
chr1	211575161	211583161	211575481	8000	211579161	-4000	4000	-3680
chr1	247584360	247592360	247588902	8000	247588360	-4000	4000	542
chr1	43966000	43974000	43970266	8000	43970000	-4000	4000	266
chr1	101992926	102000926	101996890	8000	101996926	-4000	4000	-36
chr1	71077289	71085289	71078463	8000	71081289	-4000	4000	-2826
chr1	113901201	113909201	113902795	8000	113905201	-4000	4000	-2406
chr1	151004376	151012376	151006325	8000	151008376	-4000	4000	-2051
chr1	224110111	224118111	224114167	8000	224114111	-4000	4000	56
chr1	226544764	226552764	226549084	8000	226548764	-4000	4000	320
chr1	228002998	228010998	228007081	8000	228006998	-4000	4000	83
chr1	25228502	25236502	25232132	8000	25232502	-4000	4000	-370
chr1	152682123	152690123	152686892	8000	152686123	-4000	4000	769
chr1	206113699	206121699	206116811	8000	206117699	-4000	4000	-888
chr1	247916252	247924252	247921113	8000	247920252	-4000	4000	861
chr1	3017467	3025467	3021531	8000	3021467	-4000	4000	64
chr1	158682715	158690715	158685330	8000	158686715	-4000	4000	-1385
chr1	152220193	152228193	152221035	8000	152224193	-4000	4000	-3158
chr1	161034962	161042962	161039881	8000	161038962	-4000	4000	919
chr1	10426102	10434102	10430532	8000	10430102	-4000	4000	430
chr1	161162056	161170056	161163559	8000	161166056	-4000	4000	-2497
chr1	197197293	197205293	197200084	8000	197201293	-4000	4000	-1209
chr1	157548515	157556515	157552366	8000	157552515	-4000	4000	-149
chr1	158349696	158357696	158356587	8000	158353696	-4000	4000	2891
chr1	159433845	159441845	159440039	8000	159437845	-4000	4000	2194
chr1	12853086	12861086	12860056	8000	12857086	-4000	4000	2970
chr1	158349696	158357696	158354403	8000	158353696	-4000	4000	707
chr1	232801416	232809416	232807803	8000	232805416	-4000	4000	2387
chr1	156208982	156216982	156210243	8000	156212982	-4000	4000	-2739
chr1	247891587	247899587	247895688	8000	247895587	-4000	4000	101
chr1	1445689	1453689	1450566	8000	1449689	-4000	4000	877
chr1	11043239	11051239	11046717	8000	11047239	-4000	4000	-522
chr1	28644291	28652291	28648619	8000	28648291	-4000	4000	328
chr1	152997747	153005747	153003620	8000	153001747	-4000	4000	1873
chr1	201884680	201892680	201889605	8000	201888680	-4000	4000	925
chr1	247100372	247108372	247100504	8000	247104372	-4000	4000	-3868
chr1	111444864	111452864	111449461	8000	111448864	-4000	4000	597
chr1	154979338	154987338	154983433	8000	154983338	-4000	4000	95
chr1	35189145	35197145	35190862	8000	35193145	-4000	4000	-2283
chr1	161501430	161509430	161505494	8000	161505430	-4000	4000	64
chr1	152997747	153005747	153003422	8000	153001747	-4000	4000	1675
chr1	203761177	203769177	203765340	8000	203765177	-4000	4000	163
chr1	1417769	1425769	1420868	8000	1421769	-4000	4000	-901
chr1	23555501	23563501	23559051	8000	23559501	-4000	4000	-450
chr1	66797276	66805276	66798108	8000	66801276	-4000	4000	-3168
chr1	75720431	75728431	75724719	8000	75724431	-4000	4000	288
chr1	89991110	89999110	89993937	8000	89995110	-4000	4000	-1173
chr1	158349696	158357696	158356842	8000	158353696	-4000	4000	3146
chr1	160881180	160889180	160883507	8000	160885180	-4000	4000	-1673
chr1	158285923	158293923	158291256	8000	158289923	-4000	4000	1333
chr1	155240699	155248699	155240699	8000	155244699	-4000	4000	-4000
chr1	248357665	248365665	248362046	8000	248361665	-4000	4000	381
chr1	109707780	109715780	109713281	8000	109711780	-4000	4000	1501
chr1	119892515	119900515	119895991	8000	119896515	-4000	4000	-524
chr1	26173484	26181484	26180575	8000	26177484	-4000	4000	3091
chr1	152659380	152667380	152664341	8000	152663380	-4000	4000	961
chr1	20548573	20556573	20553094	8000	20552573	-4000	4000	521
chr1	152155228	152163228	152156527	8000	152159228	-4000	4000	-2701
chr1	211575161	211583161	211575757	8000	211579161	-4000	4000	-3404
chr1	158395466	158403466	158399319	8000	158399466	-4000	4000	-147
chr1	247100372	247108372	247102092	8000	247104372	-4000	4000	-2280
chr1	152155228	152163228	152156123	8000	152159228	-4000	4000	-3105
chr1	159583826	159591826	159588521	8000	159587826	-4000	4000	695
chr1	150063279	150071279	150068674	8000	150067279	-4000	4000	1395
chr1	160077538	160085538	160084708	8000	160081538	-4000	4000	3170
chr1	161702972	161710972	161710877	8000	161706972	-4000	4000	3905
chr1	151152664	151160664	151158768	8000	151156664	-4000	4000	2104
chr1	151536305	151544305	151536870	8000	151540305	-4000	4000	-3435
chr1	158285923	158293923	158291337	8000	158289923	-4000	4000	1414
chr1	165540000	165548000	165544528	8000	165544000	-4000	4000	528
chr1	184033729	184041729	184037632	8000	184037729	-4000	4000	-97
chr1	223389415	223397415	223395119	8000	223393415	-4000	4000	1704
chr1	246562444	246570444	246565895	8000	246566444	-4000	4000	-549
chr1	248570757	248578757	248574683	8000	248574757	-4000	4000	-74
chr1	228402835	228410835	228409187	8000	228406835	-4000	4000	2352
chr1	224171756	224179756	224175811	8000	224175756	-4000	4000	55
chr1	15738499	15746499	15743152	8000	15742499	-4000	4000	653
chr1	152904546	152912546	152910865	8000	152908546	-4000	4000	2319
chr1	203182704	203190704	203185328	8000	203186704	-4000	4000	-1376
chr1	23555501	23563501	23558041	8000	23559501	-4000	4000	-1460
chr1	16436721	16444721	16443725	8000	16440721	-4000	4000	3004
chr1	155930413	155938413	155933670	8000	155934413	-4000	4000	-743
chr1	11651785	11659785	11658594	8000	11655785	-4000	4000	2809
chr1	84394484	84402484	84398614	8000	84398484	-4000	4000	130
chr1	90713302	90721302	90717024	8000	90717302	-4000	4000	-278
chr1	158682715	158690715	158686535	8000	158686715	-4000	4000	-180
chr1	203182704	203190704	203184623	8000	203186704	-4000	4000	-2081
chr1	157696769	157704769	157696788	8000	157700769	-4000	4000	-3981
chr1	197264204	197272204	197268359	8000	197268204	-4000	4000	155
chr1	149809693	149817693	149813312	8000	149813693	-4000	4000	-381
chr1	149809693	149817693	149813313	8000	149813693	-4000	4000	-380
chr1	152111444	152119444	152112361	8000	152115444	-4000	4000	-3083
chr1	161546737	161554737	161549901	8000	161550737	-4000	4000	-836
chr1	173864082	173872082	173865371	8000	173868082	-4000	4000	-2711
chr1	192571763	192579763	192579205	8000	192575763	-4000	4000	3442
chr1	226057851	226065851	226064376	8000	226061851	-4000	4000	2525
chr1	11651785	11659785	11658275	8000	11655785	-4000	4000	2490
chr1	19919617	19927617	19923541	8000	19923617	-4000	4000	-76
chr1	62432297	62440297	62439966	8000	62436297	-4000	4000	3669
chr1	153037931	153045931	153040321	8000	153041931	-4000	4000	-1610
chr1	160147586	160155586	160152121	8000	160151586	-4000	4000	535
chr1	171181249	171189249	171185809	8000	171185249	-4000	4000	560
chr1	200616751	200624751	200617823	8000	200620751	-4000	4000	-2928
chr1	248399048	248407048	248406139	8000	248403048	-4000	4000	3091
chr1	179587613	179595613	179588301	8000	179591613	-4000	4000	-3312
chr1	247100372	247108372	247100384	8000	247104372	-4000	4000	-3988
chr1	27362961	27370961	27362986	8000	27366961	-4000	4000	-3975
chr1	152155228	152163228	152156764	8000	152159228	-4000	4000	-2464
chr1	152576516	152584516	152579622	8000	152580516	-4000	4000	-894
chr1	160147586	160155586	160152118	8000	160151586	-4000	4000	532
chr1	46336789	46344789	46340838	8000	46340789	-4000	4000	49
chr1	56815696	56823696	56819376	8000	56819696	-4000	4000	-320
chr1	222544104	222552104	222544122	8000	222548104	-4000	4000	-3982
chr1	42763084	42771084	42767325	8000	42767084	-4000	4000	241
chr1	241648278	241656278	241652359	8000	241652278	-4000	4000	81
chr1	158395466	158403466	158399046	8000	158399466	-4000	4000	-420
chr1	243251348	243259348	243256208	8000	243255348	-4000	4000	860
chr1	237886922	237894922	237889921	8000	237890922	-4000	4000	-1001
chr1	13299539	13307539	13306873	8000	13303539	-4000	4000	3334
chr1	159869053	159877053	159876692	8000	159873053	-4000	4000	3639
chr1	154866281	154874281	154869064	8000	154870281	-4000	4000	-1217
chr1	160186575	160194575	160190846	8000	160190575	-4000	4000	271
chr1	205080460	205088460	205084414	8000	205084460	-4000	4000	-46
chr1	43281617	43289617	43283069	8000	43285617	-4000	4000	-2548
chr1	109707780	109715780	109713174	8000	109711780	-4000	4000	1394
chr1	113975391	113983391	113980400	8000	113979391	-4000	4000	1009
chr1	114666422	114674422	114673963	8000	114670422	-4000	4000	3541
chr1	160950809	160958809	160954795	8000	160954809	-4000	4000	-14
chr1	161041977	161049977	161048554	8000	161045977	-4000	4000	2577
chr1	228453873	228461873	228458430	8000	228457873	-4000	4000	557
chr1	248469351	248477351	248473564	8000	248473351	-4000	4000	213
chr1	53455399	53463399	53461552	8000	53459399	-4000	4000	2153
chr1	152671279	152679279	152676052	8000	152675279	-4000	4000	773
chr1	100534139	100542139	100539143	8000	100538139	-4000	4000	1004
chr1	152155228	152163228	152155632	8000	152159228	-4000	4000	-3596
chr1	182585256	182593256	182585717	8000	182589256	-4000	4000	-3539
chr1	150504062	150512062	150510064	8000	150508062	-4000	4000	2002
chr1	152085064	152093064	152086088	8000	152089064	-4000	4000	-2976
chr1	39767348	39775348	39769904	8000	39771348	-4000	4000	-1444
chr1	150693154	150701154	150698704	8000	150697154	-4000	4000	1550
chr1	155136595	155144595	155140176	8000	155140595	-4000	4000	-419
chr1	159433845	159441845	159440709	8000	159437845	-4000	4000	2864
chr1	160950809	160958809	160954433	8000	160954809	-4000	4000	-376
chr1	161094361	161102361	161100107	8000	161098361	-4000	4000	1746
chr1	161745758	161753758	161751955	8000	161749758	-4000	4000	2197
chr1	173599072	173607072	173601844	8000	173603072	-4000	4000	-1228
chr1	212620474	212628474	212625412	8000	212624474	-4000	4000	938
chr1	150805577	150813577	150811308	8000	150809577	-4000	4000	1731
chr1	75124434	75132434	75130823	8000	75128434	-4000	4000	2389
chr1	12853086	12861086	12859132	8000	12857086	-4000	4000	2046
chr1	12882201	12890201	12883201	8000	12886201	-4000	4000	-3000
chr1	13112854	13120854	13116396	8000	13116854	-4000	4000	-458
chr1	13222106	13230106	13225901	8000	13226106	-4000	4000	-205
chr1	40254041	40262041	40260981	8000	40258041	-4000	4000	2940
chr1	43970487	43978487	43971096	8000	43974487	-4000	4000	-3391
chr1	63318567	63326567	63323502	8000	63322567	-4000	4000	935
chr1	74194187	74202187	74199680	8000	74198187	-4000	4000	1493
chr1	75928404	75936404	75932100	8000	75932404	-4000	4000	-304
chr1	89146456	89154456	89147584	8000	89150456	-4000	4000	-2872
chr1	151152664	151160664	151159271	8000	151156664	-4000	4000	2607
chr1	158349696	158357696	158356201	8000	158353696	-4000	4000	2505
chr1	162372854	162380854	162374496	8000	162376854	-4000	4000	-2358
chr1	205771482	205779482	205771499	8000	205775482	-4000	4000	-3983
chr1	225920278	225928278	225921862	8000	225924278	-4000	4000	-2416
chr1	227811693	227819693	227816131	8000	227815693	-4000	4000	438
chr1	241515799	241523799	241517245	8000	241519799	-4000	4000	-2554
chr1	173913327	173921327	173914785	8000	173917327	-4000	4000	-2542
chr1	12827410	12835410	12828707	8000	12831410	-4000	4000	-2703
chr1	86543078	86551078	86547135	8000	86547078	-4000	4000	57
chr1	149882682	149890682	149886147	8000	149886682	-4000	4000	-535
chr1	149923803	149931803	149930750	8000	149927803	-4000	4000	2947
chr1	149809693	149817693	149812366	8000	149813693	-4000	4000	-1327
chr1	152682123	152690123	152687193	8000	152686123	-4000	4000	1070
chr1	154498219	154506219	154501474	8000	154502219	-4000	4000	-745
chr1	159532007	159540007	159535906	8000	159536007	-4000	4000	-101
chr1	245150985	245158985	245155407	8000	245154985	-4000	4000	422
chr1	12853086	12861086	12859706	8000	12857086	-4000	4000	2620
chr1	150504062	150512062	150509751	8000	150508062	-4000	4000	1689
chr1	152755561	152763561	152760698	8000	152759561	-4000	4000	1137
chr1	153053512	153061512	153056437	8000	153057512	-4000	4000	-1075
chr1	157696769	157704769	157697971	8000	157700769	-4000	4000	-2798
chr1	26468440	26476440	26474009	8000	26472440	-4000	4000	1569
chr1	89146456	89154456	89147768	8000	89150456	-4000	4000	-2688
chr1	145906111	145914111	145907113	8000	145910111	-4000	4000	-2998
chr1	153982358	153990358	153982589	8000	153986358	-4000	4000	-3769
chr1	160950809	160958809	160954388	8000	160954809	-4000	4000	-421
chr1	182835347	182843347	182842633	8000	182839347	-4000	4000	3286
chr1	231333104	231341104	231338528	8000	231337104	-4000	4000	1424
chr2	73922826	73930826	73926944	8000	73926826	-4000	4000	118
chr2	218828086	218836086	218830030	8000	218832086	-4000	4000	-2056
chr2	132412805	132420805	132417327	8000	132416805	-4000	4000	522
chr2	219414377	219422377	219420276	8000	219418377	-4000	4000	1899
chr2	178108424	178116424	178112566	8000	178112424	-4000	4000	142
chr2	232374724	232382724	232378676	8000	232378724	-4000	4000	-48
chr2	85129392	85137392	85134399	8000	85133392	-4000	4000	1007
chr2	85664741	85672741	85667801	8000	85668741	-4000	4000	-940
chr2	88166295	88174295	88173281	8000	88170295	-4000	4000	2986
chr2	98604515	98612515	98610846	8000	98608515	-4000	4000	2331
chr2	136114149	136122149	136115496	8000	136118149	-4000	4000	-2653
chr2	70289740	70297740	70297307	8000	70293740	-4000	4000	3567
chr2	71126239	71134239	71133139	8000	71130239	-4000	4000	2900
chr2	224398107	224406107	224401141	8000	224402107	-4000	4000	-966
chr2	37227596	37235596	37228858	8000	37231596	-4000	4000	-2738
chr2	32161841	32169841	32165891	8000	32165841	-4000	4000	50
chr2	206761357	206769357	206765283	8000	206765357	-4000	4000	-74
chr2	19897983	19905983	19901721	8000	19901983	-4000	4000	-262
chr2	31576938	31584938	31580649	8000	31580938	-4000	4000	-289
chr2	85324251	85332251	85327341	8000	85328251	-4000	4000	-910
chr2	219273902	219281902	219279860	8000	219277902	-4000	4000	1958
chr2	64984477	64992477	64990105	8000	64988477	-4000	4000	1628
chr2	206638487	206646487	206644254	8000	206642487	-4000	4000	1767
chr2	142127016	142135016	142130781	8000	142131016	-4000	4000	-235
chr2	27578969	27586969	27581560	8000	27582969	-4000	4000	-1409
chr2	183074559	183082559	183078956	8000	183078559	-4000	4000	397
chr2	130141134	130149134	130142971	8000	130145134	-4000	4000	-2163
chr2	181676665	181684665	181676865	8000	181680665	-4000	4000	-3800
chr2	85129392	85137392	85134075	8000	85133392	-4000	4000	683
chr2	206439532	206447532	206445337	8000	206443532	-4000	4000	1805
chr2	219305648	219313648	219307516	8000	219309648	-4000	4000	-2132
chr2	168452249	168460249	168456472	8000	168456249	-4000	4000	223
chr2	73229239	73237239	73234294	8000	73233239	-4000	4000	1055
chr2	96112571	96120571	96113902	8000	96116571	-4000	4000	-2669
chr2	104849287	104857287	104856879	8000	104853287	-4000	4000	3592
chr2	158791317	158799317	158795368	8000	158795317	-4000	4000	51
chr2	79084019	79092019	79085140	8000	79088019	-4000	4000	-2879
chr2	154693855	154701855	154698988	8000	154697855	-4000	4000	1133
chr2	189875609	189883609	189877398	8000	189879609	-4000	4000	-2211
chr2	74522281	74530281	74528935	8000	74526281	-4000	4000	2654
chr2	178476457	178484457	178478426	8000	178480457	-4000	4000	-2031
chr2	240021743	240029743	240022211	8000	240025743	-4000	4000	-3532
chr2	135833184	135841184	135836899	8000	135837184	-4000	4000	-285
chr2	152713997	152721997	152720552	8000	152717997	-4000	4000	2555
chr2	27492839	27500839	27493936	8000	27496839	-4000	4000	-2903
chr2	29070523	29078523	29072837	8000	29074523	-4000	4000	-1686
chr2	176079962	176087962	176083597	8000	176083962	-4000	4000	-365
chr2	240021743	240029743	240029284	8000	240025743	-4000	4000	3541
chr2	73289701	73297701	73291880	8000	73293701	-4000	4000	-1821
chr2	218955666	218963666	218961963	8000	218959666	-4000	4000	2297
chr2	119675167	119683167	119680853	8000	119679167	-4000	4000	1686
chr2	112760664	112768664	112760730	8000	112764664	-4000	4000	-3934
chr2	240864824	240872824	240868896	8000	240868824	-4000	4000	72
chr2	152713997	152721997	152720471	8000	152717997	-4000	4000	2474
chr2	176265395	176273395	176270291	8000	176269395	-4000	4000	896
chr2	72883382	72891382	72888369	8000	72887382	-4000	4000	987
chr2	79116362	79124362	79121942	8000	79120362	-4000	4000	1580
chr2	102183006	102191006	102189239	8000	102187006	-4000	4000	2233
chr2	233771679	233779679	233772349	8000	233775679	-4000	4000	-3330
chr2	197701369	197709369	197706553	8000	197705369	-4000	4000	1184
chr2	3554333	3562333	3558194	8000	3558333	-4000	4000	-139
chr2	24171053	24179053	24175464	8000	24175053	-4000	4000	411
chr2	70816599	70824599	70820505	8000	70820599	-4000	4000	-94
chr2	10907934	10915934	10912850	8000	10911934	-4000	4000	916
chr2	27208958	27216958	27213283	8000	27212958	-4000	4000	325
chr2	72143862	72151862	72147689	8000	72147862	-4000	4000	-173
chr2	96141440	96149440	96144259	8000	96145440	-4000	4000	-1181
chr2	201615178	201623178	201618982	8000	201619178	-4000	4000	-196
chr2	208120524	208128524	208121743	8000	208124524	-4000	4000	-2781
chr2	32059556	32067556	32063784	8000	32063556	-4000	4000	228
chr2	27074615	27082615	27080737	8000	27078615	-4000	4000	2122
chr2	79116362	79124362	79123356	8000	79120362	-4000	4000	2994
chr2	85324251	85332251	85324800	8000	85328251	-4000	4000	-3451
chr2	130194439	130202439	130195085	8000	130198439	-4000	4000	-3354
chr2	130832914	130840914	130837622	8000	130836914	-4000	4000	708
chr2	213148427	213156427	213148635	8000	213152427	-4000	4000	-3792
chr2	96756902	96764902	96762275	8000	96760902	-4000	4000	1373
chr2	216368483	216376483	216370111	8000	216372483	-4000	4000	-2372
chr2	15936550	15944550	15942064	8000	15940550	-4000	4000	1514
chr2	206717570	206725570	206718333	8000	206721570	-4000	4000	-3237
chr2	96736064	96744064	96740011	8000	96740064	-4000	4000	-53
chr2	218162962	218170962	218164894	8000	218166962	-4000	4000	-2068
chr2	240864824	240872824	240871396	8000	240868824	-4000	4000	2572
chr2	3699575	3707575	3701595	8000	3703575	-4000	4000	-1980
chr2	207765906	207773906	207768608	8000	207769906	-4000	4000	-1298
chr2	10907934	10915934	10912914	8000	10911934	-4000	4000	980
chr2	113054638	113062638	113062150	8000	113058638	-4000	4000	3512
chr2	216408414	216416414	216415149	8000	216412414	-4000	4000	2735
chr2	216408414	216416414	216415246	8000	216412414	-4000	4000	2832
chr2	5688384	5696384	5695205	8000	5692384	-4000	4000	2821
chr2	79155753	79163753	79157280	8000	79159753	-4000	4000	-2473
chr2	159282703	159290703	159282850	8000	159286703	-4000	4000	-3853
chr2	74479073	74487073	74481348	8000	74483073	-4000	4000	-1725
chr2	79084019	79092019	79086470	8000	79088019	-4000	4000	-1549
chr2	74551690	74559690	74558858	8000	74555690	-4000	4000	3168
chr2	96112571	96120571	96115101	8000	96116571	-4000	4000	-1470
chr2	5688384	5696384	5693064	8000	5692384	-4000	4000	680
chr2	85664741	85672741	85666661	8000	85668741	-4000	4000	-2080
chr2	157253705	157261705	157258736	8000	157257705	-4000	4000	1031
chr2	200885303	200893303	200892299	8000	200889303	-4000	4000	2996
chr2	237081882	237089882	237086025	8000	237085882	-4000	4000	143
chr2	238134668	238142668	238140973	8000	238138668	-4000	4000	2305
chr2	27578969	27586969	27580547	8000	27582969	-4000	4000	-2422
chr2	42490569	42498569	42493247	8000	42494569	-4000	4000	-1322
chr2	96321317	96329317	96328231	8000	96325317	-4000	4000	2914
chr2	128314868	128322868	128318331	8000	128318868	-4000	4000	-537
chr2	135833184	135841184	135836654	8000	135837184	-4000	4000	-530
chr2	207765906	207773906	207768163	8000	207769906	-4000	4000	-1743
chr2	219567859	219575859	219568313	8000	219571859	-4000	4000	-3546
chr2	241865600	241873600	241869828	8000	241869600	-4000	4000	228
chr2	72143862	72151862	72144072	8000	72147862	-4000	4000	-3790
chr2	42760261	42768261	42767624	8000	42764261	-4000	4000	3363
chr2	214407054	214415054	214410319	8000	214411054	-4000	4000	-735
chr2	233028672	233036672	233034587	8000	233032672	-4000	4000	1915
chr2	70289740	70297740	70293696	8000	70293740	-4000	4000	-44
chr2	231526445	231534445	231528466	8000	231530445	-4000	4000	-1979
chr2	74551690	74559690	74556465	8000	74555690	-4000	4000	775
chr2	172098900	172106900	172102498	8000	172102900	-4000	4000	-402
chr2	234046679	234054679	234050991	8000	234050679	-4000	4000	312
chr2	79116362	79124362	79122912	8000	79120362	-4000	4000	2550
chr2	240687866	240695866	240692263	8000	240691866	-4000	4000	397
chr2	26304547	26312547	26310911	8000	26308547	-4000	4000	2364
chr2	10038849	10046849	10046256	8000	10042849	-4000	4000	3407
chr2	71126239	71134239	71134018	8000	71130239	-4000	4000	3779
chr2	74650228	74658228	74656630	8000	74654228	-4000	4000	2402
chr2	26304547	26312547	26311307	8000	26308547	-4000	4000	2760
chr2	223048190	223056190	223053251	8000	223052190	-4000	4000	1061
chr2	231782272	231790272	231788559	8000	231786272	-4000	4000	2287
chr2	17514440	17522440	17518235	8000	17518440	-4000	4000	-205
chr2	219623394	219631394	219628495	8000	219627394	-4000	4000	1101
chr2	148017011	148025011	148021449	8000	148021011	-4000	4000	438
chr2	95398708	95406708	95405607	8000	95402708	-4000	4000	2899
chr2	240132807	240140807	240140081	8000	240136807	-4000	4000	3274
chr2	42760261	42768261	42767327	8000	42764261	-4000	4000	3066
chr2	26304547	26312547	26311750	8000	26308547	-4000	4000	3203
chr2	208159589	208167589	208160905	8000	208163589	-4000	4000	-2684
chr2	79021686	79029686	79027903	8000	79025686	-4000	4000	2217
chr2	29070523	29078523	29071748	8000	29074523	-4000	4000	-2775
chr2	208159589	208167589	208161045	8000	208163589	-4000	4000	-2544
chr2	219510170	219518170	219514946	8000	219514170	-4000	4000	776
chr2	135833184	135841184	135836824	8000	135837184	-4000	4000	-360
chr2	27578969	27586969	27580249	8000	27582969	-4000	4000	-2720
chr2	208125828	208133828	208129641	8000	208129828	-4000	4000	-187
chr2	105237743	105245743	105242918	8000	105241743	-4000	4000	1175
chr2	85591725	85599725	85591744	8000	85595725	-4000	4000	-3981
chr2	206717570	206725570	206718394	8000	206721570	-4000	4000	-3176
chr2	201615178	201623178	201619083	8000	201619178	-4000	4000	-95
chr2	219056921	219064921	219057605	8000	219060921	-4000	4000	-3316
chr2	75195520	75203520	75198739	8000	75199520	-4000	4000	-781
chr2	70786643	70794643	70787662	8000	70790643	-4000	4000	-2981
chr2	48436598	48444598	48440961	8000	48440598	-4000	4000	363
chr2	197701369	197709369	197705880	8000	197705369	-4000	4000	511
chr2	206155509	206163509	206162880	8000	206159509	-4000	4000	3371
chr2	5688384	5696384	5695728	8000	5692384	-4000	4000	3344
chr2	14628700	14636700	14634815	8000	14632700	-4000	4000	2115
chr2	17514440	17522440	17518057	8000	17518440	-4000	4000	-383
chr2	27492839	27500839	27497273	8000	27496839	-4000	4000	434
chr2	27578969	27586969	27579072	8000	27582969	-4000	4000	-3897
chr2	55228563	55236563	55232665	8000	55232563	-4000	4000	102
chr2	73210222	73218222	73210809	8000	73214222	-4000	4000	-3413
chr2	183074559	183082559	183079118	8000	183078559	-4000	4000	559
chr2	208355714	208363714	208356649	8000	208359714	-4000	4000	-3065
chr2	70831816	70839816	70833741	8000	70835816	-4000	4000	-2075
chr2	216368483	216376483	216370040	8000	216372483	-4000	4000	-2443
chr2	240043027	240051027	240045802	8000	240047027	-4000	4000	-1225
chr2	19986105	19994105	19990072	8000	19990105	-4000	4000	-33
chr2	181676665	181684665	181678072	8000	181680665	-4000	4000	-2593
chr2	25978749	25986749	25981435	8000	25982749	-4000	4000	-1314
chr2	218394256	218402256	218394705	8000	218398256	-4000	4000	-3551
chr2	181676665	181684665	181678217	8000	181680665	-4000	4000	-2448
chr2	227610840	227618840	227611240	8000	227614840	-4000	4000	-3600
chr2	27135410	27143410	27137950	8000	27139410	-4000	4000	-1460
chr2	181676665	181684665	181678315	8000	181680665	-4000	4000	-2350
chr2	208120524	208128524	208124118	8000	208124524	-4000	4000	-406
chr2	162834767	162842767	162838476	8000	162838767	-4000	4000	-291
chr2	44937702	44945702	44942685	8000	44941702	-4000	4000	983
chr2	44937702	44945702	44942686	8000	44941702	-4000	4000	984
chr2	215432073	215440073	215433415	8000	215436073	-4000	4000	-2658
chr2	240687866	240695866	240692025	8000	240691866	-4000	4000	159
chr2	202372327	202380327	202377490	8000	202376327	-4000	4000	1163
chr2	74499316	74507316	74506797	8000	74503316	-4000	4000	3481
chr2	74499316	74507316	74506798	8000	74503316	-4000	4000	3482
chr2	216368483	216376483	216369849	8000	216372483	-4000	4000	-2634
chr2	32624032	32632032	32628214	8000	32628032	-4000	4000	182
chr2	218162962	218170962	218164376	8000	218166962	-4000	4000	-2586
chr2	10907934	10915934	10913539	8000	10911934	-4000	4000	1605
chr2	10907934	10915934	10913537	8000	10911934	-4000	4000	1603
chr2	74499316	74507316	74507061	8000	74503316	-4000	4000	3745
chr2	25978749	25986749	25980823	8000	25982749	-4000	4000	-1926
chr2	70253386	70261386	70259390	8000	70257386	-4000	4000	2004
chr2	172080740	172088740	172088191	8000	172084740	-4000	4000	3451
chr2	29070523	29078523	29073830	8000	29074523	-4000	4000	-693
chr2	27885941	27893941	27890268	8000	27889941	-4000	4000	327
chr2	67393322	67401322	67397451	8000	67397322	-4000	4000	129
chr2	157253705	157261705	157258134	8000	157257705	-4000	4000	429
chr2	197672045	197680045	197675390	8000	197676045	-4000	4000	-655
chr2	88124062	88132062	88126189	8000	88128062	-4000	4000	-1873
chr2	73210222	73218222	73210875	8000	73214222	-4000	4000	-3347
chr2	88520649	88528649	88526488	8000	88524649	-4000	4000	1839
chr2	197496413	197504413	197497177	8000	197500413	-4000	4000	-3236
chr2	219329177	219337177	219332547	8000	219333177	-4000	4000	-630
chr2	232452125	232460125	232458288	8000	232456125	-4000	4000	2163
chr2	107822892	107830892	107827085	8000	107826892	-4000	4000	193
chr2	227610840	227618840	227611649	8000	227614840	-4000	4000	-3191
chr2	73289701	73297701	73292301	8000	73293701	-4000	4000	-1400
chr2	174391730	174399730	174395705	8000	174395730	-4000	4000	-25
chr2	27885941	27893941	27890360	8000	27889941	-4000	4000	419
chr2	74509463	74517463	74515659	8000	74513463	-4000	4000	2196
chr2	26554756	26562756	26558495	8000	26558756	-4000	4000	-261
chr2	131523675	131531675	131530586	8000	131527675	-4000	4000	2911
chr2	107982523	107990523	107988179	8000	107986523	-4000	4000	1656
chr2	100466482	100474482	100470549	8000	100470482	-4000	4000	67
chr2	55689863	55697863	55693808	8000	55693863	-4000	4000	-55
chr2	127414427	127422427	127421294	8000	127418427	-4000	4000	2867
chr2	191843088	191851088	191846739	8000	191847088	-4000	4000	-349
chr2	70831816	70839816	70835782	8000	70835816	-4000	4000	-34
chr2	149583778	149591778	149587089	8000	149587778	-4000	4000	-689
chr2	75195520	75203520	75198677	8000	75199520	-4000	4000	-843
chr2	218162962	218170962	218164447	8000	218166962	-4000	4000	-2515
chr2	218162962	218170962	218164448	8000	218166962	-4000	4000	-2514
chr2	232483834	232491834	232484155	8000	232487834	-4000	4000	-3679
chr2	188970373	188978373	188974391	8000	188974373	-4000	4000	18
chr2	27578969	27586969	27581333	8000	27582969	-4000	4000	-1636
chr2	14628700	14636700	14635173	8000	14632700	-4000	4000	2473
chr2	97585877	97593877	97589805	8000	97589877	-4000	4000	-72
chr2	29070523	29078523	29071854	8000	29074523	-4000	4000	-2669
chr2	70550193	70558193	70553244	8000	70554193	-4000	4000	-949
chr2	63836952	63844952	63842005	8000	63840952	-4000	4000	1053
chr2	71449561	71457561	71454059	8000	71453561	-4000	4000	498
chr2	73289701	73297701	73292188	8000	73293701	-4000	4000	-1513
chr2	84903008	84911008	84906483	8000	84907008	-4000	4000	-525
chr2	95145434	95153434	95150090	8000	95149434	-4000	4000	656
chr2	96112571	96120571	96115763	8000	96116571	-4000	4000	-808
chr2	96321317	96329317	96327719	8000	96325317	-4000	4000	2402
chr2	153474762	153482762	153478163	8000	153478762	-4000	4000	-599
chr2	165949851	165957851	165953771	8000	165953851	-4000	4000	-80
chr2	182862637	182870637	182866080	8000	182866637	-4000	4000	-557
chr2	29070523	29078523	29073518	8000	29074523	-4000	4000	-1005
chr2	26304547	26312547	26311637	8000	26308547	-4000	4000	3090
chr2	218981184	218989184	218985031	8000	218985184	-4000	4000	-153
chr2	10685987	10693987	10689944	8000	10689987	-4000	4000	-43
chr2	161420332	161428332	161423999	8000	161424332	-4000	4000	-333
chr2	219056921	219064921	219060405	8000	219060921	-4000	4000	-516
chr2	79084019	79092019	79086734	8000	79088019	-4000	4000	-1285
chr2	223598361	223606361	223598750	8000	223602361	-4000	4000	-3611
chr2	219172225	219180225	219178981	8000	219176225	-4000	4000	2756
chr2	27624247	27632247	27628829	8000	27628247	-4000	4000	582
chr2	191843088	191851088	191846546	8000	191847088	-4000	4000	-542
chr2	203863771	203871771	203870886	8000	203867771	-4000	4000	3115
chr2	25978749	25986749	25981397	8000	25982749	-4000	4000	-1352
chr2	18585564	18593564	18586292	8000	18589564	-4000	4000	-3272
chr2	66429452	66437452	66435769	8000	66433452	-4000	4000	2317
chr2	127290166	127298166	127292707	8000	127294166	-4000	4000	-1459
chr2	218378029	218386029	218385216	8000	218382029	-4000	4000	3187
chr2	130141134	130149134	130143283	8000	130145134	-4000	4000	-1851
chr2	129975666	129983666	129980852	8000	129979666	-4000	4000	1186
chr2	189670290	189678290	189670586	8000	189674290	-4000	4000	-3704
chr2	208125828	208133828	208128283	8000	208129828	-4000	4000	-1545
chr2	64449969	64457969	64456390	8000	64453969	-4000	4000	2421
chr2	79116362	79124362	79121649	8000	79120362	-4000	4000	1287
chr2	232374724	232382724	232380275	8000	232378724	-4000	4000	1551
chr2	232402844	232410844	232408356	8000	232406844	-4000	4000	1512
chr2	262398	270398	262414	8000	266398	-4000	4000	-3984
chr2	38747534	38755534	38749049	8000	38751534	-4000	4000	-2485
chr2	236164386	236172386	236166385	8000	236168386	-4000	4000	-2001
chr2	206155509	206163509	206161387	8000	206159509	-4000	4000	1878
chr2	29070523	29078523	29072859	8000	29074523	-4000	4000	-1664
chr2	218162962	218170962	218164214	8000	218166962	-4000	4000	-2748
chr2	240026429	240034429	240029992	8000	240030429	-4000	4000	-437
chr2	224398107	224406107	224401516	8000	224402107	-4000	4000	-591
chr2	231526445	231534445	231528200	8000	231530445	-4000	4000	-2245
chr2	29070523	29078523	29073543	8000	29074523	-4000	4000	-980
chr2	70831816	70839816	70835602	8000	70835816	-4000	4000	-214
chr2	144517057	144525057	144520226	8000	144521057	-4000	4000	-831
chr2	176088721	176096721	176095519	8000	176092721	-4000	4000	2798
chr2	213280389	213288389	213284519	8000	213284389	-4000	4000	130
chr2	215432073	215440073	215434699	8000	215436073	-4000	4000	-1374
chr2	216856064	216864064	216859517	8000	216860064	-4000	4000	-547
chr2	240892889	240900889	240895730	8000	240896889	-4000	4000	-1159
chr2	32624032	32632032	32628139	8000	32628032	-4000	4000	107
chr2	26304547	26312547	26311963	8000	26308547	-4000	4000	3416
chr2	71126239	71134239	71133375	8000	71130239	-4000	4000	3136
chr2	8674845	8682845	8682419	8000	8678845	-4000	4000	3574
chr2	172080740	172088740	172086680	8000	172084740	-4000	4000	1940
chr2	152171763	152179763	152175615	8000	152175763	-4000	4000	-148
chr2	189780085	189788085	189782424	8000	189784085	-4000	4000	-1661
chr2	207765906	207773906	207768470	8000	207769906	-4000	4000	-1436
chr2	224398107	224406107	224401431	8000	224402107	-4000	4000	-676
chr2	46613055	46621055	46617282	8000	46617055	-4000	4000	227
chr2	232374724	232382724	232379891	8000	232378724	-4000	4000	1167
chr2	129975666	129983666	129980065	8000	129979666	-4000	4000	399
chr2	241865600	241873600	241872918	8000	241869600	-4000	4000	3318
chr2	238236662	238244662	238244371	8000	238240662	-4000	4000	3709
chr2	162070394	162078394	162073426	8000	162074394	-4000	4000	-968
chr2	27578969	27586969	27579653	8000	27582969	-4000	4000	-3316
chr2	29070523	29078523	29073884	8000	29074523	-4000	4000	-639
chr2	29917586	29925586	29920022	8000	29921586	-4000	4000	-1564
chr2	29917586	29925586	29920167	8000	29921586	-4000	4000	-1419
chr2	74359377	74367377	74366569	8000	74363377	-4000	4000	3192
chr2	88124062	88132062	88127984	8000	88128062	-4000	4000	-78
chr2	127290166	127298166	127292718	8000	127294166	-4000	4000	-1448
chr2	137960020	137968020	137964573	8000	137964020	-4000	4000	553
chr2	173350820	173358820	173358810	8000	173354820	-4000	4000	3990
chr2	183074559	183082559	183078665	8000	183078559	-4000	4000	106
chr2	206638487	206646487	206644419	8000	206642487	-4000	4000	1932
chr2	215432073	215440073	215433421	8000	215436073	-4000	4000	-2652
chr2	218265651	218273651	218272620	8000	218269651	-4000	4000	2969
chr2	234046679	234054679	234050871	8000	234050679	-4000	4000	192
chr2	236260409	236268409	236264254	8000	236264409	-4000	4000	-155
chr2	26304547	26312547	26308855	8000	26308547	-4000	4000	308
chr2	231782272	231790272	231788682	8000	231786272	-4000	4000	2410
chr2	132412805	132420805	132417585	8000	132416805	-4000	4000	780
chr2	26030084	26038084	26034237	8000	26034084	-4000	4000	153
chr2	27074615	27082615	27080823	8000	27078615	-4000	4000	2208
chr2	70289740	70297740	70297307	8000	70293740	-4000	4000	3567
chr2	73198574	73206574	73202879	8000	73202574	-4000	4000	305
chr2	101471112	101479112	101474648	8000	101475112	-4000	4000	-464
chr2	121732911	121740911	121735623	8000	121736911	-4000	4000	-1288
chr2	132412805	132420805	132417004	8000	132416805	-4000	4000	199
chr2	169580342	169588342	169584698	8000	169584342	-4000	4000	356
chr2	191843088	191851088	191846688	8000	191847088	-4000	4000	-400
chr2	191843088	191851088	191846877	8000	191847088	-4000	4000	-211
chr2	206638487	206646487	206644387	8000	206642487	-4000	4000	1900
chr2	219539663	219547663	219541675	8000	219543663	-4000	4000	-1988
chr2	241805065	241813065	241811386	8000	241809065	-4000	4000	2321
chr2	159282703	159290703	159283018	8000	159286703	-4000	4000	-3685
chr2	10907934	10915934	10912738	8000	10911934	-4000	4000	804
chr2	208120524	208128524	208121701	8000	208124524	-4000	4000	-2823
chr2	30227534	30235534	30234405	8000	30231534	-4000	4000	2871
chr2	144517057	144525057	144517317	8000	144521057	-4000	4000	-3740
chr2	46613055	46621055	46617275	8000	46617055	-4000	4000	220
chr2	27578969	27586969	27582028	8000	27582969	-4000	4000	-941
chr2	197701369	197709369	197706828	8000	197705369	-4000	4000	1459
chr2	10907934	10915934	10913236	8000	10911934	-4000	4000	1302
chr2	14628700	14636700	14634815	8000	14632700	-4000	4000	2115
chr2	63836952	63844952	63842075	8000	63840952	-4000	4000	1123
chr2	73289701	73297701	73291496	8000	73293701	-4000	4000	-2205
chr2	79084019	79092019	79087589	8000	79088019	-4000	4000	-430
chr2	102732905	102740905	102736720	8000	102736905	-4000	4000	-185
chr2	134834616	134842616	134838680	8000	134838616	-4000	4000	64
chr2	205677990	205685990	205683267	8000	205681990	-4000	4000	1277
chr2	208120524	208128524	208121735	8000	208124524	-4000	4000	-2789
chr2	69957631	69965631	69960704	8000	69961631	-4000	4000	-927
chr2	69957631	69965631	69961051	8000	69961631	-4000	4000	-580
chr2	10685987	10693987	10689806	8000	10689987	-4000	4000	-181
chr2	27145004	27153004	27149153	8000	27149004	-4000	4000	149
chr2	64984477	64992477	64989468	8000	64988477	-4000	4000	991
chr2	68970573	68978573	68977690	8000	68974573	-4000	4000	3117
chr2	71449561	71457561	71454004	8000	71453561	-4000	4000	443
chr2	74359377	74367377	74367099	8000	74363377	-4000	4000	3722
chr2	104849287	104857287	104856663	8000	104853287	-4000	4000	3376
chr2	124021287	124029287	124025658	8000	124025287	-4000	4000	371
chr2	129975666	129983666	129981041	8000	129979666	-4000	4000	1375
chr2	130725070	130733070	130729217	8000	130729070	-4000	4000	147
chr2	149583778	149591778	149587209	8000	149587778	-4000	4000	-569
chr2	152095167	152103167	152098663	8000	152099167	-4000	4000	-504
chr2	170779786	170787786	170784729	8000	170783786	-4000	4000	943
chr2	177388697	177396697	177393004	8000	177392697	-4000	4000	307
chr2	203010608	203018608	203016298	8000	203014608	-4000	4000	1690
chr2	207765906	207773906	207768207	8000	207769906	-4000	4000	-1699
chr2	74359377	74367377	74363026	8000	74363377	-4000	4000	-351
chr2	79116362	79124362	79120860	8000	79120362	-4000	4000	498
chr2	181676665	181684665	181678567	8000	181680665	-4000	4000	-2098
chr2	157253705	157261705	157258386	8000	157257705	-4000	4000	681
chr2	231782272	231790272	231786460	8000	231786272	-4000	4000	188
chr2	162834767	162842767	162836645	8000	162838767	-4000	4000	-2122
chr2	233613633	233621633	233618323	8000	233617633	-4000	4000	690
chr2	79084019	79092019	79085798	8000	79088019	-4000	4000	-2221
chr2	208125828	208133828	208129613	8000	208129828	-4000	4000	-215
chr2	218162962	218170962	218164885	8000	218166962	-4000	4000	-2077
chr2	26304547	26312547	26308826	8000	26308547	-4000	4000	279
chr2	27578969	27586969	27581609	8000	27582969	-4000	4000	-1360
chr2	233055967	233063967	233060577	8000	233059967	-4000	4000	610
chr2	5688384	5696384	5695766	8000	5692384	-4000	4000	3382
chr2	28778517	28786517	28781828	8000	28782517	-4000	4000	-689
chr2	112537915	112545915	112542384	8000	112541915	-4000	4000	469
chr2	224398107	224406107	224401278	8000	224402107	-4000	4000	-829
chr2	130141134	130149134	130141266	8000	130145134	-4000	4000	-3868
chr2	240043027	240051027	240045443	8000	240047027	-4000	4000	-1584
chr2	96112571	96120571	96115607	8000	96116571	-4000	4000	-964
chr2	151257863	151265863	151261743	8000	151261863	-4000	4000	-120
chr2	27659471	27667471	27663805	8000	27663471	-4000	4000	334
chr2	240687866	240695866	240692226	8000	240691866	-4000	4000	360
chr2	17514440	17522440	17515523	8000	17518440	-4000	4000	-2917
chr2	44937702	44945702	44942771	8000	44941702	-4000	4000	1069
chr2	127414427	127422427	127421330	8000	127418427	-4000	4000	2903
chr2	64449969	64457969	64456412	8000	64453969	-4000	4000	2443
chr2	178447512	178455512	178453608	8000	178451512	-4000	4000	2096
chr2	27578969	27586969	27579146	8000	27582969	-4000	4000	-3823
chr2	38747534	38755534	38748651	8000	38751534	-4000	4000	-2883
chr2	218162962	218170962	218164124	8000	218166962	-4000	4000	-2838
chr2	10685987	10693987	10689832	8000	10689987	-4000	4000	-155
chr2	29070523	29078523	29071126	8000	29074523	-4000	4000	-3397
chr2	79084019	79092019	79087596	8000	79088019	-4000	4000	-423
chr2	74479073	74487073	74482242	8000	74483073	-4000	4000	-831
chr2	108373911	108381911	108381829	8000	108377911	-4000	4000	3918
chr2	17514440	17522440	17516610	8000	17518440	-4000	4000	-1830
chr2	95588001	95596001	95594067	8000	95592001	-4000	4000	2066
chr2	25978749	25986749	25981779	8000	25982749	-4000	4000	-970
chr2	227867054	227875054	227871642	8000	227871054	-4000	4000	588
chr2	27578969	27586969	27581252	8000	27582969	-4000	4000	-1717
chr2	223048190	223056190	223054584	8000	223052190	-4000	4000	2394
chr2	241146264	241154264	241153544	8000	241150264	-4000	4000	3280
chr2	218378029	218386029	218382211	8000	218382029	-4000	4000	182
chr2	69957631	69965631	69961165	8000	69961631	-4000	4000	-466
chr2	157253705	157261705	157258517	8000	157257705	-4000	4000	812
chr2	176125694	176133694	176131549	8000	176129694	-4000	4000	1855
chr2	189780085	189788085	189782433	8000	189784085	-4000	4000	-1652
chr2	106464413	106472413	106468248	8000	106468413	-4000	4000	-165
chr2	206761357	206769357	206765280	8000	206765357	-4000	4000	-77
chr2	232483834	232491834	232484832	8000	232487834	-4000	4000	-3002
chr2	85324251	85332251	85327927	8000	85328251	-4000	4000	-324
chr2	102183006	102191006	102189095	8000	102187006	-4000	4000	2089
chr2	113433691	113441691	113437719	8000	113437691	-4000	4000	28
chr2	130141134	130149134	130141179	8000	130145134	-4000	4000	-3955
chr2	162314684	162322684	162318187	8000	162318684	-4000	4000	-497
chr2	189875609	189883609	189877340	8000	189879609	-4000	4000	-2269
chr2	219172225	219180225	219173441	8000	219176225	-4000	4000	-2784
chr2	183074559	183082559	183079122	8000	183078559	-4000	4000	563
chr2	79116362	79124362	79123158	8000	79120362	-4000	4000	2796
chr2	218777749	218785749	218782301	8000	218781749	-4000	4000	552
chr2	29070523	29078523	29071133	8000	29074523	-4000	4000	-3390
chr2	104849287	104857287	104856966	8000	104853287	-4000	4000	3679
chr2	201383858	201391858	201389878	8000	201387858	-4000	4000	2020
chr2	219623394	219631394	219630255	8000	219627394	-4000	4000	2861
chr2	96756902	96764902	96762181	8000	96760902	-4000	4000	1279
chr2	219492131	219500131	219492156	8000	219496131	-4000	4000	-3975
chr2	85591725	85599725	85591736	8000	85595725	-4000	4000	-3989
chr2	206638487	206646487	206644473	8000	206642487	-4000	4000	1986
chr2	214407054	214415054	214414266	8000	214411054	-4000	4000	3212
chr2	218955666	218963666	218961804	8000	218959666	-4000	4000	2138
chr2	223048190	223056190	223055121	8000	223052190	-4000	4000	2931
chr2	73638422	73646422	73641547	8000	73642422	-4000	4000	-875
chr2	27135410	27143410	27137088	8000	27139410	-4000	4000	-2322
chr2	232402844	232410844	232409936	8000	232406844	-4000	4000	3092
chr2	234046679	234054679	234051038	8000	234050679	-4000	4000	359
chr2	171518247	171526247	171522489	8000	171522247	-4000	4000	242
chr2	176104790	176112790	176109269	8000	176108790	-4000	4000	479
chr2	236164386	236172386	236166192	8000	236168386	-4000	4000	-2194
chr2	191147596	191155596	191148150	8000	191151596	-4000	4000	-3446
chr2	79116362	79124362	79122124	8000	79120362	-4000	4000	1762
chr2	199951317	199959317	199956161	8000	199955317	-4000	4000	844
chr2	108373911	108381911	108381838	8000	108377911	-4000	4000	3927
chr2	231033523	231041523	231041372	8000	231037523	-4000	4000	3849
chr2	19897983	19905983	19901719	8000	19901983	-4000	4000	-264
chr2	24072373	24080373	24079462	8000	24076373	-4000	4000	3089
chr2	27271817	27279817	27277997	8000	27275817	-4000	4000	2180
chr2	27578969	27586969	27581597	8000	27582969	-4000	4000	-1372
chr2	27578969	27586969	27582362	8000	27582969	-4000	4000	-607
chr2	29070523	29078523	29073865	8000	29074523	-4000	4000	-658
chr2	43592038	43600038	43592038	8000	43596038	-4000	4000	-4000
chr2	55614880	55622880	55615460	8000	55618880	-4000	4000	-3420
chr2	63046057	63054057	63052911	8000	63050057	-4000	4000	2854
chr2	66429452	66437452	66435812	8000	66433452	-4000	4000	2360
chr2	68316051	68324051	68317140	8000	68320051	-4000	4000	-2911
chr2	69893688	69901688	69896500	8000	69897688	-4000	4000	-1188
chr2	69893688	69901688	69897400	8000	69897688	-4000	4000	-288
chr2	70289740	70297740	70293647	8000	70293740	-4000	4000	-93
chr2	73922826	73930826	73926876	8000	73926826	-4000	4000	50
chr2	74359377	74367377	74361537	8000	74363377	-4000	4000	-1840
chr2	74479073	74487073	74481061	8000	74483073	-4000	4000	-2012
chr2	74509463	74517463	74515651	8000	74513463	-4000	4000	2188
chr2	74551690	74559690	74554797	8000	74555690	-4000	4000	-893
chr2	79084019	79092019	79085734	8000	79088019	-4000	4000	-2285
chr2	85664741	85672741	85665319	8000	85668741	-4000	4000	-3422
chr2	88063825	88071825	88067960	8000	88067825	-4000	4000	135
chr2	88166295	88174295	88173058	8000	88170295	-4000	4000	2763
chr2	94867430	94875430	94873517	8000	94871430	-4000	4000	2087
chr2	95021677	95029677	95025880	8000	95025677	-4000	4000	203
chr2	95270449	95278449	95276594	8000	95274449	-4000	4000	2145
chr2	95588001	95596001	95594281	8000	95592001	-4000	4000	2280
chr2	96321317	96329317	96327222	8000	96325317	-4000	4000	1905
chr2	98604515	98612515	98609876	8000	98608515	-4000	4000	1361
chr2	113054638	113062638	113059447	8000	113058638	-4000	4000	809
chr2	136114149	136122149	136115730	8000	136118149	-4000	4000	-2419
chr2	137960020	137968020	137964481	8000	137964020	-4000	4000	461
chr2	151353592	151361592	151357591	8000	151357592	-4000	4000	-1
chr2	152713997	152721997	152720485	8000	152717997	-4000	4000	2488
chr2	153474762	153482762	153478328	8000	153478762	-4000	4000	-434
chr2	160196313	160204313	160200111	8000	160200313	-4000	4000	-202
chr2	200885303	200893303	200892058	8000	200889303	-4000	4000	2755
chr2	201178898	201186898	201185780	8000	201182898	-4000	4000	2882
chr2	201383858	201391858	201389370	8000	201387858	-4000	4000	1512
chr2	202029855	202037855	202036143	8000	202033855	-4000	4000	2288
chr2	206761357	206769357	206767282	8000	206765357	-4000	4000	1925
chr2	208142158	208150158	208145974	8000	208146158	-4000	4000	-184
chr2	214407054	214415054	214414193	8000	214411054	-4000	4000	3139
chr2	218265651	218273651	218272570	8000	218269651	-4000	4000	2919
chr2	218981184	218989184	218982164	8000	218985184	-4000	4000	-3020
chr2	219056921	219064921	219057465	8000	219060921	-4000	4000	-3456
chr2	219241478	219249478	219243526	8000	219245478	-4000	4000	-1952
chr2	230199110	230207110	230202669	8000	230203110	-4000	4000	-441
chr2	231526445	231534445	231528721	8000	231530445	-4000	4000	-1724
chr2	231526445	231534445	231528995	8000	231530445	-4000	4000	-1450
chr2	233613633	233621633	233618402	8000	233617633	-4000	4000	769
chr2	237081882	237089882	237085949	8000	237085882	-4000	4000	67
chr2	107982523	107990523	107988187	8000	107986523	-4000	4000	1664
chr2	29070523	29078523	29071501	8000	29074523	-4000	4000	-3022
chr2	181676665	181684665	181678252	8000	181680665	-4000	4000	-2413
chr2	96321317	96329317	96327950	8000	96325317	-4000	4000	2633
chr2	79084019	79092019	79085562	8000	79088019	-4000	4000	-2457
chr2	70831816	70839816	70832999	8000	70835816	-4000	4000	-2817
chr2	75195520	75203520	75198746	8000	75199520	-4000	4000	-774
chr2	97090882	97098882	97091658	8000	97094882	-4000	4000	-3224
chr2	45005452	45013452	45008980	8000	45009452	-4000	4000	-472
chr2	70831816	70839816	70835530	8000	70835816	-4000	4000	-286
chr2	74551690	74559690	74556793	8000	74555690	-4000	4000	1103
chr2	79155753	79163753	79157257	8000	79159753	-4000	4000	-2496
chr2	70253386	70261386	70258216	8000	70257386	-4000	4000	830
chr2	240687866	240695866	240692122	8000	240691866	-4000	4000	256
chr2	29070523	29078523	29072822	8000	29074523	-4000	4000	-1701
chr2	86191472	86199472	86195461	8000	86195472	-4000	4000	-11
chr2	86191472	86199472	86195462	8000	86195472	-4000	4000	-10
chr2	118938194	118946194	118942387	8000	118942194	-4000	4000	193
chr2	162241151	162249151	162243376	8000	162245151	-4000	4000	-1775
chr2	171430802	171438802	171435087	8000	171434802	-4000	4000	285
chr2	10907934	10915934	10913741	8000	10911934	-4000	4000	1807
chr2	15557334	15565334	15558593	8000	15561334	-4000	4000	-2741
chr2	17514440	17522440	17515409	8000	17518440	-4000	4000	-3031
chr2	17514440	17522440	17516303	8000	17518440	-4000	4000	-2137
chr2	18585564	18593564	18587517	8000	18589564	-4000	4000	-2047
chr2	27145004	27153004	27152701	8000	27149004	-4000	4000	3697
chr2	27578969	27586969	27578975	8000	27582969	-4000	4000	-3994
chr2	27578969	27586969	27579272	8000	27582969	-4000	4000	-3697
chr2	27578969	27586969	27580902	8000	27582969	-4000	4000	-2067
chr2	27624247	27632247	27627325	8000	27628247	-4000	4000	-922
chr2	29070523	29078523	29070738	8000	29074523	-4000	4000	-3785
chr2	29070523	29078523	29071911	8000	29074523	-4000	4000	-2612
chr2	31229858	31237858	31234699	8000	31233858	-4000	4000	841
chr2	73638422	73646422	73641045	8000	73642422	-4000	4000	-1377
chr2	74522281	74530281	74522766	8000	74526281	-4000	4000	-3515
chr2	75195520	75203520	75198860	8000	75199520	-4000	4000	-660
chr2	85580431	85588431	85581746	8000	85584431	-4000	4000	-2685
chr2	95145434	95153434	95149394	8000	95149434	-4000	4000	-40
chr2	95145434	95153434	95150242	8000	95149434	-4000	4000	808
chr2	95987831	95995831	95991586	8000	95991831	-4000	4000	-245
chr2	96756902	96764902	96762232	8000	96760902	-4000	4000	1330
chr2	102183006	102191006	102189086	8000	102187006	-4000	4000	2080
chr2	117810691	117818691	117817493	8000	117814691	-4000	4000	2802
chr2	129975666	129983666	129980790	8000	129979666	-4000	4000	1124
chr2	136114149	136122149	136115324	8000	136118149	-4000	4000	-2825
chr2	157323713	157331713	157324673	8000	157327713	-4000	4000	-3040
chr2	162834767	162842767	162836700	8000	162838767	-4000	4000	-2067
chr2	174391730	174399730	174398310	8000	174395730	-4000	4000	2580
chr2	178476457	178484457	178480885	8000	178480457	-4000	4000	428
chr2	183074559	183082559	183079042	8000	183078559	-4000	4000	483
chr2	189670290	189678290	189670620	8000	189674290	-4000	4000	-3670
chr2	201383858	201391858	201386418	8000	201387858	-4000	4000	-1440
chr2	201383858	201391858	201389876	8000	201387858	-4000	4000	2018
chr2	214407054	214415054	214414392	8000	214411054	-4000	4000	3338
chr2	216856064	216864064	216860030	8000	216860064	-4000	4000	-34
chr2	219037527	219045527	219038970	8000	219041527	-4000	4000	-2557
chr2	219172225	219180225	219174852	8000	219176225	-4000	4000	-1373
chr2	219241478	219249478	219242549	8000	219245478	-4000	4000	-2929
chr2	219494865	219502865	219501904	8000	219498865	-4000	4000	3039
chr2	223953463	223961463	223959733	8000	223957463	-4000	4000	2270
chr2	227377995	227385995	227379122	8000	227381995	-4000	4000	-2873
chr2	232546659	232554659	232549674	8000	232550659	-4000	4000	-985
chr2	233562782	233570782	233565509	8000	233566782	-4000	4000	-1273
chr2	233613633	233621633	233618468	8000	233617633	-4000	4000	835
chr2	233771679	233779679	233772637	8000	233775679	-4000	4000	-3042
chr2	84512455	84520455	84517965	8000	84516455	-4000	4000	1510
chr2	95588001	95596001	95594192	8000	95592001	-4000	4000	2191
chr2	181676665	181684665	181678594	8000	181680665	-4000	4000	-2071
chr2	201178898	201186898	201185838	8000	201182898	-4000	4000	2940
chr2	228177687	228185687	228181626	8000	228181687	-4000	4000	-61
chr2	208125828	208133828	208129787	8000	208129828	-4000	4000	-41
chr2	29070523	29078523	29070917	8000	29074523	-4000	4000	-3606
chr2	234046679	234054679	234050852	8000	234050679	-4000	4000	173
chr2	176088721	176096721	176093603	8000	176092721	-4000	4000	882
chr2	61014259	61022259	61017790	8000	61018259	-4000	4000	-469
chr2	73071619	73079619	73075359	8000	73075619	-4000	4000	-260
chr2	85664741	85672741	85665627	8000	85668741	-4000	4000	-3114
chr2	132412805	132420805	132417294	8000	132416805	-4000	4000	489
chr2	15557334	15565334	15561326	8000	15561334	-4000	4000	-8
chr2	113752693	113760693	113755176	8000	113756693	-4000	4000	-1517
chr2	208125828	208133828	208128271	8000	208129828	-4000	4000	-1557
chr2	48525925	48533925	48529958	8000	48529925	-4000	4000	33
chr2	223048190	223056190	223053651	8000	223052190	-4000	4000	1461
chr2	151353592	151361592	151357747	8000	151357592	-4000	4000	155
chr2	219172225	219180225	219175624	8000	219176225	-4000	4000	-601
chr2	29070523	29078523	29071374	8000	29074523	-4000	4000	-3149
chr2	152171763	152179763	152175695	8000	152175763	-4000	4000	-68
chr2	232452125	232460125	232458953	8000	232456125	-4000	4000	2828
chr2	74551690	74559690	74556597	8000	74555690	-4000	4000	907
chr2	17514440	17522440	17516279	8000	17518440	-4000	4000	-2161
chr2	240132807	240140807	240139173	8000	240136807	-4000	4000	2366
chr2	118938194	118946194	118942242	8000	118942194	-4000	4000	48
chr2	201639570	201647570	201645370	8000	201643570	-4000	4000	1800
chr2	79116362	79124362	79120817	8000	79120362	-4000	4000	455
chr2	233028672	233036672	233034940	8000	233032672	-4000	4000	2268
chr2	79084019	79092019	79085649	8000	79088019	-4000	4000	-2370
chr2	219539663	219547663	219541058	8000	219543663	-4000	4000	-2605
chr2	219567859	219575859	219572507	8000	219571859	-4000	4000	648
chr2	96321317	96329317	96328176	8000	96325317	-4000	4000	2859
chr2	17514440	17522440	17516541	8000	17518440	-4000	4000	-1899
chr2	29070523	29078523	29072957	8000	29074523	-4000	4000	-1566
chr2	79155753	79163753	79157626	8000	79159753	-4000	4000	-2127
chr2	74551690	74559690	74556693	8000	74555690	-4000	4000	1003
chr2	131360168	131368168	131363285	8000	131364168	-4000	4000	-883
chr2	112580240	112588240	112586009	8000	112584240	-4000	4000	1769
chr2	12712910	12720910	12718192	8000	12716910	-4000	4000	1282
chr2	102615553	102623553	102620076	8000	102619553	-4000	4000	523
chr2	119675167	119683167	119680929	8000	119679167	-4000	4000	1762
chr2	136114149	136122149	136115555	8000	136118149	-4000	4000	-2594
chr2	172098900	172106900	172101403	8000	172102900	-4000	4000	-1497
chr2	199951317	199959317	199956138	8000	199955317	-4000	4000	821
chr2	218668069	218676069	218668520	8000	218672069	-4000	4000	-3549
chr2	219172225	219180225	219172977	8000	219176225	-4000	4000	-3248
chr2	233028672	233036672	233034571	8000	233032672	-4000	4000	1899
chr2	233771679	233779679	233772421	8000	233775679	-4000	4000	-3258
chr2	240043027	240051027	240045564	8000	240047027	-4000	4000	-1463
chr2	241682944	241690944	241685796	8000	241686944	-4000	4000	-1148
chr2	102183006	102191006	102187857	8000	102187006	-4000	4000	851
chr2	119675167	119683167	119681214	8000	119679167	-4000	4000	2047
chr2	74479073	74487073	74482243	8000	74483073	-4000	4000	-830
chr2	3373830	3381830	3377669	8000	3377830	-4000	4000	-161
chr2	96141440	96149440	96144341	8000	96145440	-4000	4000	-1099
chr2	232402844	232410844	232407136	8000	232406844	-4000	4000	292
chr2	64449969	64457969	64456346	8000	64453969	-4000	4000	2377
chr2	201639570	201647570	201645392	8000	201643570	-4000	4000	1822
chr2	233771679	233779679	233772280	8000	233775679	-4000	4000	-3399
chr2	176079962	176087962	176083834	8000	176083962	-4000	4000	-128
chr2	108782757	108790757	108788054	8000	108786757	-4000	4000	1297
chr2	160196313	160204313	160200111	8000	160200313	-4000	4000	-202
chr2	172551373	172559373	172558755	8000	172555373	-4000	4000	3382
chr2	132412805	132420805	132417639	8000	132416805	-4000	4000	834
chr2	215307956	215315956	215312530	8000	215311956	-4000	4000	574
chr2	27659471	27667471	27661193	8000	27663471	-4000	4000	-2278
chr2	227867054	227875054	227871670	8000	227871054	-4000	4000	616
chr2	159282703	159290703	159282705	8000	159286703	-4000	4000	-3998
chr2	262398	270398	264982	8000	266398	-4000	4000	-1416
chr2	10907934	10915934	10913425	8000	10911934	-4000	4000	1491
chr2	108445107	108453107	108452427	8000	108449107	-4000	4000	3320
chr2	108782757	108790757	108783672	8000	108786757	-4000	4000	-3085
chr2	27624247	27632247	27626987	8000	27628247	-4000	4000	-1260
chr2	70289740	70297740	70296011	8000	70293740	-4000	4000	2271
chr2	231588864	231596864	231593042	8000	231592864	-4000	4000	178
chr2	79021686	79029686	79026747	8000	79025686	-4000	4000	1061
chr2	29070523	29078523	29070781	8000	29074523	-4000	4000	-3742
chr2	74479073	74487073	74482659	8000	74483073	-4000	4000	-414
chr2	135833184	135841184	135840836	8000	135837184	-4000	4000	3652
chr2	73198574	73206574	73202686	8000	73202574	-4000	4000	112
chr2	136114149	136122149	136116194	8000	136118149	-4000	4000	-1955
chr2	172080740	172088740	172088685	8000	172084740	-4000	4000	3945
chr2	218352857	218360857	218357177	8000	218356857	-4000	4000	320
chr2	233771679	233779679	233772400	8000	233775679	-4000	4000	-3279
chr2	27578969	27586969	27579661	8000	27582969	-4000	4000	-3308
chr2	19897983	19905983	19901769	8000	19901983	-4000	4000	-214
chr2	178447512	178455512	178453587	8000	178451512	-4000	4000	2075
chr2	232452125	232460125	232456394	8000	232456125	-4000	4000	269
chr2	61850143	61858143	61853915	8000	61854143	-4000	4000	-228
chr2	215432073	215440073	215433408	8000	215436073	-4000	4000	-2665
chr2	27038364	27046364	27040363	8000	27042364	-4000	4000	-2001
chr2	113433691	113441691	113437730	8000	113437691	-4000	4000	39
chr2	55515604	55523604	55519763	8000	55519604	-4000	4000	159
chr2	202372327	202380327	202377490	8000	202376327	-4000	4000	1163
chr2	29070523	29078523	29074024	8000	29074523	-4000	4000	-499
chr2	95270449	95278449	95274748	8000	95274449	-4000	4000	299
chr2	69957631	69965631	69960562	8000	69961631	-4000	4000	-1069
chr2	86857924	86865924	86858409	8000	86861924	-4000	4000	-3515
chr2	130352045	130360045	130359425	8000	130356045	-4000	4000	3380
chr2	49150527	49158527	49154416	8000	49154527	-4000	4000	-111
chr2	74650228	74658228	74657866	8000	74654228	-4000	4000	3638
chr2	8674845	8682845	8682075	8000	8678845	-4000	4000	3230
chr2	219567859	219575859	219574874	8000	219571859	-4000	4000	3015
chr2	240026429	240034429	240030159	8000	240030429	-4000	4000	-270
chr2	172080740	172088740	172086870	8000	172084740	-4000	4000	2130
chr2	218162962	218170962	218164301	8000	218166962	-4000	4000	-2661
chr2	29070523	29078523	29073880	8000	29074523	-4000	4000	-643
chr2	74461410	74469410	74463474	8000	74465410	-4000	4000	-1936
chr2	68970573	68978573	68974611	8000	68974573	-4000	4000	38
chr2	224035318	224043318	224038630	8000	224039318	-4000	4000	-688
chr2	233771679	233779679	233772633	8000	233775679	-4000	4000	-3046
chr2	79021686	79029686	79026771	8000	79025686	-4000	4000	1085
chr2	79021686	79029686	79026772	8000	79025686	-4000	4000	1086
chr2	3373830	3381830	3377708	8000	3377830	-4000	4000	-122
chr2	29070523	29078523	29072134	8000	29074523	-4000	4000	-2389
chr2	68316051	68324051	68319256	8000	68320051	-4000	4000	-795
chr2	75195520	75203520	75199015	8000	75199520	-4000	4000	-505
chr2	95398708	95406708	95405791	8000	95402708	-4000	4000	3083
chr2	178447512	178455512	178454500	8000	178451512	-4000	4000	2988
chr2	212534841	212542841	212538591	8000	212538841	-4000	4000	-250
chr2	219567859	219575859	219575266	8000	219571859	-4000	4000	3407
chr2	238844032	238852032	238848395	8000	238848032	-4000	4000	363
chr2	17514440	17522440	17516776	8000	17518440	-4000	4000	-1664
chr2	25978749	25986749	25981597	8000	25982749	-4000	4000	-1152
chr2	96321317	96329317	96326917	8000	96325317	-4000	4000	1600
chr2	113001459	113009459	113005992	8000	113005459	-4000	4000	533
chr2	124021287	124029287	124025626	8000	124025287	-4000	4000	339
chr2	197496413	197504413	197501185	8000	197500413	-4000	4000	772
chr2	222294998	222302998	222295537	8000	222298998	-4000	4000	-3461
chr2	176184668	176192668	176190684	8000	176188668	-4000	4000	2016
chr2	284851	292851	286186	8000	288851	-4000	4000	-2665
chr2	74499316	74507316	74507207	8000	74503316	-4000	4000	3891
chr2	169569875	169577875	169571940	8000	169573875	-4000	4000	-1935
chr2	219414377	219422377	219418819	8000	219418377	-4000	4000	442
chr2	223048190	223056190	223053436	8000	223052190	-4000	4000	1246
chr2	240026429	240034429	240029875	8000	240030429	-4000	4000	-554
chr3	187698557	187706557	187702401	8000	187702557	-4000	4000	-156
chr3	49129118	49137118	49132131	8000	49133118	-4000	4000	-987
chr3	49354353	49362353	49360170	8000	49358353	-4000	4000	1817
chr3	49795873	49803873	49796985	8000	49799873	-4000	4000	-2888
chr3	108949879	108957879	108953648	8000	108953879	-4000	4000	-231
chr3	119464830	119472830	119468979	8000	119468830	-4000	4000	149
chr3	52773595	52781595	52780358	8000	52777595	-4000	4000	2763
chr3	49129118	49137118	49130845	8000	49133118	-4000	4000	-2273
chr3	98386666	98394666	98391062	8000	98390666	-4000	4000	396
chr3	138604606	138612606	138610930	8000	138608606	-4000	4000	2324
chr3	142444062	142452062	142451456	8000	142448062	-4000	4000	3394
chr3	39103680	39111680	39110052	8000	39107680	-4000	4000	2372
chr3	68000247	68008247	68006416	8000	68004247	-4000	4000	2169
chr3	53878152	53886152	53878438	8000	53882152	-4000	4000	-3714
chr3	32234679	32242679	32239062	8000	32238679	-4000	4000	383
chr3	98581498	98589498	98585655	8000	98585498	-4000	4000	157
chr3	143115771	143123771	143122056	8000	143119771	-4000	4000	2285
chr3	169865935	169873935	169869817	8000	169869935	-4000	4000	-118
chr3	181707925	181715925	181712610	8000	181711925	-4000	4000	685
chr3	9549822	9557822	9552445	8000	9553822	-4000	4000	-1377
chr3	111975010	111983010	111981800	8000	111979010	-4000	4000	2790
chr3	57552274	57560274	57557015	8000	57556274	-4000	4000	741
chr3	138128390	138136390	138131108	8000	138132390	-4000	4000	-1282
chr3	172707218	172715218	172711015	8000	172711218	-4000	4000	-203
chr3	49167598	49175598	49174942	8000	49171598	-4000	4000	3344
chr3	170353678	170361678	170361192	8000	170357678	-4000	4000	3514
chr3	187287980	187295980	187291815	8000	187291980	-4000	4000	-165
chr3	13876071	13884071	13879829	8000	13880071	-4000	4000	-242
chr3	129970688	129978688	129976806	8000	129974688	-4000	4000	2118
chr3	44237886	44245886	44241998	8000	44241886	-4000	4000	112
chr3	179600807	179608807	179604835	8000	179604807	-4000	4000	28
chr3	121890401	121898401	121894455	8000	121894401	-4000	4000	54
chr3	129245606	129253606	129249705	8000	129249606	-4000	4000	99
chr3	93976003	93984003	93980374	8000	93980003	-4000	4000	371
chr3	154426190	154434190	154428762	8000	154430190	-4000	4000	-1428
chr3	98278505	98286505	98283434	8000	98282505	-4000	4000	929
chr3	112971103	112979103	112975015	8000	112975103	-4000	4000	-88
chr3	49852574	49860574	49859274	8000	49856574	-4000	4000	2700
chr3	187666394	187674394	187669060	8000	187670394	-4000	4000	-1334
chr3	10812201	10820201	10819484	8000	10816201	-4000	4000	3283
chr3	98278505	98286505	98283171	8000	98282505	-4000	4000	666
chr3	49018293	49026293	49022530	8000	49022293	-4000	4000	237
chr3	158640527	158648527	158646918	8000	158644527	-4000	4000	2391
chr3	98126721	98134721	98133006	8000	98130721	-4000	4000	2285
chr3	9886574	9894574	9893024	8000	9890574	-4000	4000	2450
chr3	197025817	197033817	197027782	8000	197029817	-4000	4000	-2035
chr3	150599228	150607228	150603497	8000	150603228	-4000	4000	269
chr3	187666394	187674394	187669243	8000	187670394	-4000	4000	-1151
chr3	49809953	49817953	49810118	8000	49813953	-4000	4000	-3835
chr3	52406008	52414008	52406327	8000	52410008	-4000	4000	-3681
chr3	98278505	98286505	98283352	8000	98282505	-4000	4000	847
chr3	142444062	142452062	142450671	8000	142448062	-4000	4000	2609
chr3	51937904	51945904	51944131	8000	51941904	-4000	4000	2227
chr3	73057659	73065659	73065426	8000	73061659	-4000	4000	3767
chr3	112971103	112979103	112975013	8000	112975103	-4000	4000	-90
chr3	119143375	119151375	119146403	8000	119147375	-4000	4000	-972
chr3	46349864	46357864	46357543	8000	46353864	-4000	4000	3679
chr3	49116938	49124938	49122729	8000	49120938	-4000	4000	1791
chr3	196499768	196507768	196503222	8000	196503768	-4000	4000	-546
chr3	197295330	197303330	197296358	8000	197299330	-4000	4000	-2972
chr3	133396056	133404056	133400362	8000	133400056	-4000	4000	306
chr3	8765628	8773628	8767369	8000	8769628	-4000	4000	-2259
chr3	42681537	42689537	42685599	8000	42685537	-4000	4000	62
chr3	48558015	48566015	48565185	8000	48562015	-4000	4000	3170
chr3	48617769	48625769	48621492	8000	48621769	-4000	4000	-277
chr3	49116938	49124938	49122810	8000	49120938	-4000	4000	1872
chr3	123445090	123453090	123447672	8000	123449090	-4000	4000	-1418
chr3	131022850	131030850	131024514	8000	131026850	-4000	4000	-2336
chr3	184049047	184057047	184056278	8000	184053047	-4000	4000	3231
chr3	62370324	62378324	62371314	8000	62374324	-4000	4000	-3010
chr3	25786039	25794039	25791969	8000	25790039	-4000	4000	1930
chr3	120678269	120686269	120682316	8000	120682269	-4000	4000	47
chr3	152831131	152839131	152836561	8000	152835131	-4000	4000	1430
chr3	187193486	187201486	187199618	8000	187197486	-4000	4000	2132
chr3	139535829	139543829	139539709	8000	139539829	-4000	4000	-120
chr3	138943217	138951217	138946516	8000	138947217	-4000	4000	-701
chr3	108818770	108826770	108822903	8000	108822770	-4000	4000	133
chr3	138430586	138438586	138434962	8000	138434586	-4000	4000	376
chr3	101557868	101565868	101565611	8000	101561868	-4000	4000	3743
chr3	184245695	184253695	184245768	8000	184249695	-4000	4000	-3927
chr3	170353678	170361678	170360972	8000	170357678	-4000	4000	3294
chr3	121890401	121898401	121897426	8000	121894401	-4000	4000	3025
chr3	131377671	131385671	131382061	8000	131381671	-4000	4000	390
chr3	154426190	154434190	154429543	8000	154430190	-4000	4000	-647
chr3	44237886	44245886	44242225	8000	44241886	-4000	4000	339
chr3	134647636	134655636	134651030	8000	134651636	-4000	4000	-606
chr3	147389422	147397422	147391170	8000	147393422	-4000	4000	-2252
chr3	9745944	9753944	9750183	8000	9749944	-4000	4000	239
chr3	169769396	169777396	169773203	8000	169773396	-4000	4000	-193
chr3	98126721	98134721	98132981	8000	98130721	-4000	4000	2260
chr3	48682364	48690364	48682467	8000	48686364	-4000	4000	-3897
chr3	152831131	152839131	152836428	8000	152835131	-4000	4000	1297
chr3	50341732	50349732	50348728	8000	50345732	-4000	4000	2996
chr3	98259252	98267252	98265029	8000	98263252	-4000	4000	1777
chr3	113437610	113445610	113445261	8000	113441610	-4000	4000	3651
chr3	49116938	49124938	49124888	8000	49120938	-4000	4000	3950
chr3	190318541	190326541	190322110	8000	190322541	-4000	4000	-431
chr3	98031304	98039304	98034936	8000	98035304	-4000	4000	-368
chr3	42262185	42270185	42263399	8000	42266185	-4000	4000	-2786
chr3	120345354	120353354	120348794	8000	120349354	-4000	4000	-560
chr3	139535829	139543829	139539523	8000	139539829	-4000	4000	-306
chr3	107373439	107381439	107377665	8000	107377439	-4000	4000	226
chr3	119143375	119151375	119151242	8000	119147375	-4000	4000	3867
chr3	33093202	33101202	33093590	8000	33097202	-4000	4000	-3612
chr3	119143375	119151375	119146955	8000	119147375	-4000	4000	-420
chr3	134791260	134799260	134795458	8000	134795260	-4000	4000	198
chr3	46490611	46498611	46498111	8000	46494611	-4000	4000	3500
chr3	38035205	38043205	38039436	8000	38039205	-4000	4000	231
chr3	98143479	98151479	98149949	8000	98147479	-4000	4000	2470
chr3	129274828	129282828	129279823	8000	129278828	-4000	4000	995
chr3	187287980	187295980	187291736	8000	187291980	-4000	4000	-244
chr3	108753410	108761410	108755779	8000	108757410	-4000	4000	-1631
chr3	122676839	122684839	122681025	8000	122680839	-4000	4000	186
chr3	49408998	49416998	49412409	8000	49412998	-4000	4000	-589
chr3	9913116	9921116	9917414	8000	9917116	-4000	4000	298
chr3	142444062	142452062	142451516	8000	142448062	-4000	4000	3454
chr3	98126721	98134721	98133559	8000	98130721	-4000	4000	2838
chr3	40305707	40313707	40312169	8000	40309707	-4000	4000	2462
chr3	128462968	128470968	128462995	8000	128466968	-4000	4000	-3973
chr3	184182095	184190095	184187957	8000	184186095	-4000	4000	1862
chr3	98259252	98267252	98264792	8000	98263252	-4000	4000	1540
chr3	133658380	133666380	133659129	8000	133662380	-4000	4000	-3251
chr3	137760315	137768315	137765468	8000	137764315	-4000	4000	1153
chr3	194681883	194689883	194687123	8000	194685883	-4000	4000	1240
chr3	48219347	48227347	48223500	8000	48223347	-4000	4000	153
chr3	51703068	51711068	51703793	8000	51707068	-4000	4000	-3275
chr3	138170921	138178921	138171700	8000	138174921	-4000	4000	-3221
chr3	142959674	142967674	142962271	8000	142963674	-4000	4000	-1403
chr3	39188596	39196596	39188989	8000	39192596	-4000	4000	-3607
chr3	184131038	184139038	184137903	8000	184135038	-4000	4000	2865
chr3	9745944	9753944	9750397	8000	9749944	-4000	4000	453
chr3	179600807	179608807	179604891	8000	179604807	-4000	4000	84
chr3	152831131	152839131	152836391	8000	152835131	-4000	4000	1260
chr3	38492127	38500127	38492376	8000	38496127	-4000	4000	-3751
chr3	143115771	143123771	143121301	8000	143119771	-4000	4000	1530
chr3	143115771	143123771	143121302	8000	143119771	-4000	4000	1531
chr3	119143375	119151375	119147081	8000	119147375	-4000	4000	-294
chr3	98386666	98394666	98391582	8000	98390666	-4000	4000	916
chr3	109312517	109320517	109312683	8000	109316517	-4000	4000	-3834
chr3	121890401	121898401	121894408	8000	121894401	-4000	4000	7
chr3	129274828	129282828	129277293	8000	129278828	-4000	4000	-1535
chr3	9913116	9921116	9917891	8000	9917116	-4000	4000	775
chr3	119143375	119151375	119146264	8000	119147375	-4000	4000	-1111
chr3	44237886	44245886	44244178	8000	44241886	-4000	4000	2292
chr3	109333546	109341546	109337540	8000	109337546	-4000	4000	-6
chr3	185277990	185285990	185285598	8000	185281990	-4000	4000	3608
chr3	49025447	49033447	49033202	8000	49029447	-4000	4000	3755
chr3	52406008	52414008	52408584	8000	52410008	-4000	4000	-1424
chr3	52681917	52689917	52689091	8000	52685917	-4000	4000	3174
chr3	94058980	94066980	94063211	8000	94062980	-4000	4000	231
chr3	114233578	114241578	114237078	8000	114237578	-4000	4000	-500
chr3	32947644	32955644	32954205	8000	32951644	-4000	4000	2561
chr3	184310495	184318495	184317336	8000	184314495	-4000	4000	2841
chr3	69048339	69056339	69052060	8000	69052339	-4000	4000	-279
chr3	143844485	143852485	143848190	8000	143848485	-4000	4000	-295
chr3	150599228	150607228	150603290	8000	150603228	-4000	4000	62
chr3	150937743	150945743	150943903	8000	150941743	-4000	4000	2160
chr3	190318541	190326541	190322027	8000	190322541	-4000	4000	-514
chr3	184131038	184139038	184138234	8000	184135038	-4000	4000	3196
chr3	38134478	38142478	38141360	8000	38138478	-4000	4000	2882
chr3	142959674	142967674	142963100	8000	142963674	-4000	4000	-574
chr3	98126721	98134721	98132974	8000	98130721	-4000	4000	2253
chr3	131377671	131385671	131383479	8000	131381671	-4000	4000	1808
chr3	172519475	172527475	172523352	8000	172523475	-4000	4000	-123
chr3	179343709	179351709	179348868	8000	179347709	-4000	4000	1159
chr3	195807973	195815973	195811948	8000	195811973	-4000	4000	-25
chr3	114052594	114060594	114056412	8000	114056594	-4000	4000	-182
chr3	114233578	114241578	114236919	8000	114237578	-4000	4000	-659
chr3	52773595	52781595	52779611	8000	52777595	-4000	4000	2016
chr3	197295330	197303330	197297189	8000	197299330	-4000	4000	-2141
chr3	140674064	140682064	140678276	8000	140678064	-4000	4000	212
chr3	8741040	8749040	8745543	8000	8745040	-4000	4000	503
chr3	127668935	127676935	127676299	8000	127672935	-4000	4000	3364
chr3	187364385	187372385	187371001	8000	187368385	-4000	4000	2616
chr3	100256992	100264992	100261057	8000	100260992	-4000	4000	65
chr3	27718711	27726711	27718854	8000	27722711	-4000	4000	-3857
chr3	184310495	184318495	184317349	8000	184314495	-4000	4000	2854
chr3	42681537	42689537	42689004	8000	42685537	-4000	4000	3467
chr3	44237886	44245886	44243580	8000	44241886	-4000	4000	1694
chr3	98126721	98134721	98132863	8000	98130721	-4000	4000	2142
chr3	190445901	190453901	190449738	8000	190449901	-4000	4000	-163
chr3	184131038	184139038	184136939	8000	184135038	-4000	4000	1901
chr3	184376073	184384073	184381720	8000	184380073	-4000	4000	1647
chr3	109312517	109320517	109312624	8000	109316517	-4000	4000	-3893
chr3	10245372	10253372	10249535	8000	10249372	-4000	4000	163
chr3	94058980	94066980	94064439	8000	94062980	-4000	4000	1459
chr3	9886574	9894574	9893449	8000	9890574	-4000	4000	2875
chr3	119143375	119151375	119148210	8000	119147375	-4000	4000	835
chr3	184182095	184190095	184187955	8000	184186095	-4000	4000	1860
chr3	137760315	137768315	137765110	8000	137764315	-4000	4000	795
chr3	98083173	98091173	98087874	8000	98087173	-4000	4000	701
chr3	179558886	179566886	179563031	8000	179562886	-4000	4000	145
chr3	142444062	142452062	142451327	8000	142448062	-4000	4000	3265
chr3	169659775	169667775	169663476	8000	169663775	-4000	4000	-299
chr3	170414868	170422868	170419112	8000	170418868	-4000	4000	244
chr3	194395266	194403266	194397698	8000	194399266	-4000	4000	-1568
chr3	5118249	5126249	5122351	8000	5122249	-4000	4000	102
chr3	120592328	120600328	120596439	8000	120596328	-4000	4000	111
chr3	172444456	172452456	172448209	8000	172448456	-4000	4000	-247
chr3	129602676	129610676	129606199	8000	129606676	-4000	4000	-477
chr3	9898612	9906612	9902624	8000	9902612	-4000	4000	12
chr3	109114134	109122134	109118032	8000	109118134	-4000	4000	-102
chr3	75660328	75668328	75665623	8000	75664328	-4000	4000	1295
chr3	142959674	142967674	142962294	8000	142963674	-4000	4000	-1380
chr3	197295330	197303330	197297224	8000	197299330	-4000	4000	-2106
chr3	57552274	57560274	57556705	8000	57556274	-4000	4000	431
chr3	119699076	119707076	119703191	8000	119703076	-4000	4000	115
chr3	121890401	121898401	121894339	8000	121894401	-4000	4000	-62
chr3	69048339	69056339	69052169	8000	69052339	-4000	4000	-170
chr3	119143375	119151375	119146710	8000	119147375	-4000	4000	-665
chr3	129970688	129978688	129977040	8000	129974688	-4000	4000	2352
chr3	184131038	184139038	184137918	8000	184135038	-4000	4000	2880
chr3	196564611	196572611	196569215	8000	196568611	-4000	4000	604
chr3	115619510	115627510	115623625	8000	115623510	-4000	4000	115
chr3	140674064	140682064	140678486	8000	140678064	-4000	4000	422
chr3	49795873	49803873	49798717	8000	49799873	-4000	4000	-1156
chr3	52406008	52414008	52408595	8000	52410008	-4000	4000	-1413
chr3	89103621	89111621	89107667	8000	89107621	-4000	4000	46
chr3	131022850	131030850	131025038	8000	131026850	-4000	4000	-1812
chr3	108585644	108593644	108589392	8000	108589644	-4000	4000	-252
chr3	98349854	98357854	98354029	8000	98353854	-4000	4000	175
chr3	46403166	46411166	46409106	8000	46407166	-4000	4000	1940
chr3	27718711	27726711	27720242	8000	27722711	-4000	4000	-2469
chr3	75660328	75668328	75665984	8000	75664328	-4000	4000	1656
chr3	137994735	138002735	137998863	8000	137998735	-4000	4000	128
chr3	44237886	44245886	44244320	8000	44241886	-4000	4000	2434
chr3	49101130	49109130	49103917	8000	49105130	-4000	4000	-1213
chr3	57552274	57560274	57557240	8000	57556274	-4000	4000	966
chr3	129245606	129253606	129252683	8000	129249606	-4000	4000	3077
chr3	194395266	194403266	194397690	8000	194399266	-4000	4000	-1576
chr3	33093202	33101202	33094001	8000	33097202	-4000	4000	-3201
chr3	184131038	184139038	184138187	8000	184135038	-4000	4000	3149
chr3	46403166	46411166	46408286	8000	46407166	-4000	4000	1120
chr3	46403166	46411166	46408736	8000	46407166	-4000	4000	1570
chr3	98162696	98170696	98169602	8000	98166696	-4000	4000	2906
chr3	111066071	111074071	111072293	8000	111070071	-4000	4000	2222
chr3	112986984	112994984	112991333	8000	112990984	-4000	4000	349
chr3	130742829	130750829	130744530	8000	130746829	-4000	4000	-2299
chr3	156821481	156829481	156829366	8000	156825481	-4000	4000	3885
chr3	46366946	46374946	46373303	8000	46370946	-4000	4000	2357
chr3	183880889	183888889	183884730	8000	183884889	-4000	4000	-159
chr3	196207437	196215437	196209492	8000	196211437	-4000	4000	-1945
chr3	119575268	119583268	119582387	8000	119579268	-4000	4000	3119
chr3	44237886	44245886	44243806	8000	44241886	-4000	4000	1920
chr3	49129118	49137118	49130776	8000	49133118	-4000	4000	-2342
chr3	81757645	81765645	81761395	8000	81761645	-4000	4000	-250
chr3	120678269	120686269	120682146	8000	120682269	-4000	4000	-123
chr3	46403166	46411166	46408417	8000	46407166	-4000	4000	1251
chr3	49899873	49907873	49902991	8000	49903873	-4000	4000	-882
chr3	112971103	112979103	112975025	8000	112975103	-4000	4000	-78
chr3	122560577	122568577	122565996	8000	122564577	-4000	4000	1419
chr3	133742040	133750040	133748529	8000	133746040	-4000	4000	2489
chr3	143844485	143852485	143848462	8000	143848485	-4000	4000	-23
chr3	75660328	75668328	75666025	8000	75664328	-4000	4000	1697
chr3	120090994	120098994	120093408	8000	120094994	-4000	4000	-1586
chr3	40305707	40313707	40312159	8000	40309707	-4000	4000	2452
chr3	121831183	121839183	121836748	8000	121835183	-4000	4000	1565
chr3	139535829	139543829	139539631	8000	139539829	-4000	4000	-198
chr3	154426190	154434190	154429646	8000	154430190	-4000	4000	-544
chr3	160445829	160453829	160449732	8000	160449829	-4000	4000	-97
chr3	181707925	181715925	181712483	8000	181711925	-4000	4000	558
chr3	185149060	185157060	185152807	8000	185153060	-4000	4000	-253
chr3	49809953	49817953	49810057	8000	49813953	-4000	4000	-3896
chr3	9745944	9753944	9750183	8000	9749944	-4000	4000	239
chr3	137994735	138002735	137999032	8000	137998735	-4000	4000	297
chr3	137994735	138002735	137999033	8000	137998735	-4000	4000	298
chr3	9727729	9735729	9734376	8000	9731729	-4000	4000	2647
chr3	129245606	129253606	129252866	8000	129249606	-4000	4000	3260
chr3	179600807	179608807	179601762	8000	179604807	-4000	4000	-3045
chr3	180033053	180041053	180036635	8000	180037053	-4000	4000	-418
chr3	98126721	98134721	98133072	8000	98130721	-4000	4000	2351
chr3	185821042	185829042	185824848	8000	185825042	-4000	4000	-194
chr3	44237886	44245886	44242346	8000	44241886	-4000	4000	460
chr3	1088658	1096658	1092976	8000	1092658	-4000	4000	318
chr3	25786039	25794039	25791244	8000	25790039	-4000	4000	1205
chr3	32566858	32574858	32570741	8000	32570858	-4000	4000	-117
chr3	44237886	44245886	44243862	8000	44241886	-4000	4000	1976
chr3	44644732	44652732	44652667	8000	44648732	-4000	4000	3935
chr3	49799261	49807261	49804875	8000	49803261	-4000	4000	1614
chr3	51381291	51389291	51382381	8000	51385291	-4000	4000	-2910
chr3	52766946	52774946	52768547	8000	52770946	-4000	4000	-2399
chr3	75660328	75668328	75664485	8000	75664328	-4000	4000	157
chr3	123957408	123965408	123961285	8000	123961408	-4000	4000	-123
chr3	158567163	158575163	158571347	8000	158571163	-4000	4000	184
chr3	129274828	129282828	129275292	8000	129278828	-4000	4000	-3536
chr3	39277735	39285735	39281685	8000	39281735	-4000	4000	-50
chr3	48237100	48245100	48241136	8000	48241100	-4000	4000	36
chr3	49809953	49817953	49813541	8000	49813953	-4000	4000	-412
chr3	75660328	75668328	75666035	8000	75664328	-4000	4000	1707
chr3	109312517	109320517	109314541	8000	109316517	-4000	4000	-1976
chr3	122573628	122581628	122577794	8000	122577628	-4000	4000	166
chr3	125591497	125599497	125594763	8000	125595497	-4000	4000	-734
chr3	137760315	137768315	137765105	8000	137764315	-4000	4000	790
chr3	131377671	131385671	131383231	8000	131381671	-4000	4000	1560
chr3	138183248	138191248	138187521	8000	138187248	-4000	4000	273
chr3	185548588	185556588	185552448	8000	185552588	-4000	4000	-140
chr3	10160919	10168919	10165017	8000	10164919	-4000	4000	98
chr3	50336980	50344980	50341628	8000	50340980	-4000	4000	648
chr3	184131038	184139038	184137940	8000	184135038	-4000	4000	2902
chr3	9898612	9906612	9902895	8000	9902612	-4000	4000	283
chr3	75660328	75668328	75665776	8000	75664328	-4000	4000	1448
chr3	140674064	140682064	140678271	8000	140678064	-4000	4000	207
chr3	52773595	52781595	52778400	8000	52777595	-4000	4000	805
chr3	111975010	111983010	111975772	8000	111979010	-4000	4000	-3238
chr3	50607520	50615520	50607940	8000	50611520	-4000	4000	-3580
chr3	51899353	51907353	51903069	8000	51903353	-4000	4000	-284
chr3	184027544	184035544	184035182	8000	184031544	-4000	4000	3638
chr3	75660328	75668328	75665732	8000	75664328	-4000	4000	1404
chr3	143115771	143123771	143121910	8000	143119771	-4000	4000	2139
chr3	58210697	58218697	58210952	8000	58214697	-4000	4000	-3745
chr3	68000247	68008247	68006594	8000	68004247	-4000	4000	2347
chr3	131498983	131506983	131500491	8000	131502983	-4000	4000	-2492
chr3	9359053	9367053	9365200	8000	9363053	-4000	4000	2147
chr3	129524639	129532639	129528669	8000	129528639	-4000	4000	30
chr3	129524639	129532639	129532625	8000	129528639	-4000	4000	3986
chr3	138943217	138951217	138950542	8000	138947217	-4000	4000	3325
chr3	49129118	49137118	49132344	8000	49133118	-4000	4000	-774
chr3	42681537	42689537	42688701	8000	42685537	-4000	4000	3164
chr3	191325085	191333085	191329697	8000	191329085	-4000	4000	612
chr3	46403166	46411166	46408944	8000	46407166	-4000	4000	1778
chr3	170353678	170361678	170360987	8000	170357678	-4000	4000	3309
chr3	51857615	51865615	51863200	8000	51861615	-4000	4000	1585
chr3	126513773	126521773	126517703	8000	126517773	-4000	4000	-70
chr3	169769396	169777396	169774485	8000	169773396	-4000	4000	1089
chr3	107373439	107381439	107377427	8000	107377439	-4000	4000	-12
chr3	142444062	142452062	142451211	8000	142448062	-4000	4000	3149
chr3	68000247	68008247	68006546	8000	68004247	-4000	4000	2299
chr3	52681917	52689917	52688122	8000	52685917	-4000	4000	2205
chr3	152831131	152839131	152836555	8000	152835131	-4000	4000	1424
chr3	44757619	44765619	44761642	8000	44761619	-4000	4000	23
chr3	84954989	84962989	84959421	8000	84958989	-4000	4000	432
chr3	49116938	49124938	49124703	8000	49120938	-4000	4000	3765
chr3	42698824	42706824	42698897	8000	42702824	-4000	4000	-3927
chr3	51938345	51946345	51946302	8000	51942345	-4000	4000	3957
chr3	186609060	186617060	186613327	8000	186613060	-4000	4000	267
chr3	69080937	69088937	69084991	8000	69084937	-4000	4000	54
chr3	197025817	197033817	197026667	8000	197029817	-4000	4000	-3150
chr3	16170680	16178680	16175214	8000	16174680	-4000	4000	534
chr3	48617769	48625769	48620972	8000	48621769	-4000	4000	-797
chr3	89103621	89111621	89107688	8000	89107621	-4000	4000	67
chr3	49408998	49416998	49412624	8000	49412998	-4000	4000	-374
chr3	114233578	114241578	114236668	8000	114237578	-4000	4000	-910
chr3	119575268	119583268	119582309	8000	119579268	-4000	4000	3041
chr3	129245606	129253606	129252705	8000	129249606	-4000	4000	3099
chr3	47278917	47286917	47282995	8000	47282917	-4000	4000	78
chr3	57552274	57560274	57557276	8000	57556274	-4000	4000	1002
chr3	98349854	98357854	98354768	8000	98353854	-4000	4000	914
chr3	32681145	32689145	32685455	8000	32685145	-4000	4000	310
chr3	32681145	32689145	32685456	8000	32685145	-4000	4000	311
chr3	75660328	75668328	75665732	8000	75664328	-4000	4000	1404
chr3	115619510	115627510	115623510	8000	115623510	-4000	4000	0
chr3	50346826	50354826	50350424	8000	50350826	-4000	4000	-402
chr3	49129118	49137118	49129980	8000	49133118	-4000	4000	-3138
chr3	98162696	98170696	98169388	8000	98166696	-4000	4000	2692
chr3	184295198	184303198	184300388	8000	184299198	-4000	4000	1190
chr3	120678269	120686269	120682313	8000	120682269	-4000	4000	44
chr3	158640527	158648527	158646776	8000	158644527	-4000	4000	2249
chr3	143115771	143123771	143121583	8000	143119771	-4000	4000	1812
chr3	169765561	169773561	169768076	8000	169769561	-4000	4000	-1485
chr3	9727729	9735729	9734156	8000	9731729	-4000	4000	2427
chr3	9745944	9753944	9750245	8000	9749944	-4000	4000	301
chr3	9886574	9894574	9893131	8000	9890574	-4000	4000	2557
chr3	13876071	13884071	13879760	8000	13880071	-4000	4000	-311
chr3	16260969	16268969	16264846	8000	16264969	-4000	4000	-123
chr3	25786039	25794039	25789925	8000	25790039	-4000	4000	-114
chr3	32234679	32242679	32239029	8000	32238679	-4000	4000	350
chr3	36989350	36997350	36992382	8000	36993350	-4000	4000	-968
chr3	39103680	39111680	39109211	8000	39107680	-4000	4000	1531
chr3	42406610	42414610	42406909	8000	42410610	-4000	4000	-3701
chr3	44237886	44245886	44244349	8000	44241886	-4000	4000	2463
chr3	46403166	46411166	46408605	8000	46407166	-4000	4000	1439
chr3	48682364	48690364	48682365	8000	48686364	-4000	4000	-3999
chr3	48985889	48993889	48990898	8000	48989889	-4000	4000	1009
chr3	49090363	49098363	49098033	8000	49094363	-4000	4000	3670
chr3	49101130	49109130	49101379	8000	49105130	-4000	4000	-3751
chr3	49116938	49124938	49117813	8000	49120938	-4000	4000	-3125
chr3	50324251	50332251	50326431	8000	50328251	-4000	4000	-1820
chr3	50346826	50354826	50350739	8000	50350826	-4000	4000	-87
chr3	51857615	51865615	51861669	8000	51861615	-4000	4000	54
chr3	51937904	51945904	51944997	8000	51941904	-4000	4000	3093
chr3	53887885	53895885	53891775	8000	53891885	-4000	4000	-110
chr3	58533283	58541283	58534379	8000	58537283	-4000	4000	-2904
chr3	62370324	62378324	62372113	8000	62374324	-4000	4000	-2211
chr3	69048339	69056339	69048349	8000	69052339	-4000	4000	-3990
chr3	73057659	73065659	73063698	8000	73061659	-4000	4000	2039
chr3	73057659	73065659	73065060	8000	73061659	-4000	4000	3401
chr3	75660328	75668328	75666098	8000	75664328	-4000	4000	1770
chr3	98259252	98267252	98265103	8000	98263252	-4000	4000	1851
chr3	100989515	100997515	100993430	8000	100993515	-4000	4000	-85
chr3	101557868	101565868	101565065	8000	101561868	-4000	4000	3197
chr3	109333546	109341546	109337540	8000	109337546	-4000	4000	-6
chr3	123957408	123965408	123961202	8000	123961408	-4000	4000	-206
chr3	142720034	142728034	142724609	8000	142724034	-4000	4000	575
chr3	155850442	155858442	155853587	8000	155854442	-4000	4000	-855
chr3	169765561	169773561	169767737	8000	169769561	-4000	4000	-1824
chr3	169765561	169773561	169768128	8000	169769561	-4000	4000	-1433
chr3	169769396	169777396	169769480	8000	169773396	-4000	4000	-3916
chr3	172444456	172452456	172445442	8000	172448456	-4000	4000	-3014
chr3	180033053	180041053	180036701	8000	180037053	-4000	4000	-352
chr3	184049047	184057047	184054863	8000	184053047	-4000	4000	1816
chr3	184093064	184101064	184100557	8000	184097064	-4000	4000	3493
chr3	184131038	184139038	184136609	8000	184135038	-4000	4000	1571
chr3	186609060	186617060	186613131	8000	186613060	-4000	4000	71
chr3	194395266	194403266	194396631	8000	194399266	-4000	4000	-2635
chr3	9886574	9894574	9890651	8000	9890574	-4000	4000	77
chr3	62370324	62378324	62371322	8000	62374324	-4000	4000	-3002
chr3	151810073	151818073	151814226	8000	151814073	-4000	4000	153
chr3	187287980	187295980	187291654	8000	187291980	-4000	4000	-326
chr3	152831131	152839131	152836417	8000	152835131	-4000	4000	1286
chr3	109312517	109320517	109312624	8000	109316517	-4000	4000	-3893
chr3	57552274	57560274	57557357	8000	57556274	-4000	4000	1083
chr3	62315015	62323015	62321979	8000	62319015	-4000	4000	2964
chr3	112082335	112090335	112086525	8000	112086335	-4000	4000	190
chr3	36989350	36997350	36991960	8000	36993350	-4000	4000	-1390
chr3	46403166	46411166	46408164	8000	46407166	-4000	4000	998
chr3	109333546	109341546	109333883	8000	109337546	-4000	4000	-3663
chr3	132313369	132321369	132317539	8000	132317369	-4000	4000	170
chr3	191457163	191465163	191461249	8000	191461163	-4000	4000	86
chr3	121656927	121664927	121657322	8000	121660927	-4000	4000	-3605
chr3	196499768	196507768	196503333	8000	196503768	-4000	4000	-435
chr3	129424651	129432651	129428482	8000	129428651	-4000	4000	-169
chr3	194681883	194689883	194688381	8000	194685883	-4000	4000	2498
chr3	9745944	9753944	9751785	8000	9749944	-4000	4000	1841
chr3	14174621	14182621	14181656	8000	14178621	-4000	4000	3035
chr3	19144510	19152510	19148666	8000	19148510	-4000	4000	156
chr3	46349864	46357864	46357561	8000	46353864	-4000	4000	3697
chr3	48184417	48192417	48184680	8000	48188417	-4000	4000	-3737
chr3	48558015	48566015	48563021	8000	48562015	-4000	4000	1006
chr3	50295405	50303405	50302788	8000	50299405	-4000	4000	3383
chr3	50336980	50344980	50342553	8000	50340980	-4000	4000	1573
chr3	51871601	51879601	51873839	8000	51875601	-4000	4000	-1762
chr3	68000247	68008247	68006513	8000	68004247	-4000	4000	2266
chr3	94058980	94066980	94061277	8000	94062980	-4000	4000	-1703
chr3	98083173	98091173	98088056	8000	98087173	-4000	4000	883
chr3	98126721	98134721	98132851	8000	98130721	-4000	4000	2130
chr3	98126721	98134721	98132991	8000	98130721	-4000	4000	2270
chr3	98126721	98134721	98133448	8000	98130721	-4000	4000	2727
chr3	98143479	98151479	98149608	8000	98147479	-4000	4000	2129
chr3	98162696	98170696	98169577	8000	98166696	-4000	4000	2881
chr3	98259252	98267252	98264705	8000	98263252	-4000	4000	1453
chr3	100605601	100613601	100609769	8000	100609601	-4000	4000	168
chr3	101557868	101565868	101565415	8000	101561868	-4000	4000	3547
chr3	105865552	105873552	105867510	8000	105869552	-4000	4000	-2042
chr3	112971103	112979103	112974841	8000	112975103	-4000	4000	-262
chr3	127189131	127197131	127196656	8000	127193131	-4000	4000	3525
chr3	129424651	129432651	129432531	8000	129428651	-4000	4000	3880
chr3	139001806	139009806	139006041	8000	139005806	-4000	4000	235
chr3	139535829	139543829	139538904	8000	139539829	-4000	4000	-925
chr3	149748495	149756495	149750800	8000	149752495	-4000	4000	-1695
chr3	150937743	150945743	150943870	8000	150941743	-4000	4000	2127
chr3	172444456	172452456	172448050	8000	172448456	-4000	4000	-406
chr3	180985774	180993774	180985955	8000	180989774	-4000	4000	-3819
chr3	186609060	186617060	186613231	8000	186613060	-4000	4000	171
chr3	32947644	32955644	32954023	8000	32951644	-4000	4000	2379
chr3	40453292	40461292	40457332	8000	40457292	-4000	4000	40
chr3	42406610	42414610	42407294	8000	42410610	-4000	4000	-3316
chr3	51937904	51945904	51944133	8000	51941904	-4000	4000	2229
chr3	51937904	51945904	51944874	8000	51941904	-4000	4000	2970
chr3	64020010	64028010	64023363	8000	64024010	-4000	4000	-647
chr3	107373439	107381439	107378507	8000	107377439	-4000	4000	1068
chr3	48914821	48922821	48918736	8000	48918821	-4000	4000	-85
chr3	194668463	194676463	194672246	8000	194672463	-4000	4000	-217
chr3	75660328	75668328	75665138	8000	75664328	-4000	4000	810
chr3	98126721	98134721	98133305	8000	98130721	-4000	4000	2584
chr3	98126721	98134721	98133540	8000	98130721	-4000	4000	2819
chr3	98143479	98151479	98149610	8000	98147479	-4000	4000	2131
chr3	119143375	119151375	119146249	8000	119147375	-4000	4000	-1126
chr3	75660328	75668328	75665667	8000	75664328	-4000	4000	1339
chr3	49899873	49907873	49902475	8000	49903873	-4000	4000	-1398
chr3	121890401	121898401	121894443	8000	121894401	-4000	4000	42
chr3	49167598	49175598	49174268	8000	49171598	-4000	4000	2670
chr3	98143479	98151479	98149766	8000	98147479	-4000	4000	2287
chr3	48368219	48376219	48375363	8000	48372219	-4000	4000	3144
chr3	49101130	49109130	49103367	8000	49105130	-4000	4000	-1763
chr3	98386666	98394666	98391397	8000	98390666	-4000	4000	731
chr3	137760315	137768315	137764959	8000	137764315	-4000	4000	644
chr3	108753410	108761410	108755879	8000	108757410	-4000	4000	-1531
chr3	50324251	50332251	50331818	8000	50328251	-4000	4000	3567
chr3	49852574	49860574	49859563	8000	49856574	-4000	4000	2989
chr3	119143375	119151375	119146454	8000	119147375	-4000	4000	-921
chr3	142720034	142728034	142724686	8000	142724034	-4000	4000	652
chr3	170353678	170361678	170361136	8000	170357678	-4000	4000	3458
chr3	170353678	170361678	170360898	8000	170357678	-4000	4000	3220
chr3	138943217	138951217	138950459	8000	138947217	-4000	4000	3242
chr3	113437610	113445610	113445315	8000	113441610	-4000	4000	3705
chr3	48426086	48434086	48432449	8000	48430086	-4000	4000	2363
chr3	119143375	119151375	119147427	8000	119147375	-4000	4000	52
chr3	126097561	126105561	126103789	8000	126101561	-4000	4000	2228
chr3	142444062	142452062	142450216	8000	142448062	-4000	4000	2154
chr3	142959674	142967674	142962124	8000	142963674	-4000	4000	-1550
chr3	142959674	142967674	142962715	8000	142963674	-4000	4000	-959
chr3	151729916	151737916	151734027	8000	151733916	-4000	4000	111
chr3	181707925	181715925	181712826	8000	181711925	-4000	4000	901
chr3	187698557	187706557	187698936	8000	187702557	-4000	4000	-3621
chr3	119143375	119151375	119146408	8000	119147375	-4000	4000	-967
chr3	98126721	98134721	98132719	8000	98130721	-4000	4000	1998
chr3	75660328	75668328	75665679	8000	75664328	-4000	4000	1351
chr3	185149060	185157060	185152750	8000	185153060	-4000	4000	-310
chr3	112495472	112503472	112499453	8000	112499472	-4000	4000	-19
chr3	9913116	9921116	9914510	8000	9917116	-4000	4000	-2606
chr3	196499768	196507768	196507709	8000	196503768	-4000	4000	3941
chr3	44644732	44652732	44651196	8000	44648732	-4000	4000	2464
chr3	101509241	101517241	101513176	8000	101513241	-4000	4000	-65
chr3	108753410	108761410	108756528	8000	108757410	-4000	4000	-882
chr3	10111675	10119675	10115756	8000	10115675	-4000	4000	81
chr3	154426190	154434190	154429640	8000	154430190	-4000	4000	-550
chr3	48914821	48922821	48918570	8000	48918821	-4000	4000	-251
chr3	119143375	119151375	119146970	8000	119147375	-4000	4000	-405
chr3	119143375	119151375	119146971	8000	119147375	-4000	4000	-404
chr3	154426190	154434190	154427580	8000	154430190	-4000	4000	-2610
chr3	44237886	44245886	44244367	8000	44241886	-4000	4000	2481
chr3	184376073	184384073	184383058	8000	184380073	-4000	4000	2985
chr3	52406008	52414008	52406889	8000	52410008	-4000	4000	-3119
chr3	51970706	51978706	51978408	8000	51974706	-4000	4000	3702
chr3	112558046	112566046	112561561	8000	112562046	-4000	4000	-485
chr3	44237886	44245886	44244094	8000	44241886	-4000	4000	2208
chr3	36989350	36997350	36992432	8000	36993350	-4000	4000	-918
chr3	48558015	48566015	48564153	8000	48562015	-4000	4000	2138
chr3	125965160	125973160	125972153	8000	125969160	-4000	4000	2993
chr3	152831131	152839131	152836484	8000	152835131	-4000	4000	1353
chr3	15436566	15444566	15439322	8000	15440566	-4000	4000	-1244
chr3	48368219	48376219	48372760	8000	48372219	-4000	4000	541
chr3	33093202	33101202	33093743	8000	33097202	-4000	4000	-3459
chr3	75660328	75668328	75664487	8000	75664328	-4000	4000	159
chr3	196207437	196215437	196210662	8000	196211437	-4000	4000	-775
chr3	47576792	47584792	47577465	8000	47580792	-4000	4000	-3327
chr3	98083173	98091173	98087413	8000	98087173	-4000	4000	240
chr3	126097561	126105561	126103741	8000	126101561	-4000	4000	2180
chr3	142444062	142452062	142450232	8000	142448062	-4000	4000	2170
chr3	108818770	108826770	108822923	8000	108822770	-4000	4000	153
chr3	112082335	112090335	112086423	8000	112086335	-4000	4000	88
chr3	33093202	33101202	33094001	8000	33097202	-4000	4000	-3201
chr3	49187858	49195858	49189873	8000	49191858	-4000	4000	-1985
chr3	52406008	52414008	52408056	8000	52410008	-4000	4000	-1952
chr3	133658380	133666380	133661046	8000	133662380	-4000	4000	-1334
chr3	50295405	50303405	50303036	8000	50299405	-4000	4000	3631
chr3	98259252	98267252	98265242	8000	98263252	-4000	4000	1990
chr3	121656927	121664927	121664328	8000	121660927	-4000	4000	3401
chr3	49116938	49124938	49121999	8000	49120938	-4000	4000	1061
chr3	113437610	113445610	113445292	8000	113441610	-4000	4000	3682
chr3	98278505	98286505	98283123	8000	98282505	-4000	4000	618
chr3	98278505	98286505	98283602	8000	98282505	-4000	4000	1097
chr3	169769396	169777396	169769470	8000	169773396	-4000	4000	-3926
chr3	47576792	47584792	47576903	8000	47580792	-4000	4000	-3889
chr3	73057659	73065659	73065117	8000	73061659	-4000	4000	3458
chr3	38134478	38142478	38141265	8000	38138478	-4000	4000	2787
chr3	39048157	39056157	39052040	8000	39052157	-4000	4000	-117
chr3	71750229	71758229	71754948	8000	71754229	-4000	4000	719
chr3	10022370	10030370	10023706	8000	10026370	-4000	4000	-2664
chr3	51937904	51945904	51944095	8000	51941904	-4000	4000	2191
chr3	101557868	101565868	101565721	8000	101561868	-4000	4000	3853
chr3	20182206	20190206	20183620	8000	20186206	-4000	4000	-2586
chr3	52406008	52414008	52408598	8000	52410008	-4000	4000	-1410
chr3	94058980	94066980	94061468	8000	94062980	-4000	4000	-1512
chr3	122560577	122568577	122565932	8000	122564577	-4000	4000	1355
chr3	139001806	139009806	139005988	8000	139005806	-4000	4000	182
chr3	160673160	160681160	160677933	8000	160677160	-4000	4000	773
chr3	187364385	187372385	187368465	8000	187368385	-4000	4000	80
chr3	149748495	149756495	149750775	8000	149752495	-4000	4000	-1720
chr3	150599228	150607228	150603341	8000	150603228	-4000	4000	113
chr3	149082554	149090554	149086349	8000	149086554	-4000	4000	-205
chr3	197787226	197795226	197791445	8000	197791226	-4000	4000	219
chr3	51970706	51978706	51977882	8000	51974706	-4000	4000	3176
chr3	98278505	98286505	98283157	8000	98282505	-4000	4000	652
chr3	149964385	149972385	149966518	8000	149968385	-4000	4000	-1867
chr3	149964385	149972385	149966519	8000	149968385	-4000	4000	-1866
chr4	73849296	73857296	73853894	8000	73853296	-4000	4000	598
chr4	86845384	86853384	86848974	8000	86849384	-4000	4000	-410
chr4	109844107	109852107	109851919	8000	109848107	-4000	4000	3812
chr4	3037363	3045363	3038486	8000	3041363	-4000	4000	-2877
chr4	173526229	173534229	173528750	8000	173530229	-4000	4000	-1479
chr4	42888713	42896713	42893307	8000	42892713	-4000	4000	594
chr4	73865393	73873393	73870519	8000	73869393	-4000	4000	1126
chr4	154608967	154616967	154612203	8000	154612967	-4000	4000	-764
chr4	89107398	89115398	89113094	8000	89111398	-4000	4000	1696
chr4	151757007	151765007	151758842	8000	151761007	-4000	4000	-2165
chr4	74304470	74312470	74309124	8000	74308470	-4000	4000	654
chr4	52858317	52866317	52865539	8000	52862317	-4000	4000	3222
chr4	73832640	73840640	73837241	8000	73836640	-4000	4000	601
chr4	93824753	93832753	93829918	8000	93828753	-4000	4000	1165
chr4	26486484	26494484	26490201	8000	26490484	-4000	4000	-283
chr4	146634893	146642893	146640659	8000	146638893	-4000	4000	1766
chr4	151757007	151765007	151760815	8000	151761007	-4000	4000	-192
chr4	99084801	99092801	99085121	8000	99088801	-4000	4000	-3680
chr4	3437968	3445968	3439531	8000	3441968	-4000	4000	-2437
chr4	73865393	73873393	73869978	8000	73869393	-4000	4000	585
chr4	143180917	143188917	143185410	8000	143184917	-4000	4000	493
chr4	55588245	55596245	55592157	8000	55592245	-4000	4000	-88
chr4	151011727	151019727	151014535	8000	151015727	-4000	4000	-1192
chr4	79404228	79412228	79406561	8000	79408228	-4000	4000	-1667
chr4	137528494	137536494	137531722	8000	137532494	-4000	4000	-772
chr4	183440635	183448635	183446790	8000	183444635	-4000	4000	2155
chr4	190023257	190031257	190027138	8000	190027257	-4000	4000	-119
chr4	41744725	41752725	41746248	8000	41748725	-4000	4000	-2477
chr4	13540508	13548508	13542289	8000	13544508	-4000	4000	-2219
chr4	134197789	134205789	134200229	8000	134201789	-4000	4000	-1560
chr4	48982275	48990275	48988646	8000	48986275	-4000	4000	2371
chr4	117081576	117089576	117084712	8000	117085576	-4000	4000	-864
chr4	117081576	117089576	117084714	8000	117085576	-4000	4000	-862
chr4	76003509	76011509	76003518	8000	76007509	-4000	4000	-3991
chr4	117081576	117089576	117085073	8000	117085576	-4000	4000	-503
chr4	183318426	183326426	183319758	8000	183322426	-4000	4000	-2668
chr4	68811994	68819994	68816403	8000	68815994	-4000	4000	409
chr4	154586745	154594745	154589543	8000	154590745	-4000	4000	-1202
chr4	89107398	89115398	89113753	8000	89111398	-4000	4000	2355
chr4	74095196	74103196	74099105	8000	74099196	-4000	4000	-91
chr4	83451855	83459855	83453885	8000	83455855	-4000	4000	-1970
chr4	83531914	83539914	83536653	8000	83535914	-4000	4000	739
chr4	133145294	133153294	133152090	8000	133149294	-4000	4000	2796
chr4	173526229	173534229	173528786	8000	173530229	-4000	4000	-1443
chr4	133145294	133153294	133151180	8000	133149294	-4000	4000	1886
chr4	103194445	103202445	103198325	8000	103198445	-4000	4000	-120
chr4	134197789	134205789	134200496	8000	134201789	-4000	4000	-1293
chr4	56817742	56825742	56820574	8000	56821742	-4000	4000	-1168
chr4	70366093	70374093	70366709	8000	70370093	-4000	4000	-3384
chr4	79404228	79412228	79408182	8000	79408228	-4000	4000	-46
chr4	100186782	100194782	100187776	8000	100190782	-4000	4000	-3006
chr4	133145294	133153294	133152842	8000	133149294	-4000	4000	3548
chr4	154487799	154495799	154489816	8000	154491799	-4000	4000	-1983
chr4	154608967	154616967	154612532	8000	154612967	-4000	4000	-435
chr4	68666652	68674652	68670492	8000	68670652	-4000	4000	-160
chr4	137528494	137536494	137530118	8000	137532494	-4000	4000	-2376
chr4	154608967	154616967	154611857	8000	154612967	-4000	4000	-1110
chr4	188135441	188143441	188139881	8000	188139441	-4000	4000	440
chr4	79322061	79330061	79325605	8000	79326061	-4000	4000	-456
chr4	171808254	171816254	171814686	8000	171812254	-4000	4000	2432
chr4	16894678	16902678	16898478	8000	16898678	-4000	4000	-200
chr4	69276475	69284475	69280834	8000	69280475	-4000	4000	359
chr4	154487799	154495799	154489868	8000	154491799	-4000	4000	-1931
chr4	146634893	146642893	146640148	8000	146638893	-4000	4000	1255
chr4	107985714	107993714	107989794	8000	107989714	-4000	4000	80
chr4	107716234	107724234	107720187	8000	107720234	-4000	4000	-47
chr4	2238121	2246121	2240542	8000	2242121	-4000	4000	-1579
chr4	70330981	70338981	70335874	8000	70334981	-4000	4000	893
chr4	119300445	119308445	119300483	8000	119304445	-4000	4000	-3962
chr4	70191725	70199725	70196547	8000	70195725	-4000	4000	822
chr4	16894678	16902678	16898549	8000	16898678	-4000	4000	-129
chr4	26486484	26494484	26490333	8000	26490484	-4000	4000	-151
chr4	137528494	137536494	137531077	8000	137532494	-4000	4000	-1417
chr4	185421979	185429979	185429395	8000	185425979	-4000	4000	3416
chr4	41744725	41752725	41747372	8000	41748725	-4000	4000	-1353
chr4	4855665	4863665	4862698	8000	4859665	-4000	4000	3033
chr4	44444809	44452809	44447799	8000	44448809	-4000	4000	-1010
chr4	163469754	163477754	163471934	8000	163473754	-4000	4000	-1820
chr4	146634893	146642893	146641421	8000	146638893	-4000	4000	2528
chr4	133145294	133153294	133151023	8000	133149294	-4000	4000	1729
chr4	117081576	117089576	117084538	8000	117085576	-4000	4000	-1038
chr4	117081576	117089576	117084539	8000	117085576	-4000	4000	-1037
chr4	86845384	86853384	86849087	8000	86849384	-4000	4000	-297
chr4	93824753	93832753	93829497	8000	93828753	-4000	4000	744
chr4	89107398	89115398	89113094	8000	89111398	-4000	4000	1696
chr4	173526229	173534229	173528951	8000	173530229	-4000	4000	-1278
chr4	185421979	185429979	185422515	8000	185425979	-4000	4000	-3464
chr4	109844107	109852107	109844146	8000	109848107	-4000	4000	-3961
chr4	69843786	69851786	69849530	8000	69847786	-4000	4000	1744
chr4	140520168	140528168	140525534	8000	140524168	-4000	4000	1366
chr4	122374966	122382966	122381097	8000	122378966	-4000	4000	2131
chr4	163469754	163477754	163472900	8000	163473754	-4000	4000	-854
chr4	185014490	185022490	185020512	8000	185018490	-4000	4000	2022
chr4	46120054	46128054	46123839	8000	46124054	-4000	4000	-215
chr4	79322061	79330061	79325350	8000	79326061	-4000	4000	-711
chr4	87418573	87426573	87422882	8000	87422573	-4000	4000	309
chr4	125310918	125318918	125317629	8000	125314918	-4000	4000	2711
chr4	41252413	41260413	41257140	8000	41256413	-4000	4000	727
chr4	1109564	1117564	1113419	8000	1113564	-4000	4000	-145
chr4	53373839	53381839	53377957	8000	53377839	-4000	4000	118
chr4	52016363	52024363	52017470	8000	52020363	-4000	4000	-2893
chr4	154487799	154495799	154489567	8000	154491799	-4000	4000	-2232
chr4	4855665	4863665	4862758	8000	4859665	-4000	4000	3093
chr4	53362066	53370066	53366016	8000	53366066	-4000	4000	-50
chr4	154487799	154495799	154490678	8000	154491799	-4000	4000	-1121
chr4	69843786	69851786	69844200	8000	69847786	-4000	4000	-3586
chr4	173526229	173534229	173528979	8000	173530229	-4000	4000	-1250
chr4	6571189	6579189	6576637	8000	6575189	-4000	4000	1448
chr4	42888713	42896713	42893306	8000	42892713	-4000	4000	593
chr4	48486252	48494252	48494141	8000	48490252	-4000	4000	3889
chr4	48479343	48487343	48484039	8000	48483343	-4000	4000	696
chr4	183318426	183326426	183318561	8000	183322426	-4000	4000	-3865
chr4	127961306	127969306	127965131	8000	127965306	-4000	4000	-175
chr4	125310918	125318918	125318273	8000	125314918	-4000	4000	3355
chr4	121761427	121769427	121761653	8000	121765427	-4000	4000	-3774
chr4	3037363	3045363	3037409	8000	3041363	-4000	4000	-3954
chr4	163469754	163477754	163472672	8000	163473754	-4000	4000	-1082
chr4	73736541	73744541	73741670	8000	73740541	-4000	4000	1129
chr4	186204979	186212979	186209194	8000	186208979	-4000	4000	215
chr4	79404228	79412228	79407009	8000	79408228	-4000	4000	-1219
chr4	154559011	154567011	154565966	8000	154563011	-4000	4000	2955
chr4	68811994	68819994	68816209	8000	68815994	-4000	4000	215
chr4	137528494	137536494	137530216	8000	137532494	-4000	4000	-2278
chr4	70366093	70374093	70367074	8000	70370093	-4000	4000	-3019
chr4	146634893	146642893	146640364	8000	146638893	-4000	4000	1471
chr4	69927068	69935068	69932549	8000	69931068	-4000	4000	1481
chr4	4855665	4863665	4862841	8000	4859665	-4000	4000	3176
chr4	17508206	17516206	17515502	8000	17512206	-4000	4000	3296
chr4	3240369	3248369	3241480	8000	3244369	-4000	4000	-2889
chr4	124708732	124716732	124710261	8000	124712732	-4000	4000	-2471
chr4	153785083	153793083	153788389	8000	153789083	-4000	4000	-694
chr4	40331333	40339333	40335873	8000	40335333	-4000	4000	540
chr4	76144444	76152444	76148388	8000	76148444	-4000	4000	-56
chr4	103194445	103202445	103194654	8000	103198445	-4000	4000	-3791
chr4	99348760	99356760	99352739	8000	99352760	-4000	4000	-21
chr4	138238349	138246349	138241798	8000	138242349	-4000	4000	-551
chr4	79404228	79412228	79406791	8000	79408228	-4000	4000	-1437
chr4	185014490	185022490	185018951	8000	185018490	-4000	4000	461
chr4	83331153	83339153	83334773	8000	83335153	-4000	4000	-380
chr4	133145294	133153294	133150251	8000	133149294	-4000	4000	957
chr4	185531507	185539507	185535432	8000	185535507	-4000	4000	-75
chr4	121797318	121805318	121801424	8000	121801318	-4000	4000	106
chr4	79404228	79412228	79408006	8000	79408228	-4000	4000	-222
chr4	117081576	117089576	117085071	8000	117085576	-4000	4000	-505
chr4	52858317	52866317	52865433	8000	52862317	-4000	4000	3116
chr4	76431229	76439229	76436017	8000	76435229	-4000	4000	788
chr4	163469754	163477754	163471674	8000	163473754	-4000	4000	-2080
chr4	165275679	165283679	165279458	8000	165279679	-4000	4000	-221
chr4	41931129	41939129	41938657	8000	41935129	-4000	4000	3528
chr4	122617066	122625066	122621014	8000	122621066	-4000	4000	-52
chr4	67750388	67758388	67754285	8000	67754388	-4000	4000	-103
chr4	87795554	87803554	87802669	8000	87799554	-4000	4000	3115
chr4	70330981	70338981	70335180	8000	70334981	-4000	4000	199
chr4	79322061	79330061	79325212	8000	79326061	-4000	4000	-849
chr4	108164956	108172956	108166361	8000	108168956	-4000	4000	-2595
chr4	3762348	3770348	3767967	8000	3766348	-4000	4000	1619
chr4	186204979	186212979	186209199	8000	186208979	-4000	4000	220
chr4	74441136	74449136	74445386	8000	74445136	-4000	4000	250
chr4	134197789	134205789	134200855	8000	134201789	-4000	4000	-934
chr4	119131832	119139832	119136546	8000	119135832	-4000	4000	714
chr4	87795554	87803554	87802402	8000	87799554	-4000	4000	2848
chr4	3037363	3045363	3038374	8000	3041363	-4000	4000	-2989
chr4	79322061	79330061	79325674	8000	79326061	-4000	4000	-387
chr4	41744725	41752725	41747536	8000	41748725	-4000	4000	-1189
chr4	165275679	165283679	165278599	8000	165279679	-4000	4000	-1080
chr4	17508206	17516206	17515477	8000	17512206	-4000	4000	3271
chr4	30716415	30724415	30722748	8000	30720415	-4000	4000	2333
chr4	48486252	48494252	48492851	8000	48490252	-4000	4000	2599
chr4	48486252	48494252	48494201	8000	48490252	-4000	4000	3949
chr4	74034807	74042807	74037004	8000	74038807	-4000	4000	-1803
chr4	93824753	93832753	93828931	8000	93828753	-4000	4000	178
chr4	117081576	117089576	117084442	8000	117085576	-4000	4000	-1134
chr4	133145294	133153294	133150270	8000	133149294	-4000	4000	976
chr4	173330432	173338432	173331892	8000	173334432	-4000	4000	-2540
chr4	184217230	184225230	184217852	8000	184221230	-4000	4000	-3378
chr4	53362066	53370066	53365175	8000	53366066	-4000	4000	-891
chr4	70191725	70199725	70198066	8000	70195725	-4000	4000	2341
chr4	73832640	73840640	73836794	8000	73836640	-4000	4000	154
chr4	103194445	103202445	103195182	8000	103198445	-4000	4000	-3263
chr4	107716234	107724234	107720187	8000	107720234	-4000	4000	-47
chr4	146634893	146642893	146640063	8000	146638893	-4000	4000	1170
chr4	99942618	99950618	99949720	8000	99946618	-4000	4000	3102
chr4	154608967	154616967	154612176	8000	154612967	-4000	4000	-791
chr4	74790523	74798523	74794539	8000	74794523	-4000	4000	16
chr4	118349003	118357003	118352329	8000	118353003	-4000	4000	-674
chr4	39455004	39463004	39457632	8000	39459004	-4000	4000	-1372
chr4	4244223	4252223	4247714	8000	4248223	-4000	4000	-509
chr4	134197789	134205789	134201095	8000	134201789	-4000	4000	-694
chr4	68666652	68674652	68668143	8000	68670652	-4000	4000	-2509
chr4	82794796	82802796	82798450	8000	82798796	-4000	4000	-346
chr4	44674556	44682556	44680531	8000	44678556	-4000	4000	1975
chr4	56431741	56439741	56436272	8000	56435741	-4000	4000	531
chr4	109844107	109852107	109851843	8000	109848107	-4000	4000	3736
chr4	133145294	133153294	133152685	8000	133149294	-4000	4000	3391
chr4	42888713	42896713	42893440	8000	42892713	-4000	4000	727
chr4	109298752	109306752	109301731	8000	109302752	-4000	4000	-1021
chr4	9239879	9247879	9239944	8000	9243879	-4000	4000	-3935
chr4	41744725	41752725	41744734	8000	41748725	-4000	4000	-3991
chr4	42393488	42401488	42398110	8000	42397488	-4000	4000	622
chr4	44674556	44682556	44678667	8000	44678556	-4000	4000	111
chr4	98139476	98147476	98143198	8000	98143476	-4000	4000	-278
chr4	105891986	105899986	105895691	8000	105895986	-4000	4000	-295
chr4	113975727	113983727	113978603	8000	113979727	-4000	4000	-1124
chr4	165275679	165283679	165278493	8000	165279679	-4000	4000	-1186
chr4	121761427	121769427	121761658	8000	121765427	-4000	4000	-3769
chr4	1341691	1349691	1349557	8000	1345691	-4000	4000	3866
chr4	73849296	73857296	73854082	8000	73853296	-4000	4000	786
chr4	173365969	173373969	173373943	8000	173369969	-4000	4000	3974
chr4	73865393	73873393	73869693	8000	73869393	-4000	4000	300
chr4	92299966	92307966	92304613	8000	92303966	-4000	4000	647
chr4	79322061	79330061	79325649	8000	79326061	-4000	4000	-412
chr4	163469754	163477754	163472087	8000	163473754	-4000	4000	-1667
chr4	163469754	163477754	163473290	8000	163473754	-4000	4000	-464
chr4	109298752	109306752	109302027	8000	109302752	-4000	4000	-725
chr4	117081576	117089576	117085316	8000	117085576	-4000	4000	-260
chr4	68666652	68674652	68670586	8000	68670652	-4000	4000	-66
chr4	95836093	95844093	95840932	8000	95840093	-4000	4000	839
chr4	79404228	79412228	79407874	8000	79408228	-4000	4000	-354
chr4	137528494	137536494	137531752	8000	137532494	-4000	4000	-742
chr4	56383508	56391508	56384226	8000	56387508	-4000	4000	-3282
chr4	44674556	44682556	44680841	8000	44678556	-4000	4000	2285
chr4	122452725	122460725	122453822	8000	122456725	-4000	4000	-2903
chr4	109298752	109306752	109300622	8000	109302752	-4000	4000	-2130
chr4	188135441	188143441	188139948	8000	188139441	-4000	4000	507
chr4	16894678	16902678	16898362	8000	16898678	-4000	4000	-316
chr4	42393488	42401488	42401127	8000	42397488	-4000	4000	3639
chr4	89107398	89115398	89113707	8000	89111398	-4000	4000	2309
chr4	133145294	133153294	133152683	8000	133149294	-4000	4000	3389
chr4	70330981	70338981	70335384	8000	70334981	-4000	4000	403
chr4	41977756	41985756	41982197	8000	41981756	-4000	4000	441
chr4	154586745	154594745	154586796	8000	154590745	-4000	4000	-3949
chr4	42393488	42401488	42401348	8000	42397488	-4000	4000	3860
chr4	127876893	127884893	127883457	8000	127880893	-4000	4000	2564
chr4	44444809	44452809	44447808	8000	44448809	-4000	4000	-1001
chr4	70330981	70338981	70336291	8000	70334981	-4000	4000	1310
chr4	70330981	70338981	70335880	8000	70334981	-4000	4000	899
chr4	176191585	176199585	176195508	8000	176195585	-4000	4000	-77
chr4	40331333	40339333	40337249	8000	40335333	-4000	4000	1916
chr4	41977756	41985756	41982166	8000	41981756	-4000	4000	410
chr4	53373839	53381839	53377708	8000	53377839	-4000	4000	-131
chr4	100186782	100194782	100187695	8000	100190782	-4000	4000	-3087
chr4	87795554	87803554	87802680	8000	87799554	-4000	4000	3126
chr4	41744725	41752725	41748402	8000	41748725	-4000	4000	-323
chr4	40331333	40339333	40335840	8000	40335333	-4000	4000	507
chr4	108646585	108654585	108650654	8000	108650585	-4000	4000	69
chr4	137528494	137536494	137532114	8000	137532494	-4000	4000	-380
chr4	117081576	117089576	117084488	8000	117085576	-4000	4000	-1088
chr4	173526229	173534229	173528627	8000	173530229	-4000	4000	-1602
chr4	86845384	86853384	86849014	8000	86849384	-4000	4000	-370
chr4	3437968	3445968	3439607	8000	3441968	-4000	4000	-2361
chr4	39455004	39463004	39460956	8000	39459004	-4000	4000	1952
chr4	41977756	41985756	41981906	8000	41981756	-4000	4000	150
chr4	48486252	48494252	48488936	8000	48490252	-4000	4000	-1316
chr4	53362066	53370066	53365171	8000	53366066	-4000	4000	-895
chr4	68811994	68819994	68818049	8000	68815994	-4000	4000	2055
chr4	69991966	69999966	69999680	8000	69995966	-4000	4000	3714
chr4	83451855	83459855	83455716	8000	83455855	-4000	4000	-139
chr4	99812827	99820827	99816847	8000	99816827	-4000	4000	20
chr4	99812827	99820827	99816978	8000	99816827	-4000	4000	151
chr4	109908883	109916883	109913313	8000	109912883	-4000	4000	430
chr4	120062858	120070858	120065684	8000	120066858	-4000	4000	-1174
chr4	121797318	121805318	121801479	8000	121801318	-4000	4000	161
chr4	125310918	125318918	125318877	8000	125314918	-4000	4000	3959
chr4	137528494	137536494	137531167	8000	137532494	-4000	4000	-1327
chr4	146518372	146526372	146521834	8000	146522372	-4000	4000	-538
chr4	150074445	150082445	150079259	8000	150078445	-4000	4000	814
chr4	163469754	163477754	163473519	8000	163473754	-4000	4000	-235
chr4	171808254	171816254	171814426	8000	171812254	-4000	4000	2172
chr4	173526229	173534229	173528782	8000	173530229	-4000	4000	-1447
chr4	176191585	176199585	176192828	8000	176195585	-4000	4000	-2757
chr4	183655267	183663267	183655962	8000	183659267	-4000	4000	-3305
chr4	189936870	189944870	189940899	8000	189940870	-4000	4000	29
chr4	189936870	189944870	189941056	8000	189940870	-4000	4000	186
chr4	189936870	189944870	189941057	8000	189940870	-4000	4000	187
chr4	48486252	48494252	48488803	8000	48490252	-4000	4000	-1449
chr4	70330981	70338981	70335007	8000	70334981	-4000	4000	26
chr4	146634893	146642893	146641106	8000	146638893	-4000	4000	2213
chr4	93824753	93832753	93829692	8000	93828753	-4000	4000	939
chr4	146634893	146642893	146640335	8000	146638893	-4000	4000	1442
chr4	48337529	48345529	48341832	8000	48341529	-4000	4000	303
chr4	46120054	46128054	46123902	8000	46124054	-4000	4000	-152
chr4	3437968	3445968	3444154	8000	3441968	-4000	4000	2186
chr4	4244223	4252223	4246221	8000	4248223	-4000	4000	-2002
chr4	25308774	25316774	25314082	8000	25312774	-4000	4000	1308
chr4	26486484	26494484	26489395	8000	26490484	-4000	4000	-1089
chr4	30716415	30724415	30722969	8000	30720415	-4000	4000	2554
chr4	30716415	30724415	30723175	8000	30720415	-4000	4000	2760
chr4	44674556	44682556	44680735	8000	44678556	-4000	4000	2179
chr4	52016363	52024363	52024016	8000	52020363	-4000	4000	3653
chr4	70191725	70199725	70196540	8000	70195725	-4000	4000	815
chr4	70588256	70596256	70592297	8000	70592256	-4000	4000	41
chr4	73736541	73744541	73742644	8000	73740541	-4000	4000	2103
chr4	73984190	73992190	73987524	8000	73988190	-4000	4000	-666
chr4	74095196	74103196	74098806	8000	74099196	-4000	4000	-390
chr4	82897166	82905166	82904750	8000	82901166	-4000	4000	3584
chr4	83331153	83339153	83334659	8000	83335153	-4000	4000	-494
chr4	87795554	87803554	87802523	8000	87799554	-4000	4000	2969
chr4	89107398	89115398	89112889	8000	89111398	-4000	4000	1491
chr4	89107398	89115398	89113274	8000	89111398	-4000	4000	1876
chr4	89107398	89115398	89114271	8000	89111398	-4000	4000	2873
chr4	99507012	99515012	99513117	8000	99511012	-4000	4000	2105
chr4	100186782	100194782	100187735	8000	100190782	-4000	4000	-3047
chr4	100186782	100194782	100187868	8000	100190782	-4000	4000	-2914
chr4	105891986	105899986	105897925	8000	105895986	-4000	4000	1939
chr4	120062858	120070858	120066666	8000	120066858	-4000	4000	-192
chr4	121797318	121805318	121802783	8000	121801318	-4000	4000	1465
chr4	125310918	125318918	125317135	8000	125314918	-4000	4000	2217
chr4	125310918	125318918	125317843	8000	125314918	-4000	4000	2925
chr4	133145294	133153294	133150389	8000	133149294	-4000	4000	1095
chr4	134197789	134205789	134200488	8000	134201789	-4000	4000	-1301
chr4	134197789	134205789	134200711	8000	134201789	-4000	4000	-1078
chr4	146634893	146642893	146639907	8000	146638893	-4000	4000	1014
chr4	146634893	146642893	146640572	8000	146638893	-4000	4000	1679
chr4	154608967	154616967	154609992	8000	154612967	-4000	4000	-2975
chr4	158169318	158177318	158170374	8000	158173318	-4000	4000	-2944
chr4	186204979	186212979	186210534	8000	186208979	-4000	4000	1555
chr4	87795554	87803554	87802729	8000	87799554	-4000	4000	3175
chr4	137528494	137536494	137528805	8000	137532494	-4000	4000	-3689
chr4	157072125	157080125	157078104	8000	157076125	-4000	4000	1979
chr4	165275679	165283679	165277997	8000	165279679	-4000	4000	-1682
chr4	117081576	117089576	117085071	8000	117085576	-4000	4000	-505
chr4	146634893	146642893	146640684	8000	146638893	-4000	4000	1791
chr4	25156663	25164663	25159100	8000	25160663	-4000	4000	-1563
chr4	64405468	64413468	64409415	8000	64409468	-4000	4000	-53
chr4	83451855	83459855	83456015	8000	83455855	-4000	4000	160
chr4	127876893	127884893	127883336	8000	127880893	-4000	4000	2443
chr4	83008926	83016926	83010505	8000	83012926	-4000	4000	-2421
chr4	183440635	183448635	183446523	8000	183444635	-4000	4000	1888
chr4	52016363	52024363	52017310	8000	52020363	-4000	4000	-3053
chr4	64405468	64413468	64409215	8000	64409468	-4000	4000	-253
chr4	121797318	121805318	121804658	8000	121801318	-4000	4000	3340
chr4	154608967	154616967	154612081	8000	154612967	-4000	4000	-886
chr4	77858830	77866830	77862671	8000	77862830	-4000	4000	-159
chr4	95836093	95844093	95840833	8000	95840093	-4000	4000	740
chr4	1245953	1253953	1252101	8000	1249953	-4000	4000	2148
chr4	163469754	163477754	163473557	8000	163473754	-4000	4000	-197
chr4	121761427	121769427	121761565	8000	121765427	-4000	4000	-3862
chr4	9440414	9448414	9444560	8000	9444414	-4000	4000	146
chr4	30716415	30724415	30724241	8000	30720415	-4000	4000	3826
chr4	154487799	154495799	154490624	8000	154491799	-4000	4000	-1175
chr4	26486484	26494484	26489432	8000	26490484	-4000	4000	-1052
chr4	53362066	53370066	53365453	8000	53366066	-4000	4000	-613
chr4	4222929	4230929	4226561	8000	4226929	-4000	4000	-368
chr4	88519776	88527776	88521770	8000	88523776	-4000	4000	-2006
chr4	95836093	95844093	95841237	8000	95840093	-4000	4000	1144
chr4	133145294	133153294	133151253	8000	133149294	-4000	4000	1959
chr4	137528494	137536494	137531536	8000	137532494	-4000	4000	-958
chr4	173526229	173534229	173528906	8000	173530229	-4000	4000	-1323
chr4	146634893	146642893	146640356	8000	146638893	-4000	4000	1463
chr4	109844107	109852107	109851834	8000	109848107	-4000	4000	3727
chr4	119300445	119308445	119300582	8000	119304445	-4000	4000	-3863
chr4	183318426	183326426	183319606	8000	183322426	-4000	4000	-2820
chr4	165204549	165212549	165210056	8000	165208549	-4000	4000	1507
chr4	119300445	119308445	119300538	8000	119304445	-4000	4000	-3907
chr4	133145294	133153294	133151740	8000	133149294	-4000	4000	2446
chr4	154608967	154616967	154610143	8000	154612967	-4000	4000	-2824
chr4	173526229	173534229	173527029	8000	173530229	-4000	4000	-3200
chr4	74095196	74103196	74097611	8000	74099196	-4000	4000	-1585
chr4	134197789	134205789	134200560	8000	134201789	-4000	4000	-1229
chr4	25308774	25316774	25314084	8000	25312774	-4000	4000	1310
chr4	133145294	133153294	133152414	8000	133149294	-4000	4000	3120
chr4	173526229	173534229	173528750	8000	173530229	-4000	4000	-1479
chr4	104490901	104498901	104490925	8000	104494901	-4000	4000	-3976
chr4	99942618	99950618	99950220	8000	99946618	-4000	4000	3602
chr4	30716415	30724415	30723739	8000	30720415	-4000	4000	3324
chr4	133145294	133153294	133152765	8000	133149294	-4000	4000	3471
chr4	89107398	89115398	89114472	8000	89111398	-4000	4000	3074
chr4	163469754	163477754	163472784	8000	163473754	-4000	4000	-970
chr4	100186782	100194782	100189977	8000	100190782	-4000	4000	-805
chr4	176191585	176199585	176192731	8000	176195585	-4000	4000	-2854
chr4	83451855	83459855	83456083	8000	83455855	-4000	4000	228
chr4	74095196	74103196	74098799	8000	74099196	-4000	4000	-397
chr4	89107398	89115398	89113729	8000	89111398	-4000	4000	2331
chr4	49286	57286	53340	8000	53286	-4000	4000	54
chr4	13540508	13548508	13542187	8000	13544508	-4000	4000	-2321
chr4	112512180	112520180	112515139	8000	112516180	-4000	4000	-1041
chr4	67554727	67562727	67558848	8000	67558727	-4000	4000	121
chr4	118681392	118689392	118687925	8000	118685392	-4000	4000	2533
chr4	68947804	68955804	68951695	8000	68951804	-4000	4000	-109
chr4	93824753	93832753	93829877	8000	93828753	-4000	4000	1124
chr4	56903876	56911876	56911416	8000	56907876	-4000	4000	3540
chr4	53362066	53370066	53365659	8000	53366066	-4000	4000	-407
chr4	73736541	73744541	73742593	8000	73740541	-4000	4000	2052
chr4	76431229	76439229	76436068	8000	76435229	-4000	4000	839
chr4	117081576	117089576	117085071	8000	117085576	-4000	4000	-505
chr4	117081576	117089576	117085073	8000	117085576	-4000	4000	-503
chr4	133145294	133153294	133150981	8000	133149294	-4000	4000	1687
chr4	69843786	69851786	69849338	8000	69847786	-4000	4000	1552
chr4	154608967	154616967	154612169	8000	154612967	-4000	4000	-798
chr4	143180917	143188917	143187916	8000	143184917	-4000	4000	2999
chr4	41977756	41985756	41982326	8000	41981756	-4000	4000	570
chr4	134197789	134205789	134200744	8000	134201789	-4000	4000	-1045
chr4	73984190	73992190	73988084	8000	73988190	-4000	4000	-106
chr4	20247905	20255905	20253984	8000	20251905	-4000	4000	2079
chr4	73849296	73857296	73854084	8000	73853296	-4000	4000	788
chr4	125310918	125318918	125317351	8000	125314918	-4000	4000	2433
chr4	133145294	133153294	133151032	8000	133149294	-4000	4000	1738
chr4	133145294	133153294	133152083	8000	133149294	-4000	4000	2789
chr4	143180917	143188917	143185673	8000	143184917	-4000	4000	756
chr4	146634893	146642893	146640067	8000	146638893	-4000	4000	1174
chr4	98139476	98147476	98143163	8000	98143476	-4000	4000	-313
chr4	21944772	21952772	21948723	8000	21948772	-4000	4000	-49
chr4	165275679	165283679	165278541	8000	165279679	-4000	4000	-1138
chr4	48982275	48990275	48988496	8000	48986275	-4000	4000	2221
chr4	158169318	158177318	158170366	8000	158173318	-4000	4000	-2952
chr5	177992242	178000242	177992415	8000	177996242	-4000	4000	-3827
chr5	141168644	141176644	141173798	8000	141172644	-4000	4000	1154
chr5	141219372	141227372	141225125	8000	141223372	-4000	4000	1753
chr5	69185574	69193574	69189588	8000	69189574	-4000	4000	14
chr5	141173790	141181790	141179421	8000	141177790	-4000	4000	1631
chr5	157055119	157063119	157055417	8000	157059119	-4000	4000	-3702
chr5	161843063	161851063	161850753	8000	161847063	-4000	4000	3690
chr5	174041706	174049706	174046810	8000	174045706	-4000	4000	1104
chr5	180736058	180744058	180739899	8000	180740058	-4000	4000	-159
chr5	53476626	53484626	53483022	8000	53480626	-4000	4000	2396
chr5	69365293	69373293	69366613	8000	69369293	-4000	4000	-2680
chr5	69365293	69373293	69366721	8000	69369293	-4000	4000	-2572
chr5	93579222	93587222	93585401	8000	93583222	-4000	4000	2179
chr5	139386081	139394081	139387847	8000	139390081	-4000	4000	-2234
chr5	141090606	141098606	141095223	8000	141094606	-4000	4000	617
chr5	141146057	141154057	141150682	8000	141150057	-4000	4000	625
chr5	150109372	150117372	150115873	8000	150113372	-4000	4000	2501
chr5	141096473	141104473	141103096	8000	141100473	-4000	4000	2623
chr5	33980693	33988693	33984504	8000	33984693	-4000	4000	-189
chr5	69163135	69171135	69167092	8000	69167135	-4000	4000	-43
chr5	132862884	132870884	132864248	8000	132866884	-4000	4000	-2636
chr5	141146057	141154057	141151624	8000	141150057	-4000	4000	1567
chr5	141183127	141191127	141189797	8000	141187127	-4000	4000	2670
chr5	175440182	175448182	175442486	8000	175444182	-4000	4000	-1696
chr5	91379317	91387317	91383044	8000	91383317	-4000	4000	-273
chr5	156846295	156854295	156850719	8000	156850295	-4000	4000	424
chr5	140782136	140790136	140788188	8000	140786136	-4000	4000	2052
chr5	141173790	141181790	141178771	8000	141177790	-4000	4000	981
chr5	141209919	141217919	141214860	8000	141213919	-4000	4000	941
chr5	141168644	141176644	141174126	8000	141172644	-4000	4000	1482
chr5	141326514	141334514	141332923	8000	141330514	-4000	4000	2409
chr5	33932386	33940386	33936923	8000	33936386	-4000	4000	537
chr5	148308419	148316419	148315764	8000	148312419	-4000	4000	3345
chr5	155009755	155017755	155016591	8000	155013755	-4000	4000	2836
chr5	129900465	129908465	129908287	8000	129904465	-4000	4000	3822
chr5	141168644	141176644	141174508	8000	141172644	-4000	4000	1864
chr5	141047374	141055374	141053185	8000	141051374	-4000	4000	1811
chr5	111066062	111074062	111070487	8000	111070062	-4000	4000	425
chr5	138334355	138342355	138341837	8000	138338355	-4000	4000	3482
chr5	159206053	159214053	159207536	8000	159210053	-4000	4000	-2517
chr5	140039299	140047299	140042474	8000	140043299	-4000	4000	-825
chr5	141954328	141962328	141956360	8000	141958328	-4000	4000	-1968
chr5	74636023	74644023	74636094	8000	74640023	-4000	4000	-3929
chr5	81747797	81755797	81751010	8000	81751797	-4000	4000	-787
chr5	40837308	40845308	40843710	8000	40841308	-4000	4000	2402
chr5	14867778	14875778	14871460	8000	14871778	-4000	4000	-318
chr5	141219372	141227372	141225081	8000	141223372	-4000	4000	1709
chr5	141678230	141686230	141680211	8000	141682230	-4000	4000	-2019
chr5	111066062	111074062	111071837	8000	111070062	-4000	4000	1775
chr5	55098646	55106646	55102731	8000	55102646	-4000	4000	85
chr5	141209919	141217919	141216873	8000	141213919	-4000	4000	2954
chr5	141195610	141203610	141199724	8000	141199610	-4000	4000	114
chr5	141195610	141203610	141200275	8000	141199610	-4000	4000	665
chr5	137863858	137871858	137870976	8000	137867858	-4000	4000	3118
chr5	140687537	140695537	140691322	8000	140691537	-4000	4000	-215
chr5	140782136	140790136	140786740	8000	140786136	-4000	4000	604
chr5	140121937	140129937	140126983	8000	140125937	-4000	4000	1046
chr5	1221381	1229381	1221819	8000	1225381	-4000	4000	-3562
chr5	154474227	154482227	154475562	8000	154478227	-4000	4000	-2665
chr5	141195610	141203610	141201858	8000	141199610	-4000	4000	2248
chr5	140121937	140129937	140127559	8000	140125937	-4000	4000	1622
chr5	141090606	141098606	141096042	8000	141094606	-4000	4000	1436
chr5	888884	896884	889702	8000	892884	-4000	4000	-3182
chr5	129456281	129464281	129461717	8000	129460281	-4000	4000	1436
chr5	161545044	161553044	161546674	8000	161549044	-4000	4000	-2370
chr5	161843063	161851063	161850724	8000	161847063	-4000	4000	3661
chr5	129900465	129908465	129908211	8000	129904465	-4000	4000	3746
chr5	135575202	135583202	135578510	8000	135579202	-4000	4000	-692
chr5	141047374	141055374	141053289	8000	141051374	-4000	4000	1915
chr5	150755095	150763095	150756422	8000	150759095	-4000	4000	-2673
chr5	141326514	141334514	141330817	8000	141330514	-4000	4000	303
chr5	141117818	141125818	141122542	8000	141121818	-4000	4000	724
chr5	141219372	141227372	141224798	8000	141223372	-4000	4000	1426
chr5	54306582	54314582	54310486	8000	54310582	-4000	4000	-96
chr5	141209919	141217919	141215932	8000	141213919	-4000	4000	2013
chr5	141678230	141686230	141680231	8000	141682230	-4000	4000	-1999
chr5	148198794	148206794	148202996	8000	148202794	-4000	4000	202
chr5	180736058	180744058	180739207	8000	180740058	-4000	4000	-851
chr5	141316784	141324784	141318676	8000	141320784	-4000	4000	-2108
chr5	888884	896884	896792	8000	892884	-4000	4000	3908
chr5	95616087	95624087	95621526	8000	95620087	-4000	4000	1439
chr5	140782136	140790136	140787376	8000	140786136	-4000	4000	1240
chr5	141204697	141212697	141209171	8000	141208697	-4000	4000	474
chr5	141326514	141334514	141331434	8000	141330514	-4000	4000	920
chr5	148822611	148830611	148827146	8000	148826611	-4000	4000	535
chr5	141195610	141203610	141201306	8000	141199610	-4000	4000	1696
chr5	180736058	180744058	180739345	8000	180740058	-4000	4000	-713
chr5	170349487	170357487	170353913	8000	170353487	-4000	4000	426
chr5	141096473	141104473	141102971	8000	141100473	-4000	4000	2498
chr5	132862884	132870884	132864510	8000	132866884	-4000	4000	-2374
chr5	140643058	140651058	140647588	8000	140647058	-4000	4000	530
chr5	141168644	141176644	141176369	8000	141172644	-4000	4000	3725
chr5	180984846	180992846	180988904	8000	180988846	-4000	4000	58
chr5	141183127	141191127	141183486	8000	141187127	-4000	4000	-3641
chr5	141146057	141154057	141152381	8000	141150057	-4000	4000	2324
chr5	141204697	141212697	141211036	8000	141208697	-4000	4000	2339
chr5	141047374	141055374	141052118	8000	141051374	-4000	4000	744
chr5	62574819	62582819	62580232	8000	62578819	-4000	4000	1413
chr5	141173790	141181790	141180422	8000	141177790	-4000	4000	2632
chr5	177347668	177355668	177351542	8000	177351668	-4000	4000	-126
chr5	16932288	16940288	16935790	8000	16936288	-4000	4000	-498
chr5	76949045	76957045	76955864	8000	76953045	-4000	4000	2819
chr5	96430143	96438143	96432896	8000	96434143	-4000	4000	-1247
chr5	140397908	140405908	140402256	8000	140401908	-4000	4000	348
chr5	141326514	141334514	141330824	8000	141330514	-4000	4000	310
chr5	141188353	141196353	141193897	8000	141192353	-4000	4000	1544
chr5	73116569	73124569	73123428	8000	73120569	-4000	4000	2859
chr5	141183127	141191127	141185021	8000	141187127	-4000	4000	-2106
chr5	176443628	176451628	176448472	8000	176447628	-4000	4000	844
chr5	37367106	37375106	37370951	8000	37371106	-4000	4000	-155
chr5	141047374	141055374	141053788	8000	141051374	-4000	4000	2414
chr5	141117818	141125818	141123379	8000	141121818	-4000	4000	1561
chr5	33980693	33988693	33982370	8000	33984693	-4000	4000	-2323
chr5	35613844	35621844	35617979	8000	35617844	-4000	4000	135
chr5	54451699	54459699	54455794	8000	54455699	-4000	4000	95
chr5	121847882	121855882	121852119	8000	121851882	-4000	4000	237
chr5	177347668	177355668	177351491	8000	177351668	-4000	4000	-177
chr5	177992242	178000242	177995974	8000	177996242	-4000	4000	-268
chr5	141326514	141334514	141330908	8000	141330514	-4000	4000	394
chr5	63958507	63966507	63960723	8000	63962507	-4000	4000	-1784
chr5	141183127	141191127	141188564	8000	141187127	-4000	4000	1437
chr5	58456139	58464139	58458402	8000	58460139	-4000	4000	-1737
chr5	141183127	141191127	141184812	8000	141187127	-4000	4000	-2315
chr5	41067342	41075342	41070874	8000	41071342	-4000	4000	-468
chr5	141219372	141227372	141224904	8000	141223372	-4000	4000	1532
chr5	177127830	177135830	177135355	8000	177131830	-4000	4000	3525
chr5	141168644	141176644	141173460	8000	141172644	-4000	4000	816
chr5	141168644	141176644	141174813	8000	141172644	-4000	4000	2169
chr5	141188353	141196353	141194874	8000	141192353	-4000	4000	2521
chr5	141647418	141655418	141654360	8000	141651418	-4000	4000	2942
chr5	141195610	141203610	141200529	8000	141199610	-4000	4000	919
chr5	157667480	157675480	157671668	8000	157671480	-4000	4000	188
chr5	140782136	140790136	140788036	8000	140786136	-4000	4000	1900
chr5	71451651	71459651	71458641	8000	71455651	-4000	4000	2990
chr5	150286093	150294093	150289638	8000	150290093	-4000	4000	-455
chr5	178626615	178634615	178627007	8000	178630615	-4000	4000	-3608
chr5	141204697	141212697	141210430	8000	141208697	-4000	4000	1733
chr5	141117818	141125818	141124282	8000	141121818	-4000	4000	2464
chr5	132862884	132870884	132864551	8000	132866884	-4000	4000	-2333
chr5	121847882	121855882	121852147	8000	121851882	-4000	4000	265
chr5	141131206	141139206	141136316	8000	141135206	-4000	4000	1110
chr5	63958507	63966507	63960810	8000	63962507	-4000	4000	-1697
chr5	54306582	54314582	54310559	8000	54310582	-4000	4000	-23
chr5	122839439	122847439	122845664	8000	122843439	-4000	4000	2225
chr5	141047374	141055374	141051657	8000	141051374	-4000	4000	283
chr5	141219372	141227372	141224805	8000	141223372	-4000	4000	1433
chr5	156846295	156854295	156850621	8000	156850295	-4000	4000	326
chr5	156846295	156854295	156850718	8000	156850295	-4000	4000	423
chr5	156846295	156854295	156850951	8000	156850295	-4000	4000	656
chr5	141096473	141104473	141100645	8000	141100473	-4000	4000	172
chr5	141096473	141104473	141101237	8000	141100473	-4000	4000	764
chr5	180736058	180744058	180739997	8000	180740058	-4000	4000	-61
chr5	65718205	65726205	65720753	8000	65722205	-4000	4000	-1452
chr5	141131206	141139206	141137480	8000	141135206	-4000	4000	2274
chr5	79685836	79693836	79685856	8000	79689836	-4000	4000	-3980
chr5	141146057	141154057	141151263	8000	141150057	-4000	4000	1206
chr5	141090606	141098606	141096506	8000	141094606	-4000	4000	1900
chr5	141954328	141962328	141955372	8000	141958328	-4000	4000	-2956
chr5	177992242	178000242	177994243	8000	177996242	-4000	4000	-1999
chr5	141183127	141191127	141184995	8000	141187127	-4000	4000	-2132
chr5	80315625	80323625	80321780	8000	80319625	-4000	4000	2155
chr5	102495016	102503016	102498698	8000	102499016	-4000	4000	-318
chr5	141326514	141334514	141332754	8000	141330514	-4000	4000	2240
chr5	141146057	141154057	141151910	8000	141150057	-4000	4000	1853
chr5	33932386	33940386	33937417	8000	33936386	-4000	4000	1031
chr5	33932386	33940386	33936981	8000	33936386	-4000	4000	595
chr5	141131206	141139206	141137765	8000	141135206	-4000	4000	2559
chr5	141188353	141196353	141193773	8000	141192353	-4000	4000	1420
chr5	180736058	180744058	180739708	8000	180740058	-4000	4000	-350
chr5	141131206	141139206	141136515	8000	141135206	-4000	4000	1309
chr5	155009755	155017755	155016422	8000	155013755	-4000	4000	2667
chr5	78290698	78298698	78294478	8000	78294698	-4000	4000	-220
chr5	141219372	141227372	141224721	8000	141223372	-4000	4000	1349
chr5	180895077	180903077	180899184	8000	180899077	-4000	4000	107
chr5	187495	195495	192266	8000	191495	-4000	4000	771
chr5	36147887	36155887	36152895	8000	36151887	-4000	4000	1008
chr5	141326514	141334514	141332256	8000	141330514	-4000	4000	1742
chr5	100531374	100539374	100535929	8000	100535374	-4000	4000	555
chr5	160341396	160349396	160349205	8000	160345396	-4000	4000	3809
chr5	141146057	141154057	141150195	8000	141150057	-4000	4000	138
chr5	87263883	87271883	87268816	8000	87267883	-4000	4000	933
chr5	141195610	141203610	141200050	8000	141199610	-4000	4000	440
chr5	73169193	73177193	73173839	8000	73173193	-4000	4000	646
chr5	141047374	141055374	141053687	8000	141051374	-4000	4000	2313
chr5	141146057	141154057	141151092	8000	141150057	-4000	4000	1035
chr5	154934211	154942211	154937970	8000	154938211	-4000	4000	-241
chr5	187495	195495	191592	8000	191495	-4000	4000	97
chr5	155009755	155017755	155014247	8000	155013755	-4000	4000	492
chr5	34914989	34922989	34922885	8000	34918989	-4000	4000	3896
chr5	141183127	141191127	141183245	8000	141187127	-4000	4000	-3882
chr5	141183127	141191127	141184680	8000	141187127	-4000	4000	-2447
chr5	141219372	141227372	141225690	8000	141223372	-4000	4000	2318
chr5	149137483	149145483	149142025	8000	149141483	-4000	4000	542
chr5	161545044	161553044	161546674	8000	161549044	-4000	4000	-2370
chr5	177588203	177596203	177593652	8000	177592203	-4000	4000	1449
chr5	33932386	33940386	33937100	8000	33936386	-4000	4000	714
chr5	141178387	141186387	141182764	8000	141182387	-4000	4000	377
chr5	141183127	141191127	141184717	8000	141187127	-4000	4000	-2410
chr5	141047374	141055374	141052481	8000	141051374	-4000	4000	1107
chr5	141678230	141686230	141680490	8000	141682230	-4000	4000	-1740
chr5	141096473	141104473	141102368	8000	141100473	-4000	4000	1895
chr5	138135443	138143443	138140838	8000	138139443	-4000	4000	1395
chr5	139440491	139448491	139442474	8000	139444491	-4000	4000	-2017
chr5	141209919	141217919	141215855	8000	141213919	-4000	4000	1936
chr5	141326514	141334514	141332360	8000	141330514	-4000	4000	1846
chr5	138174953	138182953	138179666	8000	138178953	-4000	4000	713
chr5	78290698	78298698	78294541	8000	78294698	-4000	4000	-157
chr5	141146057	141154057	141152490	8000	141150057	-4000	4000	2433
chr5	157138869	157146869	157138923	8000	157142869	-4000	4000	-3946
chr5	141209919	141217919	141215968	8000	141213919	-4000	4000	2049
chr5	141047374	141055374	141051579	8000	141051374	-4000	4000	205
chr5	44385706	44393706	44388426	8000	44389706	-4000	4000	-1280
chr5	132669986	132677986	132674048	8000	132673986	-4000	4000	62
chr5	135950983	135958983	135951459	8000	135954983	-4000	4000	-3524
chr5	141183127	141191127	141184903	8000	141187127	-4000	4000	-2224
chr5	141209919	141217919	141215657	8000	141213919	-4000	4000	1738
chr5	62574819	62582819	62580039	8000	62578819	-4000	4000	1220
chr5	107666937	107674937	107670629	8000	107670937	-4000	4000	-308
chr5	141183127	141191127	141183261	8000	141187127	-4000	4000	-3866
chr5	141209919	141217919	141215599	8000	141213919	-4000	4000	1680
chr5	102292284	102300284	102295941	8000	102296284	-4000	4000	-343
chr5	141326514	141334514	141331136	8000	141330514	-4000	4000	622
chr5	139478935	139486935	139481156	8000	139482935	-4000	4000	-1779
chr5	44385706	44393706	44388647	8000	44389706	-4000	4000	-1059
chr5	71451651	71459651	71458663	8000	71455651	-4000	4000	3012
chr5	141090606	141098606	141097050	8000	141094606	-4000	4000	2444
chr5	141183127	141191127	141187586	8000	141187127	-4000	4000	459
chr5	141146057	141154057	141151992	8000	141150057	-4000	4000	1935
chr5	141131206	141139206	141137012	8000	141135206	-4000	4000	1806
chr5	140643058	140651058	140647481	8000	140647058	-4000	4000	423
chr5	141204697	141212697	141210038	8000	141208697	-4000	4000	1341
chr5	77634713	77642713	77637198	8000	77638713	-4000	4000	-1515
chr5	143808161	143816161	143812192	8000	143812161	-4000	4000	31
chr5	141117818	141125818	141123660	8000	141121818	-4000	4000	1842
chr5	157727420	157735420	157734742	8000	157731420	-4000	4000	3322
chr5	57478811	57486811	57481725	8000	57482811	-4000	4000	-1086
chr5	57478811	57486811	57481727	8000	57482811	-4000	4000	-1084
chr5	140782136	140790136	140787795	8000	140786136	-4000	4000	1659
chr5	141173790	141181790	141179538	8000	141177790	-4000	4000	1748
chr5	140356194	140364194	140364092	8000	140360194	-4000	4000	3898
chr5	177347668	177355668	177351808	8000	177351668	-4000	4000	140
chr5	140782136	140790136	140787831	8000	140786136	-4000	4000	1695
chr5	155009755	155017755	155015988	8000	155013755	-4000	4000	2233
chr5	141131206	141139206	141136503	8000	141135206	-4000	4000	1297
chr5	141209919	141217919	141214876	8000	141213919	-4000	4000	957
chr5	141615055	141623055	141621171	8000	141619055	-4000	4000	2116
chr5	141188353	141196353	141193670	8000	141192353	-4000	4000	1317
chr5	73561443	73569443	73562779	8000	73565443	-4000	4000	-2664
chr5	155009755	155017755	155014560	8000	155013755	-4000	4000	805
chr5	163456102	163464102	163457609	8000	163460102	-4000	4000	-2493
chr5	140643058	140651058	140644701	8000	140647058	-4000	4000	-2357
chr5	140782136	140790136	140788365	8000	140786136	-4000	4000	2229
chr5	40837308	40845308	40841659	8000	40841308	-4000	4000	351
chr5	141188353	141196353	141193103	8000	141192353	-4000	4000	750
chr5	83073498	83081498	83077318	8000	83077498	-4000	4000	-180
chr5	15496180	15504180	15500685	8000	15500180	-4000	4000	505
chr5	141173790	141181790	141179343	8000	141177790	-4000	4000	1553
chr5	151299766	151307766	151303226	8000	151303766	-4000	4000	-540
chr5	141204697	141212697	141210962	8000	141208697	-4000	4000	2265
chr5	141183127	141191127	141184796	8000	141187127	-4000	4000	-2331
chr5	181257150	181265150	181260132	8000	181261150	-4000	4000	-1018
chr5	177512961	177520961	177515725	8000	177516961	-4000	4000	-1236
chr5	134734495	134742495	134738564	8000	134738495	-4000	4000	69
chr5	141168644	141176644	141173569	8000	141172644	-4000	4000	925
chr5	35044135	35052135	35049317	8000	35048135	-4000	4000	1182
chr5	54451699	54459699	54456153	8000	54455699	-4000	4000	454
chr5	141204697	141212697	141210180	8000	141208697	-4000	4000	1483
chr5	155009755	155017755	155014681	8000	155013755	-4000	4000	926
chr5	180736058	180744058	180739248	8000	180740058	-4000	4000	-810
chr5	140782136	140790136	140787981	8000	140786136	-4000	4000	1845
chr5	187495	195495	195161	8000	191495	-4000	4000	3666
chr5	141117818	141125818	141122543	8000	141121818	-4000	4000	725
chr5	64502015	64510015	64507804	8000	64506015	-4000	4000	1789
chr5	133022604	133030604	133026549	8000	133026604	-4000	4000	-55
chr5	141195610	141203610	141201994	8000	141199610	-4000	4000	2384
chr5	141096473	141104473	141101204	8000	141100473	-4000	4000	731
chr5	141209919	141217919	141216586	8000	141213919	-4000	4000	2667
chr5	53476626	53484626	53483721	8000	53480626	-4000	4000	3095
chr5	141173790	141181790	141179576	8000	141177790	-4000	4000	1786
chr5	41067342	41075342	41070919	8000	41071342	-4000	4000	-423
chr5	157138869	157146869	157139059	8000	157142869	-4000	4000	-3810
chr5	102292284	102300284	102295935	8000	102296284	-4000	4000	-349
chr5	40831222	40839222	40835199	8000	40835222	-4000	4000	-23
chr5	80315625	80323625	80320498	8000	80319625	-4000	4000	873
chr5	140782136	140790136	140787786	8000	140786136	-4000	4000	1650
chr5	141090606	141098606	141095831	8000	141094606	-4000	4000	1225
chr5	141195610	141203610	141201562	8000	141199610	-4000	4000	1952
chr5	141188353	141196353	141192784	8000	141192353	-4000	4000	431
chr5	141090606	141098606	141094673	8000	141094606	-4000	4000	67
chr5	141117818	141125818	141122922	8000	141121818	-4000	4000	1104
chr5	177992242	178000242	177993031	8000	177996242	-4000	4000	-3211
chr5	36147887	36155887	36152144	8000	36151887	-4000	4000	257
chr5	141204697	141212697	141210695	8000	141208697	-4000	4000	1998
chr5	141183127	141191127	141184962	8000	141187127	-4000	4000	-2165
chr5	187495	195495	195029	8000	191495	-4000	4000	3534
chr5	58456139	58464139	58456558	8000	58460139	-4000	4000	-3581
chr5	132862884	132870884	132864567	8000	132866884	-4000	4000	-2317
chr5	137732089	137740089	137735793	8000	137736089	-4000	4000	-296
chr5	140782136	140790136	140787087	8000	140786136	-4000	4000	951
chr5	141047374	141055374	141052939	8000	141051374	-4000	4000	1565
chr5	141096473	141104473	141103073	8000	141100473	-4000	4000	2600
chr5	151343590	151351590	151347303	8000	151347590	-4000	4000	-287
chr5	172767195	172775195	172768584	8000	172771195	-4000	4000	-2611
chr5	135891841	135899841	135895735	8000	135895841	-4000	4000	-106
chr5	141326514	141334514	141331168	8000	141330514	-4000	4000	654
chr5	41506628	41514628	41510519	8000	41510628	-4000	4000	-109
chr5	135531964	135539964	135535513	8000	135535964	-4000	4000	-451
chr5	141326514	141334514	141333040	8000	141330514	-4000	4000	2526
chr5	173231311	173239311	173233087	8000	173235311	-4000	4000	-2224
chr5	72812312	72820312	72816710	8000	72816312	-4000	4000	398
chr5	141168644	141176644	141175116	8000	141172644	-4000	4000	2472
chr5	168525305	168533305	168530366	8000	168529305	-4000	4000	1061
chr5	141090606	141098606	141095160	8000	141094606	-4000	4000	554
chr5	80315625	80323625	80320291	8000	80319625	-4000	4000	666
chr5	115176546	115184546	115180220	8000	115180546	-4000	4000	-326
chr5	140560781	140568781	140562866	8000	140564781	-4000	4000	-1915
chr5	180736058	180744058	180739594	8000	180740058	-4000	4000	-464
chr5	132869444	132877444	132874033	8000	132873444	-4000	4000	589
chr5	141954328	141962328	141957830	8000	141958328	-4000	4000	-498
chr5	159095916	159103916	159096466	8000	159099916	-4000	4000	-3450
chr5	140687537	140695537	140691249	8000	140691537	-4000	4000	-288
chr5	57478811	57486811	57481975	8000	57482811	-4000	4000	-836
chr5	73116569	73124569	73123609	8000	73120569	-4000	4000	3040
chr5	115837592	115845592	115841240	8000	115841592	-4000	4000	-352
chr5	141047374	141055374	141051657	8000	141051374	-4000	4000	283
chr5	141090606	141098606	141095505	8000	141094606	-4000	4000	899
chr5	141183127	141191127	141189572	8000	141187127	-4000	4000	2445
chr5	148822611	148830611	148828444	8000	148826611	-4000	4000	1833
chr5	176626618	176634618	176629736	8000	176630618	-4000	4000	-882
chr5	141326514	141334514	141331660	8000	141330514	-4000	4000	1146
chr5	142766377	142774377	142770910	8000	142770377	-4000	4000	533
chr5	63958507	63966507	63961427	8000	63962507	-4000	4000	-1080
chr5	141047374	141055374	141052799	8000	141051374	-4000	4000	1425
chr5	141173790	141181790	141180341	8000	141177790	-4000	4000	2551
chr5	141188353	141196353	141193415	8000	141192353	-4000	4000	1062
chr5	55169177	55177177	55170696	8000	55173177	-4000	4000	-2481
chr5	136128845	136136845	136133801	8000	136132845	-4000	4000	956
chr5	141183127	141191127	141188387	8000	141187127	-4000	4000	1260
chr5	132869444	132877444	132875583	8000	132873444	-4000	4000	2139
chr5	141096473	141104473	141101966	8000	141100473	-4000	4000	1493
chr5	141090606	141098606	141095302	8000	141094606	-4000	4000	696
chr5	33980693	33988693	33984398	8000	33984693	-4000	4000	-295
chr5	175440182	175448182	175441552	8000	175444182	-4000	4000	-2630
chr5	141204697	141212697	141210289	8000	141208697	-4000	4000	1592
chr5	138135443	138143443	138139948	8000	138139443	-4000	4000	505
chr5	140643058	140651058	140645663	8000	140647058	-4000	4000	-1395
chr5	141047374	141055374	141052295	8000	141051374	-4000	4000	921
chr5	43553758	43561758	43555939	8000	43557758	-4000	4000	-1819
chr5	173884349	173892349	173890750	8000	173888349	-4000	4000	2401
chr5	180895077	180903077	180899355	8000	180899077	-4000	4000	278
chr5	31528196	31536196	31532339	8000	31532196	-4000	4000	143
chr5	141188353	141196353	141194076	8000	141192353	-4000	4000	1723
chr5	141173790	141181790	141179726	8000	141177790	-4000	4000	1936
chr5	34914989	34922989	34922960	8000	34918989	-4000	4000	3971
chr5	100899282	100907282	100902859	8000	100903282	-4000	4000	-423
chr5	63958507	63966507	63961186	8000	63962507	-4000	4000	-1321
chr5	155009755	155017755	155013962	8000	155013755	-4000	4000	207
chr5	140694680	140702680	140697678	8000	140698680	-4000	4000	-1002
chr5	141131206	141139206	141137480	8000	141135206	-4000	4000	2274
chr5	55169177	55177177	55170653	8000	55173177	-4000	4000	-2524
chr5	63958507	63966507	63961070	8000	63962507	-4000	4000	-1437
chr5	63958507	63966507	63961576	8000	63962507	-4000	4000	-931
chr5	141047374	141055374	141051697	8000	141051374	-4000	4000	323
chr5	141090606	141098606	141095661	8000	141094606	-4000	4000	1055
chr5	172979771	172987771	172983870	8000	172983771	-4000	4000	99
chr5	140342603	140350603	140346061	8000	140346603	-4000	4000	-542
chr5	138079990	138087990	138084195	8000	138083990	-4000	4000	205
chr5	181257150	181265150	181260237	8000	181261150	-4000	4000	-913
chr5	138571675	138579675	138573848	8000	138575675	-4000	4000	-1827
chr5	15496180	15504180	15500566	8000	15500180	-4000	4000	386
chr5	141326514	141334514	141332704	8000	141330514	-4000	4000	2190
chr5	65559236	65567236	65563319	8000	65563236	-4000	4000	83
chr5	65559236	65567236	65563320	8000	65563236	-4000	4000	84
chr5	141195610	141203610	141201136	8000	141199610	-4000	4000	1526
chr5	141146057	141154057	141150792	8000	141150057	-4000	4000	735
chr5	73444777	73452777	73446781	8000	73448777	-4000	4000	-1996
chr5	141195610	141203610	141201861	8000	141199610	-4000	4000	2251
chr5	140342603	140350603	140342709	8000	140346603	-4000	4000	-3894
chr5	140687537	140695537	140691689	8000	140691537	-4000	4000	152
chr5	141168644	141176644	141173052	8000	141172644	-4000	4000	408
chr5	140643058	140651058	140644639	8000	140647058	-4000	4000	-2419
chr5	141219372	141227372	141225785	8000	141223372	-4000	4000	2413
chr5	141131206	141139206	141137696	8000	141135206	-4000	4000	2490
chr5	141204697	141212697	141211186	8000	141208697	-4000	4000	2489
chr5	58456139	58464139	58458255	8000	58460139	-4000	4000	-1884
chr5	141954328	141962328	141956920	8000	141958328	-4000	4000	-1408
chr5	54451699	54459699	54455901	8000	54455699	-4000	4000	202
chr5	176361487	176369487	176366490	8000	176365487	-4000	4000	1003
chr5	267670	275670	272748	8000	271670	-4000	4000	1078
chr5	141195610	141203610	141201484	8000	141199610	-4000	4000	1874
chr5	141209919	141217919	141215757	8000	141213919	-4000	4000	1838
chr5	173884349	173892349	173889882	8000	173888349	-4000	4000	1533
chr5	173884349	173892349	173890294	8000	173888349	-4000	4000	1945
chr5	31528196	31536196	31532357	8000	31532196	-4000	4000	161
chr5	35044135	35052135	35047972	8000	35048135	-4000	4000	-163
chr5	37367106	37375106	37370888	8000	37371106	-4000	4000	-218
chr5	41866425	41874425	41870476	8000	41870425	-4000	4000	51
chr5	58456139	58464139	58458375	8000	58460139	-4000	4000	-1764
chr5	61158468	61166468	61160189	8000	61162468	-4000	4000	-2279
chr5	62574819	62582819	62579491	8000	62578819	-4000	4000	672
chr5	62574819	62582819	62580702	8000	62578819	-4000	4000	1883
chr5	69163135	69171135	69167907	8000	69167135	-4000	4000	772
chr5	95281094	95289094	95284088	8000	95285094	-4000	4000	-1006
chr5	98764650	98772650	98770612	8000	98768650	-4000	4000	1962
chr5	115176546	115184546	115180103	8000	115180546	-4000	4000	-443
chr5	115837592	115845592	115841546	8000	115841592	-4000	4000	-46
chr5	121957975	121965975	121961982	8000	121961975	-4000	4000	7
chr5	134110681	134118681	134115971	8000	134114681	-4000	4000	1290
chr5	138174953	138182953	138182438	8000	138178953	-4000	4000	3485
chr5	140342603	140350603	140342661	8000	140346603	-4000	4000	-3942
chr5	141047374	141055374	141053096	8000	141051374	-4000	4000	1722
chr5	141096473	141104473	141100456	8000	141100473	-4000	4000	-17
chr5	141117818	141125818	141123186	8000	141121818	-4000	4000	1368
chr5	141131206	141139206	141136596	8000	141135206	-4000	4000	1390
chr5	141173790	141181790	141178089	8000	141177790	-4000	4000	299
chr5	141173790	141181790	141180199	8000	141177790	-4000	4000	2409
chr5	141178387	141186387	141183086	8000	141182387	-4000	4000	699
chr5	141183127	141191127	141183244	8000	141187127	-4000	4000	-3883
chr5	141209919	141217919	141214186	8000	141213919	-4000	4000	267
chr5	141326514	141334514	141332588	8000	141330514	-4000	4000	2074
chr5	141326514	141334514	141332883	8000	141330514	-4000	4000	2369
chr5	149547471	149555471	149550127	8000	149551471	-4000	4000	-1344
chr5	149547471	149555471	149551008	8000	149551471	-4000	4000	-463
chr5	149940793	149948793	149944322	8000	149944793	-4000	4000	-471
chr5	154474227	154482227	154475830	8000	154478227	-4000	4000	-2397
chr5	177127830	177135830	177135129	8000	177131830	-4000	4000	3299
chr5	138435057	138443057	138435764	8000	138439057	-4000	4000	-3293
chr5	97179247	97187247	97183213	8000	97183247	-4000	4000	-34
chr5	181257150	181265150	181257355	8000	181261150	-4000	4000	-3795
chr5	141131206	141139206	141137261	8000	141135206	-4000	4000	2055
chr5	51379448	51387448	51383506	8000	51383448	-4000	4000	58
chr5	155009755	155017755	155015799	8000	155013755	-4000	4000	2044
chr5	141090606	141098606	141095447	8000	141094606	-4000	4000	841
chr5	160396054	160404054	160403141	8000	160400054	-4000	4000	3087
chr5	58487435	58495435	58494591	8000	58491435	-4000	4000	3156
chr5	141204697	141212697	141209403	8000	141208697	-4000	4000	706
chr5	141204697	141212697	141209404	8000	141208697	-4000	4000	707
chr5	62574819	62582819	62580045	8000	62578819	-4000	4000	1226
chr5	80315625	80323625	80320131	8000	80319625	-4000	4000	506
chr5	141168644	141176644	141173516	8000	141172644	-4000	4000	872
chr5	36147887	36155887	36152790	8000	36151887	-4000	4000	903
chr5	40837308	40845308	40841536	8000	40841308	-4000	4000	228
chr5	40837308	40845308	40843327	8000	40841308	-4000	4000	2019
chr5	54513759	54521759	54518657	8000	54517759	-4000	4000	898
chr5	55018671	55026671	55024316	8000	55022671	-4000	4000	1645
chr5	58456139	58464139	58457067	8000	58460139	-4000	4000	-3072
chr5	58487435	58495435	58494807	8000	58491435	-4000	4000	3372
chr5	69365293	69373293	69366560	8000	69369293	-4000	4000	-2733
chr5	71715275	71723275	71720767	8000	71719275	-4000	4000	1492
chr5	73494408	73502408	73499316	8000	73498408	-4000	4000	908
chr5	76949045	76957045	76955863	8000	76953045	-4000	4000	2818
chr5	96871986	96879986	96879866	8000	96875986	-4000	4000	3880
chr5	111066062	111074062	111071888	8000	111070062	-4000	4000	1826
chr5	115812659	115820659	115816416	8000	115816659	-4000	4000	-243
chr5	132862884	132870884	132864191	8000	132866884	-4000	4000	-2693
chr5	138079990	138087990	138087891	8000	138083990	-4000	4000	3901
chr5	140694680	140702680	140700905	8000	140698680	-4000	4000	2225
chr5	140782136	140790136	140786392	8000	140786136	-4000	4000	256
chr5	141047374	141055374	141051893	8000	141051374	-4000	4000	519
chr5	141195610	141203610	141200516	8000	141199610	-4000	4000	906
chr5	141209919	141217919	141215446	8000	141213919	-4000	4000	1527
chr5	141209919	141217919	141216234	8000	141213919	-4000	4000	2315
chr5	148822611	148830611	148827143	8000	148826611	-4000	4000	532
chr5	149547471	149555471	149550937	8000	149551471	-4000	4000	-534
chr5	155009755	155017755	155016245	8000	155013755	-4000	4000	2490
chr5	138135443	138143443	138138770	8000	138139443	-4000	4000	-673
chr5	141096473	141104473	141100488	8000	141100473	-4000	4000	15
chr5	176361487	176369487	176368854	8000	176365487	-4000	4000	3367
chr5	154934211	154942211	154941073	8000	154938211	-4000	4000	2862
chr5	43039170	43047170	43042657	8000	43043170	-4000	4000	-513
chr5	102495016	102503016	102498729	8000	102499016	-4000	4000	-287
chr5	141168644	141176644	141174985	8000	141172644	-4000	4000	2341
chr5	141204697	141212697	141210598	8000	141208697	-4000	4000	1901
chr5	80650652	80658652	80654760	8000	80654652	-4000	4000	108
chr5	36147887	36155887	36152179	8000	36151887	-4000	4000	292
chr5	140782136	140790136	140788585	8000	140786136	-4000	4000	2449
chr5	141131206	141139206	141136457	8000	141135206	-4000	4000	1251
chr5	141096473	141104473	141103124	8000	141100473	-4000	4000	2651
chr5	141131206	141139206	141137766	8000	141135206	-4000	4000	2560
chr5	267670	275670	272763	8000	271670	-4000	4000	1093
chr5	141188353	141196353	141193141	8000	141192353	-4000	4000	788
chr5	1221381	1229381	1225439	8000	1225381	-4000	4000	58
chr5	140782136	140790136	140788522	8000	140786136	-4000	4000	2386
chr5	181218499	181226499	181224748	8000	181222499	-4000	4000	2249
chr5	155009755	155017755	155013778	8000	155013755	-4000	4000	23
chr5	172767195	172775195	172768855	8000	172771195	-4000	4000	-2340
chr5	141131206	141139206	141137260	8000	141135206	-4000	4000	2054
chr5	145831369	145839369	145835243	8000	145835369	-4000	4000	-126
chr5	141195610	141203610	141201835	8000	141199610	-4000	4000	2225
chr5	177127830	177135830	177135115	8000	177131830	-4000	4000	3285
chr5	33980693	33988693	33984422	8000	33984693	-4000	4000	-271
chr5	157727420	157735420	157731631	8000	157731420	-4000	4000	211
chr5	141117818	141125818	141122128	8000	141121818	-4000	4000	310
chr5	40837308	40845308	40843520	8000	40841308	-4000	4000	2212
chr5	141219372	141227372	141224883	8000	141223372	-4000	4000	1511
chr5	141183127	141191127	141183589	8000	141187127	-4000	4000	-3538
chr5	141204697	141212697	141209699	8000	141208697	-4000	4000	1002
chr5	155009755	155017755	155016178	8000	155013755	-4000	4000	2423
chr5	176443628	176451628	176448462	8000	176447628	-4000	4000	834
chr5	151920851	151928851	151924731	8000	151924851	-4000	4000	-120
chr5	141326514	141334514	141332046	8000	141330514	-4000	4000	1532
chr5	141168644	141176644	141173265	8000	141172644	-4000	4000	621
chr5	176626618	176634618	176629698	8000	176630618	-4000	4000	-920
chr5	141090606	141098606	141094733	8000	141094606	-4000	4000	127
chr5	141195610	141203610	141200691	8000	141199610	-4000	4000	1081
chr5	58487435	58495435	58494885	8000	58491435	-4000	4000	3450
chr5	177550563	177558563	177553252	8000	177554563	-4000	4000	-1311
chr5	141195610	141203610	141201374	8000	141199610	-4000	4000	1764
chr5	69365293	69373293	69365500	8000	69369293	-4000	4000	-3793
chr5	83073498	83081498	83077318	8000	83077498	-4000	4000	-180
chr5	141090606	141098606	141096095	8000	141094606	-4000	4000	1489
chr5	141096473	141104473	141100839	8000	141100473	-4000	4000	366
chr5	141096473	141104473	141102193	8000	141100473	-4000	4000	1720
chr5	141168644	141176644	141173137	8000	141172644	-4000	4000	493
chr5	172767195	172775195	172769713	8000	172771195	-4000	4000	-1482
chr5	179341461	179349461	179343817	8000	179345461	-4000	4000	-1644
chr5	138135443	138143443	138140028	8000	138139443	-4000	4000	585
chr5	141183127	141191127	141188925	8000	141187127	-4000	4000	1798
chr5	40905497	40913497	40909544	8000	40909497	-4000	4000	47
chr5	141183127	141191127	141184693	8000	141187127	-4000	4000	-2434
chr5	43039170	43047170	43040064	8000	43043170	-4000	4000	-3106
chr5	141090606	141098606	141097176	8000	141094606	-4000	4000	2570
chr5	95281094	95289094	95284052	8000	95285094	-4000	4000	-1042
chr5	141183127	141191127	141187336	8000	141187127	-4000	4000	209
chr5	141204697	141212697	141209014	8000	141208697	-4000	4000	317
chr5	141678230	141686230	141680102	8000	141682230	-4000	4000	-2128
chr5	72316646	72324646	72320192	8000	72320646	-4000	4000	-454
chr5	141173790	141181790	141178489	8000	141177790	-4000	4000	699
chr5	119448465	119456465	119452516	8000	119452465	-4000	4000	51
chr5	170101897	170109897	170108080	8000	170105897	-4000	4000	2183
chr5	141117818	141125818	141123841	8000	141121818	-4000	4000	2023
chr5	80315625	80323625	80321199	8000	80319625	-4000	4000	1574
chr5	69365293	69373293	69366780	8000	69369293	-4000	4000	-2513
chr5	140782136	140790136	140788157	8000	140786136	-4000	4000	2021
chr5	141678230	141686230	141680415	8000	141682230	-4000	4000	-1815
chr5	160115450	160123450	160118806	8000	160119450	-4000	4000	-644
chr5	180587499	180595499	180590716	8000	180591499	-4000	4000	-783
chr5	103558790	103566790	103558908	8000	103562790	-4000	4000	-3882
chr5	148822611	148830611	148826919	8000	148826611	-4000	4000	308
chr5	115540775	115548775	115543211	8000	115544775	-4000	4000	-1564
chr5	159095916	159103916	159096438	8000	159099916	-4000	4000	-3478
chr5	138435057	138443057	138435671	8000	138439057	-4000	4000	-3386
chr5	141219372	141227372	141225690	8000	141223372	-4000	4000	2318
chr5	178228802	178236802	178229970	8000	178232802	-4000	4000	-2832
chr5	33932386	33940386	33936581	8000	33936386	-4000	4000	195
chr5	87263883	87271883	87268835	8000	87267883	-4000	4000	952
chr5	141168644	141176644	141173045	8000	141172644	-4000	4000	401
chr5	129456281	129464281	129461512	8000	129460281	-4000	4000	1231
chr5	58456139	58464139	58457542	8000	58460139	-4000	4000	-2597
chr5	33980693	33988693	33984215	8000	33984693	-4000	4000	-478
chr5	141204697	141212697	141210753	8000	141208697	-4000	4000	2056
chr5	134870371	134878371	134874449	8000	134874371	-4000	4000	78
chr5	178183371	178191371	178186007	8000	178187371	-4000	4000	-1364
chr5	135531964	135539964	135535148	8000	135535964	-4000	4000	-816
chr5	141096473	141104473	141102026	8000	141100473	-4000	4000	1553
chr5	141168644	141176644	141173485	8000	141172644	-4000	4000	841
chr5	141204697	141212697	141211267	8000	141208697	-4000	4000	2570
chr5	141209919	141217919	141215337	8000	141213919	-4000	4000	1418
chr5	111088321	111096321	111092356	8000	111092321	-4000	4000	35
chr5	40837308	40845308	40843463	8000	40841308	-4000	4000	2155
chr5	135950983	135958983	135951212	8000	135954983	-4000	4000	-3771
chr5	6444859	6452859	6448968	8000	6448859	-4000	4000	109
chr5	141168644	141176644	141172701	8000	141172644	-4000	4000	57
chr5	141168644	141176644	141175240	8000	141172644	-4000	4000	2596
chr5	140629701	140637701	140633193	8000	140633701	-4000	4000	-508
chr5	55169177	55177177	55172646	8000	55173177	-4000	4000	-531
chr5	141195610	141203610	141200737	8000	141199610	-4000	4000	1127
chr5	141117818	141125818	141123638	8000	141121818	-4000	4000	1820
chr5	141204697	141212697	141209152	8000	141208697	-4000	4000	455
chr5	141219372	141227372	141223464	8000	141223372	-4000	4000	92
chr5	141209919	141217919	141214785	8000	141213919	-4000	4000	866
chr5	141954328	141962328	141957964	8000	141958328	-4000	4000	-364
chr5	178725335	178733335	178727016	8000	178729335	-4000	4000	-2319
chr5	141183127	141191127	141183818	8000	141187127	-4000	4000	-3309
chr5	157727420	157735420	157731354	8000	157731420	-4000	4000	-66
chr5	141168644	141176644	141174393	8000	141172644	-4000	4000	1749
chr5	1197595	1205595	1201794	8000	1201595	-4000	4000	199
chr5	79987262	79995262	79990213	8000	79991262	-4000	4000	-1049
chr5	100899282	100907282	100902905	8000	100903282	-4000	4000	-377
chr5	140560781	140568781	140567835	8000	140564781	-4000	4000	3054
chr5	187495	195495	195038	8000	191495	-4000	4000	3543
chr5	43039170	43047170	43039519	8000	43043170	-4000	4000	-3651
chr5	57478811	57486811	57481747	8000	57482811	-4000	4000	-1064
chr5	57478811	57486811	57482011	8000	57482811	-4000	4000	-800
chr5	73116569	73124569	73123739	8000	73120569	-4000	4000	3170
chr5	73169193	73177193	73173537	8000	73173193	-4000	4000	344
chr5	132056655	132064655	132062693	8000	132060655	-4000	4000	2038
chr5	181201293	181209293	181203381	8000	181205293	-4000	4000	-1912
chr5	141183127	141191127	141185154	8000	141187127	-4000	4000	-1973
chr5	135448351	135456351	135449544	8000	135452351	-4000	4000	-2807
chr5	134367469	134375469	134374426	8000	134371469	-4000	4000	2957
chr5	141047374	141055374	141053775	8000	141051374	-4000	4000	2401
chr5	141183127	141191127	141184459	8000	141187127	-4000	4000	-2668
chr5	141173790	141181790	141177995	8000	141177790	-4000	4000	205
chr5	57478811	57486811	57482065	8000	57482811	-4000	4000	-746
chr6	32834822	32842822	32841627	8000	32838822	-4000	4000	2805
chr6	26236393	26244393	26240436	8000	26240393	-4000	4000	43
chr6	31823738	31831738	31829965	8000	31827738	-4000	4000	2227
chr6	33313942	33321942	33320589	8000	33317942	-4000	4000	2647
chr6	29718775	29726775	29725139	8000	29722775	-4000	4000	2364
chr6	28255297	28263297	28259819	8000	28259297	-4000	4000	522
chr6	35464401	35472401	35468959	8000	35468401	-4000	4000	558
chr6	27308273	27316273	27309148	8000	27312273	-4000	4000	-3125
chr6	35464401	35472401	35470282	8000	35468401	-4000	4000	1881
chr6	41224339	41232339	41228785	8000	41228339	-4000	4000	446
chr6	41331608	41339608	41336270	8000	41335608	-4000	4000	662
chr6	33268075	33276075	33268618	8000	33272075	-4000	4000	-3457
chr6	26212688	26220688	26216415	8000	26216688	-4000	4000	-273
chr6	46166980	46174980	46167648	8000	46170980	-4000	4000	-3332
chr6	27908396	27916396	27911821	8000	27912396	-4000	4000	-575
chr6	29483956	29491956	29487207	8000	29487956	-4000	4000	-749
chr6	32126288	32134288	32129539	8000	32130288	-4000	4000	-749
chr6	35772594	35780594	35777482	8000	35776594	-4000	4000	888
chr6	46166980	46174980	46168072	8000	46170980	-4000	4000	-2908
chr6	149959943	149967943	149964093	8000	149963943	-4000	4000	150
chr6	132566322	132574322	132570319	8000	132570322	-4000	4000	-3
chr6	14113256	14121256	14118013	8000	14117256	-4000	4000	757
chr6	26016451	26024451	26020958	8000	26020451	-4000	4000	507
chr6	26028099	26036099	26031821	8000	26032099	-4000	4000	-278
chr6	26028099	26036099	26033205	8000	26032099	-4000	4000	1106
chr6	33196665	33204665	33201548	8000	33200665	-4000	4000	883
chr6	68631282	68639282	68639229	8000	68635282	-4000	4000	3947
chr6	159796249	159804249	159797292	8000	159800249	-4000	4000	-2957
chr6	55871590	55879590	55874773	8000	55875590	-4000	4000	-817
chr6	26361159	26369159	26368632	8000	26365159	-4000	4000	3473
chr6	159785703	159793703	159785719	8000	159789703	-4000	4000	-3984
chr6	29435306	29443306	29440199	8000	29439306	-4000	4000	893
chr6	26195516	26203516	26197171	8000	26199516	-4000	4000	-2345
chr6	136818564	136826564	136826373	8000	136822564	-4000	4000	3809
chr6	44269194	44277194	44275587	8000	44273194	-4000	4000	2393
chr6	33406399	33414399	33406871	8000	33410399	-4000	4000	-3528
chr6	26028099	26036099	26031843	8000	26032099	-4000	4000	-256
chr6	26195516	26203516	26196935	8000	26199516	-4000	4000	-2581
chr6	32220067	32228067	32220792	8000	32224067	-4000	4000	-3275
chr6	108257246	108265246	108260861	8000	108261246	-4000	4000	-385
chr6	44269194	44277194	44273372	8000	44273194	-4000	4000	178
chr6	46076348	46084348	46079823	8000	46080348	-4000	4000	-525
chr6	28220886	28228886	28227256	8000	28224886	-4000	4000	2370
chr6	29653002	29661002	29659407	8000	29657002	-4000	4000	2405
chr6	53144841	53152841	53145668	8000	53148841	-4000	4000	-3173
chr6	155451839	155459839	155454818	8000	155455839	-4000	4000	-1021
chr6	43291694	43299694	43298701	8000	43295694	-4000	4000	3007
chr6	81748774	81756774	81750099	8000	81752774	-4000	4000	-2675
chr6	116457370	116465370	116461887	8000	116461370	-4000	4000	517
chr6	27953241	27961241	27957987	8000	27957241	-4000	4000	746
chr6	143446695	143454695	143451035	8000	143450695	-4000	4000	340
chr6	26119926	26127926	26123772	8000	26123926	-4000	4000	-154
chr6	42875616	42883616	42883498	8000	42879616	-4000	4000	3882
chr6	27810777	27818777	27814470	8000	27814777	-4000	4000	-307
chr6	29822967	29830967	29829437	8000	29826967	-4000	4000	2470
chr6	87148833	87156833	87155601	8000	87152833	-4000	4000	2768
chr6	143446695	143454695	143450922	8000	143450695	-4000	4000	227
chr6	49965625	49973625	49968849	8000	49969625	-4000	4000	-776
chr6	42742958	42750958	42745132	8000	42746958	-4000	4000	-1826
chr6	137490394	137498394	137492744	8000	137494394	-4000	4000	-1650
chr6	26212688	26220688	26217357	8000	26216688	-4000	4000	669
chr6	31680040	31688040	31687711	8000	31684040	-4000	4000	3671
chr6	85674733	85682733	85677249	8000	85678733	-4000	4000	-1484
chr6	26195516	26203516	26199084	8000	26199516	-4000	4000	-432
chr6	26195516	26203516	26199771	8000	26199516	-4000	4000	255
chr6	31802966	31810966	31809876	8000	31806966	-4000	4000	2910
chr6	98830574	98838574	98836138	8000	98834574	-4000	4000	1564
chr6	31108575	31116575	31111943	8000	31112575	-4000	4000	-632
chr6	43291694	43299694	43298284	8000	43295694	-4000	4000	2590
chr6	2837959	2845959	2840468	8000	2841959	-4000	4000	-1491
chr6	28524215	28532215	28531876	8000	28528215	-4000	4000	3661
chr6	110954706	110962706	110959214	8000	110958706	-4000	4000	508
chr6	32220067	32228067	32220411	8000	32224067	-4000	4000	-3656
chr6	26246635	26254635	26251719	8000	26250635	-4000	4000	1084
chr6	55871590	55879590	55874511	8000	55875590	-4000	4000	-1079
chr6	132585741	132593741	132588888	8000	132589741	-4000	4000	-853
chr6	27810777	27818777	27814720	8000	27814777	-4000	4000	-57
chr6	26246635	26254635	26250391	8000	26250635	-4000	4000	-244
chr6	26268931	26276931	26273044	8000	26272931	-4000	4000	113
chr6	27908396	27916396	27911653	8000	27912396	-4000	4000	-743
chr6	42742958	42750958	42745915	8000	42746958	-4000	4000	-1043
chr6	46648830	46656830	46653148	8000	46652830	-4000	4000	318
chr6	133885113	133893113	133891749	8000	133889113	-4000	4000	2636
chr6	33415661	33423661	33418261	8000	33419661	-4000	4000	-1400
chr6	26220199	26228199	26225303	8000	26224199	-4000	4000	1104
chr6	17983635	17991635	17987407	8000	17987635	-4000	4000	-228
chr6	27810777	27818777	27814571	8000	27814777	-4000	4000	-206
chr6	33415661	33423661	33416680	8000	33419661	-4000	4000	-2981
chr6	170580692	170588692	170583696	8000	170584692	-4000	4000	-996
chr6	26028099	26036099	26031667	8000	26032099	-4000	4000	-432
chr6	132534290	132542290	132538558	8000	132538290	-4000	4000	268
chr6	26281638	26289638	26285345	8000	26285638	-4000	4000	-293
chr6	49546666	49554666	49550791	8000	49550666	-4000	4000	125
chr6	26436472	26444472	26443441	8000	26440472	-4000	4000	2969
chr6	32010795	32018795	32011026	8000	32014795	-4000	4000	-3769
chr6	132620275	132628275	132624275	8000	132624275	-4000	4000	0
chr6	167992241	168000241	167995915	8000	167996241	-4000	4000	-326
chr6	26200610	26208610	26204723	8000	26204610	-4000	4000	113
chr6	27143106	27151106	27147488	8000	27147106	-4000	4000	382
chr6	77459491	77467491	77462684	8000	77463491	-4000	4000	-807
chr6	116056891	116064891	116060427	8000	116060891	-4000	4000	-464
chr6	116612479	116620479	116617180	8000	116616479	-4000	4000	701
chr6	150065121	150073121	150065951	8000	150069121	-4000	4000	-3170
chr6	26028099	26036099	26031824	8000	26032099	-4000	4000	-275
chr6	26246635	26254635	26251998	8000	26250635	-4000	4000	1363
chr6	73358658	73366658	73363604	8000	73362658	-4000	4000	946
chr6	70562917	70570917	70566935	8000	70566917	-4000	4000	18
chr6	26104135	26112135	26104250	8000	26108135	-4000	4000	-3885
chr6	117569571	117577571	117573599	8000	117573571	-4000	4000	28
chr6	27863588	27871588	27865582	8000	27867588	-4000	4000	-2006
chr6	55871590	55879590	55874614	8000	55875590	-4000	4000	-976
chr6	26281638	26289638	26285263	8000	26285638	-4000	4000	-375
chr6	46166980	46174980	46168016	8000	46170980	-4000	4000	-2964
chr6	26039713	26047713	26043444	8000	26043713	-4000	4000	-269
chr6	26212688	26220688	26217357	8000	26216688	-4000	4000	669
chr6	41732259	41740259	41736858	8000	41736259	-4000	4000	599
chr6	387752	395752	393127	8000	391752	-4000	4000	1375
chr6	26200610	26208610	26204865	8000	26204610	-4000	4000	255
chr6	27868346	27876346	27873470	8000	27872346	-4000	4000	1124
chr6	31571565	31579565	31573834	8000	31575565	-4000	4000	-1731
chr6	132548693	132556693	132553145	8000	132552693	-4000	4000	452
chr6	26268931	26276931	26272225	8000	26272931	-4000	4000	-706
chr6	81748774	81756774	81751728	8000	81752774	-4000	4000	-1046
chr6	87586028	87594028	87590122	8000	87590028	-4000	4000	94
chr6	26028099	26036099	26031709	8000	26032099	-4000	4000	-390
chr6	159796249	159804249	159797436	8000	159800249	-4000	4000	-2813
chr6	26119926	26127926	26123531	8000	26123926	-4000	4000	-395
chr6	32220067	32228067	32222784	8000	32224067	-4000	4000	-1283
chr6	44383706	44391706	44390294	8000	44387706	-4000	4000	2588
chr6	29483956	29491956	29486895	8000	29487956	-4000	4000	-1061
chr6	52182375	52190375	52189387	8000	52186375	-4000	4000	3012
chr6	26195516	26203516	26198861	8000	26199516	-4000	4000	-655
chr6	26028099	26036099	26033292	8000	26032099	-4000	4000	1193
chr6	29822967	29830967	29829531	8000	29826967	-4000	4000	2564
chr6	109461968	109469968	109466269	8000	109465968	-4000	4000	301
chr6	26028099	26036099	26031739	8000	26032099	-4000	4000	-360
chr6	31955038	31963038	31962565	8000	31959038	-4000	4000	3527
chr6	46789389	46797389	46793570	8000	46793389	-4000	4000	181
chr6	170286703	170294703	170289723	8000	170290703	-4000	4000	-980
chr6	27308273	27316273	27311035	8000	27312273	-4000	4000	-1238
chr6	149745443	149753443	149749875	8000	149749443	-4000	4000	432
chr6	6584108	6592108	6588813	8000	6588108	-4000	4000	705
chr6	31802966	31810966	31810241	8000	31806966	-4000	4000	3275
chr6	43178184	43186184	43185507	8000	43182184	-4000	4000	3323
chr6	18118677	18126677	18122069	8000	18122677	-4000	4000	-608
chr6	29718775	29726775	29725115	8000	29722775	-4000	4000	2340
chr6	32435878	32443878	32439906	8000	32439878	-4000	4000	28
chr6	26361159	26369159	26368662	8000	26365159	-4000	4000	3503
chr6	42742958	42750958	42744985	8000	42746958	-4000	4000	-1973
chr6	89142055	89150055	89149377	8000	89146055	-4000	4000	3322
chr6	109437171	109445171	109443043	8000	109441171	-4000	4000	1872
chr6	31711348	31719348	31719001	8000	31715348	-4000	4000	3653
chr6	83855656	83863656	83857257	8000	83859656	-4000	4000	-2399
chr6	132566322	132574322	132571098	8000	132570322	-4000	4000	776
chr6	32126288	32134288	32129450	8000	32130288	-4000	4000	-838
chr6	105133157	105141157	105133449	8000	105137157	-4000	4000	-3708
chr6	31680040	31688040	31687137	8000	31684040	-4000	4000	3097
chr6	149542043	149550043	149545964	8000	149546043	-4000	4000	-79
chr6	27889106	27897106	27892868	8000	27893106	-4000	4000	-238
chr6	26212688	26220688	26217034	8000	26216688	-4000	4000	346
chr6	26246635	26254635	26251879	8000	26250635	-4000	4000	1244
chr6	27143106	27151106	27147405	8000	27147106	-4000	4000	299
chr6	27810777	27818777	27815306	8000	27814777	-4000	4000	529
chr6	33196665	33204665	33201420	8000	33200665	-4000	4000	755
chr6	68631282	68639282	68638716	8000	68635282	-4000	4000	3434
chr6	27868346	27876346	27871965	8000	27872346	-4000	4000	-381
chr6	28255297	28263297	28259967	8000	28259297	-4000	4000	670
chr6	30951636	30959636	30951759	8000	30955636	-4000	4000	-3877
chr6	43017623	43025623	43017850	8000	43021623	-4000	4000	-3773
chr6	109974256	109982256	109979133	8000	109978256	-4000	4000	877
chr6	31662102	31670102	31668646	8000	31666102	-4000	4000	2544
chr6	27810777	27818777	27814467	8000	27814777	-4000	4000	-310
chr6	52280881	52288881	52282120	8000	52284881	-4000	4000	-2761
chr6	26436472	26444472	26443591	8000	26440472	-4000	4000	3119
chr6	30951636	30959636	30951929	8000	30955636	-4000	4000	-3707
chr6	39111186	39119186	39114943	8000	39115186	-4000	4000	-243
chr6	116612479	116620479	116616496	8000	116616479	-4000	4000	17
chr6	155451839	155459839	155455881	8000	155455839	-4000	4000	42
chr6	169747587	169755587	169755414	8000	169751587	-4000	4000	3827
chr6	117569571	117577571	117570919	8000	117573571	-4000	4000	-2652
chr6	26119926	26127926	26124172	8000	26123926	-4000	4000	246
chr6	27953241	27961241	27957386	8000	27957241	-4000	4000	145
chr6	49783285	49791285	49786116	8000	49787285	-4000	4000	-1169
chr6	26246635	26254635	26250277	8000	26250635	-4000	4000	-358
chr6	133885113	133893113	133889643	8000	133889113	-4000	4000	530
chr6	29435306	29443306	29440172	8000	29439306	-4000	4000	866
chr6	33406399	33414399	33406862	8000	33410399	-4000	4000	-3537
chr6	33196665	33204665	33201583	8000	33200665	-4000	4000	918
chr6	44383706	44391706	44387791	8000	44387706	-4000	4000	85
chr6	26361159	26369159	26368209	8000	26365159	-4000	4000	3050
chr6	26028099	26036099	26031769	8000	26032099	-4000	4000	-330
chr6	39310461	39318461	39310915	8000	39314461	-4000	4000	-3546
chr6	49783285	49791285	49786461	8000	49787285	-4000	4000	-824
chr6	83189357	83197357	83195752	8000	83193357	-4000	4000	2395
chr6	18118677	18126677	18121468	8000	18122677	-4000	4000	-1209
chr6	26028099	26036099	26031745	8000	26032099	-4000	4000	-354
chr6	26099933	26107933	26104016	8000	26103933	-4000	4000	83
chr6	26119926	26127926	26123691	8000	26123926	-4000	4000	-235
chr6	26246635	26254635	26251855	8000	26250635	-4000	4000	1220
chr6	33387823	33395823	33391936	8000	33391823	-4000	4000	113
chr6	43291694	43299694	43298563	8000	43295694	-4000	4000	2869
chr6	108161854	108169854	108168060	8000	108165854	-4000	4000	2206
chr6	25958802	25966802	25966609	8000	25962802	-4000	4000	3807
chr6	26246635	26254635	26250290	8000	26250635	-4000	4000	-345
chr6	28255297	28263297	28259678	8000	28259297	-4000	4000	381
chr6	170550302	170558302	170557059	8000	170554302	-4000	4000	2757
chr6	87586028	87594028	87589942	8000	87590028	-4000	4000	-86
chr6	27308273	27316273	27310219	8000	27312273	-4000	4000	-2054
chr6	26268931	26276931	26273332	8000	26272931	-4000	4000	401
chr6	31662102	31670102	31667001	8000	31666102	-4000	4000	899
chr6	167992241	168000241	167996414	8000	167996241	-4000	4000	173
chr6	96517595	96525595	96521873	8000	96521595	-4000	4000	278
chr6	146023646	146031646	146029445	8000	146027646	-4000	4000	1799
chr6	49783285	49791285	49786132	8000	49787285	-4000	4000	-1153
chr6	35508896	35516896	35509638	8000	35512896	-4000	4000	-3258
chr6	17983635	17991635	17987076	8000	17987635	-4000	4000	-559
chr6	32737391	32745391	32745274	8000	32741391	-4000	4000	3883
chr6	27128795	27136795	27133088	8000	27132795	-4000	4000	293
chr6	31542608	31550608	31545500	8000	31546608	-4000	4000	-1108
chr6	132566322	132574322	132570437	8000	132570322	-4000	4000	115
chr6	41331608	41339608	41336367	8000	41335608	-4000	4000	759
chr6	26028099	26036099	26031841	8000	26032099	-4000	4000	-258
chr6	31616715	31624715	31617008	8000	31620715	-4000	4000	-3707
chr6	26039713	26047713	26043263	8000	26043713	-4000	4000	-450
chr6	30979718	30987718	30987621	8000	30983718	-4000	4000	3903
chr6	87148833	87156833	87155609	8000	87152833	-4000	4000	2776
chr6	27827560	27835560	27831178	8000	27831560	-4000	4000	-382
chr6	27889106	27897106	27890710	8000	27893106	-4000	4000	-2396
chr6	89890469	89898469	89894531	8000	89894469	-4000	4000	62
chr6	149938014	149946014	149945373	8000	149942014	-4000	4000	3359
chr6	49783285	49791285	49787005	8000	49787285	-4000	4000	-280
chr6	54303859	54311859	54308633	8000	54307859	-4000	4000	774
chr6	29083313	29091313	29086856	8000	29087313	-4000	4000	-457
chr6	41224339	41232339	41228881	8000	41228339	-4000	4000	542
chr6	46166980	46174980	46167708	8000	46170980	-4000	4000	-3272
chr6	109974256	109982256	109980185	8000	109978256	-4000	4000	1929
chr6	27908396	27916396	27911689	8000	27912396	-4000	4000	-707
chr6	26200610	26208610	26204972	8000	26204610	-4000	4000	362
chr6	75202267	75210267	75202753	8000	75206267	-4000	4000	-3514
chr6	27868346	27876346	27872322	8000	27872346	-4000	4000	-24
chr6	41093787	41101787	41097378	8000	41097787	-4000	4000	-409
chr6	50709526	50717526	50713886	8000	50713526	-4000	4000	360
chr6	132534290	132542290	132538383	8000	132538290	-4000	4000	93
chr6	26104135	26112135	26108020	8000	26108135	-4000	4000	-115
chr6	26212688	26220688	26217357	8000	26216688	-4000	4000	669
chr6	32840136	32848136	32845672	8000	32844136	-4000	4000	1536
chr6	42742958	42750958	42745835	8000	42746958	-4000	4000	-1123
chr6	136918301	136926301	136924119	8000	136922301	-4000	4000	1818
chr6	33204500	33212500	33206713	8000	33208500	-4000	4000	-1787
chr6	89890469	89898469	89894565	8000	89894469	-4000	4000	96
chr6	89890469	89898469	89894894	8000	89894469	-4000	4000	425
chr6	42742958	42750958	42745590	8000	42746958	-4000	4000	-1368
chr6	26212688	26220688	26217357	8000	26216688	-4000	4000	669
chr6	27820092	27828092	27824167	8000	27824092	-4000	4000	75
chr6	26028099	26036099	26031817	8000	26032099	-4000	4000	-282
chr6	26119926	26127926	26123565	8000	26123926	-4000	4000	-361
chr6	46648830	46656830	46655899	8000	46652830	-4000	4000	3069
chr6	25722777	25730777	25726074	8000	25726777	-4000	4000	-703
chr6	25722777	25730777	25726164	8000	25726777	-4000	4000	-613
chr6	27135282	27143282	27139680	8000	27139282	-4000	4000	398
chr6	43017623	43025623	43017696	8000	43021623	-4000	4000	-3927
chr6	144091573	144099573	144095248	8000	144095573	-4000	4000	-325
chr6	149745443	149753443	149749915	8000	149749443	-4000	4000	472
chr6	27827560	27835560	27831323	8000	27831560	-4000	4000	-237
chr6	43239481	43247481	43246766	8000	43243481	-4000	4000	3285
chr6	31773328	31781328	31773423	8000	31777328	-4000	4000	-3905
chr6	26016451	26024451	26017540	8000	26020451	-4000	4000	-2911
chr6	32403181	32411181	32405180	8000	32407181	-4000	4000	-2001
chr6	26119926	26127926	26123676	8000	26123926	-4000	4000	-250
chr6	26195516	26203516	26198880	8000	26199516	-4000	4000	-636
chr6	27135282	27143282	27139581	8000	27139282	-4000	4000	299
chr6	142143122	142151122	142147285	8000	142147122	-4000	4000	163
chr6	27810777	27818777	27815435	8000	27814777	-4000	4000	658
chr6	55575197	55583197	55579042	8000	55579197	-4000	4000	-155
chr6	55575197	55583197	55579043	8000	55579197	-4000	4000	-154
chr6	27889106	27897106	27892792	8000	27893106	-4000	4000	-314
chr6	29435306	29443306	29440486	8000	29439306	-4000	4000	1180
chr6	27868346	27876346	27873404	8000	27872346	-4000	4000	1058
chr6	46076348	46084348	46080143	8000	46080348	-4000	4000	-205
chr6	31662102	31670102	31668032	8000	31666102	-4000	4000	1930
chr6	30951636	30959636	30951916	8000	30955636	-4000	4000	-3720
chr6	18383350	18391350	18387390	8000	18387350	-4000	4000	40
chr6	159785812	159793812	159789537	8000	159789812	-4000	4000	-275
chr6	22565566	22573566	22569587	8000	22569566	-4000	4000	21
chr6	29083313	29091313	29087239	8000	29087313	-4000	4000	-74
chr6	35293818	35301818	35294483	8000	35297818	-4000	4000	-3335
chr6	31711348	31719348	31717719	8000	31715348	-4000	4000	2371
chr6	42742958	42750958	42745200	8000	42746958	-4000	4000	-1758
chr6	26212688	26220688	26217357	8000	26216688	-4000	4000	669
chr6	26236393	26244393	26240503	8000	26240393	-4000	4000	110
chr6	31571565	31579565	31574010	8000	31575565	-4000	4000	-1555
chr6	41782542	41790542	41787040	8000	41786542	-4000	4000	498
chr6	131624442	131632442	131627666	8000	131628442	-4000	4000	-776
chr6	26119926	26127926	26123767	8000	26123926	-4000	4000	-159
chr6	27820092	27828092	27824252	8000	27824092	-4000	4000	160
chr6	77459491	77467491	77462516	8000	77463491	-4000	4000	-975
chr6	31110750	31118750	31117289	8000	31114750	-4000	4000	2539
chr6	50709526	50717526	50715493	8000	50713526	-4000	4000	1967
chr6	26119926	26127926	26123744	8000	26123926	-4000	4000	-182
chr6	26016451	26024451	26020500	8000	26020451	-4000	4000	49
chr6	26039713	26047713	26043295	8000	26043713	-4000	4000	-418
chr6	26039713	26047713	26043376	8000	26043713	-4000	4000	-337
chr6	26104135	26112135	26108090	8000	26108135	-4000	4000	-45
chr6	27868346	27876346	27872278	8000	27872346	-4000	4000	-68
chr6	155451839	155459839	155455817	8000	155455839	-4000	4000	-22
chr6	31108575	31116575	31112022	8000	31112575	-4000	4000	-553
chr6	50814723	50822723	50818764	8000	50818723	-4000	4000	41
chr6	39111186	39119186	39114943	8000	39115186	-4000	4000	-243
chr6	33313942	33321942	33320489	8000	33317942	-4000	4000	2547
chr6	2899309	2907309	2900598	8000	2903309	-4000	4000	-2711
chr6	26119926	26127926	26123691	8000	26123926	-4000	4000	-235
chr6	26246635	26254635	26250438	8000	26250635	-4000	4000	-197
chr6	87586028	87594028	87589942	8000	87590028	-4000	4000	-86
chr6	116612479	116620479	116616484	8000	116616479	-4000	4000	5
chr6	35293818	35301818	35293912	8000	35297818	-4000	4000	-3906
chr6	2761393	2769393	2768872	8000	2765393	-4000	4000	3479
chr6	1308098	1316098	1313088	8000	1312098	-4000	4000	990
chr6	42742958	42750958	42745786	8000	42746958	-4000	4000	-1172
chr6	42925480	42933480	42929618	8000	42929480	-4000	4000	138
chr6	27868346	27876346	27872240	8000	27872346	-4000	4000	-106
chr6	127114671	127122671	127119102	8000	127118671	-4000	4000	431
chr6	150065121	150073121	150066097	8000	150069121	-4000	4000	-3024
chr6	100460921	100468921	100463610	8000	100464921	-4000	4000	-1311
chr6	43291694	43299694	43298448	8000	43295694	-4000	4000	2754
chr6	99602774	99610774	99609290	8000	99606774	-4000	4000	2516
chr6	28255297	28263297	28260369	8000	28259297	-4000	4000	1072
chr6	108257246	108265246	108260788	8000	108261246	-4000	4000	-458
chr6	27803929	27811929	27807515	8000	27807929	-4000	4000	-414
chr6	32220067	32228067	32220773	8000	32224067	-4000	4000	-3294
chr6	29483956	29491956	29486967	8000	29487956	-4000	4000	-989
chr6	29483956	29491956	29487555	8000	29487956	-4000	4000	-401
chr6	31571565	31579565	31573325	8000	31575565	-4000	4000	-2240
chr6	26212688	26220688	26216488	8000	26216688	-4000	4000	-200
chr6	28255297	28263297	28259356	8000	28259297	-4000	4000	59
chr6	31490881	31498881	31498182	8000	31494881	-4000	4000	3301
chr6	31656778	31664778	31659841	8000	31660778	-4000	4000	-937
chr6	31811543	31819543	31811637	8000	31815543	-4000	4000	-3906
chr6	33196665	33204665	33200447	8000	33200665	-4000	4000	-218
chr6	33196665	33204665	33201342	8000	33200665	-4000	4000	677
chr6	33616365	33624365	33621657	8000	33620365	-4000	4000	1292
chr6	35508896	35516896	35511651	8000	35512896	-4000	4000	-1245
chr6	109461968	109469968	109465648	8000	109465968	-4000	4000	-320
chr6	132732935	132740935	132734486	8000	132736935	-4000	4000	-2449
chr6	151448258	151456258	151452476	8000	151452258	-4000	4000	218
chr6	26119926	26127926	26123597	8000	26123926	-4000	4000	-329
chr6	159785812	159793812	159791064	8000	159789812	-4000	4000	1252
chr6	30324907	30332907	30330835	8000	30328907	-4000	4000	1928
chr6	70299084	70307084	70303040	8000	70303084	-4000	4000	-44
chr6	27308273	27316273	27311122	8000	27312273	-4000	4000	-1151
chr6	28395747	28403747	28398132	8000	28399747	-4000	4000	-1615
chr6	149745443	149753443	149746505	8000	149749443	-4000	4000	-2938
chr6	27810777	27818777	27815152	8000	27814777	-4000	4000	375
chr6	109974256	109982256	109980176	8000	109978256	-4000	4000	1920
chr6	29166907	29174907	29173844	8000	29170907	-4000	4000	2937
chr6	2746922	2754922	2749295	8000	2750922	-4000	4000	-1627
chr6	26200610	26208610	26204677	8000	26204610	-4000	4000	67
chr6	32149845	32157845	32154693	8000	32153845	-4000	4000	848
chr6	89076751	89084751	89084178	8000	89080751	-4000	4000	3427
chr6	146023646	146031646	146029440	8000	146027646	-4000	4000	1794
chr6	33576293	33584293	33577548	8000	33580293	-4000	4000	-2745
chr6	27143106	27151106	27146681	8000	27147106	-4000	4000	-425
chr6	39310461	39318461	39315300	8000	39314461	-4000	4000	839
chr6	1385576	1393576	1390274	8000	1389576	-4000	4000	698
chr6	27143106	27151106	27146802	8000	27147106	-4000	4000	-304
chr6	29483956	29491956	29486958	8000	29487956	-4000	4000	-998
chr6	31268130	31276130	31269973	8000	31272130	-4000	4000	-2157
chr6	31656778	31664778	31660015	8000	31660778	-4000	4000	-763
chr6	55871590	55879590	55874452	8000	55875590	-4000	4000	-1138
chr6	87586028	87594028	87589942	8000	87590028	-4000	4000	-86
chr6	110176004	110184004	110180476	8000	110180004	-4000	4000	472
chr6	157319601	157327601	157323462	8000	157323601	-4000	4000	-139
chr6	158996202	159004202	158999570	8000	159000202	-4000	4000	-632
chr6	27803929	27811929	27807867	8000	27807929	-4000	4000	-62
chr6	30157211	30165211	30160914	8000	30161211	-4000	4000	-297
chr6	111255327	111263327	111262310	8000	111259327	-4000	4000	2983
chr6	46076348	46084348	46079858	8000	46080348	-4000	4000	-490
chr6	12286361	12294361	12294327	8000	12290361	-4000	4000	3966
chr6	134946115	134954115	134949937	8000	134950115	-4000	4000	-178
chr6	149919121	149927121	149923021	8000	149923121	-4000	4000	-100
chr6	98830574	98838574	98835380	8000	98834574	-4000	4000	806
chr6	25722777	25730777	25726359	8000	25726777	-4000	4000	-418
chr6	26185112	26193112	26188959	8000	26189112	-4000	4000	-153
chr6	26436472	26444472	26444250	8000	26440472	-4000	4000	3778
chr6	29483956	29491956	29487201	8000	29487956	-4000	4000	-755
chr6	31154238	31162238	31159668	8000	31158238	-4000	4000	1430
chr6	31353188	31361188	31356694	8000	31357188	-4000	4000	-494
chr6	33005591	33013591	33007130	8000	33009591	-4000	4000	-2461
chr6	55575197	55583197	55577137	8000	55579197	-4000	4000	-2060
chr6	122775716	122783716	122780350	8000	122779716	-4000	4000	634
chr6	134946115	134954115	134950038	8000	134950115	-4000	4000	-77
chr6	26212688	26220688	26217357	8000	26216688	-4000	4000	669
chr6	42925480	42933480	42925505	8000	42929480	-4000	4000	-3975
chr6	26039713	26047713	26043342	8000	26043713	-4000	4000	-371
chr6	26361159	26369159	26368213	8000	26365159	-4000	4000	3054
chr6	28255297	28263297	28259516	8000	28259297	-4000	4000	219
chr6	31858905	31866905	31865328	8000	31862905	-4000	4000	2423
chr6	42742958	42750958	42745125	8000	42746958	-4000	4000	-1833
chr6	83189357	83197357	83194313	8000	83193357	-4000	4000	956
chr6	7385793	7393793	7387069	8000	7389793	-4000	4000	-2724
chr6	26028099	26036099	26031841	8000	26032099	-4000	4000	-258
chr6	26195516	26203516	26198880	8000	26199516	-4000	4000	-636
chr6	27863588	27871588	27865787	8000	27867588	-4000	4000	-1801
chr6	31648705	31656705	31649204	8000	31652705	-4000	4000	-3501
chr6	32186202	32194202	32192832	8000	32190202	-4000	4000	2630
chr6	33005591	33013591	33007148	8000	33009591	-4000	4000	-2443
chr6	34885255	34893255	34887951	8000	34889255	-4000	4000	-1304
chr6	39310461	39318461	39316360	8000	39314461	-4000	4000	1899
chr6	122395551	122403551	122399824	8000	122399551	-4000	4000	273
chr6	29718775	29726775	29725079	8000	29722775	-4000	4000	2304
chr6	2837959	2845959	2840482	8000	2841959	-4000	4000	-1477
chr6	25722777	25730777	25727222	8000	25726777	-4000	4000	445
chr6	27863588	27871588	27865358	8000	27867588	-4000	4000	-2230
chr6	27868346	27876346	27873203	8000	27872346	-4000	4000	857
chr6	29083313	29091313	29087213	8000	29087313	-4000	4000	-100
chr6	29483956	29491956	29487407	8000	29487956	-4000	4000	-549
chr6	31268130	31276130	31269526	8000	31272130	-4000	4000	-2604
chr6	125982479	125990479	125986577	8000	125986479	-4000	4000	98
chr6	26268931	26276931	26271160	8000	26272931	-4000	4000	-1771
chr6	41159186	41167186	41163102	8000	41163186	-4000	4000	-84
chr6	116056891	116064891	116060121	8000	116060891	-4000	4000	-770
chr6	28255297	28263297	28259401	8000	28259297	-4000	4000	104
chr6	26268931	26276931	26271347	8000	26272931	-4000	4000	-1584
chr6	41782542	41790542	41786146	8000	41786542	-4000	4000	-396
chr6	89890469	89898469	89895258	8000	89894469	-4000	4000	789
chr6	27128795	27136795	27132415	8000	27132795	-4000	4000	-380
chr6	26212688	26220688	26217077	8000	26216688	-4000	4000	389
chr6	27803929	27811929	27807811	8000	27807929	-4000	4000	-118
chr6	166164700	166172700	166166714	8000	166168700	-4000	4000	-1986
chr6	26361159	26369159	26368685	8000	26365159	-4000	4000	3526
chr6	26398237	26406237	26406029	8000	26402237	-4000	4000	3792
chr6	27820092	27828092	27824421	8000	27824092	-4000	4000	329
chr6	96517595	96525595	96523292	8000	96521595	-4000	4000	1697
chr6	26246635	26254635	26246846	8000	26250635	-4000	4000	-3789
chr6	27953241	27961241	27957502	8000	27957241	-4000	4000	261
chr6	30157211	30165211	30163954	8000	30161211	-4000	4000	2743
chr6	88043841	88051841	88047947	8000	88047841	-4000	4000	106
chr6	27143106	27151106	27147262	8000	27147106	-4000	4000	156
chr6	33415661	33423661	33418027	8000	33419661	-4000	4000	-1634
chr6	26195516	26203516	26197017	8000	26199516	-4000	4000	-2499
chr6	87148833	87156833	87155614	8000	87152833	-4000	4000	2781
chr6	26212688	26220688	26217357	8000	26216688	-4000	4000	669
chr6	26398237	26406237	26405962	8000	26402237	-4000	4000	3725
chr6	27308273	27316273	27311162	8000	27312273	-4000	4000	-1111
chr6	52280881	52288881	52284758	8000	52284881	-4000	4000	-123
chr6	26028099	26036099	26033212	8000	26032099	-4000	4000	1113
chr6	27143106	27151106	27147138	8000	27147106	-4000	4000	32
chr6	31823738	31831738	31827955	8000	31827738	-4000	4000	217
chr6	26220199	26228199	26225569	8000	26224199	-4000	4000	1370
chr6	27143106	27151106	27147341	8000	27147106	-4000	4000	235
chr6	32126288	32134288	32127118	8000	32130288	-4000	4000	-3170
chr6	31268130	31276130	31271669	8000	31272130	-4000	4000	-461
chr6	31353188	31361188	31356672	8000	31357188	-4000	4000	-516
chr6	33313942	33321942	33321348	8000	33317942	-4000	4000	3406
chr6	33005591	33013591	33007233	8000	33009591	-4000	4000	-2358
chr6	52182375	52190375	52189166	8000	52186375	-4000	4000	2791
chr6	150364892	150372892	150369000	8000	150368892	-4000	4000	108
chr6	28395747	28403747	28398103	8000	28399747	-4000	4000	-1644
chr6	33310254	33318254	33313353	8000	33314254	-4000	4000	-901
chr6	39310461	39318461	39314714	8000	39314461	-4000	4000	253
chr6	35448338	35456338	35456196	8000	35452338	-4000	4000	3858
chr6	17277361	17285361	17282836	8000	17281361	-4000	4000	1475
chr6	84760598	84768598	84762681	8000	84764598	-4000	4000	-1917
chr6	27128795	27136795	27133203	8000	27132795	-4000	4000	408
chr6	131624442	131632442	131628010	8000	131628442	-4000	4000	-432
chr6	30910205	30918205	30917214	8000	30914205	-4000	4000	3009
chr6	32220067	32228067	32222732	8000	32224067	-4000	4000	-1335
chr6	33313942	33321942	33321678	8000	33317942	-4000	4000	3736
chr6	32186202	32194202	32186371	8000	32190202	-4000	4000	-3831
chr6	35448338	35456338	35455985	8000	35452338	-4000	4000	3647
chr6	26195516	26203516	26199090	8000	26199516	-4000	4000	-426
chr6	27889106	27897106	27893026	8000	27893106	-4000	4000	-80
chr6	26119926	26127926	26124172	8000	26123926	-4000	4000	246
chr6	26039713	26047713	26043367	8000	26043713	-4000	4000	-346
chr6	28255297	28263297	28259592	8000	28259297	-4000	4000	295
chr6	53144841	53152841	53145671	8000	53148841	-4000	4000	-3170
chr6	79943553	79951553	79947198	8000	79947553	-4000	4000	-355
chr6	116761719	116769719	116762066	8000	116765719	-4000	4000	-3653
chr6	41150347	41158347	41153875	8000	41154347	-4000	4000	-472
chr6	50045929	50053929	50048601	8000	50049929	-4000	4000	-1328
chr6	5000063	5008063	5002227	8000	5004063	-4000	4000	-1836
chr6	25722777	25730777	25726294	8000	25726777	-4000	4000	-483
chr6	29937260	29945260	29943100	8000	29941260	-4000	4000	1840
chr6	43017623	43025623	43019126	8000	43021623	-4000	4000	-2497
chr6	159785812	159793812	159790612	8000	159789812	-4000	4000	800
chr6	73457578	73465578	73461868	8000	73461578	-4000	4000	290
chr6	136818564	136826564	136826402	8000	136822564	-4000	4000	3838
chr6	26028099	26036099	26031908	8000	26032099	-4000	4000	-191
chr6	132566322	132574322	132571317	8000	132570322	-4000	4000	995
chr6	27128795	27136795	27132573	8000	27132795	-4000	4000	-222
chr6	26104135	26112135	26107621	8000	26108135	-4000	4000	-514
chr6	26268931	26276931	26271254	8000	26272931	-4000	4000	-1677
chr6	43017623	43025623	43018892	8000	43021623	-4000	4000	-2731
chr6	144091573	144099573	144095588	8000	144095573	-4000	4000	15
chr6	26230987	26238987	26234743	8000	26234987	-4000	4000	-244
chr6	30979718	30987718	30986841	8000	30983718	-4000	4000	3123
chr6	32403181	32411181	32404962	8000	32407181	-4000	4000	-2219
chr6	27803929	27811929	27807897	8000	27807929	-4000	4000	-32
chr6	169250050	169258050	169250738	8000	169254050	-4000	4000	-3312
chr6	26212688	26220688	26216304	8000	26216688	-4000	4000	-384
chr6	39318968	39326968	39319043	8000	39322968	-4000	4000	-3925
chr6	49546666	49554666	49551135	8000	49550666	-4000	4000	469
chr6	99564825	99572825	99568788	8000	99568825	-4000	4000	-37
chr6	35448338	35456338	35455811	8000	35452338	-4000	4000	3473
chr6	29629976	29637976	29630527	8000	29633976	-4000	4000	-3449
chr6	33268075	33276075	33270006	8000	33272075	-4000	4000	-2069
chr6	73358658	73366658	73363253	8000	73362658	-4000	4000	595
chr6	31490881	31498881	31498173	8000	31494881	-4000	4000	3292
chr6	27803929	27811929	27808591	8000	27807929	-4000	4000	662
chr6	29822967	29830967	29829446	8000	29826967	-4000	4000	2479
chr6	132585741	132593741	132588896	8000	132589741	-4000	4000	-845
chr6	26119926	26127926	26123646	8000	26123926	-4000	4000	-280
chr6	29166907	29174907	29174343	8000	29170907	-4000	4000	3436
chr6	27953241	27961241	27957795	8000	27957241	-4000	4000	554
chr6	26212688	26220688	26217167	8000	26216688	-4000	4000	479
chr6	31268130	31276130	31271117	8000	31272130	-4000	4000	-1013
chr6	33285302	33293302	33287501	8000	33289302	-4000	4000	-1801
chr6	25722777	25730777	25726116	8000	25726777	-4000	4000	-661
chr6	26016451	26024451	26022039	8000	26020451	-4000	4000	1588
chr6	26023283	26031283	26027030	8000	26027283	-4000	4000	-253
chr6	26039713	26047713	26045417	8000	26043713	-4000	4000	1704
chr6	26195516	26203516	26196916	8000	26199516	-4000	4000	-2600
chr6	26200610	26208610	26204842	8000	26204610	-4000	4000	232
chr6	26246635	26254635	26250287	8000	26250635	-4000	4000	-348
chr6	26246635	26254635	26251879	8000	26250635	-4000	4000	1244
chr6	26361159	26369159	26368050	8000	26365159	-4000	4000	2891
chr6	26379096	26387096	26385110	8000	26383096	-4000	4000	2014
chr6	26379096	26387096	26385216	8000	26383096	-4000	4000	2120
chr6	27143106	27151106	27147225	8000	27147106	-4000	4000	119
chr6	27803929	27811929	27810226	8000	27807929	-4000	4000	2297
chr6	27810777	27818777	27814343	8000	27814777	-4000	4000	-434
chr6	27820092	27828092	27824468	8000	27824092	-4000	4000	376
chr6	27827560	27835560	27831217	8000	27831560	-4000	4000	-343
chr6	27889106	27897106	27893616	8000	27893106	-4000	4000	510
chr6	29166907	29174907	29173994	8000	29170907	-4000	4000	3087
chr6	29483956	29491956	29487220	8000	29487956	-4000	4000	-736
chr6	33285302	33293302	33286842	8000	33289302	-4000	4000	-2460
chr6	33616365	33624365	33621657	8000	33620365	-4000	4000	1292
chr6	41782542	41790542	41787735	8000	41786542	-4000	4000	1193
chr6	42213861	42221861	42214132	8000	42217861	-4000	4000	-3729
chr6	46166980	46174980	46168196	8000	46170980	-4000	4000	-2784
chr6	54303859	54311859	54308691	8000	54307859	-4000	4000	832
chr6	79943553	79951553	79947261	8000	79947553	-4000	4000	-292
chr6	110954706	110962706	110960598	8000	110958706	-4000	4000	1892
chr6	126336115	126344115	126340224	8000	126340115	-4000	4000	109
chr6	134946115	134954115	134950060	8000	134950115	-4000	4000	-55
chr6	137490394	137498394	137493701	8000	137494394	-4000	4000	-693
chr6	149745443	149753443	149746378	8000	149749443	-4000	4000	-3065
chr6	151448258	151456258	151452567	8000	151452258	-4000	4000	309
chr6	159041152	159049152	159041351	8000	159045152	-4000	4000	-3801
chr6	160117815	160125815	160122004	8000	160121815	-4000	4000	189
chr6	162723775	162731775	162728379	8000	162727775	-4000	4000	604
chr6	18118677	18126677	18122023	8000	18122677	-4000	4000	-654
chr6	27908396	27916396	27911610	8000	27912396	-4000	4000	-786
chr6	68631282	68639282	68639082	8000	68635282	-4000	4000	3800
chr6	32367912	32375912	32371778	8000	32371912	-4000	4000	-134
chr6	26236393	26244393	26240571	8000	26240393	-4000	4000	178
chr6	55575197	55583197	55577131	8000	55579197	-4000	4000	-2066
chr6	27308273	27316273	27311197	8000	27312273	-4000	4000	-1076
chr6	32834822	32842822	32842225	8000	32838822	-4000	4000	3403
chr6	89890469	89898469	89895304	8000	89894469	-4000	4000	835
chr6	132566322	132574322	132571239	8000	132570322	-4000	4000	917
chr6	160117815	160125815	160122230	8000	160121815	-4000	4000	415
chr6	83855656	83863656	83859848	8000	83859656	-4000	4000	192
chr6	112050075	112058075	112054299	8000	112054075	-4000	4000	224
chr6	44269194	44277194	44273402	8000	44273194	-4000	4000	208
chr6	27953241	27961241	27957336	8000	27957241	-4000	4000	95
chr6	30485509	30493509	30489565	8000	30489509	-4000	4000	56
chr6	132534290	132542290	132538497	8000	132538290	-4000	4000	207
chr6	33196665	33204665	33201399	8000	33200665	-4000	4000	734
chr6	31736020	31744020	31736305	8000	31740020	-4000	4000	-3715
chr6	37166152	37174152	37171322	8000	37170152	-4000	4000	1170
chr6	89890469	89898469	89895719	8000	89894469	-4000	4000	1250
chr6	43572038	43580038	43573507	8000	43576038	-4000	4000	-2531
chr6	41150347	41158347	41154276	8000	41154347	-4000	4000	-71
chr6	33005591	33013591	33007331	8000	33009591	-4000	4000	-2260
chr6	143056496	143064496	143061040	8000	143060496	-4000	4000	544
chr6	17277361	17285361	17282856	8000	17281361	-4000	4000	1495
chr6	25275078	25283078	25279717	8000	25279078	-4000	4000	639
chr6	25722777	25730777	25727082	8000	25726777	-4000	4000	305
chr6	26212688	26220688	26216280	8000	26216688	-4000	4000	-408
chr6	26212688	26220688	26216430	8000	26216688	-4000	4000	-258
chr6	29435306	29443306	29440063	8000	29439306	-4000	4000	757
chr6	30951636	30959636	30951912	8000	30955636	-4000	4000	-3724
chr6	32149845	32157845	32155742	8000	32153845	-4000	4000	1897
chr6	33285302	33293302	33287145	8000	33289302	-4000	4000	-2157
chr6	33313942	33321942	33318781	8000	33317942	-4000	4000	839
chr6	33449970	33457970	33456654	8000	33453970	-4000	4000	2684
chr6	34232873	34240873	34240798	8000	34236873	-4000	4000	3925
chr6	41159186	41167186	41161456	8000	41163186	-4000	4000	-1730
chr6	50709526	50717526	50715299	8000	50713526	-4000	4000	1773
chr6	52905698	52913698	52905854	8000	52909698	-4000	4000	-3844
chr6	55871590	55879590	55874718	8000	55875590	-4000	4000	-872
chr6	73457578	73465578	73461915	8000	73461578	-4000	4000	337
chr6	89890469	89898469	89894580	8000	89894469	-4000	4000	111
chr6	99602774	99610774	99609268	8000	99606774	-4000	4000	2494
chr6	107486106	107494106	107490706	8000	107490106	-4000	4000	600
chr6	132809339	132817339	132816984	8000	132813339	-4000	4000	3645
chr6	133885113	133893113	133889477	8000	133889113	-4000	4000	364
chr6	135847701	135855701	135851955	8000	135851701	-4000	4000	254
chr6	137490394	137498394	137493688	8000	137494394	-4000	4000	-706
chr6	138791911	138799911	138792879	8000	138795911	-4000	4000	-3032
chr6	146023646	146031646	146029748	8000	146027646	-4000	4000	2102
chr6	152693897	152701897	152697990	8000	152697897	-4000	4000	93
chr6	155451839	155459839	155455865	8000	155455839	-4000	4000	26
chr6	160698238	160706238	160702326	8000	160702238	-4000	4000	88
chr6	28255297	28263297	28260448	8000	28259297	-4000	4000	1151
chr6	32737391	32745391	32741485	8000	32741391	-4000	4000	94
chr6	41782542	41790542	41784114	8000	41786542	-4000	4000	-2428
chr6	42560029	42568029	42564327	8000	42564029	-4000	4000	298
chr6	43291694	43299694	43299448	8000	43295694	-4000	4000	3754
chr6	149938014	149946014	149942103	8000	149942014	-4000	4000	89
chr6	27143106	27151106	27146837	8000	27147106	-4000	4000	-269
chr6	26212688	26220688	26217357	8000	26216688	-4000	4000	669
chr6	32220067	32228067	32222662	8000	32224067	-4000	4000	-1405
chr6	26200610	26208610	26204984	8000	26204610	-4000	4000	374
chr6	31353188	31361188	31355208	8000	31357188	-4000	4000	-1980
chr6	49965625	49973625	49968804	8000	49969625	-4000	4000	-821
chr6	71882550	71890550	71887109	8000	71886550	-4000	4000	559
chr6	109461968	109469968	109466455	8000	109465968	-4000	4000	487
chr6	152746797	152754797	152752259	8000	152750797	-4000	4000	1462
chr6	26195516	26203516	26199787	8000	26199516	-4000	4000	271
chr6	27889106	27897106	27893732	8000	27893106	-4000	4000	626
chr6	149745443	149753443	149746378	8000	149749443	-4000	4000	-3065
chr6	169698047	169706047	169704024	8000	169702047	-4000	4000	1977
chr6	26028099	26036099	26031841	8000	26032099	-4000	4000	-258
chr6	26281638	26289638	26285375	8000	26285638	-4000	4000	-263
chr6	112250939	112258939	112254015	8000	112254939	-4000	4000	-924
chr6	26039713	26047713	26045498	8000	26043713	-4000	4000	1785
chr6	29083313	29091313	29086325	8000	29087313	-4000	4000	-988
chr6	18118677	18126677	18121630	8000	18122677	-4000	4000	-1047
chr6	35733032	35741032	35738095	8000	35737032	-4000	4000	1063
chr6	44269194	44277194	44273393	8000	44273194	-4000	4000	199
chr6	117261558	117269558	117268194	8000	117265558	-4000	4000	2636
chr6	89076751	89084751	89084378	8000	89080751	-4000	4000	3627
chr6	26246635	26254635	26250433	8000	26250635	-4000	4000	-202
chr6	50709526	50717526	50713908	8000	50713526	-4000	4000	382
chr6	10743794	10751794	10749199	8000	10747794	-4000	4000	1405
chr6	89890469	89898469	89894558	8000	89894469	-4000	4000	89
chr6	2746922	2754922	2749318	8000	2750922	-4000	4000	-1604
chr6	27143106	27151106	27147470	8000	27147106	-4000	4000	364
chr6	43178184	43186184	43184511	8000	43182184	-4000	4000	2327
chr6	32186202	32194202	32191498	8000	32190202	-4000	4000	1296
chr6	49960164	49968164	49960423	8000	49964164	-4000	4000	-3741
chr6	31736020	31744020	31736546	8000	31740020	-4000	4000	-3474
chr6	49965625	49973625	49969620	8000	49969625	-4000	4000	-5
chr6	132710055	132718055	132711800	8000	132714055	-4000	4000	-2255
chr6	36383800	36391800	36387566	8000	36387800	-4000	4000	-234
chr6	46166980	46174980	46168003	8000	46170980	-4000	4000	-2977
chr6	26028099	26036099	26031751	8000	26032099	-4000	4000	-348
chr6	27128795	27136795	27133383	8000	27132795	-4000	4000	588
chr6	27863588	27871588	27865668	8000	27867588	-4000	4000	-1920
chr6	29083313	29091313	29087288	8000	29087313	-4000	4000	-25
chr6	31714594	31722594	31720182	8000	31718594	-4000	4000	1588
chr6	31955117	31963117	31963052	8000	31959117	-4000	4000	3935
chr6	32664383	32672383	32665008	8000	32668383	-4000	4000	-3375
chr6	33268075	33276075	33269505	8000	33272075	-4000	4000	-2570
chr6	35733032	35741032	35737235	8000	35737032	-4000	4000	203
chr6	39310461	39318461	39316876	8000	39314461	-4000	4000	2415
chr6	132534290	132542290	132538487	8000	132538290	-4000	4000	197
chr6	137490394	137498394	137493850	8000	137494394	-4000	4000	-544
chr6	27868346	27876346	27871866	8000	27872346	-4000	4000	-480
chr6	7385793	7393793	7393138	8000	7389793	-4000	4000	3345
chr6	49546666	49554666	49551390	8000	49550666	-4000	4000	724
chr6	26212688	26220688	26217357	8000	26216688	-4000	4000	669
chr6	29435306	29443306	29440648	8000	29439306	-4000	4000	1342
chr6	26023283	26031283	26027096	8000	26027283	-4000	4000	-187
chr6	62282225	62290225	62286033	8000	62286225	-4000	4000	-192
chr6	35464401	35472401	35468429	8000	35468401	-4000	4000	28
chr6	32186202	32194202	32186460	8000	32190202	-4000	4000	-3742
chr6	26212688	26220688	26217139	8000	26216688	-4000	4000	451
chr6	31858905	31866905	31860136	8000	31862905	-4000	4000	-2769
chr6	33196665	33204665	33201635	8000	33200665	-4000	4000	970
chr6	146594967	146602967	146599032	8000	146598967	-4000	4000	65
chr6	26200610	26208610	26204794	8000	26204610	-4000	4000	184
chr6	116457370	116465370	116463607	8000	116461370	-4000	4000	2237
chr6	26195516	26203516	26199067	8000	26199516	-4000	4000	-449
chr6	26236393	26244393	26240622	8000	26240393	-4000	4000	229
chr6	138769769	138777769	138776158	8000	138773769	-4000	4000	2389
chr6	73358658	73366658	73362871	8000	73362658	-4000	4000	213
chr6	27889106	27897106	27893024	8000	27893106	-4000	4000	-82
chr6	77459491	77467491	77462600	8000	77463491	-4000	4000	-891
chr6	54303859	54311859	54308518	8000	54307859	-4000	4000	659
chr6	26220199	26228199	26225580	8000	26224199	-4000	4000	1381
chr6	83189357	83197357	83194639	8000	83193357	-4000	4000	1282
chr6	26099933	26107933	26104007	8000	26103933	-4000	4000	74
chr6	27810777	27818777	27814609	8000	27814777	-4000	4000	-168
chr6	72617792	72625792	72622573	8000	72621792	-4000	4000	781
chr6	132585741	132593741	132589161	8000	132589741	-4000	4000	-580
chr6	54303859	54311859	54308626	8000	54307859	-4000	4000	767
chr6	29718775	29726775	29725541	8000	29722775	-4000	4000	2766
chr6	32220067	32228067	32220282	8000	32224067	-4000	4000	-3785
chr6	27308273	27316273	27309482	8000	27312273	-4000	4000	-2791
chr6	37001646	37009646	37008904	8000	37005646	-4000	4000	3258
chr6	31268130	31276130	31271424	8000	31272130	-4000	4000	-706
chr6	46789389	46797389	46793702	8000	46793389	-4000	4000	313
chr6	26119926	26127926	26124236	8000	26123926	-4000	4000	310
chr6	83855656	83863656	83859733	8000	83859656	-4000	4000	77
chr6	132548693	132556693	132553486	8000	132552693	-4000	4000	793
chr6	35733032	35741032	35737165	8000	35737032	-4000	4000	133
chr6	132566322	132574322	132570712	8000	132570322	-4000	4000	390
chr6	109974256	109982256	109979627	8000	109978256	-4000	4000	1371
chr6	33415661	33423661	33423548	8000	33419661	-4000	4000	3887
chr6	73358658	73366658	73362681	8000	73362658	-4000	4000	23
chr6	27308273	27316273	27310120	8000	27312273	-4000	4000	-2153
chr6	32149845	32157845	32155702	8000	32153845	-4000	4000	1857
chr6	33449970	33457970	33456347	8000	33453970	-4000	4000	2377
chr6	27803929	27811929	27808542	8000	27807929	-4000	4000	613
chr6	29483956	29491956	29487270	8000	29487956	-4000	4000	-686
chr6	29483956	29491956	29487416	8000	29487956	-4000	4000	-540
chr6	43036777	43044777	43042986	8000	43040777	-4000	4000	2209
chr6	49783285	49791285	49787275	8000	49787285	-4000	4000	-10
chr6	149959943	149967943	149964045	8000	149963943	-4000	4000	102
chr6	71882550	71890550	71887171	8000	71886550	-4000	4000	621
chr6	41782542	41790542	41784937	8000	41786542	-4000	4000	-1605
chr6	31736020	31744020	31736380	8000	31740020	-4000	4000	-3640
chr6	26268931	26276931	26270991	8000	26272931	-4000	4000	-1940
chr6	41224339	41232339	41228451	8000	41228339	-4000	4000	112
chr6	99390195	99398195	99394146	8000	99394195	-4000	4000	-49
chr6	30979718	30987718	30986757	8000	30983718	-4000	4000	3039
chr6	26436472	26444472	26444007	8000	26440472	-4000	4000	3535
chr6	100460921	100468921	100463469	8000	100464921	-4000	4000	-1452
chr6	4017267	4025267	4021450	8000	4021267	-4000	4000	183
chr6	26268931	26276931	26273059	8000	26272931	-4000	4000	128
chr6	55871590	55879590	55874630	8000	55875590	-4000	4000	-960
chr6	43072307	43080307	43074681	8000	43076307	-4000	4000	-1626
chr6	27868346	27876346	27873256	8000	27872346	-4000	4000	910
chr6	35464401	35472401	35468429	8000	35468401	-4000	4000	28
chr6	109437171	109445171	109443834	8000	109441171	-4000	4000	2663
chr6	27308273	27316273	27309778	8000	27312273	-4000	4000	-2495
chr6	27308273	27316273	27309991	8000	27312273	-4000	4000	-2282
chr6	27308273	27316273	27310383	8000	27312273	-4000	4000	-1890
chr6	33196665	33204665	33201078	8000	33200665	-4000	4000	413
chr6	36383800	36391800	36391740	8000	36387800	-4000	4000	3940
chr6	77459491	77467491	77462870	8000	77463491	-4000	4000	-621
chr6	27820092	27828092	27824322	8000	27824092	-4000	4000	230
chr6	22565566	22573566	22569774	8000	22569566	-4000	4000	208
chr6	26028099	26036099	26031728	8000	26032099	-4000	4000	-371
chr6	26039713	26047713	26043441	8000	26043713	-4000	4000	-272
chr6	26104135	26112135	26107621	8000	26108135	-4000	4000	-514
chr6	26195516	26203516	26199867	8000	26199516	-4000	4000	351
chr6	26212688	26220688	26217081	8000	26216688	-4000	4000	393
chr6	26379096	26387096	26385328	8000	26383096	-4000	4000	2232
chr6	26398237	26406237	26405923	8000	26402237	-4000	4000	3686
chr6	27803929	27811929	27808438	8000	27807929	-4000	4000	509
chr6	30951636	30959636	30953313	8000	30955636	-4000	4000	-2323
chr6	31978057	31986057	31980755	8000	31982057	-4000	4000	-1302
chr6	39318968	39326968	39319134	8000	39322968	-4000	4000	-3834
chr6	77459491	77467491	77462892	8000	77463491	-4000	4000	-599
chr6	99602774	99610774	99608745	8000	99606774	-4000	4000	1971
chr6	109974256	109982256	109980276	8000	109978256	-4000	4000	2020
chr6	26195516	26203516	26196945	8000	26199516	-4000	4000	-2571
chr6	30979718	30987718	30986574	8000	30983718	-4000	4000	2856
chr6	27143106	27151106	27146792	8000	27147106	-4000	4000	-314
chr6	31662102	31670102	31666901	8000	31666102	-4000	4000	799
chr6	41782542	41790542	41785511	8000	41786542	-4000	4000	-1031
chr6	41782542	41790542	41789309	8000	41786542	-4000	4000	2767
chr6	26028099	26036099	26031887	8000	26032099	-4000	4000	-212
chr6	26212688	26220688	26216362	8000	26216688	-4000	4000	-326
chr6	26496303	26504303	26501907	8000	26500303	-4000	4000	1604
chr6	31711348	31719348	31712001	8000	31715348	-4000	4000	-3347
chr6	31791752	31799752	31795206	8000	31795752	-4000	4000	-546
chr6	31858905	31866905	31860604	8000	31862905	-4000	4000	-2301
chr6	32840136	32848136	32845717	8000	32844136	-4000	4000	1581
chr6	33268075	33276075	33268209	8000	33272075	-4000	4000	-3866
chr6	33313942	33321942	33321448	8000	33317942	-4000	4000	3506
chr6	35508896	35516896	35512680	8000	35512896	-4000	4000	-216
chr6	68631282	68639282	68639217	8000	68635282	-4000	4000	3935
chr7	91936840	91944840	91941143	8000	91940840	-4000	4000	303
chr7	122991700	122999700	122994804	8000	122995700	-4000	4000	-896
chr7	73429778	73437778	73434841	8000	73433778	-4000	4000	1063
chr7	74886585	74894585	74887707	8000	74890585	-4000	4000	-2878
chr7	48920547	48928547	48925007	8000	48924547	-4000	4000	460
chr7	141837487	141845487	141837998	8000	141841487	-4000	4000	-3489
chr7	53031633	53039633	53036147	8000	53035633	-4000	4000	514
chr7	21424043	21432043	21428756	8000	21428043	-4000	4000	713
chr7	143358770	143366770	143360119	8000	143362770	-4000	4000	-2651
chr7	25176356	25184356	25179274	8000	25180356	-4000	4000	-1082
chr7	25224486	25232486	25225076	8000	25228486	-4000	4000	-3410
chr7	91260433	91268433	91265739	8000	91264433	-4000	4000	1306
chr7	100579982	100587982	100586639	8000	100583982	-4000	4000	2657
chr7	143473873	143481873	143478098	8000	143477873	-4000	4000	225
chr7	151044292	151052292	151051844	8000	151048292	-4000	4000	3552
chr7	151223166	151231166	151223975	8000	151227166	-4000	4000	-3191
chr7	44537330	44545330	44539788	8000	44541330	-4000	4000	-1542
chr7	22723613	22731613	22729672	8000	22727613	-4000	4000	2059
chr7	27196091	27204091	27198205	8000	27200091	-4000	4000	-1886
chr7	76393518	76401518	76393861	8000	76397518	-4000	4000	-3657
chr7	100598363	100606363	100600661	8000	100602363	-4000	4000	-1702
chr7	122991700	122999700	122995599	8000	122995700	-4000	4000	-101
chr7	144105583	144113583	144110245	8000	144109583	-4000	4000	662
chr7	96705880	96713880	96709843	8000	96709880	-4000	4000	-37
chr7	100608102	100616102	100615194	8000	100612102	-4000	4000	3092
chr7	7636711	7644711	7640412	8000	7640711	-4000	4000	-299
chr7	20782886	20790886	20784695	8000	20786886	-4000	4000	-2191
chr7	23466491	23474491	23470027	8000	23470491	-4000	4000	-464
chr7	30907853	30915853	30912089	8000	30911853	-4000	4000	236
chr7	55858755	55866755	55861961	8000	55862755	-4000	4000	-794
chr7	91260433	91268433	91265949	8000	91264433	-4000	4000	1516
chr7	101197038	101205038	101198292	8000	101201038	-4000	4000	-2746
chr7	20782886	20790886	20784662	8000	20786886	-4000	4000	-2224
chr7	48920547	48928547	48925877	8000	48924547	-4000	4000	1330
chr7	143128077	143136077	143132146	8000	143132077	-4000	4000	69
chr7	94903202	94911202	94910756	8000	94907202	-4000	4000	3554
chr7	48920547	48928547	48925160	8000	48924547	-4000	4000	613
chr7	158700804	158708804	158701897	8000	158704804	-4000	4000	-2907
chr7	44537330	44545330	44540318	8000	44541330	-4000	4000	-1012
chr7	108565666	108573666	108571890	8000	108569666	-4000	4000	2224
chr7	31336726	31344726	31339038	8000	31340726	-4000	4000	-1688
chr7	142929746	142937746	142933453	8000	142933746	-4000	4000	-293
chr7	143931233	143939233	143936003	8000	143935233	-4000	4000	770
chr7	74250458	74258458	74254355	8000	74254458	-4000	4000	-103
chr7	107656828	107664828	107663360	8000	107660828	-4000	4000	2532
chr7	97020950	97028950	97021016	8000	97024950	-4000	4000	-3934
chr7	97020950	97028950	97022271	8000	97024950	-4000	4000	-2679
chr7	79449667	79457667	79453076	8000	79453667	-4000	4000	-591
chr7	18023846	18031846	18027637	8000	18027846	-4000	4000	-209
chr7	17936501	17944501	17940337	8000	17940501	-4000	4000	-164
chr7	53031633	53039633	53036419	8000	53035633	-4000	4000	786
chr7	150718253	150726253	150720726	8000	150722253	-4000	4000	-1527
chr7	73324082	73332082	73325571	8000	73328082	-4000	4000	-2511
chr7	21424043	21432043	21430502	8000	21428043	-4000	4000	2459
chr7	94000382	94008382	94004204	8000	94004382	-4000	4000	-178
chr7	99675998	99683998	99676222	8000	99679998	-4000	4000	-3776
chr7	100173563	100181563	100175781	8000	100177563	-4000	4000	-1782
chr7	100475232	100483232	100477375	8000	100479232	-4000	4000	-1857
chr7	102359872	102367872	102366076	8000	102363872	-4000	4000	2204
chr7	102744971	102752971	102749467	8000	102748971	-4000	4000	496
chr7	130376339	130384339	130383413	8000	130380339	-4000	4000	3074
chr7	143048341	143056341	143053257	8000	143052341	-4000	4000	916
chr7	143931233	143939233	143935640	8000	143935233	-4000	4000	407
chr7	150718253	150726253	150720236	8000	150722253	-4000	4000	-2017
chr7	120269175	120277175	120275517	8000	120273175	-4000	4000	2342
chr7	120269175	120277175	120275038	8000	120273175	-4000	4000	1863
chr7	130262863	130270863	130270717	8000	130266863	-4000	4000	3854
chr7	130376339	130384339	130383423	8000	130380339	-4000	4000	3084
chr7	19769617	19777617	19772622	8000	19773617	-4000	4000	-995
chr7	47975615	47983615	47976808	8000	47979615	-4000	4000	-2807
chr7	106861278	106869278	106869175	8000	106865278	-4000	4000	3897
chr7	116520994	116528994	116526629	8000	116524994	-4000	4000	1635
chr7	5186196	5194196	5193194	8000	5190196	-4000	4000	2998
chr7	12399941	12407941	12403738	8000	12403941	-4000	4000	-203
chr7	69594296	69602296	69599944	8000	69598296	-4000	4000	1648
chr7	97001553	97009553	97007699	8000	97005553	-4000	4000	2146
chr7	134523567	134531567	134530692	8000	134527567	-4000	4000	3125
chr7	99675998	99683998	99679954	8000	99679998	-4000	4000	-44
chr7	143753696	143761696	143757077	8000	143757696	-4000	4000	-619
chr7	107999213	108007213	108002328	8000	108003213	-4000	4000	-885
chr7	22723613	22731613	22727570	8000	22727613	-4000	4000	-43
chr7	65369799	65377799	65373880	8000	65373799	-4000	4000	81
chr7	120269175	120277175	120275558	8000	120273175	-4000	4000	2383
chr7	124472371	124480371	124476711	8000	124476371	-4000	4000	340
chr7	6611610	6619610	6617238	8000	6615610	-4000	4000	1628
chr7	150797360	150805360	150801589	8000	150801360	-4000	4000	229
chr7	44537330	44545330	44539053	8000	44541330	-4000	4000	-2277
chr7	40131005	40139005	40133117	8000	40135005	-4000	4000	-1888
chr7	130376339	130384339	130383443	8000	130380339	-4000	4000	3104
chr7	128357685	128365685	128359810	8000	128361685	-4000	4000	-1875
chr7	100638779	100646779	100640975	8000	100642779	-4000	4000	-1804
chr7	100479927	100487927	100487108	8000	100483927	-4000	4000	3181
chr7	142254058	142262058	142255630	8000	142258058	-4000	4000	-2428
chr7	100945534	100953534	100952894	8000	100949534	-4000	4000	3360
chr7	27098686	27106686	27100847	8000	27102686	-4000	4000	-1839
chr7	44040640	44048640	44041014	8000	44044640	-4000	4000	-3626
chr7	128472729	128480729	128479248	8000	128476729	-4000	4000	2519
chr7	1228872	1236872	1235864	8000	1232872	-4000	4000	2992
chr7	19113636	19121636	19116997	8000	19117636	-4000	4000	-639
chr7	65002684	65010684	65006605	8000	65006684	-4000	4000	-79
chr7	53031633	53039633	53035791	8000	53035633	-4000	4000	158
chr7	99554695	99562695	99560622	8000	99558695	-4000	4000	1927
chr7	151183832	151191832	151186850	8000	151187832	-4000	4000	-982
chr7	74078933	74086933	74085831	8000	74082933	-4000	4000	2898
chr7	121321367	121329367	121329303	8000	121325367	-4000	4000	3936
chr7	21424043	21432043	21430060	8000	21428043	-4000	4000	2017
chr7	143753696	143761696	143756485	8000	143757696	-4000	4000	-1211
chr7	101123104	101131104	101128516	8000	101127104	-4000	4000	1412
chr7	44040640	44048640	44040969	8000	44044640	-4000	4000	-3671
chr7	97728084	97736084	97732624	8000	97732084	-4000	4000	540
chr7	151873125	151881125	151876557	8000	151877125	-4000	4000	-568
chr7	48920547	48928547	48925208	8000	48924547	-4000	4000	661
chr7	48920547	48928547	48925547	8000	48924547	-4000	4000	1000
chr7	27148583	27156583	27155127	8000	27152583	-4000	4000	2544
chr7	42928214	42936214	42932435	8000	42932214	-4000	4000	221
chr7	127589611	127597611	127595618	8000	127593611	-4000	4000	2007
chr7	155066324	155074324	155071474	8000	155070324	-4000	4000	1150
chr7	95592516	95600516	95592812	8000	95596516	-4000	4000	-3704
chr7	35693459	35701459	35694423	8000	35697459	-4000	4000	-3036
chr7	56060002	56068002	56063092	8000	56064002	-4000	4000	-910
chr7	23101758	23109758	23105996	8000	23105758	-4000	4000	238
chr7	155066324	155074324	155071149	8000	155070324	-4000	4000	825
chr7	12566577	12574577	12570916	8000	12570577	-4000	4000	339
chr7	8429609	8437609	8434427	8000	8433609	-4000	4000	818
chr7	19141421	19149421	19145320	8000	19145421	-4000	4000	-101
chr7	48920547	48928547	48924911	8000	48924547	-4000	4000	364
chr7	124472371	124480371	124476376	8000	124476371	-4000	4000	5
chr7	27092000	27100000	27095724	8000	27096000	-4000	4000	-276
chr7	140400433	140408433	140407756	8000	140404433	-4000	4000	3323
chr7	99675998	99683998	99676501	8000	99679998	-4000	4000	-3497
chr7	27196091	27204091	27196970	8000	27200091	-4000	4000	-3121
chr7	99925620	99933620	99929601	8000	99929620	-4000	4000	-19
chr7	100598363	100606363	100603943	8000	100602363	-4000	4000	1580
chr7	101248316	101256316	101251973	8000	101252316	-4000	4000	-343
chr7	16642131	16650131	16645593	8000	16646131	-4000	4000	-538
chr7	20326702	20334702	20331742	8000	20330702	-4000	4000	1040
chr7	100173563	100181563	100175613	8000	100177563	-4000	4000	-1950
chr7	134982508	134990508	134987943	8000	134986508	-4000	4000	1435
chr7	1228872	1236872	1233633	8000	1232872	-4000	4000	761
chr7	151044292	151052292	151049344	8000	151048292	-4000	4000	1052
chr7	15682683	15690683	15686464	8000	15686683	-4000	4000	-219
chr7	150718253	150726253	150720353	8000	150722253	-4000	4000	-1900
chr7	102744971	102752971	102749603	8000	102748971	-4000	4000	632
chr7	113083778	113091778	113084087	8000	113087778	-4000	4000	-3691
chr7	30748137	30756137	30755759	8000	30752137	-4000	4000	3622
chr7	31336726	31344726	31339141	8000	31340726	-4000	4000	-1585
chr7	31336726	31344726	31339285	8000	31340726	-4000	4000	-1441
chr7	120269175	120277175	120275728	8000	120273175	-4000	4000	2553
chr7	143218037	143226037	143222214	8000	143222037	-4000	4000	177
chr7	116949238	116957238	116953653	8000	116953238	-4000	4000	415
chr7	122991700	122999700	122994995	8000	122995700	-4000	4000	-705
chr7	151873125	151881125	151876505	8000	151877125	-4000	4000	-620
chr7	33058796	33066796	33062580	8000	33062796	-4000	4000	-216
chr7	100084969	100092969	100089641	8000	100088969	-4000	4000	672
chr7	30748137	30756137	30753754	8000	30752137	-4000	4000	1617
chr7	133249073	133257073	133253163	8000	133253073	-4000	4000	90
chr7	101016072	101024072	101018635	8000	101020072	-4000	4000	-1437
chr7	26197162	26205162	26197651	8000	26201162	-4000	4000	-3511
chr7	71128144	71136144	71132983	8000	71132144	-4000	4000	839
chr7	151053210	151061210	151057861	8000	151057210	-4000	4000	651
chr7	36720549	36728549	36724306	8000	36724549	-4000	4000	-243
chr7	73324082	73332082	73325571	8000	73328082	-4000	4000	-2511
chr7	1156759	1164759	1158252	8000	1160759	-4000	4000	-2507
chr7	120269175	120277175	120274767	8000	120273175	-4000	4000	1592
chr7	143473873	143481873	143478580	8000	143477873	-4000	4000	707
chr7	27092000	27100000	27095330	8000	27096000	-4000	4000	-670
chr7	93917735	93925735	93922028	8000	93921735	-4000	4000	293
chr7	94000382	94008382	94004229	8000	94004382	-4000	4000	-153
chr7	134982508	134990508	134987955	8000	134986508	-4000	4000	1447
chr7	143753696	143761696	143756494	8000	143757696	-4000	4000	-1202
chr7	42928214	42936214	42932418	8000	42932214	-4000	4000	204
chr7	144260792	144268792	144268312	8000	144264792	-4000	4000	3520
chr7	53031633	53039633	53036530	8000	53035633	-4000	4000	897
chr7	120269175	120277175	120274978	8000	120273175	-4000	4000	1803
chr7	31336726	31344726	31338553	8000	31340726	-4000	4000	-2173
chr7	90163590	90171590	90164786	8000	90167590	-4000	4000	-2804
chr7	122991700	122999700	122994953	8000	122995700	-4000	4000	-747
chr7	66991173	66999173	66998186	8000	66995173	-4000	4000	3013
chr7	144105583	144113583	144109752	8000	144109583	-4000	4000	169
chr7	100608102	100616102	100613267	8000	100612102	-4000	4000	1165
chr7	143312111	143320111	143316288	8000	143316111	-4000	4000	177
chr7	155066324	155074324	155071209	8000	155070324	-4000	4000	885
chr7	23466491	23474491	23470048	8000	23470491	-4000	4000	-443
chr7	48920547	48928547	48924975	8000	48924547	-4000	4000	428
chr7	27148583	27156583	27152722	8000	27152583	-4000	4000	139
chr7	151044292	151052292	151048985	8000	151048292	-4000	4000	693
chr7	18023846	18031846	18027659	8000	18027846	-4000	4000	-187
chr7	12566577	12574577	12570332	8000	12570577	-4000	4000	-245
chr7	130730207	130738207	130732961	8000	130734207	-4000	4000	-1246
chr7	5509809	5517809	5513690	8000	5513809	-4000	4000	-119
chr7	25121260	25129260	25123824	8000	25125260	-4000	4000	-1436
chr7	124029067	124037067	124032773	8000	124033067	-4000	4000	-294
chr7	100863387	100871387	100870636	8000	100867387	-4000	4000	3249
chr7	106861278	106869278	106868900	8000	106865278	-4000	4000	3622
chr7	112202407	112210407	112206126	8000	112206407	-4000	4000	-281
chr7	150718253	150726253	150720184	8000	150722253	-4000	4000	-2069
chr7	31336726	31344726	31339045	8000	31340726	-4000	4000	-1681
chr7	101214420	101222420	101216473	8000	101218420	-4000	4000	-1947
chr7	116520994	116528994	116526572	8000	116524994	-4000	4000	1578
chr7	150337662	150345662	150337987	8000	150341662	-4000	4000	-3675
chr7	121321367	121329367	121329334	8000	121325367	-4000	4000	3967
chr7	100598363	100606363	100600800	8000	100602363	-4000	4000	-1563
chr7	130262863	130270863	130269666	8000	130266863	-4000	4000	2803
chr7	31336726	31344726	31338307	8000	31340726	-4000	4000	-2419
chr7	94903202	94911202	94910957	8000	94907202	-4000	4000	3755
chr7	141837487	141845487	141838068	8000	141841487	-4000	4000	-3419
chr7	27148583	27156583	27155060	8000	27152583	-4000	4000	2477
chr7	124761792	124769792	124764520	8000	124765792	-4000	4000	-1272
chr7	151024422	151032422	151028534	8000	151028422	-4000	4000	112
chr7	88755700	88763700	88759901	8000	88759700	-4000	4000	201
chr7	151044292	151052292	151048946	8000	151048292	-4000	4000	654
chr7	188571	196571	195707	8000	192571	-4000	4000	3136
chr7	22723613	22731613	22731517	8000	22727613	-4000	4000	3904
chr7	27181232	27189232	27182904	8000	27185232	-4000	4000	-2328
chr7	87341664	87349664	87345272	8000	87345664	-4000	4000	-392
chr7	120854402	120862402	120856704	8000	120858402	-4000	4000	-1698
chr7	44537330	44545330	44539058	8000	44541330	-4000	4000	-2272
chr7	100084969	100092969	100089315	8000	100088969	-4000	4000	346
chr7	140669993	140677993	140674754	8000	140673993	-4000	4000	761
chr7	150718253	150726253	150720379	8000	150722253	-4000	4000	-1874
chr7	101214420	101222420	101217948	8000	101218420	-4000	4000	-472
chr7	22723613	22731613	22727557	8000	22727613	-4000	4000	-56
chr7	129948960	129956960	129952608	8000	129952960	-4000	4000	-352
chr7	30748137	30756137	30755802	8000	30752137	-4000	4000	3665
chr7	29559835	29567835	29566457	8000	29563835	-4000	4000	2622
chr7	48920547	48928547	48924887	8000	48924547	-4000	4000	340
chr7	18023846	18031846	18027324	8000	18027846	-4000	4000	-522
chr7	103985658	103993658	103989289	8000	103989658	-4000	4000	-369
chr7	116949238	116957238	116953576	8000	116953238	-4000	4000	338
chr7	129122518	129130518	129127226	8000	129126518	-4000	4000	708
chr7	27181232	27189232	27182664	8000	27185232	-4000	4000	-2568
chr7	100945534	100953534	100951926	8000	100949534	-4000	4000	2392
chr7	130203770	130211770	130205448	8000	130207770	-4000	4000	-2322
chr7	8429609	8437609	8434557	8000	8433609	-4000	4000	948
chr7	25121260	25129260	25123568	8000	25125260	-4000	4000	-1692
chr7	31336726	31344726	31337482	8000	31340726	-4000	4000	-3244
chr7	32491283	32499283	32495715	8000	32495283	-4000	4000	432
chr7	44137332	44145332	44145090	8000	44141332	-4000	4000	3758
chr7	73324082	73332082	73324407	8000	73328082	-4000	4000	-3675
chr7	91260433	91268433	91266643	8000	91264433	-4000	4000	2210
chr7	99500857	99508857	99506281	8000	99504857	-4000	4000	1424
chr7	100122785	100130785	100128120	8000	100126785	-4000	4000	1335
chr7	100569900	100577900	100575608	8000	100573900	-4000	4000	1708
chr7	101123104	101131104	101130443	8000	101127104	-4000	4000	3339
chr7	128786757	128794757	128791535	8000	128790757	-4000	4000	778
chr7	128786757	128794757	128792173	8000	128790757	-4000	4000	1416
chr7	130376339	130384339	130381734	8000	130380339	-4000	4000	1395
chr7	151044292	151052292	151049069	8000	151048292	-4000	4000	777
chr7	45884360	45892360	45888754	8000	45888360	-4000	4000	394
chr7	101214420	101222420	101216731	8000	101218420	-4000	4000	-1689
chr7	155066324	155074324	155071514	8000	155070324	-4000	4000	1190
chr7	155066324	155074324	155070836	8000	155070324	-4000	4000	512
chr7	30748137	30756137	30753882	8000	30752137	-4000	4000	1745
chr7	143023132	143031132	143026856	8000	143027132	-4000	4000	-276
chr7	124472371	124480371	124476433	8000	124476371	-4000	4000	62
chr7	73429778	73437778	73435976	8000	73433778	-4000	4000	2198
chr7	25224486	25232486	25225052	8000	25228486	-4000	4000	-3434
chr7	31336726	31344726	31339201	8000	31340726	-4000	4000	-1525
chr7	43993897	44001897	44001271	8000	43997897	-4000	4000	3374
chr7	75391063	75399063	75395435	8000	75395063	-4000	4000	372
chr7	142254058	142262058	142257867	8000	142258058	-4000	4000	-191
chr7	79449667	79457667	79453108	8000	79453667	-4000	4000	-559
chr7	100303702	100311702	100307941	8000	100307702	-4000	4000	239
chr7	6611610	6619610	6616154	8000	6615610	-4000	4000	544
chr7	23706203	23714203	23712138	8000	23710203	-4000	4000	1935
chr7	27098686	27106686	27102120	8000	27102686	-4000	4000	-566
chr7	44100345	44108345	44107820	8000	44104345	-4000	4000	3475
chr7	45084969	45092969	45085338	8000	45088969	-4000	4000	-3631
chr7	77118434	77126434	77122664	8000	77122434	-4000	4000	230
chr7	83645139	83653139	83648434	8000	83649139	-4000	4000	-705
chr7	99675998	99683998	99679855	8000	99679998	-4000	4000	-143
chr7	108565666	108573666	108573526	8000	108569666	-4000	4000	3860
chr7	130376339	130384339	130380512	8000	130380339	-4000	4000	173
chr7	130664748	130672748	130668803	8000	130668748	-4000	4000	55
chr7	140669993	140677993	140674187	8000	140673993	-4000	4000	194
chr7	142929746	142937746	142933505	8000	142933746	-4000	4000	-241
chr7	149769588	149777588	149776934	8000	149773588	-4000	4000	3346
chr7	150718253	150726253	150720088	8000	150722253	-4000	4000	-2165
chr7	151044292	151052292	151048959	8000	151048292	-4000	4000	667
chr7	30748137	30756137	30755591	8000	30752137	-4000	4000	3454
chr7	64041434	64049434	64045542	8000	64045434	-4000	4000	108
chr7	5875827	5883827	5880937	8000	5879827	-4000	4000	1110
chr7	56060002	56068002	56064361	8000	56064002	-4000	4000	359
chr7	122991700	122999700	122994783	8000	122995700	-4000	4000	-917
chr7	97868542	97876542	97868988	8000	97872542	-4000	4000	-3554
chr7	143439453	143447453	143444304	8000	143443453	-4000	4000	851
chr7	143753696	143761696	143756561	8000	143757696	-4000	4000	-1135
chr7	65002684	65010684	65006714	8000	65006684	-4000	4000	30
chr7	120854402	120862402	120856759	8000	120858402	-4000	4000	-1643
chr7	130376339	130384339	130383430	8000	130380339	-4000	4000	3091
chr7	144260792	144268792	144267117	8000	144264792	-4000	4000	2325
chr7	93222469	93230469	93226393	8000	93226469	-4000	4000	-76
chr7	100173563	100181563	100175622	8000	100177563	-4000	4000	-1941
chr7	120984697	120992697	120989789	8000	120988697	-4000	4000	1092
chr7	151223166	151231166	151223773	8000	151227166	-4000	4000	-3393
chr7	88222993	88230993	88226932	8000	88226993	-4000	4000	-61
chr7	97001553	97009553	97006368	8000	97005553	-4000	4000	815
chr7	94903202	94911202	94911029	8000	94907202	-4000	4000	3827
chr7	27196091	27204091	27199190	8000	27200091	-4000	4000	-901
chr7	120269175	120277175	120275306	8000	120273175	-4000	4000	2131
chr7	144179466	144187466	144186993	8000	144183466	-4000	4000	3527
chr7	28954330	28962330	28957281	8000	28958330	-4000	4000	-1049
chr7	47975615	47983615	47978542	8000	47979615	-4000	4000	-1073
chr7	123553904	123561904	123557902	8000	123557904	-4000	4000	-2
chr7	123553904	123561904	123557903	8000	123557904	-4000	4000	-1
chr7	1156759	1164759	1158233	8000	1160759	-4000	4000	-2526
chr7	150718253	150726253	150720549	8000	150722253	-4000	4000	-1704
chr7	19141421	19149421	19145038	8000	19145421	-4000	4000	-383
chr7	44100345	44108345	44107658	8000	44104345	-4000	4000	3313
chr7	150563369	150571369	150569962	8000	150567369	-4000	4000	2593
chr7	120984697	120992697	120989440	8000	120988697	-4000	4000	743
chr7	101811904	101819904	101816012	8000	101815904	-4000	4000	108
chr7	65002684	65010684	65006651	8000	65006684	-4000	4000	-33
chr7	88755700	88763700	88759849	8000	88759700	-4000	4000	149
chr7	25121260	25129260	25124128	8000	25125260	-4000	4000	-1132
chr7	151044292	151052292	151049073	8000	151048292	-4000	4000	781
chr7	1228872	1236872	1233651	8000	1232872	-4000	4000	779
chr7	1228872	1236872	1233652	8000	1232872	-4000	4000	780
chr7	64662099	64670099	64666191	8000	64666099	-4000	4000	92
chr7	148586766	148594766	148591018	8000	148590766	-4000	4000	252
chr7	97020950	97028950	97022226	8000	97024950	-4000	4000	-2724
chr7	101123104	101131104	101130420	8000	101127104	-4000	4000	3316
chr7	75391063	75399063	75395205	8000	75395063	-4000	4000	142
chr7	75488320	75496320	75495146	8000	75492320	-4000	4000	2826
chr7	128357685	128365685	128359420	8000	128361685	-4000	4000	-2265
chr7	106657158	106665158	106659241	8000	106661158	-4000	4000	-1917
chr7	72965466	72973466	72969934	8000	72969466	-4000	4000	468
chr7	128786757	128794757	128794752	8000	128790757	-4000	4000	3995
chr7	73429778	73437778	73435545	8000	73433778	-4000	4000	1767
chr7	5966683	5974683	5973537	8000	5970683	-4000	4000	2854
chr7	7636711	7644711	7640464	8000	7640711	-4000	4000	-247
chr7	21424043	21432043	21429754	8000	21428043	-4000	4000	1711
chr7	26197162	26205162	26197406	8000	26201162	-4000	4000	-3756
chr7	26197162	26205162	26200676	8000	26201162	-4000	4000	-486
chr7	27153936	27161936	27156601	8000	27157936	-4000	4000	-1335
chr7	27181232	27189232	27182696	8000	27185232	-4000	4000	-2536
chr7	30748137	30756137	30755620	8000	30752137	-4000	4000	3483
chr7	44137332	44145332	44140739	8000	44141332	-4000	4000	-593
chr7	73304826	73312826	73304970	8000	73308826	-4000	4000	-3856
chr7	90163590	90171590	90164671	8000	90167590	-4000	4000	-2919
chr7	99500857	99508857	99506053	8000	99504857	-4000	4000	1196
chr7	101150456	101158456	101154448	8000	101154456	-4000	4000	-8
chr7	104204047	104212047	104204223	8000	104208047	-4000	4000	-3824
chr7	116520994	116528994	116526526	8000	116524994	-4000	4000	1532
chr7	122882759	122890759	122886053	8000	122886759	-4000	4000	-706
chr7	133249073	133257073	133253163	8000	133253073	-4000	4000	90
chr7	134982508	134990508	134987943	8000	134986508	-4000	4000	1435
chr7	151044292	151052292	151049095	8000	151048292	-4000	4000	803
chr7	151044292	151052292	151050226	8000	151048292	-4000	4000	1934
chr7	141837487	141845487	141838040	8000	141841487	-4000	4000	-3447
chr7	135207555	135215555	135209708	8000	135211555	-4000	4000	-1847
chr7	101248316	101256316	101252002	8000	101252316	-4000	4000	-314
chr7	124029067	124037067	124032158	8000	124033067	-4000	4000	-909
chr7	27238700	27246700	27245155	8000	27242700	-4000	4000	2455
chr7	135973359	135981359	135977247	8000	135977359	-4000	4000	-112
chr7	143753696	143761696	143756831	8000	143757696	-4000	4000	-865
chr7	44486658	44494658	44490611	8000	44490658	-4000	4000	-47
chr7	15558015	15566015	15561963	8000	15562015	-4000	4000	-52
chr7	21424043	21432043	21430192	8000	21428043	-4000	4000	2149
chr7	27181232	27189232	27182885	8000	27185232	-4000	4000	-2347
chr7	31336726	31344726	31338616	8000	31340726	-4000	4000	-2110
chr7	48920547	48928547	48925480	8000	48924547	-4000	4000	933
chr7	76393518	76401518	76398793	8000	76397518	-4000	4000	1275
chr7	97728084	97736084	97734839	8000	97732084	-4000	4000	2755
chr7	100164617	100172617	100167070	8000	100168617	-4000	4000	-1547
chr7	108565666	108573666	108573042	8000	108569666	-4000	4000	3376
chr7	120269175	120277175	120275428	8000	120273175	-4000	4000	2253
chr7	122991700	122999700	122995468	8000	122995700	-4000	4000	-232
chr7	123553904	123561904	123557222	8000	123557904	-4000	4000	-682
chr7	128406252	128414252	128409474	8000	128410252	-4000	4000	-778
chr7	130730207	130738207	130733404	8000	130734207	-4000	4000	-803
chr7	142935343	142943343	142941216	8000	142939343	-4000	4000	1873
chr7	143048341	143056341	143052637	8000	143052341	-4000	4000	296
chr7	143218037	143226037	143222332	8000	143222037	-4000	4000	295
chr7	143753696	143761696	143756341	8000	143757696	-4000	4000	-1355
chr7	143753696	143761696	143756638	8000	143757696	-4000	4000	-1058
chr7	27153936	27161936	27156661	8000	27157936	-4000	4000	-1275
chr7	101123104	101131104	101128465	8000	101127104	-4000	4000	1361
chr7	22723613	22731613	22729674	8000	22727613	-4000	4000	2061
chr7	143404856	143412856	143407625	8000	143408856	-4000	4000	-1231
chr7	113083778	113091778	113083916	8000	113087778	-4000	4000	-3862
chr7	123553904	123561904	123556561	8000	123557904	-4000	4000	-1343
chr7	27181232	27189232	27184815	8000	27185232	-4000	4000	-417
chr7	7636711	7644711	7637021	8000	7640711	-4000	4000	-3690
chr7	45084969	45092969	45085147	8000	45088969	-4000	4000	-3822
chr7	100598363	100606363	100605759	8000	100602363	-4000	4000	3396
chr7	133249073	133257073	133253163	8000	133253073	-4000	4000	90
chr7	76623279	76631279	76626193	8000	76627279	-4000	4000	-1086
chr7	141786217	141794217	141790497	8000	141790217	-4000	4000	280
chr7	15682683	15690683	15685888	8000	15686683	-4000	4000	-795
chr7	101123104	101131104	101130556	8000	101127104	-4000	4000	3452
chr7	19113636	19121636	19116771	8000	19117636	-4000	4000	-865
chr7	91260433	91268433	91266368	8000	91264433	-4000	4000	1935
chr7	116520994	116528994	116524970	8000	116524994	-4000	4000	-24
chr7	116520994	116528994	116526556	8000	116524994	-4000	4000	1562
chr7	124761792	124769792	124764515	8000	124765792	-4000	4000	-1277
chr7	143023132	143031132	143026971	8000	143027132	-4000	4000	-161
chr7	102359872	102367872	102366073	8000	102363872	-4000	4000	2201
chr7	151044292	151052292	151049277	8000	151048292	-4000	4000	985
chr7	100716468	100724468	100723052	8000	100720468	-4000	4000	2584
chr7	129948960	129956960	129952619	8000	129952960	-4000	4000	-341
chr7	142929746	142937746	142933709	8000	142933746	-4000	4000	-37
chr7	151223166	151231166	151224945	8000	151227166	-4000	4000	-2221
chr7	99462163	99470163	99466166	8000	99466163	-4000	4000	3
chr7	56060002	56068002	56062757	8000	56064002	-4000	4000	-1245
chr7	134523567	134531567	134530804	8000	134527567	-4000	4000	3237
chr7	143996320	144004320	144004206	8000	144000320	-4000	4000	3886
chr7	73429778	73437778	73434746	8000	73433778	-4000	4000	968
chr7	91936840	91944840	91941011	8000	91940840	-4000	4000	171
chr7	73663831	73671831	73670054	8000	73667831	-4000	4000	2223
chr7	143048341	143056341	143052685	8000	143052341	-4000	4000	344
chr7	44975088	44983088	44976878	8000	44979088	-4000	4000	-2210
chr7	155066324	155074324	155071069	8000	155070324	-4000	4000	745
chr7	73304826	73312826	73305081	8000	73308826	-4000	4000	-3745
chr7	44537330	44545330	44539975	8000	44541330	-4000	4000	-1355
chr7	19141421	19149421	19145516	8000	19145421	-4000	4000	95
chr7	91936840	91944840	91941002	8000	91940840	-4000	4000	162
chr7	94000382	94008382	94004323	8000	94004382	-4000	4000	-59
chr7	73324082	73332082	73328200	8000	73328082	-4000	4000	118
chr7	45084969	45092969	45085069	8000	45088969	-4000	4000	-3900
chr7	143358770	143366770	143358917	8000	143362770	-4000	4000	-3853
chr7	122991700	122999700	122994793	8000	122995700	-4000	4000	-907
chr7	100097940	100105940	100105258	8000	100101940	-4000	4000	3318
chr7	27098686	27106686	27100803	8000	27102686	-4000	4000	-1883
chr7	97020950	97028950	97024587	8000	97024950	-4000	4000	-363
chr7	101197038	101205038	101198733	8000	101201038	-4000	4000	-2305
chr7	27092000	27100000	27095331	8000	27096000	-4000	4000	-669
chr7	144105583	144113583	144110195	8000	144109583	-4000	4000	612
chr7	19141421	19149421	19145084	8000	19145421	-4000	4000	-337
chr7	97113698	97121698	97117793	8000	97117698	-4000	4000	95
chr7	56060002	56068002	56060917	8000	56064002	-4000	4000	-3085
chr7	106861278	106869278	106867625	8000	106865278	-4000	4000	2347
chr7	19141421	19149421	19145162	8000	19145421	-4000	4000	-259
chr7	36720549	36728549	36724179	8000	36724549	-4000	4000	-370
chr7	101317823	101325823	101318988	8000	101321823	-4000	4000	-2835
chr7	144044948	144052948	144050605	8000	144048948	-4000	4000	1657
chr7	64790388	64798388	64794476	8000	64794388	-4000	4000	88
chr7	120854402	120862402	120856728	8000	120858402	-4000	4000	-1674
chr7	26197162	26205162	26197729	8000	26201162	-4000	4000	-3433
chr7	28954330	28962330	28957356	8000	28958330	-4000	4000	-974
chr7	44137332	44145332	44145135	8000	44141332	-4000	4000	3803
chr7	56060002	56068002	56060318	8000	56064002	-4000	4000	-3684
chr7	72965466	72973466	72970763	8000	72969466	-4000	4000	1297
chr7	100598363	100606363	100603910	8000	100602363	-4000	4000	1547
chr7	140400433	140408433	140407584	8000	140404433	-4000	4000	3151
chr7	44100345	44108345	44104824	8000	44104345	-4000	4000	479
chr7	100729595	100737595	100736604	8000	100733595	-4000	4000	3009
chr7	129122518	129130518	129127663	8000	129126518	-4000	4000	1145
chr7	101123104	101131104	101130566	8000	101127104	-4000	4000	3462
chr7	112202407	112210407	112206765	8000	112206407	-4000	4000	358
chr7	143358770	143366770	143358884	8000	143362770	-4000	4000	-3886
chr7	144832395	144840395	144835605	8000	144836395	-4000	4000	-790
chr7	73324082	73332082	73325571	8000	73328082	-4000	4000	-2511
chr7	74195652	74203652	74196396	8000	74199652	-4000	4000	-3256
chr7	75391063	75399063	75399050	8000	75395063	-4000	4000	3987
chr7	91260433	91268433	91267197	8000	91264433	-4000	4000	2764
chr7	97020950	97028950	97024269	8000	97024950	-4000	4000	-681
chr7	135973359	135981359	135977094	8000	135977359	-4000	4000	-265
chr7	142935343	142943343	142939738	8000	142939343	-4000	4000	395
chr7	30748137	30756137	30752173	8000	30752137	-4000	4000	36
chr7	142958363	142966363	142960939	8000	142962363	-4000	4000	-1424
chr7	113083778	113091778	113083935	8000	113087778	-4000	4000	-3843
chr7	141837487	141845487	141841123	8000	141841487	-4000	4000	-364
chr8	64576365	64584365	64576531	8000	64580365	-4000	4000	-3834
chr8	22044995	22052995	22046182	8000	22048995	-4000	4000	-2813
chr8	100127268	100135268	100133759	8000	100131268	-4000	4000	2491
chr8	144133774	144141774	144139267	8000	144137774	-4000	4000	1493
chr8	144133774	144141774	144139228	8000	144137774	-4000	4000	1454
chr8	81691058	81699058	81694541	8000	81695058	-4000	4000	-517
chr8	142782539	142790539	142785278	8000	142786539	-4000	4000	-1261
chr8	42267302	42275302	42272091	8000	42271302	-4000	4000	789
chr8	79763857	79771857	79765319	8000	79767857	-4000	4000	-2538
chr8	58496163	58504163	58498417	8000	58500163	-4000	4000	-1746
chr8	87870015	87878015	87873014	8000	87874015	-4000	4000	-1001
chr8	48917740	48925740	48921404	8000	48921740	-4000	4000	-336
chr8	53247637	53255637	53250805	8000	53251637	-4000	4000	-832
chr8	70067693	70075693	70069245	8000	70071693	-4000	4000	-2448
chr8	74980505	74988505	74986014	8000	74984505	-4000	4000	1509
chr8	87870015	87878015	87873859	8000	87874015	-4000	4000	-156
chr8	132477095	132485095	132480243	8000	132481095	-4000	4000	-852
chr8	24436930	24444930	24442507	8000	24440930	-4000	4000	1577
chr8	143972734	143980734	143975285	8000	143976734	-4000	4000	-1449
chr8	81691058	81699058	81694053	8000	81695058	-4000	4000	-1005
chr8	66663596	66671596	66665512	8000	66667596	-4000	4000	-2084
chr8	69830978	69838978	69832707	8000	69834978	-4000	4000	-2271
chr8	124446820	124454820	124451279	8000	124450820	-4000	4000	459
chr8	71840412	71848412	71843765	8000	71844412	-4000	4000	-647
chr8	70665185	70673185	70669170	8000	70669185	-4000	4000	-15
chr8	145048465	145056465	145054239	8000	145052465	-4000	4000	1774
chr8	42839325	42847325	42843094	8000	42843325	-4000	4000	-231
chr8	145048465	145056465	145054504	8000	145052465	-4000	4000	2039
chr8	139700109	139708109	139702739	8000	139704109	-4000	4000	-1370
chr8	66663596	66671596	66665669	8000	66667596	-4000	4000	-1927
chr8	26379054	26387054	26379469	8000	26383054	-4000	4000	-3585
chr8	52935182	52943182	52940190	8000	52939182	-4000	4000	1008
chr8	58496163	58504163	58496694	8000	58500163	-4000	4000	-3469
chr8	69830978	69838978	69832375	8000	69834978	-4000	4000	-2603
chr8	79763857	79771857	79765215	8000	79767857	-4000	4000	-2642
chr8	100146623	100154623	100153475	8000	100150623	-4000	4000	2852
chr8	142696111	142704111	142703007	8000	142700111	-4000	4000	2896
chr8	25454476	25462476	25462060	8000	25458476	-4000	4000	3584
chr8	145048465	145056465	145052741	8000	145052465	-4000	4000	276
chr8	106766244	106774244	106770178	8000	106770244	-4000	4000	-66
chr8	23850806	23858806	23851425	8000	23854806	-4000	4000	-3381
chr8	37961953	37969953	37966272	8000	37965953	-4000	4000	319
chr8	87870015	87878015	87873675	8000	87874015	-4000	4000	-340
chr8	106766244	106774244	106770213	8000	106770244	-4000	4000	-31
chr8	124446820	124454820	124452090	8000	124450820	-4000	4000	1270
chr8	33596023	33604023	33597368	8000	33600023	-4000	4000	-2655
chr8	23678938	23686938	23682755	8000	23682938	-4000	4000	-183
chr8	66663596	66671596	66666484	8000	66667596	-4000	4000	-1112
chr8	42047994	42055994	42049180	8000	42051994	-4000	4000	-2814
chr8	15234431	15242431	15237597	8000	15238431	-4000	4000	-834
chr8	108783594	108791594	108785046	8000	108787594	-4000	4000	-2548
chr8	132862958	132870958	132869780	8000	132866958	-4000	4000	2822
chr8	6873936	6881936	6877850	8000	6877936	-4000	4000	-86
chr8	104586733	104594733	104588905	8000	104590733	-4000	4000	-1828
chr8	144329957	144337957	144332666	8000	144333957	-4000	4000	-1291
chr8	56109982	56117982	56113565	8000	56113982	-4000	4000	-417
chr8	96231546	96239546	96235510	8000	96235546	-4000	4000	-36
chr8	109971771	109979771	109972727	8000	109975771	-4000	4000	-3044
chr8	20179206	20187206	20180991	8000	20183206	-4000	4000	-2215
chr8	31029715	31037715	31032496	8000	31033715	-4000	4000	-1219
chr8	31029715	31037715	31032260	8000	31033715	-4000	4000	-1455
chr8	19813391	19821391	19820433	8000	19817391	-4000	4000	3042
chr8	41646817	41654817	41654171	8000	41650817	-4000	4000	3354
chr8	56442671	56450671	56445784	8000	56446671	-4000	4000	-887
chr8	18080998	18088998	18084796	8000	18084998	-4000	4000	-202
chr8	17409528	17417528	17413327	8000	17413528	-4000	4000	-201
chr8	87870015	87878015	87872714	8000	87874015	-4000	4000	-1301
chr8	69830978	69838978	69832347	8000	69834978	-4000	4000	-2631
chr8	79763857	79771857	79767288	8000	79767857	-4000	4000	-569
chr8	79763857	79771857	79767246	8000	79767857	-4000	4000	-611
chr8	39834227	39842227	39838153	8000	39838227	-4000	4000	-74
chr8	96231546	96239546	96235604	8000	96235546	-4000	4000	58
chr8	24909758	24917758	24917299	8000	24913758	-4000	4000	3541
chr8	109971771	109979771	109974162	8000	109975771	-4000	4000	-1609
chr8	36780324	36788324	36784410	8000	36784324	-4000	4000	86
chr8	116762925	116770925	116770320	8000	116766925	-4000	4000	3395
chr8	119412446	119420446	119419274	8000	119416446	-4000	4000	2828
chr8	87870015	87878015	87872992	8000	87874015	-4000	4000	-1023
chr8	119828863	119836863	119832707	8000	119832863	-4000	4000	-156
chr8	25420654	25428654	25423320	8000	25424654	-4000	4000	-1334
chr8	66663596	66671596	66666338	8000	66667596	-4000	4000	-1258
chr8	66122896	66130896	66127399	8000	66126896	-4000	4000	503
chr8	70067693	70075693	70069268	8000	70071693	-4000	4000	-2425
chr8	131036909	131044909	131039632	8000	131040909	-4000	4000	-1277
chr8	108783594	108791594	108784314	8000	108787594	-4000	4000	-3280
chr8	144329957	144337957	144336094	8000	144333957	-4000	4000	2137
chr8	88324025	88332025	88327302	8000	88328025	-4000	4000	-723
chr8	96231546	96239546	96231886	8000	96235546	-4000	4000	-3660
chr8	98113171	98121171	98117112	8000	98117171	-4000	4000	-59
chr8	109971771	109979771	109972435	8000	109975771	-4000	4000	-3336
chr8	132477095	132485095	132480258	8000	132481095	-4000	4000	-837
chr8	143156711	143164711	143158428	8000	143160711	-4000	4000	-2283
chr8	24909758	24917758	24917353	8000	24913758	-4000	4000	3595
chr8	66663596	66671596	66666312	8000	66667596	-4000	4000	-1284
chr8	109971771	109979771	109972303	8000	109975771	-4000	4000	-3468
chr8	109971771	109979771	109972635	8000	109975771	-4000	4000	-3136
chr8	6934306	6942306	6936796	8000	6938306	-4000	4000	-1510
chr8	140454579	140462579	140458449	8000	140458579	-4000	4000	-130
chr8	55769446	55777446	55773628	8000	55773446	-4000	4000	182
chr8	56442671	56450671	56445847	8000	56446671	-4000	4000	-824
chr8	54131241	54139241	54136548	8000	54135241	-4000	4000	1307
chr8	21909690	21917690	21912303	8000	21913690	-4000	4000	-1387
chr8	119412446	119420446	119416931	8000	119416446	-4000	4000	485
chr8	143549207	143557207	143555088	8000	143553207	-4000	4000	1881
chr8	26379054	26387054	26379996	8000	26383054	-4000	4000	-3058
chr8	42373229	42381229	42376982	8000	42377229	-4000	4000	-247
chr8	144462043	144470043	144464139	8000	144466043	-4000	4000	-1904
chr8	140454579	140462579	140458280	8000	140458579	-4000	4000	-299
chr8	81479236	81487236	81480446	8000	81483236	-4000	4000	-2790
chr8	119412446	119420446	119419223	8000	119416446	-4000	4000	2777
chr8	73290602	73298602	73297184	8000	73294602	-4000	4000	2582
chr8	100127268	100135268	100133911	8000	100131268	-4000	4000	2643
chr8	81682331	81690331	81685794	8000	81686331	-4000	4000	-537
chr8	123649801	123657801	123651727	8000	123653801	-4000	4000	-2074
chr8	109971771	109979771	109972434	8000	109975771	-4000	4000	-3337
chr8	87870015	87878015	87873431	8000	87874015	-4000	4000	-584
chr8	24952721	24960721	24954196	8000	24956721	-4000	4000	-2525
chr8	124969295	124977295	124976418	8000	124973295	-4000	4000	3123
chr8	142696111	142704111	142703262	8000	142700111	-4000	4000	3151
chr8	24909758	24917758	24914501	8000	24913758	-4000	4000	743
chr8	39102990	39110990	39103652	8000	39106990	-4000	4000	-3338
chr8	81838866	81846866	81839861	8000	81842866	-4000	4000	-3005
chr8	139700109	139708109	139702920	8000	139704109	-4000	4000	-1189
chr8	100146623	100154623	100153461	8000	100150623	-4000	4000	2838
chr8	106766244	106774244	106769961	8000	106770244	-4000	4000	-283
chr8	38378272	38386272	38381952	8000	38382272	-4000	4000	-320
chr8	142774224	142782224	142775193	8000	142778224	-4000	4000	-3031
chr8	24952721	24960721	24952898	8000	24956721	-4000	4000	-3823
chr8	124994497	125002497	124999211	8000	124998497	-4000	4000	714
chr8	8697937	8705937	8703633	8000	8701937	-4000	4000	1696
chr8	22241133	22249133	22245157	8000	22245133	-4000	4000	24
chr8	24952721	24960721	24956225	8000	24956721	-4000	4000	-496
chr8	88324025	88332025	88327195	8000	88328025	-4000	4000	-830
chr8	23678938	23686938	23681335	8000	23682938	-4000	4000	-1603
chr8	26287508	26295508	26291799	8000	26291508	-4000	4000	291
chr8	40149482	40157482	40154596	8000	40153482	-4000	4000	1114
chr8	40149482	40157482	40154837	8000	40153482	-4000	4000	1355
chr8	21909690	21917690	21909727	8000	21913690	-4000	4000	-3963
chr8	106766244	106774244	106769653	8000	106770244	-4000	4000	-591
chr8	56070510	56078510	56073195	8000	56074510	-4000	4000	-1315
chr8	67052604	67060604	67059605	8000	67056604	-4000	4000	3001
chr8	70067693	70075693	70068529	8000	70071693	-4000	4000	-3164
chr8	86739675	86747675	86743667	8000	86743675	-4000	4000	-8
chr8	94891767	94899767	94893921	8000	94895767	-4000	4000	-1846
chr8	119412446	119420446	119416408	8000	119416446	-4000	4000	-38
chr8	139700109	139708109	139702964	8000	139704109	-4000	4000	-1145
chr8	59115147	59123147	59118883	8000	59119147	-4000	4000	-264
chr8	102234961	102242961	102238703	8000	102238961	-4000	4000	-258
chr8	109971771	109979771	109974086	8000	109975771	-4000	4000	-1685
chr8	12130099	12138099	12137651	8000	12134099	-4000	4000	3552
chr8	38378272	38386272	38381952	8000	38382272	-4000	4000	-320
chr8	142677968	142685968	142680621	8000	142681968	-4000	4000	-1347
chr8	39834227	39842227	39838159	8000	39838227	-4000	4000	-68
chr8	38378272	38386272	38381952	8000	38382272	-4000	4000	-320
chr8	81443439	81451439	81447379	8000	81447439	-4000	4000	-60
chr8	38172533	38180533	38176288	8000	38176533	-4000	4000	-245
chr8	163024	171024	166434	8000	167024	-4000	4000	-590
chr8	7890677	7898677	7894701	8000	7894677	-4000	4000	24
chr8	42047994	42055994	42048644	8000	42051994	-4000	4000	-3350
chr8	47956178	47964178	47957407	8000	47960178	-4000	4000	-2771
chr8	81457579	81465579	81459220	8000	81461579	-4000	4000	-2359
chr8	108783594	108791594	108784979	8000	108787594	-4000	4000	-2615
chr8	56109982	56117982	56113550	8000	56113982	-4000	4000	-432
chr8	26863278	26871278	26864475	8000	26867278	-4000	4000	-2803
chr8	41646817	41654817	41654263	8000	41650817	-4000	4000	3446
chr8	66866749	66874749	66874058	8000	66870749	-4000	4000	3309
chr8	74980505	74988505	74986066	8000	74984505	-4000	4000	1561
chr8	79763857	79771857	79766482	8000	79767857	-4000	4000	-1375
chr8	93750844	93758844	93754868	8000	93754844	-4000	4000	24
chr8	116870776	116878776	116874964	8000	116874776	-4000	4000	188
chr8	21909690	21917690	21910786	8000	21913690	-4000	4000	-2904
chr8	38970228	38978228	38975077	8000	38974228	-4000	4000	849
chr8	55098028	55106028	55103137	8000	55102028	-4000	4000	1109
chr8	87870015	87878015	87873385	8000	87874015	-4000	4000	-630
chr8	94891767	94899767	94893926	8000	94895767	-4000	4000	-1841
chr8	107494055	107502055	107497628	8000	107498055	-4000	4000	-427
chr8	124969295	124977295	124977237	8000	124973295	-4000	4000	3942
chr8	142782539	142790539	142786468	8000	142786539	-4000	4000	-71
chr8	124446820	124454820	124451526	8000	124450820	-4000	4000	706
chr8	123649801	123657801	123651838	8000	123653801	-4000	4000	-1963
chr8	70067693	70075693	70069261	8000	70071693	-4000	4000	-2432
chr8	87870015	87878015	87873609	8000	87874015	-4000	4000	-406
chr8	81457579	81465579	81459181	8000	81461579	-4000	4000	-2398
chr8	23850806	23858806	23851494	8000	23854806	-4000	4000	-3312
chr8	26863278	26871278	26864353	8000	26867278	-4000	4000	-2925
chr8	144462043	144470043	144464948	8000	144466043	-4000	4000	-1095
chr8	124446820	124454820	124451494	8000	124450820	-4000	4000	674
chr8	6934306	6942306	6936093	8000	6938306	-4000	4000	-2213
chr8	140454579	140462579	140458280	8000	140458579	-4000	4000	-299
chr8	66663596	66671596	66665892	8000	66667596	-4000	4000	-1704
chr8	66663596	66671596	66666836	8000	66667596	-4000	4000	-760
chr8	125426358	125434358	125433380	8000	125430358	-4000	4000	3022
chr8	124535458	124543458	124543137	8000	124539458	-4000	4000	3679
chr8	23850806	23858806	23852241	8000	23854806	-4000	4000	-2565
chr8	120809273	120817273	120811489	8000	120813273	-4000	4000	-1784
chr8	132756712	132764712	132758864	8000	132760712	-4000	4000	-1848
chr8	11970599	11978599	11973968	8000	11974599	-4000	4000	-631
chr8	124969295	124977295	124977253	8000	124973295	-4000	4000	3958
chr8	93750844	93758844	93758537	8000	93754844	-4000	4000	3693
chr8	94637074	94645074	94643385	8000	94641074	-4000	4000	2311
chr8	20179206	20187206	20180953	8000	20183206	-4000	4000	-2253
chr8	93750844	93758844	93755829	8000	93754844	-4000	4000	985
chr8	100141817	100149817	100142149	8000	100145817	-4000	4000	-3668
chr8	25454476	25462476	25462194	8000	25458476	-4000	4000	3718
chr8	131036909	131044909	131039667	8000	131040909	-4000	4000	-1242
chr8	144462043	144470043	144468356	8000	144466043	-4000	4000	2313
chr8	47956178	47964178	47963002	8000	47960178	-4000	4000	2824
chr8	37961953	37969953	37964158	8000	37965953	-4000	4000	-1795
chr8	4990972	4998972	4994514	8000	4994972	-4000	4000	-458
chr8	86862415	86870415	86866550	8000	86866415	-4000	4000	135
chr8	40149482	40157482	40154987	8000	40153482	-4000	4000	1505
chr8	42373229	42381229	42374762	8000	42377229	-4000	4000	-2467
chr8	132081655	132089655	132089524	8000	132085655	-4000	4000	3869
chr8	67742378	67750378	67746149	8000	67746378	-4000	4000	-229
chr8	87870015	87878015	87872987	8000	87874015	-4000	4000	-1028
chr8	143364876	143372876	143368284	8000	143368876	-4000	4000	-592
chr8	81691058	81699058	81693896	8000	81695058	-4000	4000	-1162
chr8	42148946	42156946	42154760	8000	42152946	-4000	4000	1814
chr8	124969295	124977295	124977021	8000	124973295	-4000	4000	3726
chr8	24909758	24917758	24914435	8000	24913758	-4000	4000	677
chr8	22105419	22113419	22107958	8000	22109419	-4000	4000	-1461
chr8	31029715	31037715	31031922	8000	31033715	-4000	4000	-1793
chr8	31029715	31037715	31032390	8000	31033715	-4000	4000	-1325
chr8	42373229	42381229	42374197	8000	42377229	-4000	4000	-3032
chr8	48731311	48739311	48735154	8000	48735311	-4000	4000	-157
chr8	51805445	51813445	51809428	8000	51809445	-4000	4000	-17
chr8	55769446	55777446	55773529	8000	55773446	-4000	4000	83
chr8	64576365	64584365	64581594	8000	64580365	-4000	4000	1229
chr8	66122896	66130896	66127283	8000	66126896	-4000	4000	387
chr8	79763857	79771857	79765266	8000	79767857	-4000	4000	-2591
chr8	79763857	79771857	79766486	8000	79767857	-4000	4000	-1371
chr8	81682331	81690331	81685800	8000	81686331	-4000	4000	-531
chr8	100127268	100135268	100133805	8000	100131268	-4000	4000	2537
chr8	102651725	102659725	102651801	8000	102655725	-4000	4000	-3924
chr8	107494055	107502055	107497495	8000	107498055	-4000	4000	-560
chr8	123037968	123045968	123042239	8000	123041968	-4000	4000	271
chr8	31029715	31037715	31032202	8000	31033715	-4000	4000	-1513
chr8	102651725	102659725	102651798	8000	102655725	-4000	4000	-3927
chr8	109971771	109979771	109972459	8000	109975771	-4000	4000	-3312
chr8	25420654	25428654	25428524	8000	25424654	-4000	4000	3870
chr8	18080998	18088998	18087059	8000	18084998	-4000	4000	2061
chr8	24909758	24917758	24917060	8000	24913758	-4000	4000	3302
chr8	24952721	24960721	24956277	8000	24956721	-4000	4000	-444
chr8	26041413	26049413	26044874	8000	26045413	-4000	4000	-539
chr8	26379054	26387054	26380382	8000	26383054	-4000	4000	-2672
chr8	42373229	42381229	42375770	8000	42377229	-4000	4000	-1459
chr8	47956178	47964178	47962992	8000	47960178	-4000	4000	2814
chr8	70067693	70075693	70069195	8000	70071693	-4000	4000	-2498
chr8	70604416	70612416	70608201	8000	70608416	-4000	4000	-215
chr8	93694561	93702561	93701234	8000	93698561	-4000	4000	2673
chr8	102651725	102659725	102651781	8000	102655725	-4000	4000	-3944
chr8	120809273	120817273	120811516	8000	120813273	-4000	4000	-1757
chr8	142782539	142790539	142785596	8000	142786539	-4000	4000	-943
chr8	143836973	143844973	143837481	8000	143840973	-4000	4000	-3492
chr8	42839325	42847325	42843021	8000	42843325	-4000	4000	-304
chr8	48917740	48925740	48918905	8000	48921740	-4000	4000	-2835
chr8	56070510	56078510	56074123	8000	56074510	-4000	4000	-387
chr8	58496163	58504163	58496806	8000	58500163	-4000	4000	-3357
chr8	109082585	109090585	109087902	8000	109086585	-4000	4000	1317
chr8	6831524	6839524	6832719	8000	6835524	-4000	4000	-2805
chr8	41305473	41313473	41308898	8000	41309473	-4000	4000	-575
chr8	79763857	79771857	79765290	8000	79767857	-4000	4000	-2567
chr8	22241133	22249133	22245044	8000	22245133	-4000	4000	-89
chr8	41525218	41533218	41530208	8000	41529218	-4000	4000	990
chr8	144462043	144470043	144467317	8000	144466043	-4000	4000	1274
chr8	52935182	52943182	52940234	8000	52939182	-4000	4000	1052
chr8	87870015	87878015	87872983	8000	87874015	-4000	4000	-1032
chr8	24909758	24917758	24914292	8000	24913758	-4000	4000	534
chr8	25420654	25428654	25423263	8000	25424654	-4000	4000	-1391
chr8	41646817	41654817	41654179	8000	41650817	-4000	4000	3362
chr8	38992754	39000754	38995380	8000	38996754	-4000	4000	-1374
chr8	87870015	87878015	87873263	8000	87874015	-4000	4000	-752
chr8	23850806	23858806	23852263	8000	23854806	-4000	4000	-2543
chr8	38172533	38180533	38177027	8000	38176533	-4000	4000	494
chr8	21909690	21917690	21910692	8000	21913690	-4000	4000	-2998
chr8	39834227	39842227	39838176	8000	39838227	-4000	4000	-51
chr8	131036909	131044909	131039703	8000	131040909	-4000	4000	-1206
chr8	66122896	66130896	66128447	8000	66126896	-4000	4000	1551
chr8	70067693	70075693	70068254	8000	70071693	-4000	4000	-3439
chr8	70665185	70673185	70669080	8000	70669185	-4000	4000	-105
chr8	66174464	66182464	66174683	8000	66178464	-4000	4000	-3781
chr8	109971771	109979771	109972687	8000	109975771	-4000	4000	-3084
chr8	119412446	119420446	119419291	8000	119416446	-4000	4000	2845
chr8	23678938	23686938	23681388	8000	23682938	-4000	4000	-1550
chr8	66663596	66671596	66665283	8000	66667596	-4000	4000	-2313
chr8	106766244	106774244	106769629	8000	106770244	-4000	4000	-615
chr8	40149482	40157482	40153637	8000	40153482	-4000	4000	155
chr8	20179206	20187206	20179253	8000	20183206	-4000	4000	-3953
chr8	81691058	81699058	81694314	8000	81695058	-4000	4000	-744
chr8	93750844	93758844	93755008	8000	93754844	-4000	4000	164
chr8	56109982	56117982	56113721	8000	56113982	-4000	4000	-261
chr8	108783594	108791594	108784299	8000	108787594	-4000	4000	-3295
chr8	86739675	86747675	86743672	8000	86743675	-4000	4000	-3
chr8	26863278	26871278	26864637	8000	26867278	-4000	4000	-2641
chr8	66663596	66671596	66666733	8000	66667596	-4000	4000	-863
chr8	119412446	119420446	119416939	8000	119416446	-4000	4000	493
chr8	81691058	81699058	81694280	8000	81695058	-4000	4000	-778
chr8	51805445	51813445	51809367	8000	51809445	-4000	4000	-78
chr8	73290602	73298602	73292244	8000	73294602	-4000	4000	-2358
chr8	26287508	26295508	26291812	8000	26291508	-4000	4000	304
chr8	87870015	87878015	87873212	8000	87874015	-4000	4000	-803
chr8	108783594	108791594	108784266	8000	108787594	-4000	4000	-3328
chr8	124446820	124454820	124452306	8000	124450820	-4000	4000	1486
chr8	113432939	113440939	113436731	8000	113436939	-4000	4000	-208
chr8	24909758	24917758	24917614	8000	24913758	-4000	4000	3856
chr8	145048465	145056465	145052473	8000	145052465	-4000	4000	8
chr8	37961953	37969953	37964231	8000	37965953	-4000	4000	-1722
chr8	144440440	144448440	144443273	8000	144444440	-4000	4000	-1167
chr8	102651725	102659725	102651890	8000	102655725	-4000	4000	-3835
chr8	37732601	37740601	37735796	8000	37736601	-4000	4000	-805
chr8	87870015	87878015	87873256	8000	87874015	-4000	4000	-759
chr8	87870015	87878015	87873746	8000	87874015	-4000	4000	-269
chr8	106766244	106774244	106769663	8000	106770244	-4000	4000	-581
chr8	23702756	23710756	23702842	8000	23706756	-4000	4000	-3914
chr8	56109982	56117982	56113223	8000	56113982	-4000	4000	-759
chr8	88324025	88332025	88327132	8000	88328025	-4000	4000	-893
chr8	131036909	131044909	131039399	8000	131040909	-4000	4000	-1510
chr8	52935182	52943182	52940880	8000	52939182	-4000	4000	1698
chr8	94891767	94899767	94892836	8000	94895767	-4000	4000	-2931
chr8	28886395	28894395	28890020	8000	28890395	-4000	4000	-375
chr8	74820534	74828534	74825187	8000	74824534	-4000	4000	653
chr8	131036909	131044909	131039716	8000	131040909	-4000	4000	-1193
chr8	144752417	144760417	144754697	8000	144756417	-4000	4000	-1720
chr8	71840412	71848412	71842695	8000	71844412	-4000	4000	-1717
chr8	113432939	113440939	113436710	8000	113436939	-4000	4000	-229
chr8	24952721	24960721	24955729	8000	24956721	-4000	4000	-992
chr8	54131241	54139241	54137328	8000	54135241	-4000	4000	2087
chr8	108783594	108791594	108784689	8000	108787594	-4000	4000	-2905
chr8	124446820	124454820	124451129	8000	124450820	-4000	4000	309
chr8	85103215	85111215	85107312	8000	85107215	-4000	4000	97
chr8	26863278	26871278	26864378	8000	26867278	-4000	4000	-2900
chr8	52935182	52943182	52940773	8000	52939182	-4000	4000	1591
chr8	90787741	90795741	90791909	8000	90791741	-4000	4000	168
chr8	117516713	117524713	117520924	8000	117520713	-4000	4000	211
chr8	124446820	124454820	124451311	8000	124450820	-4000	4000	491
chr9	32779540	32787540	32786436	8000	32783540	-4000	4000	2896
chr9	104523209	104531209	104526758	8000	104527209	-4000	4000	-451
chr9	127220265	127228265	127220998	8000	127224265	-4000	4000	-3267
chr9	36186856	36194856	36191023	8000	36190856	-4000	4000	167
chr9	6641729	6649729	6644674	8000	6645729	-4000	4000	-1055
chr9	104523209	104531209	104526684	8000	104527209	-4000	4000	-525
chr9	135557756	135565756	135562839	8000	135561756	-4000	4000	1083
chr9	19785037	19793037	19786307	8000	19789037	-4000	4000	-2730
chr9	21162660	21170660	21166205	8000	21166660	-4000	4000	-455
chr9	21198205	21206205	21201727	8000	21202205	-4000	4000	-478
chr9	21331404	21339404	21334380	8000	21335404	-4000	4000	-1024
chr9	65732555	65740555	65737154	8000	65736555	-4000	4000	599
chr9	69816817	69824817	69820965	8000	69820817	-4000	4000	148
chr9	114095292	114103292	114097312	8000	114099292	-4000	4000	-1980
chr9	114095292	114103292	114097314	8000	114099292	-4000	4000	-1978
chr9	35954154	35962154	35957987	8000	35958154	-4000	4000	-167
chr9	132578606	132586606	132582845	8000	132582606	-4000	4000	239
chr9	35099195	35107195	35105205	8000	35103195	-4000	4000	2010
chr9	34453414	34461414	34458944	8000	34457414	-4000	4000	1530
chr9	65732555	65740555	65733028	8000	65736555	-4000	4000	-3527
chr9	97303304	97311304	97307744	8000	97307304	-4000	4000	440
chr9	27105141	27113141	27109485	8000	27109141	-4000	4000	344
chr9	132075867	132083867	132079811	8000	132079867	-4000	4000	-56
chr9	136201128	136209128	136208494	8000	136205128	-4000	4000	3366
chr9	35075942	35083942	35077302	8000	35079942	-4000	4000	-2640
chr9	122473926	122481926	122477152	8000	122477926	-4000	4000	-774
chr9	114583706	114591706	114587788	8000	114587706	-4000	4000	82
chr9	34633844	34641844	34635780	8000	34637844	-4000	4000	-2064
chr9	104690518	104698518	104694848	8000	104694518	-4000	4000	330
chr9	122523296	122531296	122526561	8000	122527296	-4000	4000	-735
chr9	97849226	97857226	97856102	8000	97853226	-4000	4000	2876
chr9	34625045	34633045	34625788	8000	34629045	-4000	4000	-3257
chr9	136973518	136981518	136980188	8000	136977518	-4000	4000	2670
chr9	32631669	32639669	32635414	8000	32635669	-4000	4000	-255
chr9	21301313	21309313	21304987	8000	21305313	-4000	4000	-326
chr9	42179659	42187659	42186336	8000	42183659	-4000	4000	2677
chr9	113217544	113225544	113221241	8000	113221544	-4000	4000	-303
chr9	134876810	134884810	134882637	8000	134880810	-4000	4000	1827
chr9	77173445	77181445	77177737	8000	77177445	-4000	4000	292
chr9	100574079	100582079	100577044	8000	100578079	-4000	4000	-1035
chr9	112376080	112384080	112380157	8000	112380080	-4000	4000	77
chr9	122523296	122531296	122526943	8000	122527296	-4000	4000	-353
chr9	6324375	6332375	6330045	8000	6328375	-4000	4000	1670
chr9	21381398	21389398	21384883	8000	21385398	-4000	4000	-515
chr9	32631669	32639669	32634820	8000	32635669	-4000	4000	-849
chr9	113406054	113414054	113413569	8000	113410054	-4000	4000	3515
chr9	19785037	19793037	19786556	8000	19789037	-4000	4000	-2481
chr9	27105141	27113141	27109615	8000	27109141	-4000	4000	474
chr9	36165388	36173388	36170438	8000	36169388	-4000	4000	1050
chr9	34616523	34624523	34623973	8000	34620523	-4000	4000	3450
chr9	104523209	104531209	104526329	8000	104527209	-4000	4000	-880
chr9	35745228	35753228	35749935	8000	35749228	-4000	4000	707
chr9	32631669	32639669	32633085	8000	32635669	-4000	4000	-2584
chr9	35075942	35083942	35078690	8000	35079942	-4000	4000	-1252
chr9	35671866	35679866	35679333	8000	35675866	-4000	4000	3467
chr9	35745228	35753228	35749341	8000	35749228	-4000	4000	113
chr9	104500263	104508263	104504764	8000	104504263	-4000	4000	501
chr9	133475127	133483127	133477126	8000	133479127	-4000	4000	-2001
chr9	95513057	95521057	95516540	8000	95517057	-4000	4000	-517
chr9	104532856	104540856	104536257	8000	104536856	-4000	4000	-599
chr9	104565168	104573168	104570101	8000	104569168	-4000	4000	933
chr9	108851986	108859986	108855031	8000	108855986	-4000	4000	-955
chr9	32631669	32639669	32633701	8000	32635669	-4000	4000	-1968
chr9	34725488	34733488	34728074	8000	34729488	-4000	4000	-1414
chr9	35037095	35045095	35043033	8000	35041095	-4000	4000	1938
chr9	136744453	136752453	136748528	8000	136748453	-4000	4000	75
chr9	136973518	136981518	136980035	8000	136977518	-4000	4000	2517
chr9	21331404	21339404	21333117	8000	21335404	-4000	4000	-2287
chr9	34616523	34624523	34623466	8000	34620523	-4000	4000	2943
chr9	65281209	65289209	65283967	8000	65285209	-4000	4000	-1242
chr9	65732555	65740555	65737556	8000	65736555	-4000	4000	1001
chr9	35037095	35045095	35043845	8000	35041095	-4000	4000	2750
chr9	6324375	6332375	6329975	8000	6328375	-4000	4000	1600
chr9	21331404	21339404	21335214	8000	21335404	-4000	4000	-190
chr9	6011625	6019625	6013135	8000	6015625	-4000	4000	-2490
chr9	35068668	35076668	35076500	8000	35072668	-4000	4000	3832
chr9	129820244	129828244	129822557	8000	129824244	-4000	4000	-1687
chr9	32779540	32787540	32784681	8000	32783540	-4000	4000	1141
chr9	104595413	104603413	104598785	8000	104599413	-4000	4000	-628
chr9	35671866	35679866	35676378	8000	35675866	-4000	4000	512
chr9	21137832	21145832	21141049	8000	21141832	-4000	4000	-783
chr9	83952986	83960986	83955521	8000	83956986	-4000	4000	-1465
chr9	83976616	83984616	83978243	8000	83980616	-4000	4000	-2373
chr9	83952986	83960986	83955527	8000	83956986	-4000	4000	-1459
chr9	21224222	21232222	21227651	8000	21228222	-4000	4000	-571
chr9	21224222	21232222	21228015	8000	21228222	-4000	4000	-207
chr9	108851986	108859986	108854892	8000	108855986	-4000	4000	-1094
chr9	35671866	35679866	35676163	8000	35675866	-4000	4000	297
chr9	6641729	6649729	6644693	8000	6645729	-4000	4000	-1036
chr9	32631669	32639669	32632015	8000	32635669	-4000	4000	-3654
chr9	35099195	35107195	35105709	8000	35103195	-4000	4000	2514
chr9	35671866	35679866	35675351	8000	35675866	-4000	4000	-515
chr9	94324644	94332644	94325903	8000	94328644	-4000	4000	-2741
chr9	108858266	108866266	108863299	8000	108862266	-4000	4000	1033
chr9	127933854	127941854	127935693	8000	127937854	-4000	4000	-2161
chr9	136406641	136414641	136412154	8000	136410641	-4000	4000	1513
chr9	21236005	21244005	21239925	8000	21240005	-4000	4000	-80
chr9	32631669	32639669	32634838	8000	32635669	-4000	4000	-831
chr9	125237382	125245382	125239050	8000	125241382	-4000	4000	-2332
chr9	64365394	64373394	64367932	8000	64369394	-4000	4000	-1462
chr9	21073942	21081942	21077757	8000	21077942	-4000	4000	-185
chr9	97303304	97311304	97307744	8000	97307304	-4000	4000	440
chr9	100574079	100582079	100576750	8000	100578079	-4000	4000	-1329
chr9	125237382	125245382	125239528	8000	125241382	-4000	4000	-1854
chr9	135557756	135565756	135562856	8000	135561756	-4000	4000	1100
chr9	21236005	21244005	21239902	8000	21240005	-4000	4000	-103
chr9	34616523	34624523	34622416	8000	34620523	-4000	4000	1893
chr9	108851986	108859986	108855972	8000	108855986	-4000	4000	-14
chr9	137073517	137081517	137078460	8000	137077517	-4000	4000	943
chr9	35075942	35083942	35078185	8000	35079942	-4000	4000	-1757
chr9	61186003	61194003	61192549	8000	61190003	-4000	4000	2546
chr9	134913912	134921912	134916397	8000	134917912	-4000	4000	-1515
chr9	41124681	41132681	41127246	8000	41128681	-4000	4000	-1435
chr9	131285459	131293459	131290309	8000	131289459	-4000	4000	850
chr9	137082857	137090857	137088284	8000	137086857	-4000	4000	1427
chr9	81984772	81992772	81990463	8000	81988772	-4000	4000	1691
chr9	99217942	99225942	99218138	8000	99221942	-4000	4000	-3804
chr9	32631669	32639669	32633085	8000	32635669	-4000	4000	-2584
chr9	33469930	33477930	33470123	8000	33473930	-4000	4000	-3807
chr9	105443796	105451796	105448092	8000	105447796	-4000	4000	296
chr9	105690541	105698541	105694668	8000	105694541	-4000	4000	127
chr9	132075867	132083867	132079689	8000	132079867	-4000	4000	-178
chr9	35745228	35753228	35749741	8000	35749228	-4000	4000	513
chr9	35745228	35753228	35751664	8000	35749228	-4000	4000	2436
chr9	86350454	86358454	86352903	8000	86354454	-4000	4000	-1551
chr9	19045427	19053427	19050616	8000	19049427	-4000	4000	1189
chr9	32631669	32639669	32633235	8000	32635669	-4000	4000	-2434
chr9	35787003	35795003	35792635	8000	35791003	-4000	4000	1632
chr9	32569184	32577184	32571051	8000	32573184	-4000	4000	-2133
chr9	122610738	122618738	122614962	8000	122614738	-4000	4000	224
chr9	33021130	33029130	33025279	8000	33025130	-4000	4000	149
chr9	34123399	34131399	34125209	8000	34127399	-4000	4000	-2190
chr9	35037095	35045095	35044017	8000	35041095	-4000	4000	2922
chr9	39351669	39359669	39358744	8000	39355669	-4000	4000	3075
chr9	122671130	122679130	122675941	8000	122675130	-4000	4000	811
chr9	135517438	135525438	135521533	8000	135521438	-4000	4000	95
chr9	6011625	6019625	6015273	8000	6015625	-4000	4000	-352
chr9	16866843	16874843	16870700	8000	16870843	-4000	4000	-143
chr9	122506802	122514802	122511356	8000	122510802	-4000	4000	554
chr9	81984772	81992772	81991554	8000	81988772	-4000	4000	2782
chr9	104500263	104508263	104504560	8000	104504263	-4000	4000	297
chr9	125237382	125245382	125239139	8000	125241382	-4000	4000	-2243
chr9	129077111	129085111	129085022	8000	129081111	-4000	4000	3911
chr9	61186003	61194003	61193138	8000	61190003	-4000	4000	3135
chr9	69010113	69018113	69013892	8000	69014113	-4000	4000	-221
chr9	131285459	131293459	131290301	8000	131289459	-4000	4000	842
chr9	113052759	113060759	113056592	8000	113056759	-4000	4000	-167
chr9	21183671	21191671	21187339	8000	21187671	-4000	4000	-332
chr9	42179659	42187659	42186033	8000	42183659	-4000	4000	2374
chr9	41124681	41132681	41127360	8000	41128681	-4000	4000	-1321
chr9	65281209	65289209	65283354	8000	65285209	-4000	4000	-1855
chr9	87878877	87886877	87886515	8000	87882877	-4000	4000	3638
chr9	14718733	14726733	14719821	8000	14722733	-4000	4000	-2912
chr9	36165388	36173388	36170530	8000	36169388	-4000	4000	1142
chr9	87493228	87501228	87499033	8000	87497228	-4000	4000	1805
chr9	81984772	81992772	81992724	8000	81988772	-4000	4000	3952
chr9	68298867	68306867	68302973	8000	68302867	-4000	4000	106
chr9	20618499	20626499	20622269	8000	20622499	-4000	4000	-230
chr9	104523209	104531209	104526888	8000	104527209	-4000	4000	-321
chr9	6011625	6019625	6013905	8000	6015625	-4000	4000	-1720
chr9	114325869	114333869	114330542	8000	114329869	-4000	4000	673
chr9	35745228	35753228	35749398	8000	35749228	-4000	4000	170
chr9	92321636	92329636	92324093	8000	92325636	-4000	4000	-1543
chr9	135542126	135550126	135547945	8000	135546126	-4000	4000	1819
chr9	6011625	6019625	6012355	8000	6015625	-4000	4000	-3270
chr9	104601627	104609627	104605014	8000	104605627	-4000	4000	-613
chr9	21364962	21372962	21367944	8000	21368962	-4000	4000	-1018
chr9	77644322	77652322	77647815	8000	77648322	-4000	4000	-507
chr9	104532856	104540856	104536346	8000	104536856	-4000	4000	-510
chr9	122784933	122792933	122789275	8000	122788933	-4000	4000	342
chr9	6011625	6019625	6012280	8000	6015625	-4000	4000	-3345
chr9	132578606	132586606	132582998	8000	132582606	-4000	4000	392
chr9	114325869	114333869	114331826	8000	114329869	-4000	4000	1957
chr9	125185939	125193939	125189726	8000	125189939	-4000	4000	-213
chr9	74493335	74501335	74497932	8000	74497335	-4000	4000	597
chr9	84664375	84672375	84670915	8000	84668375	-4000	4000	2540
chr9	81984772	81992772	81992611	8000	81988772	-4000	4000	3839
chr9	101734647	101742647	101737311	8000	101738647	-4000	4000	-1336
chr9	105658457	105666457	105662478	8000	105662457	-4000	4000	21
chr9	114417	122417	121439	8000	118417	-4000	4000	3022
chr9	35671866	35679866	35674293	8000	35675866	-4000	4000	-1573
chr9	120710470	120718470	120713943	8000	120714470	-4000	4000	-527
chr9	120710470	120718470	120713944	8000	120714470	-4000	4000	-526
chr9	35866401	35874401	35870178	8000	35870401	-4000	4000	-223
chr9	104614204	104622204	104617394	8000	104618204	-4000	4000	-810
chr9	35642810	35650810	35649947	8000	35646810	-4000	4000	3137
chr9	113406054	113414054	113413589	8000	113410054	-4000	4000	3535
chr9	104532856	104540856	104535966	8000	104536856	-4000	4000	-890
chr9	128145071	128153071	128149514	8000	128149071	-4000	4000	443
chr9	35646931	35654931	35650932	8000	35650931	-4000	4000	1
chr9	122366530	122374530	122371059	8000	122370530	-4000	4000	529
chr9	35745228	35753228	35751640	8000	35749228	-4000	4000	2412
chr9	133632363	133640363	133636383	8000	133636363	-4000	4000	20
chr9	21381398	21389398	21385236	8000	21385398	-4000	4000	-162
chr9	21224222	21232222	21228029	8000	21228222	-4000	4000	-193
chr9	21381398	21389398	21384862	8000	21385398	-4000	4000	-536
chr9	81984772	81992772	81990855	8000	81988772	-4000	4000	2083
chr9	104565168	104573168	104569972	8000	104569168	-4000	4000	804
chr9	122610738	122618738	122615331	8000	122614738	-4000	4000	593
chr9	131121586	131129586	131125632	8000	131125586	-4000	4000	46
chr9	101734647	101742647	101737575	8000	101738647	-4000	4000	-1072
chr9	14718733	14726733	14720006	8000	14722733	-4000	4000	-2727
chr9	21364962	21372962	21367849	8000	21368962	-4000	4000	-1113
chr9	122625573	122633573	122628839	8000	122629573	-4000	4000	-734
chr9	21364962	21372962	21367502	8000	21368962	-4000	4000	-1460
chr9	69010113	69018113	69013789	8000	69014113	-4000	4000	-324
chr9	6011625	6019625	6013396	8000	6015625	-4000	4000	-2229
chr9	113406054	113414054	113407993	8000	113410054	-4000	4000	-2061
chr9	21162660	21170660	21166407	8000	21166660	-4000	4000	-253
chr9	107486482	107494482	107487067	8000	107490482	-4000	4000	-3415
chr9	122719990	122727990	122724262	8000	122723990	-4000	4000	272
chr9	32631669	32639669	32634888	8000	32635669	-4000	4000	-781
chr9	127712079	127720079	127716197	8000	127716079	-4000	4000	118
chr9	21073942	21081942	21077644	8000	21077942	-4000	4000	-298
chr9	86279102	86287102	86282459	8000	86283102	-4000	4000	-643
chr9	35866401	35874401	35870124	8000	35870401	-4000	4000	-277
chr9	21183671	21191671	21186956	8000	21187671	-4000	4000	-715
chr9	128367361	128375361	128371370	8000	128371361	-4000	4000	9
chr9	71442904	71450904	71446781	8000	71446904	-4000	4000	-123
chr9	108858266	108866266	108863093	8000	108862266	-4000	4000	827
chr9	122549112	122557112	122553271	8000	122553112	-4000	4000	159
chr9	122506802	122514802	122511718	8000	122510802	-4000	4000	916
chr9	21073942	21081942	21077515	8000	21077942	-4000	4000	-427
chr9	35099195	35107195	35105150	8000	35103195	-4000	4000	1955
chr9	35642810	35650810	35650371	8000	35646810	-4000	4000	3561
chr9	35866401	35874401	35869721	8000	35870401	-4000	4000	-680
chr9	98704935	98712935	98708468	8000	98708935	-4000	4000	-467
chr9	122719990	122727990	122724469	8000	122723990	-4000	4000	479
chr9	127712079	127720079	127717012	8000	127716079	-4000	4000	933
chr9	33469930	33477930	33470042	8000	33473930	-4000	4000	-3888
chr9	69010113	69018113	69013395	8000	69014113	-4000	4000	-718
chr9	104614204	104622204	104617401	8000	104618204	-4000	4000	-803
chr9	6011625	6019625	6014816	8000	6015625	-4000	4000	-809
chr9	114074328	114082328	114078134	8000	114078328	-4000	4000	-194
chr9	101024727	101032727	101028956	8000	101028727	-4000	4000	229
chr9	108851986	108859986	108855251	8000	108855986	-4000	4000	-735
chr9	21203143	21211143	21207103	8000	21207143	-4000	4000	-40
chr9	122784933	122792933	122789003	8000	122788933	-4000	4000	70
chr9	35810451	35818451	35813389	8000	35814451	-4000	4000	-1062
chr9	135517438	135525438	135524862	8000	135521438	-4000	4000	3424
chr9	210854	218854	214384	8000	214854	-4000	4000	-470
chr9	6324375	6332375	6331219	8000	6328375	-4000	4000	2844
chr9	21331404	21339404	21334866	8000	21335404	-4000	4000	-538
chr9	21478313	21486313	21481400	8000	21482313	-4000	4000	-913
chr9	34706136	34714136	34710099	8000	34710136	-4000	4000	-37
chr9	86350454	86358454	86352930	8000	86354454	-4000	4000	-1524
chr9	133352676	133360676	133354944	8000	133356676	-4000	4000	-1732
chr9	137082857	137090857	137088916	8000	137086857	-4000	4000	2059
chr9	122473926	122481926	122477893	8000	122477926	-4000	4000	-33
chr9	21203143	21211143	21206845	8000	21207143	-4000	4000	-298
chr9	86943506	86951506	86946075	8000	86947506	-4000	4000	-1431
chr9	86943506	86951506	86946924	8000	86947506	-4000	4000	-582
chr9	122260603	122268603	122264911	8000	122264603	-4000	4000	308
chr9	122784933	122792933	122789668	8000	122788933	-4000	4000	735
chr9	122909323	122917323	122911535	8000	122913323	-4000	4000	-1788
chr9	132406043	132414043	132410399	8000	132410043	-4000	4000	356
chr9	61186003	61194003	61192474	8000	61190003	-4000	4000	2471
chr9	35745228	35753228	35752860	8000	35749228	-4000	4000	3632
chr9	21224222	21232222	21227496	8000	21228222	-4000	4000	-726
chr9	21224222	21232222	21227708	8000	21228222	-4000	4000	-514
chr9	21301313	21309313	21304749	8000	21305313	-4000	4000	-564
chr9	21331404	21339404	21334110	8000	21335404	-4000	4000	-1294
chr9	21347378	21355378	21350380	8000	21351378	-4000	4000	-998
chr9	21405117	21413117	21409747	8000	21409117	-4000	4000	630
chr9	33443596	33451596	33443641	8000	33447596	-4000	4000	-3955
chr9	97303304	97311304	97307794	8000	97307304	-4000	4000	490
chr9	113217544	113225544	113221306	8000	113221544	-4000	4000	-238
chr9	133205250	133213250	133208543	8000	133209250	-4000	4000	-707
chr9	69010113	69018113	69013946	8000	69014113	-4000	4000	-167
chr9	4662674	4670674	4665060	8000	4666674	-4000	4000	-1614
chr9	12771020	12779020	12775752	8000	12775020	-4000	4000	732
chr9	21364962	21372962	21367457	8000	21368962	-4000	4000	-1505
chr9	32779540	32787540	32787357	8000	32783540	-4000	4000	3817
chr9	35037095	35045095	35042873	8000	35041095	-4000	4000	1778
chr9	35037095	35045095	35043270	8000	35041095	-4000	4000	2175
chr9	35037095	35045095	35043368	8000	35041095	-4000	4000	2273
chr9	35954154	35962154	35957374	8000	35958154	-4000	4000	-780
chr9	36165388	36173388	36169688	8000	36169388	-4000	4000	300
chr9	122901359	122909359	122905272	8000	122905359	-4000	4000	-87
chr9	132874777	132882777	132878184	8000	132878777	-4000	4000	-593
chr9	136369681	136377681	136370943	8000	136373681	-4000	4000	-2738
chr9	137247261	137255261	137252513	8000	137251261	-4000	4000	1252
chr9	35902202	35910202	35906379	8000	35906202	-4000	4000	177
chr9	36165388	36173388	36170595	8000	36169388	-4000	4000	1207
chr9	65732555	65740555	65737408	8000	65736555	-4000	4000	853
chr9	70039848	70047848	70044224	8000	70043848	-4000	4000	376
chr9	113406054	113414054	113413779	8000	113410054	-4000	4000	3725
chr9	122523296	122531296	122526652	8000	122527296	-4000	4000	-644
chr9	111326224	111334224	111327789	8000	111330224	-4000	4000	-2435
chr9	135698185	135706185	135698470	8000	135702185	-4000	4000	-3715
chr9	21073942	21081942	21077626	8000	21077942	-4000	4000	-316
chr9	21203143	21211143	21206601	8000	21207143	-4000	4000	-542
chr9	100574079	100582079	100578141	8000	100578079	-4000	4000	62
chr9	35037095	35045095	35043980	8000	35041095	-4000	4000	2885
chr9	122909323	122917323	122910682	8000	122913323	-4000	4000	-2641
chr9	128336527	128344527	128343270	8000	128340527	-4000	4000	2743
chr9	32631669	32639669	32633920	8000	32635669	-4000	4000	-1749
chr9	27105141	27113141	27109574	8000	27109141	-4000	4000	433
chr9	17130982	17138982	17135352	8000	17134982	-4000	4000	370
chr9	104601627	104609627	104605328	8000	104605627	-4000	4000	-299
chr9	77015655	77023655	77020049	8000	77019655	-4000	4000	394
chr9	32631669	32639669	32632817	8000	32635669	-4000	4000	-2852
chr9	34518990	34526990	34520904	8000	34522990	-4000	4000	-2086
chr9	32631669	32639669	32632678	8000	32635669	-4000	4000	-2991
chr9	108851986	108859986	108855667	8000	108855986	-4000	4000	-319
chr9	21203143	21211143	21206600	8000	21207143	-4000	4000	-543
chr9	32779540	32787540	32785048	8000	32783540	-4000	4000	1508
chr9	122515141	122523141	122519531	8000	122519141	-4000	4000	390
chr9	21073942	21081942	21077876	8000	21077942	-4000	4000	-66
chr9	122523296	122531296	122526562	8000	122527296	-4000	4000	-734
chr9	84664375	84672375	84670905	8000	84668375	-4000	4000	2530
chr9	14718733	14726733	14722328	8000	14722733	-4000	4000	-405
chr9	135698185	135706185	135699522	8000	135702185	-4000	4000	-2663
chr9	35646931	35654931	35650903	8000	35650931	-4000	4000	-28
chr9	122155779	122163779	122159976	8000	122159779	-4000	4000	197
chr9	122260603	122268603	122261499	8000	122264603	-4000	4000	-3104
chr9	135517438	135525438	135521570	8000	135521438	-4000	4000	132
chr9	104565168	104573168	104569805	8000	104569168	-4000	4000	637
chr9	21224222	21232222	21227805	8000	21228222	-4000	4000	-417
chr9	128943603	128951603	128946020	8000	128947603	-4000	4000	-1583
chr9	136369681	136377681	136370698	8000	136373681	-4000	4000	-2983
chr9	129830698	129838698	129833467	8000	129834698	-4000	4000	-1231
chr9	6324375	6332375	6330991	8000	6328375	-4000	4000	2616
chr9	122824588	122832588	122826709	8000	122828588	-4000	4000	-1879
chr9	21478313	21486313	21481514	8000	21482313	-4000	4000	-799
chr9	34725488	34733488	34726879	8000	34729488	-4000	4000	-2609
chr9	135557756	135565756	135564247	8000	135561756	-4000	4000	2491
chr9	104595413	104603413	104598509	8000	104599413	-4000	4000	-904
chr9	136744453	136752453	136748432	8000	136748453	-4000	4000	-21
chr9	68298867	68306867	68303913	8000	68302867	-4000	4000	1046
chr9	128943603	128951603	128946577	8000	128947603	-4000	4000	-1026
chr9	35745228	35753228	35750661	8000	35749228	-4000	4000	1433
chr9	68298867	68306867	68303897	8000	68302867	-4000	4000	1030
chr9	40219285	40227285	40223529	8000	40223285	-4000	4000	244
chr9	101734647	101742647	101737486	8000	101738647	-4000	4000	-1161
chr9	128145071	128153071	128151692	8000	128149071	-4000	4000	2621
chr9	127712079	127720079	127716022	8000	127716079	-4000	4000	-57
chr9	21213311	21221311	21217073	8000	21217311	-4000	4000	-238
chr9	104614204	104622204	104617803	8000	104618204	-4000	4000	-401
chr9	117700157	117708157	117704550	8000	117704157	-4000	4000	393
chr9	6011625	6019625	6015410	8000	6015625	-4000	4000	-215
chr9	6324375	6332375	6330070	8000	6328375	-4000	4000	1695
chr9	14718733	14726733	14722629	8000	14722733	-4000	4000	-104
chr9	20618499	20626499	20622270	8000	20622499	-4000	4000	-229
chr9	21073942	21081942	21077166	8000	21077942	-4000	4000	-776
chr9	21213311	21221311	21217192	8000	21217311	-4000	4000	-119
chr9	21224222	21232222	21227956	8000	21228222	-4000	4000	-266
chr9	21224222	21232222	21228098	8000	21228222	-4000	4000	-124
chr9	32569184	32577184	32570986	8000	32573184	-4000	4000	-2198
chr9	32631669	32639669	32632777	8000	32635669	-4000	4000	-2892
chr9	35037095	35045095	35044907	8000	35041095	-4000	4000	3812
chr9	35068668	35076668	35074435	8000	35072668	-4000	4000	1767
chr9	35745228	35753228	35752773	8000	35749228	-4000	4000	3545
chr9	36165388	36173388	36169866	8000	36169388	-4000	4000	478
chr9	37481948	37489948	37486231	8000	37485948	-4000	4000	283
chr9	68536883	68544883	68537416	8000	68540883	-4000	4000	-3467
chr9	69010113	69018113	69013998	8000	69014113	-4000	4000	-115
chr9	71907193	71915193	71911737	8000	71911193	-4000	4000	544
chr9	76902114	76910114	76906039	8000	76906114	-4000	4000	-75
chr9	78232062	78240062	78236542	8000	78236062	-4000	4000	480
chr9	81984772	81992772	81991982	8000	81988772	-4000	4000	3210
chr9	83952986	83960986	83956171	8000	83956986	-4000	4000	-815
chr9	87878877	87886877	87886424	8000	87882877	-4000	4000	3547
chr9	96924310	96932310	96928994	8000	96928310	-4000	4000	684
chr9	104601627	104609627	104604912	8000	104605627	-4000	4000	-715
chr9	104614204	104622204	104618180	8000	104618204	-4000	4000	-24
chr9	104690518	104698518	104694557	8000	104694518	-4000	4000	39
chr9	104690518	104698518	104695211	8000	104694518	-4000	4000	693
chr9	108851986	108859986	108855819	8000	108855986	-4000	4000	-167
chr9	111326224	111334224	111327643	8000	111330224	-4000	4000	-2581
chr9	114074328	114082328	114078207	8000	114078328	-4000	4000	-121
chr9	122473926	122481926	122477117	8000	122477926	-4000	4000	-809
chr9	127712079	127720079	127715567	8000	127716079	-4000	4000	-512
chr9	127712079	127720079	127716217	8000	127716079	-4000	4000	138
chr9	129820244	129828244	129822716	8000	129824244	-4000	4000	-1528
chr9	131121586	131129586	131125642	8000	131125586	-4000	4000	56
chr9	133205250	133213250	133206381	8000	133209250	-4000	4000	-2869
chr9	134913912	134921912	134917766	8000	134917912	-4000	4000	-146
chr9	135542126	135550126	135546777	8000	135546126	-4000	4000	651
chr9	137024915	137032915	137028876	8000	137028915	-4000	4000	-39
chr9	34518990	34526990	34521804	8000	34522990	-4000	4000	-1186
chr9	135497734	135505734	135498582	8000	135501734	-4000	4000	-3152
chr9	131272510	131280510	131275907	8000	131276510	-4000	4000	-603
chr9	122610738	122618738	122615552	8000	122614738	-4000	4000	814
chr9	99217942	99225942	99218333	8000	99221942	-4000	4000	-3609
chr9	32631669	32639669	32632177	8000	32635669	-4000	4000	-3492
chr9	35810451	35818451	35811638	8000	35814451	-4000	4000	-2813
chr9	21478313	21486313	21481119	8000	21482313	-4000	4000	-1194
chr9	104565168	104573168	104569991	8000	104569168	-4000	4000	823
chr9	129830698	129838698	129835257	8000	129834698	-4000	4000	559
chr9	35787003	35795003	35794044	8000	35791003	-4000	4000	3041
chr9	104565168	104573168	104570103	8000	104569168	-4000	4000	935
chr9	104565168	104573168	104570104	8000	104569168	-4000	4000	936
chr9	6011625	6019625	6013269	8000	6015625	-4000	4000	-2356
chr9	6011625	6019625	6013702	8000	6015625	-4000	4000	-1923
chr9	21331404	21339404	21334139	8000	21335404	-4000	4000	-1265
chr9	21436439	21444439	21440442	8000	21440439	-4000	4000	3
chr9	21436439	21444439	21441212	8000	21440439	-4000	4000	773
chr9	32631669	32639669	32632168	8000	32635669	-4000	4000	-3501
chr9	32631669	32639669	32635412	8000	32635669	-4000	4000	-257
chr9	32779540	32787540	32784774	8000	32783540	-4000	4000	1234
chr9	34687276	34695276	34689965	8000	34691276	-4000	4000	-1311
chr9	34706136	34714136	34709126	8000	34710136	-4000	4000	-1010
chr9	35092601	35100601	35092809	8000	35096601	-4000	4000	-3792
chr9	35646931	35654931	35650834	8000	35650931	-4000	4000	-97
chr9	35745287	35753287	35753264	8000	35749287	-4000	4000	3977
chr9	65732555	65740555	65737227	8000	65736555	-4000	4000	672
chr9	81984772	81992772	81992261	8000	81988772	-4000	4000	3489
chr9	88134475	88142475	88134858	8000	88138475	-4000	4000	-3617
chr9	100574079	100582079	100576612	8000	100578079	-4000	4000	-1467
chr9	111326224	111334224	111327757	8000	111330224	-4000	4000	-2467
chr9	111326224	111334224	111328355	8000	111330224	-4000	4000	-1869
chr9	111521159	111529159	111527656	8000	111525159	-4000	4000	2497
chr9	114325869	114333869	114331652	8000	114329869	-4000	4000	1783
chr9	122625573	122633573	122629227	8000	122629573	-4000	4000	-346
chr9	122671130	122679130	122675180	8000	122675130	-4000	4000	50
chr9	104500263	104508263	104504546	8000	104504263	-4000	4000	283
chr9	35157992	35165992	35162281	8000	35161992	-4000	4000	289
chr9	14718733	14726733	14722338	8000	14722733	-4000	4000	-395
chr9	35037095	35045095	35043677	8000	35041095	-4000	4000	2582
chr9	108858266	108866266	108863049	8000	108862266	-4000	4000	783
chr9	127712079	127720079	127712205	8000	127716079	-4000	4000	-3874
chr9	104601627	104609627	104605322	8000	104605627	-4000	4000	-305
chr9	114926595	114934595	114930109	8000	114930595	-4000	4000	-486
chr9	27293150	27301150	27296630	8000	27297150	-4000	4000	-520
chr9	128783253	128791253	128790767	8000	128787253	-4000	4000	3514
chr9	133344218	133352218	133344236	8000	133348218	-4000	4000	-3982
chr9	69010113	69018113	69013883	8000	69014113	-4000	4000	-230
chr9	122523296	122531296	122526616	8000	122527296	-4000	4000	-680
chr9	34123399	34131399	34125234	8000	34127399	-4000	4000	-2165
chr9	114319098	114327098	114323691	8000	114323098	-4000	4000	593
chr9	6011625	6019625	6012961	8000	6015625	-4000	4000	-2664
chr9	21198205	21206205	21202188	8000	21202205	-4000	4000	-17
chr9	81984772	81992772	81992192	8000	81988772	-4000	4000	3420
chr9	21405117	21413117	21409273	8000	21409117	-4000	4000	156
chr9	32569184	32577184	32571009	8000	32573184	-4000	4000	-2175
chr9	32631669	32639669	32633552	8000	32635669	-4000	4000	-2117
chr9	36165388	36173388	36169594	8000	36169388	-4000	4000	206
chr9	81984772	81992772	81990970	8000	81988772	-4000	4000	2198
chr9	97303304	97311304	97309436	8000	97307304	-4000	4000	2132
chr9	128943603	128951603	128945662	8000	128947603	-4000	4000	-1941
chr9	131736076	131744076	131737442	8000	131740076	-4000	4000	-2634
chr9	136754543	136762543	136757058	8000	136758543	-4000	4000	-1485
chr9	131121586	131129586	131127675	8000	131125586	-4000	4000	2089
chr9	104565168	104573168	104569378	8000	104569168	-4000	4000	210
chr9	21162660	21170660	21166062	8000	21166660	-4000	4000	-598
chr9	35745228	35753228	35749245	8000	35749228	-4000	4000	17
chr9	128943603	128951603	128945673	8000	128947603	-4000	4000	-1930
chr9	77015655	77023655	77019698	8000	77019655	-4000	4000	43
chr9	32631669	32639669	32631816	8000	32635669	-4000	4000	-3853
chr9	89314500	89322500	89319707	8000	89318500	-4000	4000	1207
chr9	128145071	128153071	128150443	8000	128149071	-4000	4000	1372
chr9	4675559	4683559	4679763	8000	4679559	-4000	4000	204
chr9	97303304	97311304	97307759	8000	97307304	-4000	4000	455
chr9	83976616	83984616	83978215	8000	83980616	-4000	4000	-2401
chr9	104523209	104531209	104526850	8000	104527209	-4000	4000	-359
chr9	137082857	137090857	137088328	8000	137086857	-4000	4000	1471
chr9	21236005	21244005	21239567	8000	21240005	-4000	4000	-438
chr9	83976616	83984616	83978243	8000	83980616	-4000	4000	-2373
chr9	134876810	134884810	134880905	8000	134880810	-4000	4000	95
chr9	21213311	21221311	21216923	8000	21217311	-4000	4000	-388
chr9	35787003	35795003	35792581	8000	35791003	-4000	4000	1578
chr9	5227419	5235419	5233728	8000	5231419	-4000	4000	2309
chr9	21381398	21389398	21385029	8000	21385398	-4000	4000	-369
chr9	65732555	65740555	65737143	8000	65736555	-4000	4000	588
chr9	129820244	129828244	129822694	8000	129824244	-4000	4000	-1550
chr9	122523296	122531296	122526919	8000	122527296	-4000	4000	-377
chr9	20618499	20626499	20620669	8000	20622499	-4000	4000	-1830
chr9	21364962	21372962	21367457	8000	21368962	-4000	4000	-1505
chr9	21162660	21170660	21166508	8000	21166660	-4000	4000	-152
chr9	110664779	110672779	110668919	8000	110668779	-4000	4000	140
chr9	21198205	21206205	21201827	8000	21202205	-4000	4000	-378
chr9	35092601	35100601	35093220	8000	35096601	-4000	4000	-3381
chr9	114325869	114333869	114329980	8000	114329869	-4000	4000	111
chr9	137455334	137463334	137462308	8000	137459334	-4000	4000	2974
chr9	21183671	21191671	21186889	8000	21187671	-4000	4000	-782
chr9	39351669	39359669	39358850	8000	39355669	-4000	4000	3181
chr9	105658457	105666457	105662908	8000	105662457	-4000	4000	451
chr9	105690541	105698541	105694589	8000	105694541	-4000	4000	48
chr9	128145071	128153071	128150579	8000	128149071	-4000	4000	1508
chr9	14718733	14726733	14719982	8000	14722733	-4000	4000	-2751
chr9	14718733	14726733	14720355	8000	14722733	-4000	4000	-2378
chr9	34393828	34401828	34401100	8000	34397828	-4000	4000	3272
chr9	74884094	74892094	74888036	8000	74888094	-4000	4000	-58
chr9	35646931	35654931	35650903	8000	35650931	-4000	4000	-28
chr9	111521159	111529159	111527722	8000	111525159	-4000	4000	2563
chr9	99217942	99225942	99218047	8000	99221942	-4000	4000	-3895
chr9	108858266	108866266	108863517	8000	108862266	-4000	4000	1251
chr9	21798636	21806636	21802641	8000	21802636	-4000	4000	5
chr9	136369681	136377681	136371343	8000	136373681	-4000	4000	-2338
chr9	35037095	35045095	35044470	8000	35041095	-4000	4000	3375
chr9	133455965	133463965	133456640	8000	133459965	-4000	4000	-3325
chr9	6011625	6019625	6015088	8000	6015625	-4000	4000	-537
chr9	21436439	21444439	21441025	8000	21440439	-4000	4000	586
chr9	34706136	34714136	34709560	8000	34710136	-4000	4000	-576
chr9	68536883	68544883	68540650	8000	68540883	-4000	4000	-233
chr9	100574079	100582079	100576957	8000	100578079	-4000	4000	-1122
chr9	122909323	122917323	122911010	8000	122913323	-4000	4000	-2313
chr9	122909323	122917323	122911694	8000	122913323	-4000	4000	-1629
chr9	128943603	128951603	128946342	8000	128947603	-4000	4000	-1261
chr9	137873782	137881782	137879117	8000	137877782	-4000	4000	1335
chr9	35866401	35874401	35870159	8000	35870401	-4000	4000	-242
chr9	35671866	35679866	35675546	8000	35675866	-4000	4000	-320
chr9	21381398	21389398	21385065	8000	21385398	-4000	4000	-333
chr9	135698185	135706185	135699000	8000	135702185	-4000	4000	-3185
chr9	6324375	6332375	6330015	8000	6328375	-4000	4000	1640
chr9	35671866	35679866	35675445	8000	35675866	-4000	4000	-421
chr9	108858266	108866266	108863339	8000	108862266	-4000	4000	1073
chr9	128943603	128951603	128949234	8000	128947603	-4000	4000	1631
chr9	83976616	83984616	83978273	8000	83980616	-4000	4000	-2343
chr9	122506802	122514802	122511314	8000	122510802	-4000	4000	512
chr9	107486482	107494482	107487067	8000	107490482	-4000	4000	-3415
chr9	32631669	32639669	32633584	8000	32635669	-4000	4000	-2085
chr9	35787003	35795003	35794018	8000	35791003	-4000	4000	3015
chr9	122473926	122481926	122477822	8000	122477926	-4000	4000	-104
chr9	122784933	122792933	122789482	8000	122788933	-4000	4000	549
chr9	122909323	122917323	122911099	8000	122913323	-4000	4000	-2224
chr9	33072674	33080674	33076661	8000	33076674	-4000	4000	-13
chr9	130660594	130668594	130668304	8000	130664594	-4000	4000	3710
chr9	132874777	132882777	132878266	8000	132878777	-4000	4000	-511
chr9	34642631	34650631	34647850	8000	34646631	-4000	4000	1219
chr9	34725488	34733488	34725694	8000	34729488	-4000	4000	-3794
chr10	79606939	79614939	79612415	8000	79610939	-4000	4000	1476
chr10	123150402	123158402	123157813	8000	123154402	-4000	4000	3411
chr10	133083924	133091924	133084926	8000	133087924	-4000	4000	-2998
chr10	84221544	84229544	84224928	8000	84225544	-4000	4000	-616
chr10	131307721	131315721	131308248	8000	131311721	-4000	4000	-3473
chr10	95690143	95698143	95692973	8000	95694143	-4000	4000	-1170
chr10	100225596	100233596	100225928	8000	100229596	-4000	4000	-3668
chr10	116541931	116549931	116547345	8000	116545931	-4000	4000	1414
chr10	70781401	70789401	70781929	8000	70785401	-4000	4000	-3472
chr10	100326264	100334264	100329966	8000	100330264	-4000	4000	-298
chr10	14950432	14958432	14954008	8000	14954432	-4000	4000	-424
chr10	37854106	37862106	37856488	8000	37858106	-4000	4000	-1618
chr10	95690143	95698143	95693511	8000	95694143	-4000	4000	-632
chr10	133376017	133384017	133381487	8000	133380017	-4000	4000	1470
chr10	102850272	102858272	102854351	8000	102854272	-4000	4000	79
chr10	4959253	4967253	4963432	8000	4963253	-4000	4000	179
chr10	68468121	68476121	68471915	8000	68472121	-4000	4000	-206
chr10	75095586	75103586	75097885	8000	75099586	-4000	4000	-1701
chr10	118591648	118599648	118594689	8000	118595648	-4000	4000	-959
chr10	27500174	27508174	27504336	8000	27504174	-4000	4000	162
chr10	49605095	49613095	49612037	8000	49609095	-4000	4000	2942
chr10	112370116	112378116	112376313	8000	112374116	-4000	4000	2197
chr10	91629071	91637071	91630103	8000	91633071	-4000	4000	-2968
chr10	84190537	84198537	84196585	8000	84194537	-4000	4000	2048
chr10	93562665	93570665	93567011	8000	93566665	-4000	4000	346
chr10	133622795	133630795	133626676	8000	133626795	-4000	4000	-119
chr10	79508533	79516533	79513976	8000	79512533	-4000	4000	1443
chr10	123004979	123012979	123009046	8000	123008979	-4000	4000	67
chr10	47344363	47352363	47349699	8000	47348363	-4000	4000	1336
chr10	97181959	97189959	97185531	8000	97185959	-4000	4000	-428
chr10	25170802	25178802	25176174	8000	25174802	-4000	4000	1372
chr10	103347144	103355144	103350903	8000	103351144	-4000	4000	-241
chr10	114934195	114942195	114938208	8000	114938195	-4000	4000	13
chr10	100525072	100533072	100526520	8000	100529072	-4000	4000	-2552
chr10	111073029	111081029	111079139	8000	111077029	-4000	4000	2110
chr10	68071301	68079301	68073111	8000	68075301	-4000	4000	-2190
chr10	47344363	47352363	47349976	8000	47348363	-4000	4000	1613
chr10	123131970	123139970	123137378	8000	123135970	-4000	4000	1408
chr10	95065497	95073497	95069297	8000	95069497	-4000	4000	-200
chr10	133083924	133091924	133084906	8000	133087924	-4000	4000	-3018
chr10	49758379	49766379	49758419	8000	49762379	-4000	4000	-3960
chr10	5520961	5528961	5525160	8000	5524961	-4000	4000	199
chr10	27096494	27104494	27100285	8000	27100494	-4000	4000	-209
chr10	75095586	75103586	75095767	8000	75099586	-4000	4000	-3819
chr10	102390110	102398110	102397325	8000	102394110	-4000	4000	3215
chr10	14770897	14778897	14774294	8000	14774897	-4000	4000	-603
chr10	22312388	22320388	22318757	8000	22316388	-4000	4000	2369
chr10	4959253	4967253	4966979	8000	4963253	-4000	4000	3726
chr10	4959253	4967253	4967220	8000	4963253	-4000	4000	3967
chr10	62370192	62378192	62376839	8000	62374192	-4000	4000	2647
chr10	84169801	84177801	84173920	8000	84173801	-4000	4000	119
chr10	97580374	97588374	97583693	8000	97584374	-4000	4000	-681
chr10	123662355	123670355	123666983	8000	123666355	-4000	4000	628
chr10	127888941	127896941	127892631	8000	127892941	-4000	4000	-310
chr10	72950806	72958806	72954539	8000	72954806	-4000	4000	-267
chr10	79556407	79564407	79558952	8000	79560407	-4000	4000	-1455
chr10	94934658	94942658	94942435	8000	94938658	-4000	4000	3777
chr10	14770897	14778897	14774306	8000	14774897	-4000	4000	-591
chr10	84226666	84234666	84234173	8000	84230666	-4000	4000	3507
chr10	86662785	86670785	86663734	8000	86666785	-4000	4000	-3051
chr10	5520961	5528961	5525176	8000	5524961	-4000	4000	215
chr10	17947839	17955839	17953367	8000	17951839	-4000	4000	1528
chr10	18136424	18144424	18140968	8000	18140424	-4000	4000	544
chr10	69412918	69420918	69416139	8000	69416918	-4000	4000	-779
chr10	96355365	96363365	96358946	8000	96359365	-4000	4000	-419
chr10	44996923	45004923	45003746	8000	45000923	-4000	4000	2823
chr10	88755982	88763982	88762284	8000	88759982	-4000	4000	2302
chr10	17805348	17813348	17809494	8000	17809348	-4000	4000	146
chr10	80074646	80082646	80078793	8000	80078646	-4000	4000	147
chr10	84221544	84229544	84225043	8000	84225544	-4000	4000	-501
chr10	49130021	49138021	49132150	8000	49134021	-4000	4000	-1871
chr10	24719887	24727887	24721917	8000	24723887	-4000	4000	-1970
chr10	113850661	113858661	113854969	8000	113854661	-4000	4000	308
chr10	79508533	79516533	79513127	8000	79512533	-4000	4000	594
chr10	122695846	122703846	122698207	8000	122699846	-4000	4000	-1639
chr10	31027937	31035937	31031890	8000	31031937	-4000	4000	-47
chr10	5520961	5528961	5525487	8000	5524961	-4000	4000	526
chr10	46026623	46034623	46027475	8000	46030623	-4000	4000	-3148
chr10	102148176	102156176	102148642	8000	102152176	-4000	4000	-3534
chr10	116666264	116674264	116672844	8000	116670264	-4000	4000	2580
chr10	15856507	15864507	15860239	8000	15860507	-4000	4000	-268
chr10	87353720	87361720	87358232	8000	87357720	-4000	4000	512
chr10	23188312	23196312	23193947	8000	23192312	-4000	4000	1635
chr10	47318454	47326454	47325503	8000	47322454	-4000	4000	3049
chr10	90917087	90925087	90921043	8000	90921087	-4000	4000	-44
chr10	17224241	17232241	17230671	8000	17228241	-4000	4000	2430
chr10	15164693	15172693	15168613	8000	15168693	-4000	4000	-80
chr10	114934195	114942195	114938522	8000	114938195	-4000	4000	327
chr10	44996923	45004923	45003951	8000	45000923	-4000	4000	3028
chr10	102390110	102398110	102397369	8000	102394110	-4000	4000	3259
chr10	127733185	127741185	127738601	8000	127737185	-4000	4000	1416
chr10	49605095	49613095	49611984	8000	49609095	-4000	4000	2889
chr10	100908963	100916963	100916722	8000	100912963	-4000	4000	3759
chr10	117193489	117201489	117197500	8000	117197489	-4000	4000	11
chr10	47344363	47352363	47348557	8000	47348363	-4000	4000	194
chr10	84135482	84143482	84141560	8000	84139482	-4000	4000	2078
chr10	93069475	93077475	93075211	8000	93073475	-4000	4000	1736
chr10	117193489	117201489	117197487	8000	117197489	-4000	4000	-2
chr10	103347144	103355144	103347320	8000	103351144	-4000	4000	-3824
chr10	122695846	122703846	122697853	8000	122699846	-4000	4000	-1993
chr10	99426624	99434624	99430600	8000	99430624	-4000	4000	-24
chr10	99426624	99434624	99430590	8000	99430624	-4000	4000	-34
chr10	116586385	116594385	116592537	8000	116590385	-4000	4000	2152
chr10	93069475	93077475	93076558	8000	93073475	-4000	4000	3083
chr10	116586385	116594385	116591826	8000	116590385	-4000	4000	1441
chr10	100983515	100991515	100990899	8000	100987515	-4000	4000	3384
chr10	115089365	115097365	115093676	8000	115093365	-4000	4000	311
chr10	87500875	87508875	87508484	8000	87504875	-4000	4000	3609
chr10	90867952	90875952	90872006	8000	90871952	-4000	4000	54
chr10	32052425	32060425	32055958	8000	32056425	-4000	4000	-467
chr10	56357273	56365273	56360373	8000	56361273	-4000	4000	-900
chr10	94684154	94692154	94688229	8000	94688154	-4000	4000	75
chr10	14770897	14778897	14774538	8000	14774897	-4000	4000	-359
chr10	49758379	49766379	49758545	8000	49762379	-4000	4000	-3834
chr10	93608537	93616537	93613037	8000	93612537	-4000	4000	500
chr10	5520961	5528961	5525262	8000	5524961	-4000	4000	301
chr10	112946247	112954247	112950630	8000	112950247	-4000	4000	383
chr10	84226666	84234666	84234346	8000	84230666	-4000	4000	3680
chr10	114934195	114942195	114938469	8000	114938195	-4000	4000	274
chr10	5885906	5893906	5888063	8000	5889906	-4000	4000	-1843
chr10	103273605	103281605	103277962	8000	103277605	-4000	4000	357
chr10	86662785	86670785	86665732	8000	86666785	-4000	4000	-1053
chr10	1733525	1741525	1737051	8000	1737525	-4000	4000	-474
chr10	103448402	103456402	103455643	8000	103452402	-4000	4000	3241
chr10	92685955	92693955	92692724	8000	92689955	-4000	4000	2769
chr10	44996923	45004923	45003781	8000	45000923	-4000	4000	2858
chr10	125679163	125687163	125683029	8000	125683163	-4000	4000	-134
chr10	70781401	70789401	70781998	8000	70785401	-4000	4000	-3403
chr10	102148176	102156176	102148693	8000	102152176	-4000	4000	-3483
chr10	35638296	35646296	35641169	8000	35642296	-4000	4000	-1127
chr10	91629071	91637071	91629914	8000	91633071	-4000	4000	-3157
chr10	123150402	123158402	123157821	8000	123154402	-4000	4000	3419
chr10	25170802	25178802	25175889	8000	25174802	-4000	4000	1087
chr10	86362795	86370795	86363959	8000	86366795	-4000	4000	-2836
chr10	86362795	86370795	86363960	8000	86366795	-4000	4000	-2835
chr10	96300409	96308409	96304547	8000	96304409	-4000	4000	138
chr10	47344363	47352363	47349817	8000	47348363	-4000	4000	1454
chr10	102222299	102230299	102229004	8000	102226299	-4000	4000	2705
chr10	122906610	122914610	122912951	8000	122910610	-4000	4000	2341
chr10	43367636	43375636	43373650	8000	43371636	-4000	4000	2014
chr10	44996923	45004923	45004447	8000	45000923	-4000	4000	3524
chr10	73740372	73748372	73744412	8000	73744372	-4000	4000	40
chr10	73807798	73815798	73812774	8000	73811798	-4000	4000	976
chr10	17640151	17648151	17644290	8000	17644151	-4000	4000	139
chr10	84221544	84229544	84222257	8000	84225544	-4000	4000	-3287
chr10	79606939	79614939	79613962	8000	79610939	-4000	4000	3023
chr10	96300409	96308409	96304376	8000	96304409	-4000	4000	-33
chr10	117371440	117379440	117374595	8000	117375440	-4000	4000	-845
chr10	62370192	62378192	62376180	8000	62374192	-4000	4000	1988
chr10	62370192	62378192	62376182	8000	62374192	-4000	4000	1990
chr10	70598759	70606759	70600771	8000	70602759	-4000	4000	-1988
chr10	69569422	69577422	69573000	8000	69573422	-4000	4000	-422
chr10	102390110	102398110	102397385	8000	102394110	-4000	4000	3275
chr10	47344363	47352363	47350297	8000	47348363	-4000	4000	1934
chr10	102222299	102230299	102230230	8000	102226299	-4000	4000	3931
chr10	102222299	102230299	102226488	8000	102226299	-4000	4000	189
chr10	46461958	46469958	46462654	8000	46465958	-4000	4000	-3304
chr10	70598759	70606759	70598935	8000	70602759	-4000	4000	-3824
chr10	104264873	104272873	104267320	8000	104268873	-4000	4000	-1553
chr10	15164693	15172693	15168613	8000	15168693	-4000	4000	-80
chr10	17224241	17232241	17229828	8000	17228241	-4000	4000	1587
chr10	47344363	47352363	47350894	8000	47348363	-4000	4000	2531
chr10	101779413	101787413	101786074	8000	101783413	-4000	4000	2661
chr10	104118058	104126058	104125681	8000	104122058	-4000	4000	3623
chr10	133083924	133091924	133088986	8000	133087924	-4000	4000	1062
chr10	44996923	45004923	45003758	8000	45000923	-4000	4000	2835
chr10	79508533	79516533	79514130	8000	79512533	-4000	4000	1597
chr10	69626247	69634247	69633058	8000	69630247	-4000	4000	2811
chr10	44996923	45004923	45003486	8000	45000923	-4000	4000	2563
chr10	68228113	68236113	68231345	8000	68232113	-4000	4000	-768
chr10	69797880	69805880	69802703	8000	69801880	-4000	4000	823
chr10	88580530	88588530	88581699	8000	88584530	-4000	4000	-2831
chr10	95690143	95698143	95693417	8000	95694143	-4000	4000	-726
chr10	110300938	110308938	110303514	8000	110304938	-4000	4000	-1424
chr10	122695846	122703846	122699643	8000	122699846	-4000	4000	-203
chr10	88660441	88668441	88667687	8000	88664441	-4000	4000	3246
chr10	35601341	35609341	35607720	8000	35605341	-4000	4000	2379
chr10	4959253	4967253	4965981	8000	4963253	-4000	4000	2728
chr10	26212665	26220665	26219114	8000	26216665	-4000	4000	2449
chr10	101225463	101233463	101227771	8000	101229463	-4000	4000	-1692
chr10	104081880	104089880	104085738	8000	104085880	-4000	4000	-142
chr10	104118058	104126058	104122068	8000	104122058	-4000	4000	10
chr10	104118058	104126058	104122368	8000	104122058	-4000	4000	310
chr10	110203605	110211605	110207991	8000	110207605	-4000	4000	386
chr10	111073029	111081029	111079475	8000	111077029	-4000	4000	2446
chr10	118042941	118050941	118049566	8000	118046941	-4000	4000	2625
chr10	27239046	27247046	27246559	8000	27243046	-4000	4000	3513
chr10	73637474	73645474	73645037	8000	73641474	-4000	4000	3563
chr10	103448402	103456402	103455553	8000	103452402	-4000	4000	3151
chr10	104081880	104089880	104085777	8000	104085880	-4000	4000	-103
chr10	87837361	87845361	87844118	8000	87841361	-4000	4000	2757
chr10	100326264	100334264	100330059	8000	100330264	-4000	4000	-205
chr10	117134301	117142301	117137881	8000	117138301	-4000	4000	-420
chr10	94358959	94366959	94361842	8000	94362959	-4000	4000	-1117
chr10	49758379	49766379	49758450	8000	49762379	-4000	4000	-3929
chr10	49758379	49766379	49758451	8000	49762379	-4000	4000	-3928
chr10	73248693	73256693	73251800	8000	73252693	-4000	4000	-893
chr10	93753840	93761840	93758762	8000	93757840	-4000	4000	922
chr10	26212665	26220665	26216779	8000	26216665	-4000	4000	114
chr10	49130021	49138021	49133834	8000	49134021	-4000	4000	-187
chr10	68717012	68725012	68722547	8000	68721012	-4000	4000	1535
chr10	89410557	89418557	89417492	8000	89414557	-4000	4000	2935
chr10	101028295	101036295	101034703	8000	101032295	-4000	4000	2408
chr10	117193489	117201489	117197497	8000	117197489	-4000	4000	8
chr10	86362795	86370795	86364058	8000	86366795	-4000	4000	-2737
chr10	84135482	84143482	84142737	8000	84139482	-4000	4000	3255
chr10	17640151	17648151	17644366	8000	17644151	-4000	4000	215
chr10	119161714	119169714	119168444	8000	119165714	-4000	4000	2730
chr10	13344298	13352298	13344865	8000	13348298	-4000	4000	-3433
chr10	132938823	132946823	132941061	8000	132942823	-4000	4000	-1762
chr10	5520961	5528961	5525379	8000	5524961	-4000	4000	418
chr10	27151266	27159266	27158577	8000	27155266	-4000	4000	3311
chr10	49130021	49138021	49131957	8000	49134021	-4000	4000	-2064
chr10	81871194	81879194	81877994	8000	81875194	-4000	4000	2800
chr10	101028295	101036295	101035606	8000	101032295	-4000	4000	3311
chr10	93069475	93077475	93077203	8000	93073475	-4000	4000	3728
chr10	24948606	24956606	24952546	8000	24952606	-4000	4000	-60
chr10	89410557	89418557	89418410	8000	89414557	-4000	4000	3853
chr10	5495570	5503570	5499320	8000	5499570	-4000	4000	-250
chr10	69412918	69420918	69416164	8000	69416918	-4000	4000	-754
chr10	5495570	5503570	5499336	8000	5499570	-4000	4000	-234
chr10	22312388	22320388	22317897	8000	22316388	-4000	4000	1509
chr10	103454900	103462900	103458797	8000	103458900	-4000	4000	-103
chr10	113850661	113858661	113855017	8000	113854661	-4000	4000	356
chr10	49605095	49613095	49611956	8000	49609095	-4000	4000	2861
chr10	93056798	93064798	93058494	8000	93060798	-4000	4000	-2304
chr10	49605095	49613095	49611844	8000	49609095	-4000	4000	2749
chr10	128122423	128130423	128123151	8000	128126423	-4000	4000	-3272
chr10	30625762	30633762	30626831	8000	30629762	-4000	4000	-2931
chr10	47318454	47326454	47325788	8000	47322454	-4000	4000	3334
chr10	116423847	116431847	116427937	8000	116427847	-4000	4000	90
chr10	12125637	12133637	12133286	8000	12129637	-4000	4000	3649
chr10	7814497	7822497	7818760	8000	7818497	-4000	4000	263
chr10	13344298	13352298	13344934	8000	13348298	-4000	4000	-3364
chr10	15856507	15864507	15860438	8000	15860507	-4000	4000	-69
chr10	24719887	24727887	24721902	8000	24723887	-4000	4000	-1985
chr10	35601341	35609341	35605595	8000	35605341	-4000	4000	254
chr10	73905177	73913177	73911769	8000	73909177	-4000	4000	2592
chr10	84135482	84143482	84141482	8000	84139482	-4000	4000	2000
chr10	88755982	88763982	88762235	8000	88759982	-4000	4000	2253
chr10	91629071	91637071	91630479	8000	91633071	-4000	4000	-2592
chr10	94934658	94942658	94941925	8000	94938658	-4000	4000	3267
chr10	96355365	96363365	96359096	8000	96359365	-4000	4000	-269
chr10	99325356	99333356	99330752	8000	99329356	-4000	4000	1396
chr10	104118058	104126058	104125545	8000	104122058	-4000	4000	3487
chr10	104118058	104126058	104125804	8000	104122058	-4000	4000	3746
chr10	107160706	107168706	107164058	8000	107164706	-4000	4000	-648
chr10	113850383	113858383	113850603	8000	113854383	-4000	4000	-3780
chr10	117371440	117379440	117374652	8000	117375440	-4000	4000	-788
chr10	122556665	122564665	122560744	8000	122560665	-4000	4000	79
chr10	132938823	132946823	132941710	8000	132942823	-4000	4000	-1113
chr10	79508533	79516533	79513976	8000	79512533	-4000	4000	1443
chr10	69412918	69420918	69415047	8000	69416918	-4000	4000	-1871
chr10	84169801	84177801	84176565	8000	84173801	-4000	4000	2764
chr10	122695846	122703846	122699739	8000	122699846	-4000	4000	-107
chr10	111073029	111081029	111080112	8000	111077029	-4000	4000	3083
chr10	73694109	73702109	73697613	8000	73698109	-4000	4000	-496
chr10	17748201	17756201	17752299	8000	17752201	-4000	4000	98
chr10	90867952	90875952	90871928	8000	90871952	-4000	4000	-24
chr10	102222299	102230299	102227663	8000	102226299	-4000	4000	1364
chr10	113850661	113858661	113855037	8000	113854661	-4000	4000	376
chr10	122906610	122914610	122911712	8000	122910610	-4000	4000	1102
chr10	17947839	17955839	17953403	8000	17951839	-4000	4000	1564
chr10	17947839	17955839	17953404	8000	17951839	-4000	4000	1565
chr10	88660441	88668441	88667660	8000	88664441	-4000	4000	3219
chr10	122875583	122883583	122881641	8000	122879583	-4000	4000	2058
chr10	5400828	5408828	5400948	8000	5404828	-4000	4000	-3880
chr10	22341445	22349445	22345757	8000	22345445	-4000	4000	312
chr10	25170802	25178802	25176278	8000	25174802	-4000	4000	1476
chr10	30625762	30633762	30626115	8000	30629762	-4000	4000	-3647
chr10	46461958	46469958	46462595	8000	46465958	-4000	4000	-3363
chr10	72889584	72897584	72893685	8000	72893584	-4000	4000	101
chr10	73248693	73256693	73256398	8000	73252693	-4000	4000	3705
chr10	90854039	90862039	90857384	8000	90858039	-4000	4000	-655
chr10	91629071	91637071	91630828	8000	91633071	-4000	4000	-2243
chr10	94358959	94366959	94361752	8000	94362959	-4000	4000	-1207
chr10	94684154	94692154	94687781	8000	94688154	-4000	4000	-373
chr10	100282680	100290680	100290084	8000	100286680	-4000	4000	3404
chr10	100983515	100991515	100990924	8000	100987515	-4000	4000	3409
chr10	102222299	102230299	102226608	8000	102226299	-4000	4000	309
chr10	102390110	102398110	102396933	8000	102394110	-4000	4000	2823
chr10	112279400	112287400	112284539	8000	112283400	-4000	4000	1139
chr10	116320448	116328448	116324967	8000	116324448	-4000	4000	519
chr10	117193489	117201489	117197671	8000	117197489	-4000	4000	182
chr10	119161714	119169714	119169290	8000	119165714	-4000	4000	3576
chr10	127888941	127896941	127892770	8000	127892941	-4000	4000	-171
chr10	59359181	59367181	59362419	8000	59363181	-4000	4000	-762
chr10	88755982	88763982	88762224	8000	88759982	-4000	4000	2242
chr10	119174812	119182812	119177070	8000	119178812	-4000	4000	-1742
chr10	118591648	118599648	118595028	8000	118595648	-4000	4000	-620
chr10	96300409	96308409	96304683	8000	96304409	-4000	4000	274
chr10	103392626	103400626	103400406	8000	103396626	-4000	4000	3780
chr10	116586385	116594385	116592611	8000	116590385	-4000	4000	2226
chr10	73694109	73702109	73697162	8000	73698109	-4000	4000	-947
chr10	116541931	116549931	116547357	8000	116545931	-4000	4000	1426
chr10	37121598	37129598	37125902	8000	37125598	-4000	4000	304
chr10	94934658	94942658	94942386	8000	94938658	-4000	4000	3728
chr10	100282680	100290680	100290067	8000	100286680	-4000	4000	3387
chr10	61897684	61905684	61902302	8000	61901684	-4000	4000	618
chr10	84169801	84177801	84173831	8000	84173801	-4000	4000	30
chr10	93698592	93706592	93700064	8000	93702592	-4000	4000	-2528
chr10	73768276	73776276	73770322	8000	73772276	-4000	4000	-1954
chr10	73768276	73776276	73771040	8000	73772276	-4000	4000	-1236
chr10	89410557	89418557	89418227	8000	89414557	-4000	4000	3670
chr10	84226666	84234666	84232433	8000	84230666	-4000	4000	1767
chr10	17947839	17955839	17953413	8000	17951839	-4000	4000	1574
chr10	46371627	46379627	46375822	8000	46375627	-4000	4000	195
chr10	47344363	47352363	47350539	8000	47348363	-4000	4000	2176
chr10	69569422	69577422	69572880	8000	69573422	-4000	4000	-542
chr10	72950806	72958806	72954565	8000	72954806	-4000	4000	-241
chr10	117193489	117201489	117197537	8000	117197489	-4000	4000	48
chr10	37121598	37129598	37125952	8000	37125598	-4000	4000	354
chr10	102850272	102858272	102854337	8000	102854272	-4000	4000	65
chr10	104118058	104126058	104125740	8000	104122058	-4000	4000	3682
chr10	69569422	69577422	69572806	8000	69573422	-4000	4000	-616
chr10	86965481	86973481	86970401	8000	86969481	-4000	4000	920
chr10	79606939	79614939	79613247	8000	79610939	-4000	4000	2308
chr10	92685955	92693955	92692378	8000	92689955	-4000	4000	2423
chr10	70598759	70606759	70598873	8000	70602759	-4000	4000	-3886
chr10	102390110	102398110	102396726	8000	102394110	-4000	4000	2616
chr10	49130021	49138021	49132091	8000	49134021	-4000	4000	-1930
chr10	73905177	73913177	73911906	8000	73909177	-4000	4000	2729
chr10	49605095	49613095	49611024	8000	49609095	-4000	4000	1929
chr10	47318454	47326454	47325643	8000	47322454	-4000	4000	3189
chr10	50063888	50071888	50066634	8000	50067888	-4000	4000	-1254
chr10	23435075	23443075	23442223	8000	23439075	-4000	4000	3148
chr10	125679163	125687163	125683005	8000	125683163	-4000	4000	-158
chr10	79556407	79564407	79559992	8000	79560407	-4000	4000	-415
chr10	102061349	102069349	102066162	8000	102065349	-4000	4000	813
chr10	88580530	88588530	88581682	8000	88584530	-4000	4000	-2848
chr10	122695846	122703846	122698090	8000	122699846	-4000	4000	-1756
chr10	12064954	12072954	12069090	8000	12068954	-4000	4000	136
chr10	5181187	5189187	5185136	8000	5185187	-4000	4000	-51
chr10	89203317	89211317	89206854	8000	89207317	-4000	4000	-463
chr10	102222299	102230299	102229216	8000	102226299	-4000	4000	2917
chr10	79508533	79516533	79515987	8000	79512533	-4000	4000	3454
chr10	69626247	69634247	69632880	8000	69630247	-4000	4000	2633
chr10	102148176	102156176	102148645	8000	102152176	-4000	4000	-3531
chr10	93608537	93616537	93612715	8000	93612537	-4000	4000	178
chr10	56357273	56365273	56359504	8000	56361273	-4000	4000	-1769
chr10	46461958	46469958	46462338	8000	46465958	-4000	4000	-3620
chr10	95707779	95715779	95711850	8000	95711779	-4000	4000	71
chr10	99528942	99536942	99535016	8000	99532942	-4000	4000	2074
chr10	84169801	84177801	84173795	8000	84173801	-4000	4000	-6
chr10	47344363	47352363	47348662	8000	47348363	-4000	4000	299
chr10	96355365	96363365	96358899	8000	96359365	-4000	4000	-466
chr10	107160706	107168706	107164250	8000	107164706	-4000	4000	-456
chr10	111073029	111081029	111079229	8000	111077029	-4000	4000	2200
chr10	28673510	28681510	28681284	8000	28677510	-4000	4000	3774
chr10	112370116	112378116	112376218	8000	112374116	-4000	4000	2102
chr10	93056798	93064798	93064401	8000	93060798	-4000	4000	3603
chr10	73694109	73702109	73697715	8000	73698109	-4000	4000	-394
chr10	96300409	96308409	96304511	8000	96304409	-4000	4000	102
chr10	60729490	60737490	60733352	8000	60733490	-4000	4000	-138
chr10	5181187	5189187	5185048	8000	5185187	-4000	4000	-139
chr10	103347144	103355144	103348964	8000	103351144	-4000	4000	-2180
chr10	19812239	19820239	19816965	8000	19816239	-4000	4000	726
chr11	47182443	47190443	47182543	8000	47186443	-4000	4000	-3900
chr11	57593387	57601387	57600260	8000	57597387	-4000	4000	2873
chr11	62852004	62860004	62856295	8000	62856004	-4000	4000	291
chr11	94300580	94308580	94306634	8000	94304580	-4000	4000	2054
chr11	7084998	7092998	7090251	8000	7088998	-4000	4000	1253
chr11	63487194	63495194	63490996	8000	63491194	-4000	4000	-198
chr11	65257928	65265928	65262269	8000	65261928	-4000	4000	341
chr11	66417004	66425004	66423875	8000	66421004	-4000	4000	2871
chr11	76440923	76448923	76445115	8000	76444923	-4000	4000	192
chr11	54702832	54710832	54707054	8000	54706832	-4000	4000	222
chr11	57233250	57241250	57236361	8000	57237250	-4000	4000	-889
chr11	116833622	116841622	116835925	8000	116837622	-4000	4000	-1697
chr11	6166326	6174326	6170149	8000	6170326	-4000	4000	-177
chr11	6166326	6174326	6169366	8000	6170326	-4000	4000	-960
chr11	18390560	18398560	18396589	8000	18394560	-4000	4000	2029
chr11	57233250	57241250	57236693	8000	57237250	-4000	4000	-557
chr11	31808391	31816391	31811172	8000	31812391	-4000	4000	-1219
chr11	126999460	127007460	127000562	8000	127003460	-4000	4000	-2898
chr11	124022798	124030798	124023705	8000	124026798	-4000	4000	-3093
chr11	105019168	105027168	105026352	8000	105023168	-4000	4000	3184
chr11	7084998	7092998	7089234	8000	7088998	-4000	4000	236
chr11	54599998	54607998	54603129	8000	54603998	-4000	4000	-869
chr11	55550307	55558307	55554516	8000	55554307	-4000	4000	209
chr11	62204673	62212673	62210499	8000	62208673	-4000	4000	1826
chr11	62750184	62758184	62753361	8000	62754184	-4000	4000	-823
chr11	1834981	1842981	1837296	8000	1838981	-4000	4000	-1685
chr11	6779020	6787020	6785431	8000	6783020	-4000	4000	2411
chr11	30227014	30235014	30233690	8000	30231014	-4000	4000	2676
chr11	55363974	55371974	55368016	8000	55367974	-4000	4000	42
chr11	55658201	55666201	55665186	8000	55662201	-4000	4000	2985
chr11	63764775	63772775	63765856	8000	63768775	-4000	4000	-2919
chr11	94300580	94308580	94305776	8000	94304580	-4000	4000	1196
chr11	96385956	96393956	96391647	8000	96389956	-4000	4000	1691
chr11	112070086	112078086	112073054	8000	112074086	-4000	4000	-1032
chr11	66417004	66425004	66424673	8000	66421004	-4000	4000	3669
chr11	111536280	111544280	111536727	8000	111540280	-4000	4000	-3553
chr11	6795689	6803689	6795768	8000	6799689	-4000	4000	-3921
chr11	62661178	62669178	62667762	8000	62665178	-4000	4000	2584
chr11	64993018	65001018	64996929	8000	64997018	-4000	4000	-89
chr11	66417004	66425004	66424709	8000	66421004	-4000	4000	3705
chr11	5042526	5050526	5046985	8000	5046526	-4000	4000	459
chr11	58208720	58216720	58215206	8000	58212720	-4000	4000	2486
chr11	56270154	56278154	56276105	8000	56274154	-4000	4000	1951
chr11	6841683	6849683	6846399	8000	6845683	-4000	4000	716
chr11	83189712	83197712	83194463	8000	83193712	-4000	4000	751
chr11	60036409	60044409	60040377	8000	60040409	-4000	4000	-32
chr11	63502052	63510052	63508592	8000	63506052	-4000	4000	2540
chr11	56099687	56107687	56105462	8000	56103687	-4000	4000	1775
chr11	95062919	95070919	95067947	8000	95066919	-4000	4000	1028
chr11	134270245	134278245	134277741	8000	134274245	-4000	4000	3496
chr11	56023654	56031654	56031371	8000	56027654	-4000	4000	3717
chr11	59452961	59460961	59457560	8000	59456961	-4000	4000	599
chr11	56414232	56422232	56417860	8000	56418232	-4000	4000	-372
chr11	22621509	22629509	22624739	8000	22625509	-4000	4000	-770
chr11	54702832	54710832	54707116	8000	54706832	-4000	4000	284
chr11	55363974	55371974	55367922	8000	55367974	-4000	4000	-52
chr11	56230255	56238255	56233123	8000	56234255	-4000	4000	-1132
chr11	56288254	56296254	56290990	8000	56292254	-4000	4000	-1264
chr11	62266158	62274158	62270946	8000	62270158	-4000	4000	788
chr11	102526750	102534750	102527359	8000	102530750	-4000	4000	-3391
chr11	48212810	48220810	48217489	8000	48216810	-4000	4000	679
chr11	105031250	105039250	105034366	8000	105035250	-4000	4000	-884
chr11	26719427	26727427	26723329	8000	26723427	-4000	4000	-98
chr11	47711389	47719389	47714318	8000	47715389	-4000	4000	-1071
chr11	66343629	66351629	66345967	8000	66347629	-4000	4000	-1662
chr11	26719427	26727427	26721532	8000	26723427	-4000	4000	-1895
chr11	59499576	59507576	59504092	8000	59503576	-4000	4000	516
chr11	124008997	124016997	124015988	8000	124012997	-4000	4000	2991
chr11	124894500	124902500	124895823	8000	124898500	-4000	4000	-2677
chr11	65166154	65174154	65172772	8000	65170154	-4000	4000	2618
chr11	118967712	118975712	118971986	8000	118971712	-4000	4000	274
chr11	20156475	20164475	20159206	8000	20160475	-4000	4000	-1269
chr11	125784127	125792127	125789422	8000	125788127	-4000	4000	1295
chr11	1070875	1078875	1075766	8000	1074875	-4000	4000	891
chr11	65054553	65062553	65054651	8000	65058553	-4000	4000	-3902
chr11	55834752	55842752	55839548	8000	55838752	-4000	4000	796
chr11	56248254	56256254	56253174	8000	56252254	-4000	4000	920
chr11	102951732	102959732	102955465	8000	102955732	-4000	4000	-267
chr11	5150757	5158757	5152231	8000	5154757	-4000	4000	-2526
chr11	59452961	59460961	59457417	8000	59456961	-4000	4000	456
chr11	66417004	66425004	66424914	8000	66421004	-4000	4000	3910
chr11	5787265	5795265	5788670	8000	5791265	-4000	4000	-2595
chr11	17472894	17480894	17476713	8000	17476894	-4000	4000	-181
chr11	27718058	27726058	27721418	8000	27722058	-4000	4000	-640
chr11	74489724	74497724	74492261	8000	74493724	-4000	4000	-1463
chr11	7509298	7517298	7509663	8000	7513298	-4000	4000	-3635
chr11	58355069	58363069	58358135	8000	58359069	-4000	4000	-934
chr11	116784039	116792039	116787047	8000	116788039	-4000	4000	-992
chr11	117982370	117990370	117988389	8000	117986370	-4000	4000	2019
chr11	56414232	56422232	56417563	8000	56418232	-4000	4000	-669
chr11	55550307	55558307	55554459	8000	55554307	-4000	4000	152
chr11	56270154	56278154	56275754	8000	56274154	-4000	4000	1600
chr11	61388393	61396393	61393279	8000	61392393	-4000	4000	886
chr11	62852004	62860004	62855256	8000	62856004	-4000	4000	-748
chr11	5196682	5204682	5200057	8000	5200682	-4000	4000	-625
chr11	6599616	6607616	6603565	8000	6603616	-4000	4000	-51
chr11	56270154	56278154	56276316	8000	56274154	-4000	4000	2162
chr11	55823219	55831219	55827628	8000	55827219	-4000	4000	409
chr11	66332840	66340840	66334996	8000	66336840	-4000	4000	-1844
chr11	90127515	90135515	90134694	8000	90131515	-4000	4000	3179
chr11	123973781	123981781	123976903	8000	123977781	-4000	4000	-878
chr11	55568128	55576128	55572345	8000	55572128	-4000	4000	217
chr11	66332840	66340840	66334219	8000	66336840	-4000	4000	-2621
chr11	57233250	57241250	57235774	8000	57237250	-4000	4000	-1476
chr11	62757565	62765565	62761559	8000	62761565	-4000	4000	-6
chr11	124037325	124045325	124038950	8000	124041325	-4000	4000	-2375
chr11	5150757	5158757	5151538	8000	5154757	-4000	4000	-3219
chr11	36590369	36598369	36593087	8000	36594369	-4000	4000	-1282
chr11	124541333	124549333	124542771	8000	124545333	-4000	4000	-2562
chr11	295526	303526	299462	8000	299526	-4000	4000	-64
chr11	59452961	59460961	59457606	8000	59456961	-4000	4000	645
chr11	62852004	62860004	62854059	8000	62856004	-4000	4000	-1945
chr11	112082903	112090903	112084886	8000	112086903	-4000	4000	-2017
chr11	56539257	56547257	56542916	8000	56543257	-4000	4000	-341
chr11	74005085	74013085	74007003	8000	74009085	-4000	4000	-2082
chr11	124037325	124045325	124038740	8000	124041325	-4000	4000	-2585
chr11	43876811	43884811	43883980	8000	43880811	-4000	4000	3169
chr11	58264260	58272260	58267896	8000	58268260	-4000	4000	-364
chr11	63365785	63373785	63373642	8000	63369785	-4000	4000	3857
chr11	56270154	56278154	56275657	8000	56274154	-4000	4000	1503
chr11	65054553	65062553	65054705	8000	65058553	-4000	4000	-3848
chr11	5876629	5884629	5884577	8000	5880629	-4000	4000	3948
chr11	203399	211399	209437	8000	207399	-4000	4000	2038
chr11	55910582	55918582	55913938	8000	55914582	-4000	4000	-644
chr11	63502052	63510052	63506339	8000	63506052	-4000	4000	287
chr11	124932412	124940412	124935934	8000	124936412	-4000	4000	-478
chr11	125899348	125907348	125899995	8000	125903348	-4000	4000	-3353
chr11	5196682	5204682	5200596	8000	5200682	-4000	4000	-86
chr11	7792942	7800942	7796409	8000	7796942	-4000	4000	-533
chr11	9134114	9142114	9139635	8000	9138114	-4000	4000	1521
chr11	47244300	47252300	47248563	8000	47248300	-4000	4000	263
chr11	47582678	47590678	47589947	8000	47586678	-4000	4000	3269
chr11	56172618	56180618	56177353	8000	56176618	-4000	4000	735
chr11	68747520	68755520	68750474	8000	68751520	-4000	4000	-1046
chr11	124541333	124549333	124543148	8000	124545333	-4000	4000	-2185
chr11	32431564	32439564	32438884	8000	32435564	-4000	4000	3320
chr11	4090707	4098707	4091679	8000	4094707	-4000	4000	-3028
chr11	7961447	7969447	7963348	8000	7965447	-4000	4000	-2099
chr11	5225395	5233395	5227034	8000	5229395	-4000	4000	-2361
chr11	47422473	47430473	47425877	8000	47426473	-4000	4000	-596
chr11	55363974	55371974	55368481	8000	55367974	-4000	4000	507
chr11	56099687	56107687	56105379	8000	56103687	-4000	4000	1692
chr11	56288254	56296254	56290299	8000	56292254	-4000	4000	-1955
chr11	56288254	56296254	56290867	8000	56292254	-4000	4000	-1387
chr11	56342039	56350039	56346534	8000	56346039	-4000	4000	495
chr11	56539257	56547257	56543171	8000	56543257	-4000	4000	-86
chr11	64296358	64304358	64297228	8000	64300358	-4000	4000	-3130
chr11	67299478	67307478	67304845	8000	67303478	-4000	4000	1367
chr11	71544420	71552420	71548869	8000	71548420	-4000	4000	449
chr11	89964502	89972502	89968657	8000	89968502	-4000	4000	155
chr11	96339195	96347195	96341714	8000	96343195	-4000	4000	-1481
chr11	114396682	114404682	114400031	8000	114400682	-4000	4000	-651
chr11	119063818	119071818	119071654	8000	119067818	-4000	4000	3836
chr11	124022798	124030798	124029631	8000	124026798	-4000	4000	2833
chr11	65054553	65062553	65058345	8000	65058553	-4000	4000	-208
chr11	71544420	71552420	71548647	8000	71548420	-4000	4000	227
chr11	56695095	56703095	56700682	8000	56699095	-4000	4000	1587
chr11	58200142	58208142	58203593	8000	58204142	-4000	4000	-549
chr11	18244635	18252635	18245274	8000	18248635	-4000	4000	-3361
chr11	48241104	48249104	48245918	8000	48245104	-4000	4000	814
chr11	4633477	4641477	4640243	8000	4637477	-4000	4000	2766
chr11	48484793	48492793	48489455	8000	48488793	-4000	4000	662
chr11	55550307	55558307	55554845	8000	55554307	-4000	4000	538
chr11	59422413	59430413	59422542	8000	59426413	-4000	4000	-3871
chr11	59665037	59673037	59666950	8000	59669037	-4000	4000	-2087
chr11	18722230	18730230	18728807	8000	18726230	-4000	4000	2577
chr11	58185070	58193070	58191057	8000	58189070	-4000	4000	1987
chr11	58402874	58410874	58402894	8000	58406874	-4000	4000	-3980
chr11	95021258	95029258	95025536	8000	95025258	-4000	4000	278
chr11	66417004	66425004	66424448	8000	66421004	-4000	4000	3444
chr11	7084998	7092998	7090285	8000	7088998	-4000	4000	1287
chr11	62750184	62758184	62753055	8000	62754184	-4000	4000	-1129
chr11	56371624	56379624	56376216	8000	56375624	-4000	4000	592
chr11	56610874	56618874	56613017	8000	56614874	-4000	4000	-1857
chr11	55603645	55611645	55603975	8000	55607645	-4000	4000	-3670
chr11	56695095	56703095	56700528	8000	56699095	-4000	4000	1433
chr11	55363974	55371974	55368200	8000	55367974	-4000	4000	226
chr11	55658201	55666201	55665509	8000	55662201	-4000	4000	3308
chr11	117813525	117821525	117820615	8000	117817525	-4000	4000	3090
chr11	74167267	74175267	74170782	8000	74171267	-4000	4000	-485
chr11	1618138	1626138	1621829	8000	1622138	-4000	4000	-309
chr11	9134114	9142114	9139547	8000	9138114	-4000	4000	1433
chr11	74945261	74953261	74949108	8000	74949261	-4000	4000	-153
chr11	95045422	95053422	95049982	8000	95049422	-4000	4000	560
chr11	64296358	64304358	64300733	8000	64300358	-4000	4000	375
chr11	65941445	65949445	65947195	8000	65945445	-4000	4000	1750
chr11	6316532	6324532	6319727	8000	6320532	-4000	4000	-805
chr11	75713838	75721838	75719619	8000	75717838	-4000	4000	1781
chr11	93325971	93333971	93332288	8000	93329971	-4000	4000	2317
chr11	124022798	124030798	124030357	8000	124026798	-4000	4000	3559
chr11	61788980	61796980	61795468	8000	61792980	-4000	4000	2488
chr11	3638316	3646316	3638737	8000	3642316	-4000	4000	-3579
chr11	56695095	56703095	56700719	8000	56699095	-4000	4000	1624
chr11	64799241	64807241	64800368	8000	64803241	-4000	4000	-2873
chr11	105031250	105039250	105034377	8000	105035250	-4000	4000	-873
chr11	116833622	116841622	116836282	8000	116837622	-4000	4000	-1340
chr11	7792942	7800942	7796045	8000	7796942	-4000	4000	-897
chr11	22621509	22629509	22625252	8000	22625509	-4000	4000	-257
chr11	102951732	102959732	102955699	8000	102955732	-4000	4000	-33
chr11	116819304	116827304	116821686	8000	116823304	-4000	4000	-1618
chr11	4633477	4641477	4640554	8000	4637477	-4000	4000	3077
chr11	56573721	56581721	56577363	8000	56577721	-4000	4000	-358
chr11	49948391	49956391	49953029	8000	49952391	-4000	4000	638
chr11	66589153	66597153	66593037	8000	66593153	-4000	4000	-116
chr11	119091465	119099465	119097742	8000	119095465	-4000	4000	2277
chr11	56089308	56097308	56093774	8000	56093308	-4000	4000	466
chr11	55807367	55815367	55812361	8000	55811367	-4000	4000	994
chr11	55932400	55940400	55935959	8000	55936400	-4000	4000	-441
chr11	57233250	57241250	57235831	8000	57237250	-4000	4000	-1419
chr11	55932400	55940400	55935632	8000	55936400	-4000	4000	-768
chr11	124748255	124756255	124753884	8000	124752255	-4000	4000	1629
chr11	48241104	48249104	48245413	8000	48245104	-4000	4000	309
chr11	55603645	55611645	55603982	8000	55607645	-4000	4000	-3663
chr11	58355069	58363069	58358504	8000	58359069	-4000	4000	-565
chr11	4445295	4453295	4449621	8000	4449295	-4000	4000	326
chr11	62788006	62796006	62794299	8000	62792006	-4000	4000	2293
chr11	66589153	66597153	66592727	8000	66593153	-4000	4000	-426
chr11	7792942	7800942	7796722	8000	7796942	-4000	4000	-220
chr11	3641128	3649128	3641887	8000	3645128	-4000	4000	-3241
chr11	67410968	67418968	67417546	8000	67414968	-4000	4000	2578
chr11	2895721	2903721	2903370	8000	2899721	-4000	4000	3649
chr11	4541191	4549191	4545693	8000	4545191	-4000	4000	502
chr11	13005316	13013316	13010006	8000	13009316	-4000	4000	690
chr11	47348702	47356702	47355528	8000	47352702	-4000	4000	2826
chr11	66673887	66681887	66676837	8000	66677887	-4000	4000	-1050
chr11	56342039	56350039	56346554	8000	56346039	-4000	4000	515
chr11	6917002	6925002	6921639	8000	6921002	-4000	4000	637
chr11	18244635	18252635	18247964	8000	18248635	-4000	4000	-671
chr11	55644327	55652327	55651572	8000	55648327	-4000	4000	3245
chr11	55807367	55815367	55811975	8000	55811367	-4000	4000	608
chr11	30227014	30235014	30233925	8000	30231014	-4000	4000	2911
chr11	57177747	57185747	57182014	8000	57181747	-4000	4000	267
chr11	66417004	66425004	66422742	8000	66421004	-4000	4000	1738
chr11	48241104	48249104	48245919	8000	48245104	-4000	4000	815
chr11	6767976	6775976	6768358	8000	6771976	-4000	4000	-3618
chr11	56414232	56422232	56417334	8000	56418232	-4000	4000	-898
chr11	1834981	1842981	1841186	8000	1838981	-4000	4000	2205
chr11	65130532	65138532	65131489	8000	65134532	-4000	4000	-3043
chr11	66417004	66425004	66424382	8000	66421004	-4000	4000	3378
chr11	56288254	56296254	56290869	8000	56292254	-4000	4000	-1385
chr11	18168837	18176837	18174021	8000	18172837	-4000	4000	1184
chr11	123750518	123758518	123753855	8000	123754518	-4000	4000	-663
chr11	102951732	102959732	102952108	8000	102955732	-4000	4000	-3624
chr11	55834752	55842752	55838862	8000	55838752	-4000	4000	110
chr11	55550307	55558307	55555042	8000	55554307	-4000	4000	735
chr11	58224918	58232918	58228283	8000	58228918	-4000	4000	-635
chr11	56371624	56379624	56376149	8000	56375624	-4000	4000	525
chr11	124022798	124030798	124023881	8000	124026798	-4000	4000	-2917
chr11	6888500	6896500	6892330	8000	6892500	-4000	4000	-170
chr11	47574976	47582976	47582353	8000	47578976	-4000	4000	3377
chr11	5055627	5063627	5059317	8000	5059627	-4000	4000	-310
chr11	203399	211399	205996	8000	207399	-4000	4000	-1403
chr11	47244300	47252300	47248892	8000	47248300	-4000	4000	592
chr11	55769438	55777438	55774287	8000	55773438	-4000	4000	849
chr11	66417004	66425004	66422514	8000	66421004	-4000	4000	1510
chr11	4633477	4641477	4640417	8000	4637477	-4000	4000	2940
chr11	55550307	55558307	55554409	8000	55554307	-4000	4000	102
chr11	55791556	55799556	55795579	8000	55795556	-4000	4000	23
chr11	2297997	2305997	2300748	8000	2301997	-4000	4000	-1249
chr11	55932400	55940400	55935645	8000	55936400	-4000	4000	-755
chr11	111536280	111544280	111543992	8000	111540280	-4000	4000	3712
chr11	125742279	125750279	125747747	8000	125746279	-4000	4000	1468
chr11	285126	293126	289924	8000	289126	-4000	4000	798
chr11	22334381	22342381	22338601	8000	22338381	-4000	4000	220
chr11	6166326	6174326	6169513	8000	6170326	-4000	4000	-813
chr11	54599998	54607998	54603203	8000	54603998	-4000	4000	-795
chr11	55834752	55842752	55839612	8000	55838752	-4000	4000	860
chr11	61504749	61512749	61510640	8000	61508749	-4000	4000	1891
chr11	62980967	62988967	62981373	8000	62984967	-4000	4000	-3594
chr11	66589153	66597153	66590658	8000	66593153	-4000	4000	-2495
chr11	95062919	95070919	95068881	8000	95066919	-4000	4000	1962
chr11	111294546	111302546	111296658	8000	111298546	-4000	4000	-1888
chr11	112070086	112078086	112074307	8000	112074086	-4000	4000	221
chr11	125899348	125907348	125900300	8000	125903348	-4000	4000	-3048
chr11	4604231	4612231	4605190	8000	4608231	-4000	4000	-3041
chr11	20156475	20164475	20159243	8000	20160475	-4000	4000	-1232
chr11	58504105	58512105	58507410	8000	58508105	-4000	4000	-695
chr11	123750518	123758518	123754145	8000	123754518	-4000	4000	-373
chr11	124861432	124869432	124865632	8000	124865432	-4000	4000	200
chr11	62295075	62303075	62297597	8000	62299075	-4000	4000	-1478
chr11	56172618	56180618	56177282	8000	56176618	-4000	4000	664
chr11	57331892	57339892	57333512	8000	57335892	-4000	4000	-2380
chr11	57331892	57339892	57334526	8000	57335892	-4000	4000	-1366
chr11	9134114	9142114	9139642	8000	9138114	-4000	4000	1528
chr11	7084998	7092998	7090727	8000	7088998	-4000	4000	1729
chr11	66417004	66425004	66424673	8000	66421004	-4000	4000	3669
chr11	66564879	66572879	66568001	8000	66568879	-4000	4000	-878
chr11	67410968	67418968	67418873	8000	67414968	-4000	4000	3905
chr11	105605994	105613994	105611052	8000	105609994	-4000	4000	1058
chr11	66332840	66340840	66338672	8000	66336840	-4000	4000	1832
chr11	125899348	125907348	125905277	8000	125903348	-4000	4000	1929
chr11	22334381	22342381	22341647	8000	22338381	-4000	4000	3266
chr11	55258155	55266155	55262242	8000	55262155	-4000	4000	87
chr11	48241104	48249104	48245211	8000	48245104	-4000	4000	107
chr11	71561563	71569563	71565859	8000	71565563	-4000	4000	296
chr11	59709456	59717456	59713561	8000	59713456	-4000	4000	105
chr11	105097431	105105431	105100721	8000	105101431	-4000	4000	-710
chr11	125774828	125782828	125777311	8000	125778828	-4000	4000	-1517
chr11	5196682	5204682	5199859	8000	5200682	-4000	4000	-823
chr11	56099687	56107687	56105365	8000	56103687	-4000	4000	1678
chr11	76856859	76864859	76861031	8000	76860859	-4000	4000	172
chr11	111294546	111302546	111296048	8000	111298546	-4000	4000	-2498
chr11	62980967	62988967	62984652	8000	62984967	-4000	4000	-315
chr11	66313044	66321044	66315158	8000	66317044	-4000	4000	-1886
chr11	26719427	26727427	26721564	8000	26723427	-4000	4000	-1863
chr11	48241104	48249104	48245608	8000	48245104	-4000	4000	504
chr11	55910582	55918582	55913689	8000	55914582	-4000	4000	-893
chr11	62618154	62626154	62620667	8000	62622154	-4000	4000	-1487
chr11	5964494	5972494	5967923	8000	5968494	-4000	4000	-571
chr11	48484793	48492793	48489644	8000	48488793	-4000	4000	851
chr11	55363974	55371974	55368080	8000	55367974	-4000	4000	106
chr11	55910582	55918582	55913842	8000	55914582	-4000	4000	-740
chr11	55644327	55652327	55651777	8000	55648327	-4000	4000	3450
chr11	5750243	5758243	5754852	8000	5754243	-4000	4000	609
chr11	56610874	56618874	56612971	8000	56614874	-4000	4000	-1903
chr11	117174736	117182736	117182725	8000	117178736	-4000	4000	3989
chr11	55965945	55973945	55968088	8000	55969945	-4000	4000	-1857
chr11	22334381	22342381	22338503	8000	22338381	-4000	4000	122
chr11	61338596	61346596	61339151	8000	61342596	-4000	4000	-3445
chr11	133841538	133849538	133845131	8000	133845538	-4000	4000	-407
chr11	68976986	68984986	68980467	8000	68980986	-4000	4000	-519
chr11	19346724	19354724	19350956	8000	19350724	-4000	4000	232
chr11	48212810	48220810	48217427	8000	48216810	-4000	4000	617
chr11	56288254	56296254	56290688	8000	56292254	-4000	4000	-1566
chr11	117174736	117182736	117181867	8000	117178736	-4000	4000	3131
chr11	49978535	49986535	49981726	8000	49982535	-4000	4000	-809
chr11	58355069	58363069	58358713	8000	58359069	-4000	4000	-356
chr11	62266158	62274158	62273053	8000	62270158	-4000	4000	2895
chr11	112957247	112965247	112961655	8000	112961247	-4000	4000	408
chr11	130444645	130452645	130449018	8000	130448645	-4000	4000	373
chr11	47574976	47582976	47577508	8000	47578976	-4000	4000	-1468
chr11	118432456	118440456	118434931	8000	118436456	-4000	4000	-1525
chr11	95062919	95070919	95068752	8000	95066919	-4000	4000	1833
chr11	4633477	4641477	4640555	8000	4637477	-4000	4000	3078
chr11	5750243	5758243	5755672	8000	5754243	-4000	4000	1429
chr11	55879297	55887297	55886215	8000	55883297	-4000	4000	2918
chr11	60036409	60044409	60043497	8000	60040409	-4000	4000	3088
chr11	65634101	65642101	65636227	8000	65638101	-4000	4000	-1874
chr11	124022798	124030798	124023171	8000	124026798	-4000	4000	-3627
chr11	58438236	58446236	58440103	8000	58442236	-4000	4000	-2133
chr11	102343211	102351211	102349716	8000	102347211	-4000	4000	2505
chr11	125829316	125837316	125833349	8000	125833316	-4000	4000	33
chr11	7927268	7935268	7928164	8000	7931268	-4000	4000	-3104
chr11	47574976	47582976	47582420	8000	47578976	-4000	4000	3444
chr11	56248254	56256254	56252395	8000	56252254	-4000	4000	141
chr11	105605994	105613994	105611018	8000	105609994	-4000	4000	1024
chr11	63667921	63675921	63671407	8000	63671921	-4000	4000	-514
chr11	4364386	4372386	4367483	8000	4368386	-4000	4000	-903
chr11	4541191	4549191	4545577	8000	4545191	-4000	4000	386
chr11	4090707	4098707	4091365	8000	4094707	-4000	4000	-3342
chr11	5042526	5050526	5046641	8000	5046526	-4000	4000	115
chr11	6615448	6623448	6615466	8000	6619448	-4000	4000	-3982
chr11	5674434	5682434	5680215	8000	5678434	-4000	4000	1781
chr11	55644327	55652327	55651163	8000	55648327	-4000	4000	2836
chr11	56469352	56477352	56470242	8000	56473352	-4000	4000	-3110
chr11	56610874	56618874	56613069	8000	56614874	-4000	4000	-1805
chr11	58200142	58208142	58203867	8000	58204142	-4000	4000	-275
chr11	60863542	60871542	60869680	8000	60867542	-4000	4000	2138
chr11	114396682	114404682	114399957	8000	114400682	-4000	4000	-725
chr11	6316532	6324532	6320277	8000	6320532	-4000	4000	-255
chr11	63365785	63373785	63369876	8000	63369785	-4000	4000	91
chr11	116833622	116841622	116837003	8000	116837622	-4000	4000	-619
chr11	122977834	122985834	122979432	8000	122981834	-4000	4000	-2402
chr11	55644327	55652327	55651378	8000	55648327	-4000	4000	3051
chr11	58402874	58410874	58402882	8000	58406874	-4000	4000	-3992
chr11	123973781	123981781	123977575	8000	123977781	-4000	4000	-206
chr11	5964494	5972494	5968074	8000	5968494	-4000	4000	-420
chr11	6779020	6787020	6785904	8000	6783020	-4000	4000	2884
chr11	71448868	71456868	71453264	8000	71452868	-4000	4000	396
chr11	123059230	123067230	123059897	8000	123063230	-4000	4000	-3333
chr11	125899348	125907348	125900032	8000	125903348	-4000	4000	-3316
chr11	56342039	56350039	56346915	8000	56346039	-4000	4000	876
chr11	119091465	119099465	119096799	8000	119095465	-4000	4000	1334
chr11	18168837	18176837	18173312	8000	18172837	-4000	4000	475
chr11	4990851	4998851	4992267	8000	4994851	-4000	4000	-2584
chr11	55815630	55823630	55820018	8000	55819630	-4000	4000	388
chr11	56270154	56278154	56276461	8000	56274154	-4000	4000	2307
chr11	285126	293126	290850	8000	289126	-4000	4000	1724
chr11	4990851	4998851	4991482	8000	4994851	-4000	4000	-3369
chr11	56248254	56256254	56252484	8000	56252254	-4000	4000	230
chr11	89173875	89181875	89178499	8000	89177875	-4000	4000	624
chr11	295526	303526	299396	8000	299526	-4000	4000	-130
chr11	74005085	74013085	74006173	8000	74009085	-4000	4000	-2912
chr11	123973781	123981781	123977488	8000	123977781	-4000	4000	-293
chr11	56136201	56144201	56137596	8000	56140201	-4000	4000	-2605
chr11	56136201	56144201	56137390	8000	56140201	-4000	4000	-2811
chr11	133841538	133849538	133842517	8000	133845538	-4000	4000	-3021
chr11	94300580	94308580	94305646	8000	94304580	-4000	4000	1066
chr11	119181457	119189457	119185831	8000	119185457	-4000	4000	374
chr11	124022798	124030798	124023433	8000	124026798	-4000	4000	-3365
chr11	66343629	66351629	66346736	8000	66347629	-4000	4000	-893
chr11	59499576	59507576	59504481	8000	59503576	-4000	4000	905
chr11	56984914	56992914	56989680	8000	56988914	-4000	4000	766
chr11	1625775	1633775	1630577	8000	1629775	-4000	4000	802
chr11	63667921	63675921	63671384	8000	63671921	-4000	4000	-537
chr11	102776628	102784628	102776657	8000	102780628	-4000	4000	-3971
chr11	6615448	6623448	6621571	8000	6619448	-4000	4000	2123
chr11	55568128	55576128	55572496	8000	55572128	-4000	4000	368
chr11	58355069	58363069	58358741	8000	58359069	-4000	4000	-328
chr11	125899348	125907348	125900154	8000	125903348	-4000	4000	-3194
chr11	55807367	55815367	55811652	8000	55811367	-4000	4000	285
chr11	67410968	67418968	67417575	8000	67414968	-4000	4000	2607
chr11	58574220	58582220	58578040	8000	58578220	-4000	4000	-180
chr11	55932400	55940400	55936336	8000	55936400	-4000	4000	-64
chr11	58224918	58232918	58228538	8000	58228918	-4000	4000	-380
chr11	4445295	4453295	4450036	8000	4449295	-4000	4000	741
chr11	4090707	4098707	4095019	8000	4094707	-4000	4000	312
chr11	95021258	95029258	95026666	8000	95025258	-4000	4000	1408
chr11	63365785	63373785	63370083	8000	63369785	-4000	4000	298
chr11	20156475	20164475	20156493	8000	20160475	-4000	4000	-3982
chr11	119080866	119088866	119085142	8000	119084866	-4000	4000	276
chr11	4541191	4549191	4545727	8000	4545191	-4000	4000	536
chr11	55965945	55973945	55967586	8000	55969945	-4000	4000	-2359
chr11	56023654	56031654	56030940	8000	56027654	-4000	4000	3286
chr11	56089308	56097308	56093820	8000	56093308	-4000	4000	512
chr11	49978535	49986535	49981905	8000	49982535	-4000	4000	-630
chr11	7927268	7935268	7928004	8000	7931268	-4000	4000	-3264
chr11	56695095	56703095	56700855	8000	56699095	-4000	4000	1760
chr11	88171443	88179443	88175236	8000	88175443	-4000	4000	-207
chr11	48241104	48249104	48245246	8000	48245104	-4000	4000	142
chr11	58504105	58512105	58507380	8000	58508105	-4000	4000	-725
chr11	47582678	47590678	47584557	8000	47586678	-4000	4000	-2121
chr11	58224918	58232918	58228496	8000	58228918	-4000	4000	-422
chr11	105097431	105105431	105100615	8000	105101431	-4000	4000	-816
chr11	61946063	61954063	61951873	8000	61950063	-4000	4000	1810
chr11	36590369	36598369	36593885	8000	36594369	-4000	4000	-484
chr11	64586641	64594641	64593756	8000	64590641	-4000	4000	3115
chr11	116784039	116792039	116784876	8000	116788039	-4000	4000	-3163
chr11	12373563	12381563	12377653	8000	12377563	-4000	4000	90
chr11	58200142	58208142	58203379	8000	58204142	-4000	4000	-763
chr11	20156475	20164475	20156641	8000	20160475	-4000	4000	-3834
chr11	123973781	123981781	123977157	8000	123977781	-4000	4000	-624
chr11	55932400	55940400	55935610	8000	55936400	-4000	4000	-790
chr11	22621509	22629509	22624638	8000	22625509	-4000	4000	-871
chr11	62980967	62988967	62984593	8000	62984967	-4000	4000	-374
chr11	124420871	124428871	124424702	8000	124424871	-4000	4000	-169
chr11	6767976	6775976	6768541	8000	6771976	-4000	4000	-3435
chr11	59841499	59849499	59845494	8000	59845499	-4000	4000	-5
chr11	63764775	63772775	63766200	8000	63768775	-4000	4000	-2575
chr11	19346724	19354724	19350771	8000	19350724	-4000	4000	47
chr11	54702832	54710832	54707739	8000	54706832	-4000	4000	907
chr11	62802302	62810302	62807493	8000	62806302	-4000	4000	1191
chr11	89173875	89181875	89178073	8000	89177875	-4000	4000	198
chr11	47574976	47582976	47577633	8000	47578976	-4000	4000	-1343
chr11	6779020	6787020	6785449	8000	6783020	-4000	4000	2429
chr11	10505186	10513186	10505993	8000	10509186	-4000	4000	-3193
chr11	124008997	124016997	124016491	8000	124012997	-4000	4000	3494
chr11	56469352	56477352	56470443	8000	56473352	-4000	4000	-2909
chr11	123750518	123758518	123753846	8000	123754518	-4000	4000	-672
chr11	119181457	119189457	119187675	8000	119185457	-4000	4000	2218
chr11	64296358	64304358	64297129	8000	64300358	-4000	4000	-3229
chr11	18102087	18110087	18103347	8000	18106087	-4000	4000	-2740
chr11	64296358	64304358	64297441	8000	64300358	-4000	4000	-2917
chr11	33770543	33778543	33774413	8000	33774543	-4000	4000	-130
chr11	3638316	3646316	3638601	8000	3642316	-4000	4000	-3715
chr11	10854796	10862796	10854993	8000	10858796	-4000	4000	-3803
chr11	56371624	56379624	56376154	8000	56375624	-4000	4000	530
chr11	77990671	77998671	77991227	8000	77994671	-4000	4000	-3444
chr11	55258155	55266155	55265150	8000	55262155	-4000	4000	2995
chr11	55631113	55639113	55638452	8000	55635113	-4000	4000	3339
chr11	124380499	124388499	124382492	8000	124384499	-4000	4000	-2007
chr11	126265024	126273024	126271637	8000	126269024	-4000	4000	2613
chr11	5853690	5861690	5857002	8000	5857690	-4000	4000	-688
chr11	43676680	43684680	43680702	8000	43680680	-4000	4000	22
chr11	56414232	56422232	56417883	8000	56418232	-4000	4000	-349
chr11	68976986	68984986	68980804	8000	68980986	-4000	4000	-182
chr11	5225395	5233395	5225561	8000	5229395	-4000	4000	-3834
chr11	6470459	6478459	6476330	8000	6474459	-4000	4000	1871
chr11	65611382	65619382	65613306	8000	65615382	-4000	4000	-2076
chr11	65611382	65619382	65613399	8000	65615382	-4000	4000	-1983
chr11	124316197	124324197	124319886	8000	124320197	-4000	4000	-311
chr11	126265024	126273024	126269409	8000	126269024	-4000	4000	385
chr11	62757565	62765565	62762943	8000	62761565	-4000	4000	1378
chr11	62757565	62765565	62762944	8000	62761565	-4000	4000	1379
chr11	95085846	95093846	95090111	8000	95089846	-4000	4000	265
chr11	55807367	55815367	55812208	8000	55811367	-4000	4000	841
chr11	56023654	56031654	56030595	8000	56027654	-4000	4000	2941
chr11	101911010	101919010	101915316	8000	101915010	-4000	4000	306
chr11	56248254	56256254	56252963	8000	56252254	-4000	4000	709
chr11	95021258	95029258	95027057	8000	95025258	-4000	4000	1799
chr11	66022479	66030479	66025479	8000	66026479	-4000	4000	-1000
chr11	47574976	47582976	47580537	8000	47578976	-4000	4000	1561
chr11	47445143	47453143	47448141	8000	47449143	-4000	4000	-1002
chr11	55258155	55266155	55265283	8000	55262155	-4000	4000	3128
chr11	55932400	55940400	55936037	8000	55936400	-4000	4000	-363
chr11	124111404	124119404	124118644	8000	124115404	-4000	4000	3240
chr11	10304313	10312313	10306344	8000	10308313	-4000	4000	-1969
chr11	56573721	56581721	56577440	8000	56577721	-4000	4000	-281
chr11	55550307	55558307	55555048	8000	55554307	-4000	4000	741
chr11	55910582	55918582	55914571	8000	55914582	-4000	4000	-11
chr11	89964502	89972502	89968654	8000	89968502	-4000	4000	152
chr11	105097431	105105431	105099406	8000	105101431	-4000	4000	-2025
chr11	5042526	5050526	5046982	8000	5046526	-4000	4000	456
chr11	124607428	124615428	124611661	8000	124611428	-4000	4000	233
chr11	55834752	55842752	55839529	8000	55838752	-4000	4000	777
chr11	64296358	64304358	64297333	8000	64300358	-4000	4000	-3025
chr11	64741456	64749456	64746662	8000	64745456	-4000	4000	1206
chr11	66589153	66597153	66590542	8000	66593153	-4000	4000	-2611
chr11	47711389	47719389	47714284	8000	47715389	-4000	4000	-1105
chr11	55550307	55558307	55555190	8000	55554307	-4000	4000	883
chr11	119181457	119189457	119188676	8000	119185457	-4000	4000	3219
chr11	55769438	55777438	55774129	8000	55773438	-4000	4000	691
chr11	60863542	60871542	60870387	8000	60867542	-4000	4000	2845
chr11	66417004	66425004	66422518	8000	66421004	-4000	4000	1514
chr11	6438617	6446617	6439916	8000	6442617	-4000	4000	-2701
chr11	45914812	45922812	45916226	8000	45918812	-4000	4000	-2586
chr11	48212810	48220810	48216823	8000	48216810	-4000	4000	13
chr11	54702832	54710832	54707001	8000	54706832	-4000	4000	169
chr11	60695585	60703585	60700970	8000	60699585	-4000	4000	1385
chr11	62802302	62810302	62803835	8000	62806302	-4000	4000	-2467
chr11	62980967	62988967	62984523	8000	62984967	-4000	4000	-444
chr11	63365785	63373785	63370374	8000	63369785	-4000	4000	589
chr11	88171443	88179443	88175377	8000	88175443	-4000	4000	-66
chr11	94489885	94497885	94496679	8000	94493885	-4000	4000	2794
chr11	102776628	102784628	102778672	8000	102780628	-4000	4000	-1956
chr11	106073459	106081459	106077803	8000	106077459	-4000	4000	344
chr11	116784039	116792039	116790796	8000	116788039	-4000	4000	2757
chr11	117174736	117182736	117181490	8000	117178736	-4000	4000	2754
chr11	119098198	119106198	119098458	8000	119102198	-4000	4000	-3740
chr11	131366478	131374478	131370862	8000	131370478	-4000	4000	384
chr11	5837952	5845952	5841018	8000	5841952	-4000	4000	-934
chr11	56659686	56667686	56664020	8000	56663686	-4000	4000	334
chr11	56695095	56703095	56701100	8000	56699095	-4000	4000	2005
chr11	285126	293126	289917	8000	289126	-4000	4000	791
chr11	6888500	6896500	6892432	8000	6892500	-4000	4000	-68
chr11	68679779	68687779	68685600	8000	68683779	-4000	4000	1821
chr11	62750184	62758184	62754014	8000	62754184	-4000	4000	-170
chr11	124562660	124570660	124570334	8000	124566660	-4000	4000	3674
chr11	9456319	9464319	9461003	8000	9460319	-4000	4000	684
chr11	13005316	13013316	13010199	8000	13009316	-4000	4000	883
chr11	44043981	44051981	44050579	8000	44047981	-4000	4000	2598
chr11	47210465	47218465	47215079	8000	47214465	-4000	4000	614
chr11	47244300	47252300	47248111	8000	47248300	-4000	4000	-189
chr11	55834752	55842752	55839035	8000	55838752	-4000	4000	283
chr11	55834752	55842752	55839332	8000	55838752	-4000	4000	580
chr11	56156317	56164317	56159806	8000	56160317	-4000	4000	-511
chr11	58264260	58272260	58267472	8000	58268260	-4000	4000	-788
chr11	67399915	67407915	67401116	8000	67403915	-4000	4000	-2799
chr11	71523267	71531267	71527279	8000	71527267	-4000	4000	12
chr11	94489885	94497885	94496920	8000	94493885	-4000	4000	3035
chr11	123802349	123810349	123805691	8000	123806349	-4000	4000	-658
chr11	56230255	56238255	56232722	8000	56234255	-4000	4000	-1533
chr11	56659686	56667686	56664204	8000	56663686	-4000	4000	518
chr11	133952968	133960968	133956769	8000	133956968	-4000	4000	-199
chr11	5042526	5050526	5046843	8000	5046526	-4000	4000	317
chr11	62266158	62274158	62270199	8000	62270158	-4000	4000	41
chr11	56539257	56547257	56542433	8000	56543257	-4000	4000	-824
chr11	55644327	55652327	55651696	8000	55648327	-4000	4000	3369
chr11	64586641	64594641	64593658	8000	64590641	-4000	4000	3017
chr11	6195224	6203224	6200128	8000	6199224	-4000	4000	904
chr11	116833622	116841622	116837360	8000	116837622	-4000	4000	-262
chr11	67579742	67587742	67586187	8000	67583742	-4000	4000	2445
chr11	123881670	123889670	123884530	8000	123885670	-4000	4000	-1140
chr11	124380499	124388499	124383355	8000	124384499	-4000	4000	-1144
chr11	66589153	66597153	66590609	8000	66593153	-4000	4000	-2544
chr11	66589153	66597153	66592777	8000	66593153	-4000	4000	-376
chr11	116833622	116841622	116835819	8000	116837622	-4000	4000	-1803
chr11	109418190	109426190	109424148	8000	109422190	-4000	4000	1958
chr11	4541191	4549191	4545658	8000	4545191	-4000	4000	467
chr11	5787265	5795265	5788544	8000	5791265	-4000	4000	-2721
chr11	20595594	20603594	20599515	8000	20599594	-4000	4000	-79
chr11	33770543	33778543	33774443	8000	33774543	-4000	4000	-100
chr11	55791556	55799556	55796176	8000	55795556	-4000	4000	620
chr11	55965945	55973945	55968245	8000	55969945	-4000	4000	-1700
chr11	56984914	56992914	56989074	8000	56988914	-4000	4000	160
chr11	59103185	59111185	59109674	8000	59107185	-4000	4000	2489
chr11	61788980	61796980	61792520	8000	61792980	-4000	4000	-460
chr11	94489885	94497885	94496757	8000	94493885	-4000	4000	2872
chr11	112070086	112078086	112070336	8000	112074086	-4000	4000	-3750
chr11	47574976	47582976	47578755	8000	47578976	-4000	4000	-221
chr11	4445295	4453295	4450034	8000	4449295	-4000	4000	739
chr11	47422473	47430473	47426207	8000	47426473	-4000	4000	-266
chr11	55258155	55266155	55264897	8000	55262155	-4000	4000	2742
chr11	55568128	55576128	55573033	8000	55572128	-4000	4000	905
chr11	55932400	55940400	55936056	8000	55936400	-4000	4000	-344
chr11	55990625	55998625	55994493	8000	55994625	-4000	4000	-132
chr11	56230255	56238255	56232538	8000	56234255	-4000	4000	-1717
chr11	60863542	60871542	60869721	8000	60867542	-4000	4000	2179
chr11	66417004	66425004	66421284	8000	66421004	-4000	4000	280
chr11	118300730	118308730	118308435	8000	118304730	-4000	4000	3705
chr11	4589750	4597750	4594739	8000	4593750	-4000	4000	989
chr11	6779020	6787020	6785950	8000	6783020	-4000	4000	2930
chr11	7084998	7092998	7090223	8000	7088998	-4000	4000	1225
chr11	10304313	10312313	10306012	8000	10308313	-4000	4000	-2301
chr11	47574976	47582976	47577898	8000	47578976	-4000	4000	-1078
chr11	47638607	47646607	47642606	8000	47642607	-4000	4000	-1
chr11	48212810	48220810	48217233	8000	48216810	-4000	4000	423
chr11	56099687	56107687	56105468	8000	56103687	-4000	4000	1781
chr11	57177747	57185747	57181759	8000	57181747	-4000	4000	12
chr11	62788006	62796006	62794272	8000	62792006	-4000	4000	2266
chr11	62852004	62860004	62853346	8000	62856004	-4000	4000	-2658
chr11	65896573	65904573	65900332	8000	65900573	-4000	4000	-241
chr11	66332840	66340840	66333626	8000	66336840	-4000	4000	-3214
chr11	67299478	67307478	67304950	8000	67303478	-4000	4000	1472
chr11	68747520	68755520	68750528	8000	68751520	-4000	4000	-992
chr11	94969709	94977709	94971181	8000	94973709	-4000	4000	-2528
chr11	96385956	96393956	96390646	8000	96389956	-4000	4000	690
chr11	112070086	112078086	112070654	8000	112074086	-4000	4000	-3432
chr11	124316197	124324197	124320026	8000	124320197	-4000	4000	-171
chr11	1834981	1842981	1841559	8000	1838981	-4000	4000	2578
chr11	67579742	67587742	67584743	8000	67583742	-4000	4000	1001
chr11	2297997	2305997	2299567	8000	2301997	-4000	4000	-2430
chr11	2895721	2903721	2899506	8000	2899721	-4000	4000	-215
chr11	3638316	3646316	3640063	8000	3642316	-4000	4000	-2253
chr11	47210465	47218465	47215107	8000	47214465	-4000	4000	642
chr11	56230255	56238255	56232753	8000	56234255	-4000	4000	-1502
chr11	58438236	58446236	58440024	8000	58442236	-4000	4000	-2212
chr11	63764775	63772775	63766138	8000	63768775	-4000	4000	-2637
chr11	95021258	95029258	95025918	8000	95025258	-4000	4000	660
chr11	112082903	112090903	112085330	8000	112086903	-4000	4000	-1573
chr11	113971075	113979075	113975254	8000	113975075	-4000	4000	179
chr11	116825706	116833706	116832805	8000	116829706	-4000	4000	3099
chr11	3228417	3236417	3228706	8000	3232417	-4000	4000	-3711
chr11	18722230	18730230	18728914	8000	18726230	-4000	4000	2684
chr11	26990112	26998112	26994970	8000	26994112	-4000	4000	858
chr11	102043437	102051437	102047470	8000	102047437	-4000	4000	33
chr11	122977834	122985834	122981461	8000	122981834	-4000	4000	-373
chr11	55550307	55558307	55555398	8000	55554307	-4000	4000	1091
chr11	56270154	56278154	56276484	8000	56274154	-4000	4000	2330
chr11	56156317	56164317	56159472	8000	56160317	-4000	4000	-845
chr11	58208720	58216720	58215330	8000	58212720	-4000	4000	2610
chr11	54702832	54710832	54706972	8000	54706832	-4000	4000	140
chr11	64586641	64594641	64592870	8000	64590641	-4000	4000	2229
chr11	124179219	124187219	124185781	8000	124183219	-4000	4000	2562
chr11	5225395	5233395	5226982	8000	5229395	-4000	4000	-2413
chr11	59709456	59717456	59712966	8000	59713456	-4000	4000	-490
chr11	123973781	123981781	123977238	8000	123977781	-4000	4000	-543
chr11	124380499	124388499	124383217	8000	124384499	-4000	4000	-1282
chr11	124541333	124549333	124543294	8000	124545333	-4000	4000	-2039
chr11	64551690	64559690	64556242	8000	64555690	-4000	4000	552
chr11	55550307	55558307	55554507	8000	55554307	-4000	4000	200
chr11	55965945	55973945	55968440	8000	55969945	-4000	4000	-1505
chr11	124008997	124016997	124015835	8000	124012997	-4000	4000	2838
chr11	124022798	124030798	124023273	8000	124026798	-4000	4000	-3525
chr11	47244300	47252300	47248484	8000	47248300	-4000	4000	184
chr11	57233250	57241250	57235962	8000	57237250	-4000	4000	-1288
chr11	6779020	6787020	6785643	8000	6783020	-4000	4000	2623
chr11	44043981	44051981	44048180	8000	44047981	-4000	4000	199
chr11	64181272	64189272	64186226	8000	64185272	-4000	4000	954
chr11	5982985	5990985	5986152	8000	5986985	-4000	4000	-833
chr11	6767976	6775976	6768928	8000	6771976	-4000	4000	-3048
chr11	4389702	4397702	4390219	8000	4393702	-4000	4000	-3483
chr11	56469352	56477352	56469717	8000	56473352	-4000	4000	-3635
chr11	59709456	59717456	59713141	8000	59713456	-4000	4000	-315
chr11	71561563	71569563	71565901	8000	71565563	-4000	4000	338
chr11	111536280	111544280	111544080	8000	111540280	-4000	4000	3800
chr11	57233250	57241250	57236055	8000	57237250	-4000	4000	-1195
chr11	20665551	20673551	20669706	8000	20669551	-4000	4000	155
chr11	124008997	124016997	124016137	8000	124012997	-4000	4000	3140
chr11	126265024	126273024	126269163	8000	126269024	-4000	4000	139
chr11	6615448	6623448	6619417	8000	6619448	-4000	4000	-31
chr11	20359685	20367685	20367504	8000	20363685	-4000	4000	3819
chr11	5196682	5204682	5200681	8000	5200682	-4000	4000	-1
chr11	47582678	47590678	47589925	8000	47586678	-4000	4000	3247
chr11	74167267	74175267	74171516	8000	74171267	-4000	4000	249
chr11	27502769	27510769	27506735	8000	27506769	-4000	4000	-34
chr11	56610874	56618874	56613053	8000	56614874	-4000	4000	-1821
chr11	89173875	89181875	89178034	8000	89177875	-4000	4000	159
chr11	124691707	124699707	124694370	8000	124695707	-4000	4000	-1337
chr11	6166326	6174326	6169499	8000	6170326	-4000	4000	-827
chr11	54599998	54607998	54603344	8000	54603998	-4000	4000	-654
chr11	18390560	18398560	18396924	8000	18394560	-4000	4000	2364
chr11	90081950	90089950	90086854	8000	90085950	-4000	4000	904
chr11	94539840	94547840	94545402	8000	94543840	-4000	4000	1562
chr11	111510367	111518367	111514886	8000	111514367	-4000	4000	519
chr11	123935617	123943617	123943261	8000	123939617	-4000	4000	3644
chr11	124022798	124030798	124023407	8000	124026798	-4000	4000	-3391
chr11	55258155	55266155	55265133	8000	55262155	-4000	4000	2978
chr11	4541191	4549191	4545376	8000	4545191	-4000	4000	185
chr11	56638439	56646439	56642292	8000	56642439	-4000	4000	-147
chr11	57331892	57339892	57338545	8000	57335892	-4000	4000	2653
chr11	57331892	57339892	57338546	8000	57335892	-4000	4000	2654
chr11	57420059	57428059	57426448	8000	57424059	-4000	4000	2389
chr11	48241104	48249104	48245626	8000	48245104	-4000	4000	522
chr11	64237003	64245003	64237197	8000	64241003	-4000	4000	-3806
chr11	7792942	7800942	7796683	8000	7796942	-4000	4000	-259
chr11	61338596	61346596	61345527	8000	61342596	-4000	4000	2931
chr11	63502052	63510052	63509871	8000	63506052	-4000	4000	3819
chr11	65858026	65866026	65864730	8000	65862026	-4000	4000	2704
chr11	126265024	126273024	126271414	8000	126269024	-4000	4000	2390
chr11	13492181	13500181	13492241	8000	13496181	-4000	4000	-3940
chr11	96339195	96347195	96341697	8000	96343195	-4000	4000	-1498
chr11	1153953	1161953	1161920	8000	1157953	-4000	4000	3967
chr11	45843118	45851118	45847694	8000	45847118	-4000	4000	576
chr11	55550307	55558307	55554669	8000	55554307	-4000	4000	362
chr11	59452961	59460961	59456987	8000	59456961	-4000	4000	26
chr11	66313044	66321044	66315301	8000	66317044	-4000	4000	-1743
chr11	19346724	19354724	19350919	8000	19350724	-4000	4000	195
chr11	48259861	48267861	48264016	8000	48263861	-4000	4000	155
chr11	56230255	56238255	56232409	8000	56234255	-4000	4000	-1846
chr11	102701769	102709769	102704716	8000	102705769	-4000	4000	-1053
chr11	57233250	57241250	57236383	8000	57237250	-4000	4000	-867
chr11	66313044	66321044	66316258	8000	66317044	-4000	4000	-786
chr11	6779020	6787020	6785940	8000	6783020	-4000	4000	2920
chr11	55823219	55831219	55827492	8000	55827219	-4000	4000	273
chr11	232931	240931	233199	8000	236931	-4000	4000	-3732
chr11	1693195	1701195	1697290	8000	1697195	-4000	4000	95
chr11	6316532	6324532	6319229	8000	6320532	-4000	4000	-1303
chr11	48259861	48267861	48264046	8000	48263861	-4000	4000	185
chr11	55965945	55973945	55968165	8000	55969945	-4000	4000	-1780
chr11	57420059	57428059	57426097	8000	57424059	-4000	4000	2038
chr11	59103185	59111185	59109587	8000	59107185	-4000	4000	2402
chr11	89173875	89181875	89178105	8000	89177875	-4000	4000	230
chr11	102951732	102959732	102952028	8000	102955732	-4000	4000	-3704
chr11	48302223	48310223	48306929	8000	48306223	-4000	4000	706
chr11	55823219	55831219	55828094	8000	55827219	-4000	4000	875
chr11	56342039	56350039	56346121	8000	56346039	-4000	4000	82
chr11	66589153	66597153	66591393	8000	66593153	-4000	4000	-1760
chr11	66673887	66681887	66676822	8000	66677887	-4000	4000	-1065
chr11	124395024	124403024	124396751	8000	124399024	-4000	4000	-2273
chr11	43676680	43684680	43680811	8000	43680680	-4000	4000	131
chr11	71544420	71552420	71548614	8000	71548420	-4000	4000	194
chr11	124008997	124016997	124016094	8000	124012997	-4000	4000	3097
chr11	36590369	36598369	36593736	8000	36594369	-4000	4000	-633
chr11	62750184	62758184	62752017	8000	62754184	-4000	4000	-2167
chr11	66343629	66351629	66346601	8000	66347629	-4000	4000	-1028
chr11	109418190	109426190	109423740	8000	109422190	-4000	4000	1550
chr11	54599998	54607998	54603458	8000	54603998	-4000	4000	-540
chr11	55910582	55918582	55913809	8000	55914582	-4000	4000	-773
chr11	55823219	55831219	55827821	8000	55827219	-4000	4000	602
chr11	4445295	4453295	4449637	8000	4449295	-4000	4000	342
chr11	105097431	105105431	105100773	8000	105101431	-4000	4000	-658
chr11	17472894	17480894	17474921	8000	17476894	-4000	4000	-1973
chr11	54599998	54607998	54603376	8000	54603998	-4000	4000	-622
chr11	44043981	44051981	44048488	8000	44047981	-4000	4000	507
chr11	5853690	5861690	5856844	8000	5857690	-4000	4000	-846
chr11	58402874	58410874	58403229	8000	58406874	-4000	4000	-3645
chr11	56099687	56107687	56105590	8000	56103687	-4000	4000	1903
chr11	285126	293126	285169	8000	289126	-4000	4000	-3957
chr11	56288254	56296254	56290558	8000	56292254	-4000	4000	-1696
chr11	66417004	66425004	66424005	8000	66421004	-4000	4000	3001
chr11	56414232	56422232	56417331	8000	56418232	-4000	4000	-901
chr11	46715196	46723196	46719725	8000	46719196	-4000	4000	529
chr11	66417004	66425004	66424773	8000	66421004	-4000	4000	3769
chr11	4364386	4372386	4368071	8000	4368386	-4000	4000	-315
chr11	31505755	31513755	31509751	8000	31509755	-4000	4000	-4
chr11	56610874	56618874	56612675	8000	56614874	-4000	4000	-2199
chr11	4389702	4397702	4389734	8000	4393702	-4000	4000	-3968
chr11	124111404	124119404	124117459	8000	124115404	-4000	4000	2055
chr11	55568128	55576128	55572637	8000	55572128	-4000	4000	509
chr11	55363974	55371974	55368537	8000	55367974	-4000	4000	563
chr11	56270154	56278154	56275640	8000	56274154	-4000	4000	1486
chr11	6195224	6203224	6199839	8000	6199224	-4000	4000	615
chr11	118967712	118975712	118971735	8000	118971712	-4000	4000	23
chr11	2154391	2162391	2159789	8000	2158391	-4000	4000	1398
chr11	6599616	6607616	6604177	8000	6603616	-4000	4000	561
chr11	96339195	96347195	96341555	8000	96343195	-4000	4000	-1640
chr11	47574976	47582976	47577583	8000	47578976	-4000	4000	-1393
chr11	59507368	59515368	59515277	8000	59511368	-4000	4000	3909
chr11	4633477	4641477	4640574	8000	4637477	-4000	4000	3097
chr11	5042526	5050526	5047272	8000	5046526	-4000	4000	746
chr11	5982985	5990985	5986580	8000	5986985	-4000	4000	-405
chr11	6872625	6880625	6877293	8000	6876625	-4000	4000	668
chr11	7509298	7517298	7509830	8000	7513298	-4000	4000	-3468
chr11	7792942	7800942	7796235	8000	7796942	-4000	4000	-707
chr11	7792942	7800942	7796795	8000	7796942	-4000	4000	-147
chr11	9569670	9577670	9577247	8000	9573670	-4000	4000	3577
chr11	13005316	13013316	13010646	8000	13009316	-4000	4000	1330
chr11	18168837	18176837	18173765	8000	18172837	-4000	4000	928
chr11	31365810	31373810	31370787	8000	31369810	-4000	4000	977
chr11	45914812	45922812	45917831	8000	45918812	-4000	4000	-981
chr11	47348702	47356702	47349904	8000	47352702	-4000	4000	-2798
chr11	47582678	47590678	47586728	8000	47586678	-4000	4000	50
chr11	48259861	48267861	48263953	8000	48263861	-4000	4000	92
chr11	48302223	48310223	48306440	8000	48306223	-4000	4000	217
chr11	55258155	55266155	55264954	8000	55262155	-4000	4000	2799
chr11	55823219	55831219	55827697	8000	55827219	-4000	4000	478
chr11	55834752	55842752	55839525	8000	55838752	-4000	4000	773
chr11	56136201	56144201	56137390	8000	56140201	-4000	4000	-2811
chr11	56156317	56164317	56159930	8000	56160317	-4000	4000	-387
chr11	56487370	56495370	56491349	8000	56491370	-4000	4000	-21
chr11	56984914	56992914	56989122	8000	56988914	-4000	4000	208
chr11	59499576	59507576	59503660	8000	59503576	-4000	4000	84
chr11	59862489	59870489	59866468	8000	59866489	-4000	4000	-21
chr11	61338596	61346596	61345901	8000	61342596	-4000	4000	3305
chr11	64586641	64594641	64591757	8000	64590641	-4000	4000	1116
chr11	64741456	64749456	64746700	8000	64745456	-4000	4000	1244
chr11	64913211	64921211	64913876	8000	64917211	-4000	4000	-3335
chr11	65166154	65174154	65171355	8000	65170154	-4000	4000	1201
chr11	66313044	66321044	66315158	8000	66317044	-4000	4000	-1886
chr11	66564879	66572879	66567631	8000	66568879	-4000	4000	-1248
chr11	66589153	66597153	66592365	8000	66593153	-4000	4000	-788
chr11	68747520	68755520	68754928	8000	68751520	-4000	4000	3408
chr11	68976986	68984986	68980949	8000	68980986	-4000	4000	-37
chr11	69290151	69298151	69295303	8000	69294151	-4000	4000	1152
chr11	69290151	69298151	69295940	8000	69294151	-4000	4000	1789
chr11	71523267	71531267	71527626	8000	71527267	-4000	4000	359
chr11	71561563	71569563	71566314	8000	71565563	-4000	4000	751
chr11	90081950	90089950	90087047	8000	90085950	-4000	4000	1097
chr11	96385956	96393956	96392095	8000	96389956	-4000	4000	2139
chr11	102343211	102351211	102350855	8000	102347211	-4000	4000	3644
chr11	102701769	102709769	102705721	8000	102705769	-4000	4000	-48
chr11	102794160	102802160	102797320	8000	102798160	-4000	4000	-840
chr11	119063818	119071818	119069335	8000	119067818	-4000	4000	1517
chr11	119063818	119071818	119071666	8000	119067818	-4000	4000	3848
chr11	123059230	123067230	123061254	8000	123063230	-4000	4000	-1976
chr11	124380499	124388499	124383184	8000	124384499	-4000	4000	-1315
chr11	125621163	125629163	125626790	8000	125625163	-4000	4000	1627
chr11	125899348	125907348	125900351	8000	125903348	-4000	4000	-2997
chr11	18168837	18176837	18173954	8000	18172837	-4000	4000	1117
chr11	55644327	55652327	55651611	8000	55648327	-4000	4000	3284
chr11	56023654	56031654	56030735	8000	56027654	-4000	4000	3081
chr11	123935617	123943617	123939863	8000	123939617	-4000	4000	246
chr11	6615448	6623448	6622066	8000	6619448	-4000	4000	2618
chr11	55769438	55777438	55774246	8000	55773438	-4000	4000	808
chr11	58438236	58446236	58439624	8000	58442236	-4000	4000	-2612
chr11	122878683	122886683	122886072	8000	122882683	-4000	4000	3389
chr11	66343629	66351629	66347075	8000	66347629	-4000	4000	-554
chr11	77990671	77998671	77994592	8000	77994671	-4000	4000	-79
chr11	65941445	65949445	65948074	8000	65945445	-4000	4000	2629
chr11	62750184	62758184	62752803	8000	62754184	-4000	4000	-1381
chr11	56984914	56992914	56988915	8000	56988914	-4000	4000	1
chr11	62980967	62988967	62983591	8000	62984967	-4000	4000	-1376
chr11	55363974	55371974	55368746	8000	55367974	-4000	4000	772
chr11	117982370	117990370	117989542	8000	117986370	-4000	4000	3172
chr11	55791556	55799556	55796116	8000	55795556	-4000	4000	560
chr11	56342039	56350039	56346809	8000	56346039	-4000	4000	770
chr11	65858026	65866026	65864986	8000	65862026	-4000	4000	2960
chr11	56230255	56238255	56232120	8000	56234255	-4000	4000	-2135
chr11	58208720	58216720	58215128	8000	58212720	-4000	4000	2408
chr11	113971075	113979075	113975282	8000	113975075	-4000	4000	207
chr11	119342705	119350705	119344659	8000	119346705	-4000	4000	-2046
chr11	122834500	122842500	122838557	8000	122838500	-4000	4000	57
chr11	61788980	61796980	61796149	8000	61792980	-4000	4000	3169
chr11	124541333	124549333	124542815	8000	124545333	-4000	4000	-2518
chr11	102794160	102802160	102796696	8000	102798160	-4000	4000	-1464
chr11	66589153	66597153	66591573	8000	66593153	-4000	4000	-1580
chr11	6002946	6010946	6003107	8000	6006946	-4000	4000	-3839
chr11	94539840	94547840	94545279	8000	94543840	-4000	4000	1439
chr11	6841683	6849683	6846586	8000	6845683	-4000	4000	903
chr11	47210465	47218465	47216397	8000	47214465	-4000	4000	1932
chr11	124420871	124428871	124424729	8000	124424871	-4000	4000	-142
chr11	56099687	56107687	56105110	8000	56103687	-4000	4000	1423
chr11	62661178	62669178	62667762	8000	62665178	-4000	4000	2584
chr11	3638316	3646316	3638804	8000	3642316	-4000	4000	-3512
chr11	4541191	4549191	4545987	8000	4545191	-4000	4000	796
chr11	4589750	4597750	4594197	8000	4593750	-4000	4000	447
chr11	5837952	5845952	5841579	8000	5841952	-4000	4000	-373
chr11	6917002	6925002	6921207	8000	6921002	-4000	4000	205
chr11	7509298	7517298	7509974	8000	7513298	-4000	4000	-3324
chr11	7792942	7800942	7796185	8000	7796942	-4000	4000	-757
chr11	7937708	7945708	7939513	8000	7941708	-4000	4000	-2195
chr11	26719427	26727427	26721647	8000	26723427	-4000	4000	-1780
chr11	34354010	34362010	34356764	8000	34358010	-4000	4000	-1246
chr11	47574976	47582976	47577901	8000	47578976	-4000	4000	-1075
chr11	47574976	47582976	47580879	8000	47578976	-4000	4000	1903
chr11	55363974	55371974	55368231	8000	55367974	-4000	4000	257
chr11	55550307	55558307	55554739	8000	55554307	-4000	4000	432
chr11	55550307	55558307	55555221	8000	55554307	-4000	4000	914
chr11	55644327	55652327	55650956	8000	55648327	-4000	4000	2629
chr11	55791556	55799556	55796250	8000	55795556	-4000	4000	694
chr11	55807367	55815367	55812344	8000	55811367	-4000	4000	977
chr11	55965945	55973945	55968377	8000	55969945	-4000	4000	-1568
chr11	55990625	55998625	55994356	8000	55994625	-4000	4000	-269
chr11	56023654	56031654	56030427	8000	56027654	-4000	4000	2773
chr11	56089308	56097308	56093406	8000	56093308	-4000	4000	98
chr11	56099687	56107687	56105505	8000	56103687	-4000	4000	1818
chr11	56118373	56126373	56123258	8000	56122373	-4000	4000	885
chr11	56172618	56180618	56176899	8000	56176618	-4000	4000	281
chr11	56248254	56256254	56252447	8000	56252254	-4000	4000	193
chr11	56270154	56278154	56275766	8000	56274154	-4000	4000	1612
chr11	56270154	56278154	56275844	8000	56274154	-4000	4000	1690
chr11	56288254	56296254	56290543	8000	56292254	-4000	4000	-1711
chr11	56288254	56296254	56290697	8000	56292254	-4000	4000	-1557
chr11	56311144	56319144	56318342	8000	56315144	-4000	4000	3198
chr11	56311144	56319144	56318773	8000	56315144	-4000	4000	3629
chr11	56342039	56350039	56346885	8000	56346039	-4000	4000	846
chr11	56610874	56618874	56612831	8000	56614874	-4000	4000	-2043
chr11	56984914	56992914	56988949	8000	56988914	-4000	4000	35
chr11	58208720	58216720	58215250	8000	58212720	-4000	4000	2530
chr11	61199307	61207307	61203557	8000	61203307	-4000	4000	250
chr11	62750184	62758184	62752349	8000	62754184	-4000	4000	-1835
chr11	62750184	62758184	62754048	8000	62754184	-4000	4000	-136
chr11	63502052	63510052	63508973	8000	63506052	-4000	4000	2921
chr11	65350751	65358751	65357182	8000	65354751	-4000	4000	2431
chr11	65886673	65894673	65887698	8000	65890673	-4000	4000	-2975
chr11	66045161	66053161	66045319	8000	66049161	-4000	4000	-3842
chr11	71523267	71531267	71527548	8000	71527267	-4000	4000	281
chr11	71829200	71837200	71833251	8000	71833200	-4000	4000	51
chr11	74945261	74953261	74949379	8000	74949261	-4000	4000	118
chr11	95062919	95070919	95067789	8000	95066919	-4000	4000	870
chr11	96385956	96393956	96390642	8000	96389956	-4000	4000	686
chr11	102343211	102351211	102350232	8000	102347211	-4000	4000	3021
chr11	102701769	102709769	102704688	8000	102705769	-4000	4000	-1081
chr11	104160379	104168379	104163860	8000	104164379	-4000	4000	-519
chr11	111875425	111883425	111876640	8000	111879425	-4000	4000	-2785
chr11	116784039	116792039	116790147	8000	116788039	-4000	4000	2108
chr11	116819304	116827304	116821630	8000	116823304	-4000	4000	-1674
chr11	123802349	123810349	123805828	8000	123806349	-4000	4000	-521
chr11	123973781	123981781	123977449	8000	123977781	-4000	4000	-332
chr11	125742279	125750279	125748956	8000	125746279	-4000	4000	2677
chr11	6002946	6010946	6003075	8000	6006946	-4000	4000	-3871
chr11	47348702	47356702	47352630	8000	47352702	-4000	4000	-72
chr11	62980967	62988967	62983570	8000	62984967	-4000	4000	-1397
chr11	122878683	122886683	122885852	8000	122882683	-4000	4000	3169
chr11	6166326	6174326	6170018	8000	6170326	-4000	4000	-308
chr11	116819304	116827304	116821373	8000	116823304	-4000	4000	-1931
chr11	122977834	122985834	122979302	8000	122981834	-4000	4000	-2532
chr11	6779020	6787020	6785419	8000	6783020	-4000	4000	2399
chr11	63140221	63148221	63143972	8000	63144221	-4000	4000	-249
chr11	123973781	123981781	123977617	8000	123977781	-4000	4000	-164
chr11	124037325	124045325	124038903	8000	124041325	-4000	4000	-2422
chr11	18244635	18252635	18247933	8000	18248635	-4000	4000	-702
chr11	18262260	18270260	18266966	8000	18266260	-4000	4000	706
chr11	59499576	59507576	59503745	8000	59503576	-4000	4000	169
chr11	63011841	63019841	63014853	8000	63015841	-4000	4000	-988
chr11	124008997	124016997	124016063	8000	124012997	-4000	4000	3066
chr11	119342705	119350705	119345903	8000	119346705	-4000	4000	-802
chr11	285126	293126	289954	8000	289126	-4000	4000	828
chr11	64336204	64344204	64343299	8000	64340204	-4000	4000	3095
chr11	9134114	9142114	9138975	8000	9138114	-4000	4000	861
chr11	119181457	119189457	119185649	8000	119185457	-4000	4000	192
chr11	30227014	30235014	30233994	8000	30231014	-4000	4000	2980
chr11	59422413	59430413	59422828	8000	59426413	-4000	4000	-3585
chr11	124541333	124549333	124543001	8000	124545333	-4000	4000	-2332
chr11	26990112	26998112	26994794	8000	26994112	-4000	4000	682
chr11	8929006	8937006	8929451	8000	8933006	-4000	4000	-3555
chr11	55631113	55639113	55638752	8000	55635113	-4000	4000	3639
chr11	55791556	55799556	55796039	8000	55795556	-4000	4000	483
chr11	117813525	117821525	117820563	8000	117817525	-4000	4000	3038
chr11	55823219	55831219	55827892	8000	55827219	-4000	4000	673
chr11	49948391	49956391	49952723	8000	49952391	-4000	4000	332
chr11	56487370	56495370	56490649	8000	56491370	-4000	4000	-721
chr11	56414232	56422232	56418200	8000	56418232	-4000	4000	-32
chr11	54599998	54607998	54603419	8000	54603998	-4000	4000	-579
chr11	77990671	77998671	77991156	8000	77994671	-4000	4000	-3515
chr11	55823219	55831219	55827929	8000	55827219	-4000	4000	710
chr11	55823219	55831219	55827930	8000	55827219	-4000	4000	711
chr11	118300730	118308730	118304926	8000	118304730	-4000	4000	196
chr11	47638607	47646607	47638805	8000	47642607	-4000	4000	-3802
chr11	69771341	69779341	69773345	8000	69775341	-4000	4000	-1996
chr11	20156475	20164475	20159248	8000	20160475	-4000	4000	-1227
chr11	9569670	9577670	9576605	8000	9573670	-4000	4000	2935
chr11	4389702	4397702	4390098	8000	4393702	-4000	4000	-3604
chr11	5674434	5682434	5679890	8000	5678434	-4000	4000	1456
chr11	56469352	56477352	56470351	8000	56473352	-4000	4000	-3001
chr11	66971277	66979277	66975623	8000	66975277	-4000	4000	346
chr11	65858026	65866026	65864790	8000	65862026	-4000	4000	2764
chr11	26990112	26998112	26994820	8000	26994112	-4000	4000	708
chr11	5837952	5845952	5841632	8000	5841952	-4000	4000	-320
chr11	56539257	56547257	56543118	8000	56543257	-4000	4000	-139
chr11	59709456	59717456	59713351	8000	59713456	-4000	4000	-105
chr11	124420871	124428871	124424584	8000	124424871	-4000	4000	-287
chr11	56099687	56107687	56105744	8000	56103687	-4000	4000	2057
chr11	2895721	2903721	2903262	8000	2899721	-4000	4000	3541
chr11	5196682	5204682	5200317	8000	5200682	-4000	4000	-365
chr11	16735591	16743591	16738753	8000	16739591	-4000	4000	-838
chr11	44043981	44051981	44048494	8000	44047981	-4000	4000	513
chr11	47348702	47356702	47355439	8000	47352702	-4000	4000	2737
chr11	49978535	49986535	49981656	8000	49982535	-4000	4000	-879
chr11	56023654	56031654	56031234	8000	56027654	-4000	4000	3580
chr11	57233250	57241250	57236763	8000	57237250	-4000	4000	-487
chr11	65130532	65138532	65131589	8000	65134532	-4000	4000	-2943
chr11	67635763	67643763	67642756	8000	67639763	-4000	4000	2993
chr11	76440923	76448923	76446996	8000	76444923	-4000	4000	2073
chr11	102839609	102847609	102842216	8000	102843609	-4000	4000	-1393
chr11	123935617	123943617	123943383	8000	123939617	-4000	4000	3766
chr11	124022798	124030798	124029966	8000	124026798	-4000	4000	3168
chr11	56414232	56422232	56417339	8000	56418232	-4000	4000	-893
chr11	58208720	58216720	58215554	8000	58212720	-4000	4000	2834
chr11	59452961	59460961	59457676	8000	59456961	-4000	4000	715
chr11	124008997	124016997	124016257	8000	124012997	-4000	4000	3260
chr11	18168837	18176837	18173869	8000	18172837	-4000	4000	1032
chr11	123059230	123067230	123061117	8000	123063230	-4000	4000	-2113
chr11	57533595	57541595	57541509	8000	57537595	-4000	4000	3914
chr11	56984914	56992914	56988973	8000	56988914	-4000	4000	59
chr11	62661178	62669178	62667756	8000	62665178	-4000	4000	2578
chr11	124380499	124388499	124382850	8000	124384499	-4000	4000	-1649
chr11	2154391	2162391	2159821	8000	2158391	-4000	4000	1430
chr11	27718058	27726058	27720454	8000	27722058	-4000	4000	-1604
chr11	57331892	57339892	57334539	8000	57335892	-4000	4000	-1353
chr11	2167815	2175815	2171729	8000	2171815	-4000	4000	-86
chr11	56118373	56126373	56123001	8000	56122373	-4000	4000	628
chr11	66589153	66597153	66591330	8000	66593153	-4000	4000	-1823
chr11	5837952	5845952	5841190	8000	5841952	-4000	4000	-762
chr11	10505186	10513186	10506556	8000	10509186	-4000	4000	-2630
chr11	65350751	65358751	65355892	8000	65354751	-4000	4000	1141
chr11	65350751	65358751	65357192	8000	65354751	-4000	4000	2441
chr11	106073459	106081459	106077804	8000	106077459	-4000	4000	345
chr11	55834752	55842752	55839633	8000	55838752	-4000	4000	881
chr11	56610874	56618874	56612952	8000	56614874	-4000	4000	-1922
chr11	56659686	56667686	56664611	8000	56663686	-4000	4000	925
chr11	124008997	124016997	124016013	8000	124012997	-4000	4000	3016
chr11	5876629	5884629	5884376	8000	5880629	-4000	4000	3747
chr11	6917002	6925002	6921717	8000	6921002	-4000	4000	715
chr11	55568128	55576128	55572876	8000	55572128	-4000	4000	748
chr11	56487370	56495370	56491163	8000	56491370	-4000	4000	-207
chr11	62238239	62246239	62242349	8000	62242239	-4000	4000	110
chr11	64221941	64229941	64223484	8000	64225941	-4000	4000	-2457
chr11	64296358	64304358	64300374	8000	64300358	-4000	4000	16
chr11	94397419	94405419	94401042	8000	94401419	-4000	4000	-377
chr11	122977834	122985834	122979385	8000	122981834	-4000	4000	-2449
chr11	5042526	5050526	5047294	8000	5046526	-4000	4000	768
chr11	47582678	47590678	47589935	8000	47586678	-4000	4000	3257
chr11	66313044	66321044	66314996	8000	66317044	-4000	4000	-2048
chr11	119091465	119099465	119097056	8000	119095465	-4000	4000	1591
chr11	56371624	56379624	56376192	8000	56375624	-4000	4000	568
chr11	295526	303526	299390	8000	299526	-4000	4000	-136
chr11	3214813	3222813	3218738	8000	3218813	-4000	4000	-75
chr11	7084998	7092998	7089295	8000	7088998	-4000	4000	297
chr11	56342039	56350039	56346608	8000	56346039	-4000	4000	569
chr11	124037325	124045325	124038748	8000	124041325	-4000	4000	-2577
chr11	133528501	133536501	133532324	8000	133532501	-4000	4000	-177
chr11	48212810	48220810	48217184	8000	48216810	-4000	4000	374
chr11	65886673	65894673	65888358	8000	65890673	-4000	4000	-2315
chr11	55815630	55823630	55819891	8000	55819630	-4000	4000	261
chr11	10747246	10755246	10752711	8000	10751246	-4000	4000	1465
chr11	55834752	55842752	55839691	8000	55838752	-4000	4000	939
chr11	44043981	44051981	44048377	8000	44047981	-4000	4000	396
chr11	56230255	56238255	56232289	8000	56234255	-4000	4000	-1966
chr11	65166154	65174154	65171461	8000	65170154	-4000	4000	1307
chr11	67399915	67407915	67404337	8000	67403915	-4000	4000	422
chr11	68976986	68984986	68980619	8000	68980986	-4000	4000	-367
chr11	9569670	9577670	9576020	8000	9573670	-4000	4000	2350
chr11	5196682	5204682	5199983	8000	5200682	-4000	4000	-699
chr11	19346724	19354724	19350923	8000	19350724	-4000	4000	199
chr11	62750184	62758184	62753358	8000	62754184	-4000	4000	-826
chr11	95021258	95029258	95025810	8000	95025258	-4000	4000	552
chr11	94017354	94025354	94021527	8000	94021354	-4000	4000	173
chr11	49978535	49986535	49981921	8000	49982535	-4000	4000	-614
chr11	47210465	47218465	47216044	8000	47214465	-4000	4000	1579
chr11	48302223	48310223	48307120	8000	48306223	-4000	4000	897
chr11	62980967	62988967	62982010	8000	62984967	-4000	4000	-2957
chr11	75665038	75673038	75668378	8000	75669038	-4000	4000	-660
chr11	3638316	3646316	3640101	8000	3642316	-4000	4000	-2215
chr11	58574220	58582220	58575999	8000	58578220	-4000	4000	-2221
chr11	62852004	62860004	62855562	8000	62856004	-4000	4000	-442
chr11	122112215	122120215	122116144	8000	122116215	-4000	4000	-71
chr11	47582678	47590678	47586802	8000	47586678	-4000	4000	124
chr11	48212810	48220810	48217350	8000	48216810	-4000	4000	540
chr11	63365785	63373785	63371174	8000	63369785	-4000	4000	1389
chr11	48259861	48267861	48264548	8000	48263861	-4000	4000	687
chr11	76856859	76864859	76861057	8000	76860859	-4000	4000	198
chr11	56638439	56646439	56641641	8000	56642439	-4000	4000	-798
chr11	119091465	119099465	119097285	8000	119095465	-4000	4000	1820
chr11	56371624	56379624	56376244	8000	56375624	-4000	4000	620
chr11	64296358	64304358	64297154	8000	64300358	-4000	4000	-3204
chr11	49948391	49956391	49952785	8000	49952391	-4000	4000	394
chr11	55769438	55777438	55773496	8000	55773438	-4000	4000	58
chr11	102776628	102784628	102779568	8000	102780628	-4000	4000	-1060
chr11	58200142	58208142	58204107	8000	58204142	-4000	4000	-35
chr11	3641128	3649128	3641902	8000	3645128	-4000	4000	-3226
chr11	55644327	55652327	55651098	8000	55648327	-4000	4000	2771
chr11	47348702	47356702	47351464	8000	47352702	-4000	4000	-1238
chr11	62204673	62212673	62210416	8000	62208673	-4000	4000	1743
chr11	54702832	54710832	54707243	8000	54706832	-4000	4000	411
chr11	56539257	56547257	56542768	8000	56543257	-4000	4000	-489
chr11	123935617	123943617	123943447	8000	123939617	-4000	4000	3830
chr11	66971277	66979277	66975379	8000	66975277	-4000	4000	102
chr11	54702832	54710832	54707609	8000	54706832	-4000	4000	777
chr11	55823219	55831219	55827449	8000	55827219	-4000	4000	230
chr11	18168837	18176837	18173675	8000	18172837	-4000	4000	838
chr11	113971075	113979075	113977549	8000	113975075	-4000	4000	2474
chr11	4445295	4453295	4450089	8000	4449295	-4000	4000	794
chr11	48259861	48267861	48264541	8000	48263861	-4000	4000	680
chr11	96385956	96393956	96393231	8000	96389956	-4000	4000	3275
chr11	16735591	16743591	16738725	8000	16739591	-4000	4000	-866
chr11	6872625	6880625	6876971	8000	6876625	-4000	4000	346
chr11	47574976	47582976	47577636	8000	47578976	-4000	4000	-1340
chr11	58574220	58582220	58578020	8000	58578220	-4000	4000	-200
chr11	7937708	7945708	7939078	8000	7941708	-4000	4000	-2630
chr11	62788006	62796006	62794941	8000	62792006	-4000	4000	2935
chr11	125588568	125596568	125595904	8000	125592568	-4000	4000	3336
chr11	123939838	123947838	123943704	8000	123943838	-4000	4000	-134
chr11	7937708	7945708	7938717	8000	7941708	-4000	4000	-2991
chr11	5042526	5050526	5047210	8000	5046526	-4000	4000	684
chr11	69290151	69298151	69295904	8000	69294151	-4000	4000	1753
chr11	5042526	5050526	5046927	8000	5046526	-4000	4000	401
chr11	123802349	123810349	123806030	8000	123806349	-4000	4000	-319
chr11	124008997	124016997	124016111	8000	124012997	-4000	4000	3114
chr11	123935617	123943617	123943189	8000	123939617	-4000	4000	3572
chr11	6166326	6174326	6169486	8000	6170326	-4000	4000	-840
chr11	6917002	6925002	6921851	8000	6921002	-4000	4000	849
chr11	55791556	55799556	55795626	8000	55795556	-4000	4000	70
chr11	48320920	48328920	48325119	8000	48324920	-4000	4000	199
chr11	304408	312408	308323	8000	308408	-4000	4000	-85
chr11	55769438	55777438	55774120	8000	55773438	-4000	4000	682
chr11	56695095	56703095	56701040	8000	56699095	-4000	4000	1945
chr11	1625775	1633775	1630700	8000	1629775	-4000	4000	925
chr11	86668636	86676636	86671824	8000	86672636	-4000	4000	-812
chr11	111536280	111544280	111544033	8000	111540280	-4000	4000	3753
chr11	123750518	123758518	123753610	8000	123754518	-4000	4000	-908
chr11	47844555	47852555	47848229	8000	47848555	-4000	4000	-326
chr11	114674527	114682527	114678500	8000	114678527	-4000	4000	-27
chr11	102839609	102847609	102842175	8000	102843609	-4000	4000	-1434
chr11	3850527	3858527	3856234	8000	3854527	-4000	4000	1707
chr11	56311144	56319144	56318651	8000	56315144	-4000	4000	3507
chr11	203399	211399	209670	8000	207399	-4000	4000	2271
chr11	4445295	4453295	4449822	8000	4449295	-4000	4000	527
chr11	7927268	7935268	7927822	8000	7931268	-4000	4000	-3446
chr11	62837809	62845809	62839464	8000	62841809	-4000	4000	-2345
chr11	67410968	67418968	67417518	8000	67414968	-4000	4000	2550
chr11	54702832	54710832	54707196	8000	54706832	-4000	4000	364
chr11	57320952	57328952	57326436	8000	57324952	-4000	4000	1484
chr11	124607428	124615428	124611642	8000	124611428	-4000	4000	214
chr11	56311144	56319144	56318338	8000	56315144	-4000	4000	3194
chr11	7509298	7517298	7510345	8000	7513298	-4000	4000	-2953
chr11	45091806	45099806	45095785	8000	45095806	-4000	4000	-21
chr11	47422473	47430473	47425939	8000	47426473	-4000	4000	-534
chr11	55658201	55666201	55665847	8000	55662201	-4000	4000	3646
chr11	55791556	55799556	55795974	8000	55795556	-4000	4000	418
chr11	55834752	55842752	55838927	8000	55838752	-4000	4000	175
chr11	56610874	56618874	56612569	8000	56614874	-4000	4000	-2305
chr11	58200142	58208142	58204017	8000	58204142	-4000	4000	-125
chr11	62204673	62212673	62208761	8000	62208673	-4000	4000	88
chr11	66022479	66030479	66026197	8000	66026479	-4000	4000	-282
chr11	124022798	124030798	124030336	8000	124026798	-4000	4000	3538
chr11	7792942	7800942	7796894	8000	7796942	-4000	4000	-48
chr11	56539257	56547257	56543239	8000	56543257	-4000	4000	-18
chr11	56695095	56703095	56701301	8000	56699095	-4000	4000	2206
chr11	124894500	124902500	124895621	8000	124898500	-4000	4000	-2879
chr11	18408318	18416318	18412733	8000	18412318	-4000	4000	415
chr11	66313044	66321044	66314759	8000	66317044	-4000	4000	-2285
chr11	67625937	67633937	67628258	8000	67629937	-4000	4000	-1679
chr11	6599616	6607616	6600182	8000	6603616	-4000	4000	-3434
chr11	30227014	30235014	30233848	8000	30231014	-4000	4000	2834
chr11	44043981	44051981	44048078	8000	44047981	-4000	4000	97
chr11	55807367	55815367	55811748	8000	55811367	-4000	4000	381
chr11	57233250	57241250	57236636	8000	57237250	-4000	4000	-614
chr11	111294546	111302546	111297543	8000	111298546	-4000	4000	-1003
chr11	112070086	112078086	112074905	8000	112074086	-4000	4000	819
chr11	123059230	123067230	123061153	8000	123063230	-4000	4000	-2077
chr11	123750518	123758518	123754207	8000	123754518	-4000	4000	-311
chr11	89173875	89181875	89178315	8000	89177875	-4000	4000	440
chr11	55807367	55815367	55812023	8000	55811367	-4000	4000	656
chr11	6872625	6880625	6876858	8000	6876625	-4000	4000	233
chr11	102343211	102351211	102350277	8000	102347211	-4000	4000	3066
chr12	57689955	57697955	57694235	8000	57693955	-4000	4000	280
chr12	52469805	52477805	52473700	8000	52473805	-4000	4000	-105
chr12	122712811	122720811	122716431	8000	122716811	-4000	4000	-380
chr12	6447690	6455690	6452356	8000	6451690	-4000	4000	666
chr12	34018468	34026468	34022680	8000	34022468	-4000	4000	212
chr12	47721567	47729567	47725397	8000	47725567	-4000	4000	-170
chr12	52448146	52456146	52451987	8000	52452146	-4000	4000	-159
chr12	52549145	52557145	52550104	8000	52553145	-4000	4000	-3041
chr12	2873223	2881223	2874118	8000	2877223	-4000	4000	-3105
chr12	6835954	6843954	6839602	8000	6839954	-4000	4000	-352
chr12	48468559	48476559	48472889	8000	48472559	-4000	4000	330
chr12	71670204	71678204	71676967	8000	71674204	-4000	4000	2763
chr12	122712811	122720811	122716655	8000	122716811	-4000	4000	-156
chr12	53093436	53101436	53100845	8000	53097436	-4000	4000	3409
chr12	52676407	52684407	52678549	8000	52680407	-4000	4000	-1858
chr12	70633440	70641440	70635853	8000	70637440	-4000	4000	-1587
chr12	52648211	52656211	52648272	8000	52652211	-4000	4000	-3939
chr12	6824407	6832407	6824716	8000	6828407	-4000	4000	-3691
chr12	38312762	38320762	38320305	8000	38316762	-4000	4000	3543
chr12	53099486	53107486	53102213	8000	53103486	-4000	4000	-1273
chr12	100353074	100361074	100357367	8000	100357074	-4000	4000	293
chr12	123667110	123675110	123673612	8000	123671110	-4000	4000	2502
chr12	56356167	56364167	56362022	8000	56360167	-4000	4000	1855
chr12	56356167	56364167	56362761	8000	56360167	-4000	4000	2594
chr12	57778761	57786761	57780736	8000	57782761	-4000	4000	-2025
chr12	94999748	95007748	95003700	8000	95003748	-4000	4000	-48
chr12	7707433	7715433	7715401	8000	7711433	-4000	4000	3968
chr12	52648211	52656211	52649924	8000	52652211	-4000	4000	-2287
chr12	6643433	6651433	6644160	8000	6647433	-4000	4000	-3273
chr12	52792117	52800117	52796013	8000	52796117	-4000	4000	-104
chr12	108558582	108566582	108560919	8000	108562582	-4000	4000	-1663
chr12	49184736	49192736	49185745	8000	49188736	-4000	4000	-2991
chr12	6835954	6843954	6843022	8000	6839954	-4000	4000	3068
chr12	27968733	27976733	27970173	8000	27972733	-4000	4000	-2560
chr12	85276220	85284220	85280367	8000	85280220	-4000	4000	147
chr12	89522047	89530047	89524623	8000	89526047	-4000	4000	-1424
chr12	43548203	43556203	43551079	8000	43552203	-4000	4000	-1124
chr12	52845092	52853092	52846229	8000	52849092	-4000	4000	-2863
chr12	89348501	89356501	89349395	8000	89352501	-4000	4000	-3106
chr12	123580533	123588533	123584778	8000	123584533	-4000	4000	245
chr12	76344415	76352415	76348374	8000	76348415	-4000	4000	-41
chr12	53099486	53107486	53105212	8000	53103486	-4000	4000	1726
chr12	57778761	57786761	57783202	8000	57782761	-4000	4000	441
chr12	68155740	68163740	68157955	8000	68159740	-4000	4000	-1785
chr12	27078578	27086578	27082315	8000	27082578	-4000	4000	-263
chr12	56990492	56998492	56996576	8000	56994492	-4000	4000	2084
chr12	122726844	122734844	122729773	8000	122730844	-4000	4000	-1071
chr12	53376176	53384176	53382261	8000	53380176	-4000	4000	2085
chr12	52489257	52497257	52493145	8000	52493257	-4000	4000	-112
chr12	55292569	55300569	55295074	8000	55296569	-4000	4000	-1495
chr12	27010434	27018434	27014283	8000	27014434	-4000	4000	-151
chr12	120298316	120306316	120303766	8000	120302316	-4000	4000	1450
chr12	53376176	53384176	53382280	8000	53380176	-4000	4000	2104
chr12	4905905	4913905	4911560	8000	4909905	-4000	4000	1655
chr12	11265707	11273707	11267965	8000	11269707	-4000	4000	-1742
chr12	4905905	4913905	4912192	8000	4909905	-4000	4000	2287
chr12	57002546	57010546	57004437	8000	57006546	-4000	4000	-2109
chr12	55716367	55724367	55721305	8000	55720367	-4000	4000	938
chr12	56356167	56364167	56361737	8000	56360167	-4000	4000	1570
chr12	55396529	55404529	55400743	8000	55400529	-4000	4000	214
chr12	6447690	6455690	6450808	8000	6451690	-4000	4000	-882
chr12	114680175	114688175	114680977	8000	114684175	-4000	4000	-3198
chr12	5039879	5047879	5045015	8000	5043879	-4000	4000	1136
chr12	52516530	52524530	52519110	8000	52520530	-4000	4000	-1420
chr12	71670204	71678204	71674246	8000	71674204	-4000	4000	42
chr12	69581426	69589426	69586805	8000	69585426	-4000	4000	1379
chr12	70362290	70370290	70366821	8000	70366290	-4000	4000	531
chr12	120706458	120714458	120713302	8000	120710458	-4000	4000	2844
chr12	6447690	6455690	6453146	8000	6451690	-4000	4000	1456
chr12	49900217	49908217	49903955	8000	49904217	-4000	4000	-262
chr12	51043962	51051962	51049087	8000	51047962	-4000	4000	1125
chr12	70633440	70641440	70635710	8000	70637440	-4000	4000	-1730
chr12	116734178	116742178	116740384	8000	116738178	-4000	4000	2206
chr12	69581426	69589426	69587556	8000	69585426	-4000	4000	2130
chr12	18734100	18742100	18737397	8000	18738100	-4000	4000	-703
chr12	49090801	49098801	49097705	8000	49094801	-4000	4000	2904
chr12	57738157	57746157	57745220	8000	57742157	-4000	4000	3063
chr12	122699357	122707357	122702198	8000	122703357	-4000	4000	-1159
chr12	122497073	122505073	122500732	8000	122501073	-4000	4000	-341
chr12	4441815	4449815	4445387	8000	4445815	-4000	4000	-428
chr12	5039879	5047879	5044749	8000	5043879	-4000	4000	870
chr12	11265707	11273707	11267651	8000	11269707	-4000	4000	-2056
chr12	26117991	26125991	26122962	8000	26121991	-4000	4000	971
chr12	52676407	52684407	52680070	8000	52680407	-4000	4000	-337
chr12	55422254	55430254	55427034	8000	55426254	-4000	4000	780
chr12	57600622	57608622	57607071	8000	57604622	-4000	4000	2449
chr12	122699357	122707357	122702527	8000	122703357	-4000	4000	-830
chr12	122712811	122720811	122716828	8000	122716811	-4000	4000	17
chr12	10006627	10014627	10012878	8000	10010627	-4000	4000	2251
chr12	52448146	52456146	52449579	8000	52452146	-4000	4000	-2567
chr12	91107494	91115494	91108276	8000	91111494	-4000	4000	-3218
chr12	48199292	48207292	48203122	8000	48203292	-4000	4000	-170
chr12	52792117	52800117	52795753	8000	52796117	-4000	4000	-364
chr12	55217025	55225025	55221363	8000	55221025	-4000	4000	338
chr12	56445426	56453426	56451166	8000	56449426	-4000	4000	1740
chr12	91054024	91062024	91055820	8000	91058024	-4000	4000	-2204
chr12	130158459	130166459	130164145	8000	130162459	-4000	4000	1686
chr12	56990492	56998492	56995628	8000	56994492	-4000	4000	1136
chr12	4441815	4449815	4445383	8000	4445815	-4000	4000	-432
chr12	57611280	57619280	57614479	8000	57615280	-4000	4000	-801
chr12	47075603	47083603	47077574	8000	47079603	-4000	4000	-2029
chr12	53376176	53384176	53381700	8000	53380176	-4000	4000	1524
chr12	52381652	52389652	52385206	8000	52385652	-4000	4000	-446
chr12	52489257	52497257	52490065	8000	52493257	-4000	4000	-3192
chr12	52549145	52557145	52550085	8000	52553145	-4000	4000	-3060
chr12	102477744	102485744	102478645	8000	102481744	-4000	4000	-3099
chr12	6631960	6639960	6638965	8000	6635960	-4000	4000	3005
chr12	31788298	31796298	31792022	8000	31792298	-4000	4000	-276
chr12	34018468	34026468	34024033	8000	34022468	-4000	4000	1565
chr12	43802328	43810328	43802438	8000	43806328	-4000	4000	-3890
chr12	56114250	56122250	56117479	8000	56118250	-4000	4000	-771
chr12	56148256	56156256	56154070	8000	56152256	-4000	4000	1814
chr12	56217933	56225933	56225643	8000	56221933	-4000	4000	3710
chr12	57611280	57619280	57613422	8000	57615280	-4000	4000	-1858
chr12	104060183	104068183	104064687	8000	104064183	-4000	4000	504
chr12	130158459	130166459	130164212	8000	130162459	-4000	4000	1753
chr12	90951176	90959176	90953682	8000	90955176	-4000	4000	-1494
chr12	10432001	10440001	10435844	8000	10436001	-4000	4000	-157
chr12	4905905	4913905	4911583	8000	4909905	-4000	4000	1678
chr12	91107494	91115494	91108262	8000	91111494	-4000	4000	-3232
chr12	53320864	53328864	53328237	8000	53324864	-4000	4000	3373
chr12	11265707	11273707	11267240	8000	11269707	-4000	4000	-2467
chr12	56114250	56122250	56117508	8000	56118250	-4000	4000	-742
chr12	52648211	52656211	52648309	8000	52652211	-4000	4000	-3902
chr12	14692599	14700599	14696279	8000	14696599	-4000	4000	-320
chr12	12948147	12956147	12950040	8000	12952147	-4000	4000	-2107
chr12	100263079	100271079	100263825	8000	100267079	-4000	4000	-3254
chr12	4905905	4913905	4910017	8000	4909905	-4000	4000	112
chr12	98641113	98649113	98644526	8000	98645113	-4000	4000	-587
chr12	11645674	11653674	11650113	8000	11649674	-4000	4000	439
chr12	8134140	8142140	8134561	8000	8138140	-4000	4000	-3579
chr12	42234349	42242349	42235800	8000	42238349	-4000	4000	-2549
chr12	11182937	11190937	11186106	8000	11186937	-4000	4000	-831
chr12	4905905	4913905	4912153	8000	4909905	-4000	4000	2248
chr12	52430371	52438371	52431636	8000	52434371	-4000	4000	-2735
chr12	53981845	53989845	53985574	8000	53985845	-4000	4000	-271
chr12	50053548	50061548	50058894	8000	50057548	-4000	4000	1346
chr12	8134140	8142140	8135675	8000	8138140	-4000	4000	-2465
chr12	52516530	52524530	52516801	8000	52520530	-4000	4000	-3729
chr12	76344415	76352415	76347118	8000	76348415	-4000	4000	-1297
chr12	52676407	52684407	52676443	8000	52680407	-4000	4000	-3964
chr12	55326043	55334043	55332208	8000	55330043	-4000	4000	2165
chr12	95992365	96000365	95995853	8000	95996365	-4000	4000	-512
chr12	4905905	4913905	4912424	8000	4909905	-4000	4000	2519
chr12	85832409	85840409	85836428	8000	85836409	-4000	4000	19
chr12	55240609	55248609	55248107	8000	55244609	-4000	4000	3498
chr12	75476753	75484753	75481903	8000	75480753	-4000	4000	1150
chr12	50081200	50089200	50082329	8000	50085200	-4000	4000	-2871
chr12	52792117	52800117	52795612	8000	52796117	-4000	4000	-505
chr12	95992365	96000365	95995894	8000	95996365	-4000	4000	-471
chr12	49957872	49965872	49962318	8000	49961872	-4000	4000	446
chr12	12721917	12729917	12722241	8000	12725917	-4000	4000	-3676
chr12	110464415	110472415	110468518	8000	110468415	-4000	4000	103
chr12	52569843	52577843	52573345	8000	52573843	-4000	4000	-498
chr12	54644493	54652493	54644697	8000	54648493	-4000	4000	-3796
chr12	122497073	122505073	122500870	8000	122501073	-4000	4000	-203
chr12	8134140	8142140	8134496	8000	8138140	-4000	4000	-3644
chr12	52830311	52838311	52834244	8000	52834311	-4000	4000	-67
chr12	53934831	53942831	53938909	8000	53938831	-4000	4000	78
chr12	57778761	57786761	57780596	8000	57782761	-4000	4000	-2165
chr12	120261771	120269771	120265618	8000	120265771	-4000	4000	-153
chr12	120706458	120714458	120713271	8000	120710458	-4000	4000	2813
chr12	55326043	55334043	55332567	8000	55330043	-4000	4000	2524
chr12	52810116	52818116	52810793	8000	52814116	-4000	4000	-3323
chr12	53291291	53299291	53292383	8000	53295291	-4000	4000	-2908
chr12	107757272	107765272	107760536	8000	107761272	-4000	4000	-736
chr12	53264299	53272299	53269638	8000	53268299	-4000	4000	1339
chr12	52516530	52524530	52519799	8000	52520530	-4000	4000	-731
chr12	52448146	52456146	52450616	8000	52452146	-4000	4000	-1530
chr12	49127397	49135397	49128123	8000	49131397	-4000	4000	-3274
chr12	52549145	52557145	52550085	8000	52553145	-4000	4000	-3060
chr12	57587174	57595174	57594042	8000	57591174	-4000	4000	2868
chr12	5039879	5047879	5045402	8000	5043879	-4000	4000	1523
chr12	54360487	54368487	54362867	8000	54364487	-4000	4000	-1620
chr12	57611280	57619280	57616880	8000	57615280	-4000	4000	1600
chr12	76344415	76352415	76345550	8000	76348415	-4000	4000	-2865
chr12	122699357	122707357	122702594	8000	122703357	-4000	4000	-763
chr12	34018468	34026468	34024126	8000	34022468	-4000	4000	1658
chr12	33435819	33443819	33439459	8000	33439819	-4000	4000	-360
chr12	48995375	49003375	49002742	8000	48999375	-4000	4000	3367
chr12	50108082	50116082	50109460	8000	50112082	-4000	4000	-2622
chr12	52597538	52605538	52601216	8000	52601538	-4000	4000	-322
chr12	57611280	57619280	57615261	8000	57615280	-4000	4000	-19
chr12	10450685	10458685	10451136	8000	10454685	-4000	4000	-3549
chr12	51884009	51892009	51888070	8000	51888009	-4000	4000	61
chr12	55122406	55130406	55130270	8000	55126406	-4000	4000	3864
chr12	57448323	57456323	57450066	8000	57452323	-4000	4000	-2257
chr12	111681956	111689956	111683290	8000	111685956	-4000	4000	-2666
chr12	48521632	48529632	48525996	8000	48525632	-4000	4000	364
chr12	6824407	6832407	6829970	8000	6828407	-4000	4000	1563
chr12	71663725	71671725	71664495	8000	71667725	-4000	4000	-3230
chr12	98641113	98649113	98648734	8000	98645113	-4000	4000	3621
chr12	122726844	122734844	122729617	8000	122730844	-4000	4000	-1227
chr12	6603367	6611367	6606273	8000	6607367	-4000	4000	-1094
chr12	55969317	55977317	55971143	8000	55973317	-4000	4000	-2174
chr12	118977541	118985541	118981888	8000	118981541	-4000	4000	347
chr12	55632892	55640892	55637537	8000	55636892	-4000	4000	645
chr12	47721567	47729567	47725419	8000	47725567	-4000	4000	-148
chr12	51342679	51350679	51342684	8000	51346679	-4000	4000	-3995
chr12	7783794	7791794	7789599	8000	7787794	-4000	4000	1805
chr12	49184736	49192736	49185442	8000	49188736	-4000	4000	-3294
chr12	52245300	52253300	52252425	8000	52249300	-4000	4000	3125
chr12	55217025	55225025	55221316	8000	55221025	-4000	4000	291
chr12	55422254	55430254	55426704	8000	55426254	-4000	4000	450
chr12	109089631	109097631	109092886	8000	109093631	-4000	4000	-745
chr12	114680175	114688175	114680925	8000	114684175	-4000	4000	-3250
chr12	114680175	114688175	114682867	8000	114684175	-4000	4000	-1308
chr12	11182937	11190937	11186337	8000	11186937	-4000	4000	-600
chr12	6489356	6497356	6492192	8000	6493356	-4000	4000	-1164
chr12	53376176	53384176	53382354	8000	53380176	-4000	4000	2178
chr12	57002546	57010546	57003469	8000	57006546	-4000	4000	-3077
chr12	49957872	49965872	49962109	8000	49961872	-4000	4000	237
chr12	2873223	2881223	2873989	8000	2877223	-4000	4000	-3234
chr12	38312762	38320762	38318281	8000	38316762	-4000	4000	1519
chr12	65117305	65125305	65120551	8000	65121305	-4000	4000	-754
chr12	130158459	130166459	130164274	8000	130162459	-4000	4000	1815
chr12	57448323	57456323	57455703	8000	57452323	-4000	4000	3380
chr12	89348501	89356501	89350976	8000	89352501	-4000	4000	-1525
chr12	57002546	57010546	57002980	8000	57006546	-4000	4000	-3566
chr12	69606907	69614907	69610548	8000	69610907	-4000	4000	-359
chr12	10006627	10014627	10010675	8000	10010627	-4000	4000	48
chr12	76344415	76352415	76346370	8000	76348415	-4000	4000	-2045
chr12	56737535	56745535	56743969	8000	56741535	-4000	4000	2434
chr12	11306436	11314436	11308532	8000	11310436	-4000	4000	-1904
chr12	52363481	52371481	52367068	8000	52367481	-4000	4000	-413
chr12	63147201	63155201	63150076	8000	63151201	-4000	4000	-1125
chr12	122523246	122531246	122530073	8000	122527246	-4000	4000	2827
chr12	52676407	52684407	52677417	8000	52680407	-4000	4000	-2990
chr12	133076474	133084474	133081308	8000	133080474	-4000	4000	834
chr12	48974322	48982322	48980530	8000	48978322	-4000	4000	2208
chr12	52648211	52656211	52650439	8000	52652211	-4000	4000	-1772
chr12	5039879	5047879	5045183	8000	5043879	-4000	4000	1304
chr12	31788298	31796298	31791660	8000	31792298	-4000	4000	-638
chr12	49900217	49908217	49903815	8000	49904217	-4000	4000	-402
chr12	52648211	52656211	52649042	8000	52652211	-4000	4000	-3169
chr12	130158459	130166459	130165356	8000	130162459	-4000	4000	2897
chr12	41184320	41192320	41191534	8000	41188320	-4000	4000	3214
chr12	52381652	52389652	52385263	8000	52385652	-4000	4000	-389
chr12	107681799	107689799	107685816	8000	107685799	-4000	4000	17
chr12	121708752	121716752	121712953	8000	121712752	-4000	4000	201
chr12	6824407	6832407	6826842	8000	6828407	-4000	4000	-1565
chr12	52773345	52781345	52773618	8000	52777345	-4000	4000	-3727
chr12	54545601	54553601	54549883	8000	54549601	-4000	4000	282
chr12	68682951	68690951	68689036	8000	68686951	-4000	4000	2085
chr12	27078578	27086578	27082376	8000	27082578	-4000	4000	-202
chr12	52830311	52838311	52831522	8000	52834311	-4000	4000	-2789
chr12	53291291	53299291	53293565	8000	53295291	-4000	4000	-1726
chr12	57600622	57608622	57608589	8000	57604622	-4000	4000	3967
chr12	113468280	113476280	113468346	8000	113472280	-4000	4000	-3934
chr12	76344415	76352415	76346339	8000	76348415	-4000	4000	-2076
chr12	52402335	52410335	52403791	8000	52406335	-4000	4000	-2544
chr12	56737535	56745535	56743866	8000	56741535	-4000	4000	2331
chr12	6643433	6651433	6644597	8000	6647433	-4000	4000	-2836
chr12	57471445	57479445	57479211	8000	57475445	-4000	4000	3766
chr12	20364537	20372537	20369532	8000	20368537	-4000	4000	995
chr12	57516480	57524480	57516513	8000	57520480	-4000	4000	-3967
chr12	10803286	10811286	10806567	8000	10807286	-4000	4000	-719
chr12	57516480	57524480	57516500	8000	57520480	-4000	4000	-3980
chr12	8223618	8231618	8224116	8000	8227618	-4000	4000	-3502
chr12	63147201	63155201	63149966	8000	63151201	-4000	4000	-1235
chr12	68155740	68163740	68158233	8000	68159740	-4000	4000	-1507
chr12	54276133	54284133	54281703	8000	54280133	-4000	4000	1570
chr12	80703634	80711634	80708901	8000	80707634	-4000	4000	1267
chr12	57471445	57479445	57479420	8000	57475445	-4000	4000	3975
chr12	109089631	109097631	109092725	8000	109093631	-4000	4000	-906
chr12	57047198	57055198	57047356	8000	57051198	-4000	4000	-3842
chr12	76344415	76352415	76347240	8000	76348415	-4000	4000	-1175
chr12	52569843	52577843	52573347	8000	52573843	-4000	4000	-496
chr12	10803286	10811286	10809883	8000	10807286	-4000	4000	2597
chr12	4905905	4913905	4912749	8000	4909905	-4000	4000	2844
chr12	49342888	49350888	49348963	8000	49346888	-4000	4000	2075
chr12	52810116	52818116	52813782	8000	52814116	-4000	4000	-334
chr12	91107494	91115494	91108583	8000	91111494	-4000	4000	-2911
chr12	130158459	130166459	130164673	8000	130162459	-4000	4000	2214
chr12	55928618	55936618	55936577	8000	55932618	-4000	4000	3959
chr12	7707433	7715433	7715247	8000	7711433	-4000	4000	3814
chr12	49535030	49543030	49540943	8000	49539030	-4000	4000	1913
chr12	57611280	57619280	57613630	8000	57615280	-4000	4000	-1650
chr12	50919472	50927472	50925170	8000	50923472	-4000	4000	1698
chr12	47075603	47083603	47077844	8000	47079603	-4000	4000	-1759
chr12	52830311	52838311	52833836	8000	52834311	-4000	4000	-475
chr12	52773345	52781345	52775421	8000	52777345	-4000	4000	-1924
chr12	104060183	104068183	104066193	8000	104064183	-4000	4000	2010
chr12	45047099	45055099	45050554	8000	45051099	-4000	4000	-545
chr12	52075704	52083704	52077106	8000	52079704	-4000	4000	-2598
chr12	8536905	8544905	8537263	8000	8540905	-4000	4000	-3642
chr12	53264299	53272299	53270375	8000	53268299	-4000	4000	2076
chr12	91054024	91062024	91055643	8000	91058024	-4000	4000	-2381
chr12	113052730	113060730	113058199	8000	113056730	-4000	4000	1469
chr12	52448146	52456146	52450426	8000	52452146	-4000	4000	-1720
chr12	56641984	56649984	56642502	8000	56645984	-4000	4000	-3482
chr12	114680175	114688175	114682864	8000	114684175	-4000	4000	-1311
chr12	120323779	120331779	120325944	8000	120327779	-4000	4000	-1835
chr12	1914666	1922666	1914885	8000	1918666	-4000	4000	-3781
chr12	4905905	4913905	4911675	8000	4909905	-4000	4000	1770
chr12	91054024	91062024	91055652	8000	91058024	-4000	4000	-2372
chr12	57778761	57786761	57782751	8000	57782761	-4000	4000	-10
chr12	10803286	10811286	10806130	8000	10807286	-4000	4000	-1156
chr12	122770526	122778526	122777620	8000	122774526	-4000	4000	3094
chr12	29493686	29501686	29497620	8000	29497686	-4000	4000	-66
chr12	6631960	6639960	6638177	8000	6635960	-4000	4000	2217
chr12	52448146	52456146	52450460	8000	52452146	-4000	4000	-1686
chr12	54644493	54652493	54645654	8000	54648493	-4000	4000	-2839
chr12	6643433	6651433	6644477	8000	6647433	-4000	4000	-2956
chr12	56990492	56998492	56995860	8000	56994492	-4000	4000	1368
chr12	6120770	6128770	6121294	8000	6124770	-4000	4000	-3476
chr12	10006627	10014627	10013027	8000	10010627	-4000	4000	2400
chr12	10166542	10174542	10166855	8000	10170542	-4000	4000	-3687
chr12	12996265	13004265	13002714	8000	13000265	-4000	4000	2449
chr12	48566066	48574066	48569967	8000	48570066	-4000	4000	-99
chr12	50099982	50107982	50104593	8000	50103982	-4000	4000	611
chr12	53376176	53384176	53383209	8000	53380176	-4000	4000	3033
chr12	55217025	55225025	55221280	8000	55221025	-4000	4000	255
chr12	55422254	55430254	55426990	8000	55426254	-4000	4000	736
chr12	63775833	63783833	63781136	8000	63779833	-4000	4000	1303
chr12	100263079	100271079	100263778	8000	100267079	-4000	4000	-3301
chr12	101403772	101411772	101407653	8000	101407772	-4000	4000	-119
chr12	112934051	112942051	112941764	8000	112938051	-4000	4000	3713
chr12	30691869	30699869	30695682	8000	30695869	-4000	4000	-187
chr12	118977541	118985541	118981956	8000	118981541	-4000	4000	415
chr12	63664939	63672939	63668235	8000	63668939	-4000	4000	-704
chr12	38312762	38320762	38320599	8000	38316762	-4000	4000	3837
chr12	5039879	5047879	5045103	8000	5043879	-4000	4000	1224
chr12	6643433	6651433	6646968	8000	6647433	-4000	4000	-465
chr12	10803286	10811286	10806419	8000	10807286	-4000	4000	-867
chr12	70633440	70641440	70635717	8000	70637440	-4000	4000	-1723
chr12	8818621	8826621	8823224	8000	8822621	-4000	4000	603
chr12	5039879	5047879	5044785	8000	5043879	-4000	4000	906
chr12	122712811	122720811	122716312	8000	122716811	-4000	4000	-499
chr12	122712811	122720811	122716313	8000	122716811	-4000	4000	-498
chr12	6768512	6776512	6773022	8000	6772512	-4000	4000	510
chr12	51320668	51328668	51328516	8000	51324668	-4000	4000	3848
chr12	52245300	52253300	52252350	8000	52249300	-4000	4000	3050
chr12	104982316	104990316	104986381	8000	104986316	-4000	4000	65
chr12	122074756	122082756	122079227	8000	122078756	-4000	4000	471
chr12	10222058	10230058	10222109	8000	10226058	-4000	4000	-3949
chr12	51342679	51350679	51346654	8000	51346679	-4000	4000	-25
chr12	123667110	123675110	123673612	8000	123671110	-4000	4000	2502
chr12	39615803	39623803	39619084	8000	39619803	-4000	4000	-719
chr12	50388383	50396383	50396361	8000	50392383	-4000	4000	3978
chr12	50500985	50508985	50505133	8000	50504985	-4000	4000	148
chr12	51884009	51892009	51891321	8000	51888009	-4000	4000	3312
chr12	52448146	52456146	52450455	8000	52452146	-4000	4000	-1691
chr12	52469805	52477805	52471722	8000	52473805	-4000	4000	-2083
chr12	52676407	52684407	52680287	8000	52680407	-4000	4000	-120
chr12	54493752	54501752	54497775	8000	54497752	-4000	4000	23
chr12	55545602	55553602	55551229	8000	55549602	-4000	4000	1627
chr12	56641984	56649984	56646030	8000	56645984	-4000	4000	46
chr12	68682951	68690951	68686996	8000	68686951	-4000	4000	45
chr12	90951176	90959176	90954453	8000	90955176	-4000	4000	-723
chr12	93565814	93573814	93572824	8000	93569814	-4000	4000	3010
chr12	98589591	98597591	98593859	8000	98593591	-4000	4000	268
chr12	111681956	111689956	111683262	8000	111685956	-4000	4000	-2694
chr12	6768512	6776512	6773302	8000	6772512	-4000	4000	790
chr12	121035242	121043242	121038866	8000	121039242	-4000	4000	-376
chr12	53419855	53427855	53425214	8000	53423855	-4000	4000	1359
chr12	55217025	55225025	55221806	8000	55221025	-4000	4000	781
chr12	55396529	55404529	55400783	8000	55400529	-4000	4000	254
chr12	12353078	12361078	12356704	8000	12357078	-4000	4000	-374
chr12	53093436	53101436	53101151	8000	53097436	-4000	4000	3715
chr12	55838966	55846966	55839575	8000	55842966	-4000	4000	-3391
chr12	114680175	114688175	114680977	8000	114684175	-4000	4000	-3198
chr12	52516530	52524530	52517704	8000	52520530	-4000	4000	-2826
chr12	52648211	52656211	52651796	8000	52652211	-4000	4000	-415
chr12	55217025	55225025	55221042	8000	55221025	-4000	4000	17
chr12	112009185	112017185	112013183	8000	112013185	-4000	4000	-2
chr12	53320864	53328864	53328771	8000	53324864	-4000	4000	3907
chr12	4905905	4913905	4911941	8000	4909905	-4000	4000	2036
chr12	26117991	26125991	26123675	8000	26121991	-4000	4000	1684
chr12	52363481	52371481	52367103	8000	52367481	-4000	4000	-378
chr12	27078578	27086578	27081090	8000	27082578	-4000	4000	-1488
chr12	48967735	48975735	48968284	8000	48971735	-4000	4000	-3451
chr12	258873	266873	259958	8000	262873	-4000	4000	-2915
chr12	95992365	96000365	95994982	8000	95996365	-4000	4000	-1383
chr12	48521632	48529632	48526375	8000	48525632	-4000	4000	743
chr12	52676407	52684407	52677409	8000	52680407	-4000	4000	-2998
chr12	49106900	49114900	49109792	8000	49110900	-4000	4000	-1108
chr12	54360487	54368487	54363571	8000	54364487	-4000	4000	-916
chr12	55466138	55474138	55469523	8000	55470138	-4000	4000	-615
chr12	119589774	119597774	119593915	8000	119593774	-4000	4000	141
chr12	47721567	47729567	47725386	8000	47725567	-4000	4000	-181
chr12	10803286	10811286	10809354	8000	10807286	-4000	4000	2068
chr12	90951176	90959176	90953599	8000	90955176	-4000	4000	-1577
chr12	29493686	29501686	29496592	8000	29497686	-4000	4000	-1094
chr12	116734178	116742178	116741057	8000	116738178	-4000	4000	2879
chr12	12996265	13004265	13000841	8000	13000265	-4000	4000	576
chr12	55422254	55430254	55426358	8000	55426254	-4000	4000	104
chr12	55240609	55248609	55248121	8000	55244609	-4000	4000	3512
chr12	117186470	117194470	117186558	8000	117190470	-4000	4000	-3912
chr12	49090801	49098801	49091241	8000	49094801	-4000	4000	-3560
chr12	11351591	11359591	11353291	8000	11355591	-4000	4000	-2300
chr12	48324980	48332980	48329513	8000	48328980	-4000	4000	533
chr12	50053548	50061548	50059885	8000	50057548	-4000	4000	2337
chr12	9823481	9831481	9827532	8000	9827481	-4000	4000	51
chr12	47767040	47775040	47772197	8000	47771040	-4000	4000	1157
chr12	52569843	52577843	52569957	8000	52573843	-4000	4000	-3886
chr12	69581426	69589426	69585472	8000	69585426	-4000	4000	46
chr12	4905905	4913905	4913022	8000	4909905	-4000	4000	3117
chr12	49090801	49098801	49097694	8000	49094801	-4000	4000	2893
chr12	6835954	6843954	6839400	8000	6839954	-4000	4000	-554
chr12	34018468	34026468	34026168	8000	34022468	-4000	4000	3700
chr12	80703634	80711634	80708593	8000	80707634	-4000	4000	959
chr12	114680175	114688175	114681136	8000	114684175	-4000	4000	-3039
chr12	8658888	8666888	8660869	8000	8662888	-4000	4000	-2019
chr12	55838966	55846966	55842756	8000	55842966	-4000	4000	-210
chr12	10406146	10414146	10409525	8000	10410146	-4000	4000	-621
chr12	14799666	14807666	14805773	8000	14803666	-4000	4000	2107
chr12	49127397	49135397	49127969	8000	49131397	-4000	4000	-3428
chr12	56100537	56108537	56107541	8000	56104537	-4000	4000	3004
chr12	100263079	100271079	100263620	8000	100267079	-4000	4000	-3459
chr12	80703634	80711634	80707790	8000	80707634	-4000	4000	156
chr12	24945101	24953101	24949124	8000	24949101	-4000	4000	23
chr12	122699357	122707357	122703163	8000	122703357	-4000	4000	-194
chr12	52810116	52818116	52814231	8000	52814116	-4000	4000	115
chr12	76344415	76352415	76347255	8000	76348415	-4000	4000	-1160
chr12	108558582	108566582	108561174	8000	108562582	-4000	4000	-1408
chr12	6835954	6843954	6842997	8000	6839954	-4000	4000	3043
chr12	65117305	65125305	65120478	8000	65121305	-4000	4000	-827
chr12	119589774	119597774	119594035	8000	119593774	-4000	4000	261
chr12	7707433	7715433	7715203	8000	7711433	-4000	4000	3770
chr12	125061434	125069434	125065620	8000	125065434	-4000	4000	186
chr12	5039879	5047879	5044481	8000	5043879	-4000	4000	602
chr12	117964990	117972990	117968136	8000	117968990	-4000	4000	-854
chr12	121128819	121136819	121132912	8000	121132819	-4000	4000	93
chr12	55422254	55430254	55426892	8000	55426254	-4000	4000	638
chr12	102954410	102962410	102960328	8000	102958410	-4000	4000	1918
chr12	80703634	80711634	80708105	8000	80707634	-4000	4000	471
chr12	53419855	53427855	53425784	8000	53423855	-4000	4000	1929
chr12	6835954	6843954	6843481	8000	6839954	-4000	4000	3527
chr12	52402335	52410335	52405880	8000	52406335	-4000	4000	-455
chr12	48179644	48187644	48184417	8000	48183644	-4000	4000	773
chr12	52363481	52371481	52367240	8000	52367481	-4000	4000	-241
chr12	10006627	10014627	10012900	8000	10010627	-4000	4000	2273
chr12	56955374	56963374	56957209	8000	56959374	-4000	4000	-2165
chr12	6373730	6381730	6374617	8000	6377730	-4000	4000	-3113
chr12	11351591	11359591	11354555	8000	11355591	-4000	4000	-1036
chr12	12948147	12956147	12949599	8000	12952147	-4000	4000	-2548
chr12	26117991	26125991	26122959	8000	26121991	-4000	4000	968
chr12	38312762	38320762	38320517	8000	38316762	-4000	4000	3755
chr12	47075603	47083603	47077991	8000	47079603	-4000	4000	-1612
chr12	48678238	48686238	48679809	8000	48682238	-4000	4000	-2429
chr12	49184736	49192736	49186681	8000	49188736	-4000	4000	-2055
chr12	50053548	50061548	50058953	8000	50057548	-4000	4000	1405
chr12	52430371	52438371	52433232	8000	52434371	-4000	4000	-1139
chr12	52516530	52524530	52517172	8000	52520530	-4000	4000	-3358
chr12	52569843	52577843	52573360	8000	52573843	-4000	4000	-483
chr12	53099486	53107486	53105600	8000	53103486	-4000	4000	2114
chr12	53981845	53989845	53989395	8000	53985845	-4000	4000	3550
chr12	55240609	55248609	55247496	8000	55244609	-4000	4000	2887
chr12	55632892	55640892	55637590	8000	55636892	-4000	4000	698
chr12	56684408	56692408	56688036	8000	56688408	-4000	4000	-372
chr12	57471445	57479445	57472500	8000	57475445	-4000	4000	-2945
chr12	57471445	57479445	57475607	8000	57475445	-4000	4000	162
chr12	57471445	57479445	57475932	8000	57475445	-4000	4000	487
chr12	57471445	57479445	57476398	8000	57475445	-4000	4000	953
chr12	57587174	57595174	57594022	8000	57591174	-4000	4000	2848
chr12	57611280	57619280	57613580	8000	57615280	-4000	4000	-1700
chr12	57778761	57786761	57780672	8000	57782761	-4000	4000	-2089
chr12	63840700	63848700	63844804	8000	63844700	-4000	4000	104
chr12	76344415	76352415	76346362	8000	76348415	-4000	4000	-2053
chr12	91054024	91062024	91055531	8000	91058024	-4000	4000	-2493
chr12	100263079	100271079	100263507	8000	100267079	-4000	4000	-3572
chr12	112974395	112982395	112978667	8000	112978395	-4000	4000	272
chr12	113422301	113430301	113429285	8000	113426301	-4000	4000	2984
chr12	120434198	120442198	120438452	8000	120438198	-4000	4000	254
chr12	121035242	121043242	121038851	8000	121039242	-4000	4000	-391
chr12	122699357	122707357	122702444	8000	122703357	-4000	4000	-913
chr12	123667110	123675110	123671608	8000	123671110	-4000	4000	498
chr12	49184736	49192736	49185138	8000	49188736	-4000	4000	-3598
chr12	14692599	14700599	14696496	8000	14696599	-4000	4000	-103
chr12	4441815	4449815	4445265	8000	4445815	-4000	4000	-550
chr12	4905905	4913905	4912055	8000	4909905	-4000	4000	2150
chr12	11306436	11314436	11309372	8000	11310436	-4000	4000	-1064
chr12	80703634	80711634	80707714	8000	80707634	-4000	4000	80
chr12	80703634	80711634	80708031	8000	80707634	-4000	4000	397
chr12	5039879	5047879	5045911	8000	5043879	-4000	4000	2032
chr12	38312762	38320762	38318372	8000	38316762	-4000	4000	1610
chr12	52363481	52371481	52367049	8000	52367481	-4000	4000	-432
chr12	52597538	52605538	52598947	8000	52601538	-4000	4000	-2591
chr12	53264299	53272299	53269168	8000	53268299	-4000	4000	869
chr12	14799666	14807666	14805773	8000	14803666	-4000	4000	2107
chr12	6824407	6832407	6826680	8000	6828407	-4000	4000	-1727
chr12	6835954	6843954	6838018	8000	6839954	-4000	4000	-1936
chr12	52317398	52325398	52321153	8000	52321398	-4000	4000	-245
chr12	101826959	101834959	101830636	8000	101830959	-4000	4000	-323
chr12	106770621	106778621	106774659	8000	106774621	-4000	4000	38
chr12	122712811	122720811	122715451	8000	122716811	-4000	4000	-1360
chr12	10126258	10134258	10127057	8000	10130258	-4000	4000	-3201
chr12	62767	70767	67375	8000	66767	-4000	4000	608
chr12	4905905	4913905	4911625	8000	4909905	-4000	4000	1720
chr12	4905905	4913905	4912750	8000	4909905	-4000	4000	2845
chr12	5039879	5047879	5044663	8000	5043879	-4000	4000	784
chr12	5039879	5047879	5045281	8000	5043879	-4000	4000	1402
chr12	6489356	6497356	6492417	8000	6493356	-4000	4000	-939
chr12	6643433	6651433	6644461	8000	6647433	-4000	4000	-2972
chr12	7932187	7940187	7936068	8000	7936187	-4000	4000	-119
chr12	8134140	8142140	8136802	8000	8138140	-4000	4000	-1338
chr12	8818621	8826621	8823275	8000	8822621	-4000	4000	654
chr12	11351591	11359591	11354555	8000	11355591	-4000	4000	-1036
chr12	14799666	14807666	14800783	8000	14803666	-4000	4000	-2883
chr12	14799666	14807666	14806458	8000	14803666	-4000	4000	2792
chr12	14934537	14942537	14938425	8000	14938537	-4000	4000	-112
chr12	15878387	15886387	15883626	8000	15882387	-4000	4000	1239
chr12	18734100	18742100	18738433	8000	18738100	-4000	4000	333
chr12	27078578	27086578	27082447	8000	27082578	-4000	4000	-131
chr12	48199292	48207292	48202813	8000	48203292	-4000	4000	-479
chr12	50919472	50927472	50925535	8000	50923472	-4000	4000	2063
chr12	52317398	52325398	52320970	8000	52321398	-4000	4000	-428
chr12	52430371	52438371	52430613	8000	52434371	-4000	4000	-3758
chr12	52614559	52622559	52616191	8000	52618559	-4000	4000	-2368
chr12	52676407	52684407	52678597	8000	52680407	-4000	4000	-1810
chr12	52792117	52800117	52796057	8000	52796117	-4000	4000	-60
chr12	54545601	54553601	54549962	8000	54549601	-4000	4000	361
chr12	54630895	54638895	54631741	8000	54634895	-4000	4000	-3154
chr12	55240609	55248609	55247459	8000	55244609	-4000	4000	2850
chr12	55326043	55334043	55332392	8000	55330043	-4000	4000	2349
chr12	55396529	55404529	55401283	8000	55400529	-4000	4000	754
chr12	55466138	55474138	55469646	8000	55470138	-4000	4000	-492
chr12	55488378	55496378	55492735	8000	55492378	-4000	4000	357
chr12	57124483	57132483	57128848	8000	57128483	-4000	4000	365
chr12	57471445	57479445	57471492	8000	57475445	-4000	4000	-3953
chr12	57600622	57608622	57606984	8000	57604622	-4000	4000	2362
chr12	57611280	57619280	57614083	8000	57615280	-4000	4000	-1197
chr12	57778761	57786761	57780514	8000	57782761	-4000	4000	-2247
chr12	57778761	57786761	57783122	8000	57782761	-4000	4000	361
chr12	75476753	75484753	75481996	8000	75480753	-4000	4000	1243
chr12	76344415	76352415	76346912	8000	76348415	-4000	4000	-1503
chr12	80703634	80711634	80708581	8000	80707634	-4000	4000	947
chr12	80712912	80720912	80717437	8000	80716912	-4000	4000	525
chr12	82354805	82362805	82358792	8000	82358805	-4000	4000	-13
chr12	91054024	91062024	91055869	8000	91058024	-4000	4000	-2155
chr12	91054024	91062024	91056067	8000	91058024	-4000	4000	-1957
chr12	98641113	98649113	98648376	8000	98645113	-4000	4000	3263
chr12	102477744	102485744	102478617	8000	102481744	-4000	4000	-3127
chr12	105103324	105111324	105111151	8000	105107324	-4000	4000	3827
chr12	112009185	112017185	112013395	8000	112013185	-4000	4000	210
chr12	122497073	122505073	122498864	8000	122501073	-4000	4000	-2209
chr12	130158459	130166459	130164193	8000	130162459	-4000	4000	1734
chr12	132683376	132691376	132690311	8000	132687376	-4000	4000	2935
chr12	51342679	51350679	51343807	8000	51346679	-4000	4000	-2872
chr12	56748161	56756161	56751110	8000	56752161	-4000	4000	-1051
chr12	108558582	108566582	108560803	8000	108562582	-4000	4000	-1779
chr12	120197235	120205235	120200825	8000	120201235	-4000	4000	-410
chr12	56356167	56364167	56361413	8000	56360167	-4000	4000	1246
chr12	11645674	11653674	11650099	8000	11649674	-4000	4000	425
chr12	80712912	80720912	80717347	8000	80716912	-4000	4000	435
chr12	53419855	53427855	53423934	8000	53423855	-4000	4000	79
chr12	54493752	54501752	54497851	8000	54497752	-4000	4000	99
chr12	4905905	4913905	4911646	8000	4909905	-4000	4000	1741
chr12	88576851	88584851	88580326	8000	88580851	-4000	4000	-525
chr12	90951176	90959176	90953505	8000	90955176	-4000	4000	-1671
chr12	75387089	75395089	75391236	8000	75391089	-4000	4000	147
chr12	102477744	102485744	102478582	8000	102481744	-4000	4000	-3162
chr12	130949907	130957907	130954330	8000	130953907	-4000	4000	423
chr12	6120770	6128770	6121294	8000	6124770	-4000	4000	-3476
chr12	6447690	6455690	6450787	8000	6451690	-4000	4000	-903
chr12	47075603	47083603	47078007	8000	47079603	-4000	4000	-1596
chr12	51884009	51892009	51891146	8000	51888009	-4000	4000	3137
chr12	57471445	57479445	57477573	8000	57475445	-4000	4000	2128
chr12	121668631	121676631	121669411	8000	121672631	-4000	4000	-3220
chr12	120197235	120205235	120200828	8000	120201235	-4000	4000	-407
chr12	49342888	49350888	49349158	8000	49346888	-4000	4000	2270
chr12	14692599	14700599	14696512	8000	14696599	-4000	4000	-87
chr12	55326043	55334043	55332158	8000	55330043	-4000	4000	2115
chr12	55632892	55640892	55637267	8000	55636892	-4000	4000	375
chr12	7932187	7940187	7933885	8000	7936187	-4000	4000	-2302
chr12	53264299	53272299	53268766	8000	53268299	-4000	4000	467
chr12	69695476	69703476	69697802	8000	69699476	-4000	4000	-1674
chr12	39615803	39623803	39618991	8000	39619803	-4000	4000	-812
chr12	56445426	56453426	56451373	8000	56449426	-4000	4000	1947
chr12	8658888	8666888	8662100	8000	8662888	-4000	4000	-788
chr12	48199292	48207292	48202960	8000	48203292	-4000	4000	-332
chr12	52317398	52325398	52321027	8000	52321398	-4000	4000	-371
chr12	113468280	113476280	113471399	8000	113472280	-4000	4000	-881
chr12	68221810	68229810	68225737	8000	68225810	-4000	4000	-73
chr12	85832409	85840409	85836428	8000	85836409	-4000	4000	19
chr12	57471445	57479445	57479211	8000	57475445	-4000	4000	3766
chr12	56356167	56364167	56361306	8000	56360167	-4000	4000	1139
chr12	27078578	27086578	27081228	8000	27082578	-4000	4000	-1350
chr12	55292569	55300569	55294770	8000	55296569	-4000	4000	-1799
chr12	52381652	52389652	52385492	8000	52385652	-4000	4000	-160
chr12	5039879	5047879	5044793	8000	5043879	-4000	4000	914
chr12	10166542	10174542	10169071	8000	10170542	-4000	4000	-1471
chr12	34018468	34026468	34026421	8000	34022468	-4000	4000	3953
chr12	48468559	48476559	48472708	8000	48472559	-4000	4000	149
chr12	48521632	48529632	48525902	8000	48525632	-4000	4000	270
chr12	48566066	48574066	48567970	8000	48570066	-4000	4000	-2096
chr12	51884009	51892009	51889284	8000	51888009	-4000	4000	1275
chr12	51884009	51892009	51891076	8000	51888009	-4000	4000	3067
chr12	53981845	53989845	53989171	8000	53985845	-4000	4000	3326
chr12	54360487	54368487	54362785	8000	54364487	-4000	4000	-1702
chr12	113468280	113476280	113469243	8000	113472280	-4000	4000	-3037
chr12	50099982	50107982	50106853	8000	50103982	-4000	4000	2871
chr12	123667110	123675110	123672071	8000	123671110	-4000	4000	961
chr12	53264299	53272299	53269878	8000	53268299	-4000	4000	1579
chr12	6447690	6455690	6450965	8000	6451690	-4000	4000	-725
chr12	11265707	11273707	11268134	8000	11269707	-4000	4000	-1573
chr12	48468559	48476559	48472991	8000	48472559	-4000	4000	432
chr12	95787189	95795189	95787249	8000	95791189	-4000	4000	-3940
chr12	120434198	120442198	120438157	8000	120438198	-4000	4000	-41
chr12	121395896	121403896	121402764	8000	121399896	-4000	4000	2868
chr12	121668631	121676631	121669473	8000	121672631	-4000	4000	-3158
chr12	55396529	55404529	55401110	8000	55400529	-4000	4000	581
chr12	57778761	57786761	57783197	8000	57782761	-4000	4000	436
chr12	6489356	6497356	6492956	8000	6493356	-4000	4000	-400
chr12	11306436	11314436	11308474	8000	11310436	-4000	4000	-1962
chr12	52648211	52656211	52651822	8000	52652211	-4000	4000	-389
chr12	49184736	49192736	49186670	8000	49188736	-4000	4000	-2066
chr12	6824407	6832407	6826323	8000	6828407	-4000	4000	-2084
chr12	30691869	30699869	30695713	8000	30695869	-4000	4000	-156
chr12	10450685	10458685	10450970	8000	10454685	-4000	4000	-3715
chr12	76344415	76352415	76346706	8000	76348415	-4000	4000	-1709
chr12	56955374	56963374	56957333	8000	56959374	-4000	4000	-2041
chr12	54276133	54284133	54280768	8000	54280133	-4000	4000	635
chr12	68682951	68690951	68686996	8000	68686951	-4000	4000	45
chr12	104060183	104068183	104068085	8000	104064183	-4000	4000	3902
chr12	57611280	57619280	57615660	8000	57615280	-4000	4000	380
chr12	57611280	57619280	57616356	8000	57615280	-4000	4000	1076
chr12	56356167	56364167	56356569	8000	56360167	-4000	4000	-3598
chr12	52448146	52456146	52451990	8000	52452146	-4000	4000	-156
chr12	55292569	55300569	55294899	8000	55296569	-4000	4000	-1670
chr12	57002546	57010546	57002831	8000	57006546	-4000	4000	-3715
chr12	49535030	49543030	49541057	8000	49539030	-4000	4000	2027
chr12	52676407	52684407	52680264	8000	52680407	-4000	4000	-143
chr12	52810116	52818116	52811782	8000	52814116	-4000	4000	-2334
chr12	52830311	52838311	52830326	8000	52834311	-4000	4000	-3985
chr12	104060183	104068183	104067954	8000	104064183	-4000	4000	3771
chr12	27692447	27700447	27697199	8000	27696447	-4000	4000	752
chr12	49127397	49135397	49128752	8000	49131397	-4000	4000	-2645
chr12	112934051	112942051	112938447	8000	112938051	-4000	4000	396
chr12	114680175	114688175	114681059	8000	114684175	-4000	4000	-3116
chr12	53093436	53101436	53100741	8000	53097436	-4000	4000	3305
chr12	70916738	70924738	70920591	8000	70920738	-4000	4000	-147
chr12	56641984	56649984	56644806	8000	56645984	-4000	4000	-1178
chr12	130158459	130166459	130163053	8000	130162459	-4000	4000	594
chr12	52516530	52524530	52517651	8000	52520530	-4000	4000	-2879
chr12	57778761	57786761	57783266	8000	57782761	-4000	4000	505
chr12	8451962	8459962	8456048	8000	8455962	-4000	4000	86
chr12	6824407	6832407	6826876	8000	6828407	-4000	4000	-1531
chr12	8134140	8142140	8138270	8000	8138140	-4000	4000	130
chr12	52810116	52818116	52814003	8000	52814116	-4000	4000	-113
chr12	130949907	130957907	130954259	8000	130953907	-4000	4000	352
chr12	80712912	80720912	80717275	8000	80716912	-4000	4000	363
chr12	114680175	114688175	114682811	8000	114684175	-4000	4000	-1364
chr12	68249604	68257604	68253441	8000	68253604	-4000	4000	-163
chr12	101276105	101284105	101280311	8000	101280105	-4000	4000	206
chr12	5039879	5047879	5045842	8000	5043879	-4000	4000	1963
chr12	8536905	8544905	8540779	8000	8540905	-4000	4000	-126
chr12	11167608	11175608	11171514	8000	11171608	-4000	4000	-94
chr12	71437898	71445898	71440265	8000	71441898	-4000	4000	-1633
chr12	55928618	55936618	55936318	8000	55932618	-4000	4000	3700
chr12	119330712	119338712	119335152	8000	119334712	-4000	4000	440
chr12	71437898	71445898	71440137	8000	71441898	-4000	4000	-1761
chr12	57002546	57010546	57003525	8000	57006546	-4000	4000	-3021
chr12	122726844	122734844	122729700	8000	122730844	-4000	4000	-1144
chr12	54276133	54284133	54281666	8000	54280133	-4000	4000	1533
chr12	53291291	53299291	53295534	8000	53295291	-4000	4000	243
chr12	4905905	4913905	4911463	8000	4909905	-4000	4000	1558
chr12	6768512	6776512	6773283	8000	6772512	-4000	4000	771
chr12	6552073	6560073	6557636	8000	6556073	-4000	4000	1563
chr12	6848148	6856148	6855794	8000	6852148	-4000	4000	3646
chr12	4441815	4449815	4444216	8000	4445815	-4000	4000	-1599
chr12	258873	266873	259794	8000	262873	-4000	4000	-3079
chr12	7124889	7132889	7128270	8000	7128889	-4000	4000	-619
chr12	6489356	6497356	6492449	8000	6493356	-4000	4000	-907
chr12	49184736	49192736	49186334	8000	49188736	-4000	4000	-2402
chr12	130158459	130166459	130163956	8000	130162459	-4000	4000	1497
chr12	55292569	55300569	55295069	8000	55296569	-4000	4000	-1500
chr12	56185567	56193567	56186219	8000	56189567	-4000	4000	-3348
chr12	10609609	10617609	10613512	8000	10613609	-4000	4000	-97
chr12	12948147	12956147	12950240	8000	12952147	-4000	4000	-1907
chr12	48861870	48869870	48865699	8000	48865870	-4000	4000	-171
chr12	49184736	49192736	49184980	8000	49188736	-4000	4000	-3756
chr12	52317398	52325398	52319252	8000	52321398	-4000	4000	-2146
chr12	54360487	54368487	54362978	8000	54364487	-4000	4000	-1509
chr12	57689955	57697955	57696009	8000	57693955	-4000	4000	2054
chr12	111681956	111689956	111683296	8000	111685956	-4000	4000	-2660
chr12	123598077	123606077	123605794	8000	123602077	-4000	4000	3717
chr12	6824407	6832407	6831350	8000	6828407	-4000	4000	2943
chr12	6659142	6667142	6663132	8000	6663142	-4000	4000	-10
chr12	27078578	27086578	27082133	8000	27082578	-4000	4000	-445
chr12	104060183	104068183	104066269	8000	104064183	-4000	4000	2086
chr12	9112229	9120229	9113512	8000	9116229	-4000	4000	-2717
chr12	101471336	101479336	101477614	8000	101475336	-4000	4000	2278
chr12	50099982	50107982	50104656	8000	50103982	-4000	4000	674
chr12	57587174	57595174	57594109	8000	57591174	-4000	4000	2935
chr12	98589591	98597591	98594381	8000	98593591	-4000	4000	790
chr12	54276133	54284133	54280788	8000	54280133	-4000	4000	655
chr12	55240609	55248609	55248121	8000	55244609	-4000	4000	3512
chr13	23885400	23893400	23891400	8000	23889400	-4000	4000	2000
chr13	27616529	27624529	27623009	8000	27620529	-4000	4000	2480
chr13	20563138	20571138	20567947	8000	20567138	-4000	4000	809
chr13	41128802	41136802	41130567	8000	41132802	-4000	4000	-2235
chr13	41190569	41198569	41193389	8000	41194569	-4000	4000	-1180
chr13	57627744	57635744	57632738	8000	57631744	-4000	4000	994
chr13	19177824	19185824	19178253	8000	19181824	-4000	4000	-3571
chr13	38683077	38691077	38689448	8000	38687077	-4000	4000	2371
chr13	37101664	37109664	37104841	8000	37105664	-4000	4000	-823
chr13	45337284	45345284	45339576	8000	45341284	-4000	4000	-1708
chr13	95429604	95437604	95433876	8000	95433604	-4000	4000	272
chr13	27965315	27973315	27968730	8000	27969315	-4000	4000	-585
chr13	112063149	112071149	112071036	8000	112067149	-4000	4000	3887
chr13	67226445	67234445	67228380	8000	67230445	-4000	4000	-2065
chr13	107863496	107871496	107865688	8000	107867496	-4000	4000	-1808
chr13	52008125	52016125	52012427	8000	52012125	-4000	4000	302
chr13	75616434	75624434	75623280	8000	75620434	-4000	4000	2846
chr13	41190569	41198569	41192891	8000	41194569	-4000	4000	-1678
chr13	93222807	93230807	93227300	8000	93226807	-4000	4000	493
chr13	41259577	41267577	41260812	8000	41263577	-4000	4000	-2765
chr13	112063149	112071149	112069171	8000	112067149	-4000	4000	2022
chr13	25092136	25100136	25096241	8000	25096136	-4000	4000	105
chr13	25168288	25176288	25169879	8000	25172288	-4000	4000	-2409
chr13	41128802	41136802	41130621	8000	41132802	-4000	4000	-2181
chr13	83878474	83886474	83880123	8000	83882474	-4000	4000	-2351
chr13	27616529	27624529	27623262	8000	27620529	-4000	4000	2733
chr13	36996763	37004763	37002948	8000	37000763	-4000	4000	2185
chr13	43879800	43887800	43882281	8000	43883800	-4000	4000	-1519
chr13	83878474	83886474	83879470	8000	83882474	-4000	4000	-3004
chr13	113118799	113126799	113122863	8000	113122799	-4000	4000	64
chr13	113663219	113671219	113667801	8000	113667219	-4000	4000	582
chr13	46549168	46557168	46553443	8000	46553168	-4000	4000	275
chr13	78655155	78663155	78659176	8000	78659155	-4000	4000	21
chr13	107863496	107871496	107866439	8000	107867496	-4000	4000	-1057
chr13	27266830	27274830	27273335	8000	27270830	-4000	4000	2505
chr13	107863496	107871496	107866069	8000	107867496	-4000	4000	-1427
chr13	38683077	38691077	38689824	8000	38687077	-4000	4000	2747
chr13	26218314	26226314	26219556	8000	26222314	-4000	4000	-2758
chr13	93222807	93230807	93227382	8000	93226807	-4000	4000	575
chr13	107863496	107871496	107865852	8000	107867496	-4000	4000	-1644
chr13	23885400	23893400	23891257	8000	23889400	-4000	4000	1857
chr13	26756786	26764786	26759374	8000	26760786	-4000	4000	-1412
chr13	78599552	78607552	78601589	8000	78603552	-4000	4000	-1963
chr13	25092136	25100136	25098130	8000	25096136	-4000	4000	1994
chr13	41190569	41198569	41192822	8000	41194569	-4000	4000	-1747
chr13	113154648	113162648	113160141	8000	113158648	-4000	4000	1493
chr13	27788483	27796483	27793679	8000	27792483	-4000	4000	1196
chr13	36427520	36435520	36432046	8000	36431520	-4000	4000	526
chr13	52735820	52743820	52739746	8000	52739820	-4000	4000	-74
chr13	70104493	70112493	70107256	8000	70108493	-4000	4000	-1237
chr13	32311086	32319086	32311787	8000	32315086	-4000	4000	-3299
chr13	37101664	37109664	37104182	8000	37105664	-4000	4000	-1482
chr13	83878474	83886474	83881411	8000	83882474	-4000	4000	-1063
chr13	83878474	83886474	83879762	8000	83882474	-4000	4000	-2712
chr13	39599528	39607528	39601166	8000	39603528	-4000	4000	-2362
chr13	26756786	26764786	26759246	8000	26760786	-4000	4000	-1540
chr13	83878474	83886474	83879530	8000	83882474	-4000	4000	-2944
chr13	79477124	79485124	79481458	8000	79481124	-4000	4000	334
chr13	41307267	41315267	41311520	8000	41311267	-4000	4000	253
chr13	93222807	93230807	93227394	8000	93226807	-4000	4000	587
chr13	27266830	27274830	27270898	8000	27270830	-4000	4000	68
chr13	107863496	107871496	107865952	8000	107867496	-4000	4000	-1544
chr13	37101664	37109664	37104383	8000	37105664	-4000	4000	-1281
chr13	51857969	51865969	51865457	8000	51861969	-4000	4000	3488
chr13	39034089	39042089	39037491	8000	39038089	-4000	4000	-598
chr13	44573147	44581147	44574013	8000	44577147	-4000	4000	-3134
chr13	26218314	26226314	26219610	8000	26222314	-4000	4000	-2704
chr13	83878474	83886474	83880638	8000	83882474	-4000	4000	-1836
chr13	94708545	94716545	94712100	8000	94712545	-4000	4000	-445
chr13	25092136	25100136	25097603	8000	25096136	-4000	4000	1467
chr13	113663219	113671219	113667442	8000	113667219	-4000	4000	223
chr13	51857969	51865969	51865374	8000	51861969	-4000	4000	3405
chr13	23885400	23893400	23891835	8000	23889400	-4000	4000	2435
chr13	49624507	49632507	49630786	8000	49628507	-4000	4000	2279
chr13	112372355	112380355	112376417	8000	112376355	-4000	4000	62
chr13	83878474	83886474	83880784	8000	83882474	-4000	4000	-1690
chr13	26218314	26226314	26219556	8000	26222314	-4000	4000	-2758
chr13	52844641	52852641	52844790	8000	52848641	-4000	4000	-3851
chr13	39034089	39042089	39037292	8000	39038089	-4000	4000	-797
chr13	95429604	95437604	95433905	8000	95433604	-4000	4000	301
chr13	25168288	25176288	25169811	8000	25172288	-4000	4000	-2477
chr13	49216338	49224338	49222269	8000	49220338	-4000	4000	1931
chr13	25092136	25100136	25098334	8000	25096136	-4000	4000	2198
chr13	75478169	75486169	75481560	8000	75482169	-4000	4000	-609
chr13	83878474	83886474	83880361	8000	83882474	-4000	4000	-2113
chr13	19177824	19185824	19178311	8000	19181824	-4000	4000	-3513
chr13	79477124	79485124	79481406	8000	79481124	-4000	4000	282
chr13	94708545	94716545	94711145	8000	94712545	-4000	4000	-1400
chr13	25092136	25100136	25096139	8000	25096136	-4000	4000	3
chr13	83878474	83886474	83881315	8000	83882474	-4000	4000	-1159
chr13	41128802	41136802	41132639	8000	41132802	-4000	4000	-163
chr13	46048759	46056759	46053790	8000	46052759	-4000	4000	1031
chr13	26218314	26226314	26219573	8000	26222314	-4000	4000	-2741
chr13	37594844	37602844	37598768	8000	37598844	-4000	4000	-76
chr13	79402477	79410477	79405691	8000	79406477	-4000	4000	-786
chr13	26756786	26764786	26758866	8000	26760786	-4000	4000	-1920
chr13	20899048	20907048	20902723	8000	20903048	-4000	4000	-325
chr13	49216338	49224338	49222313	8000	49220338	-4000	4000	1975
chr13	52412373	52420373	52416058	8000	52416373	-4000	4000	-315
chr13	94475682	94483682	94479222	8000	94479682	-4000	4000	-460
chr13	25092136	25100136	25098102	8000	25096136	-4000	4000	1966
chr13	27266830	27274830	27273096	8000	27270830	-4000	4000	2266
chr13	38683077	38691077	38688606	8000	38687077	-4000	4000	1529
chr13	38683077	38691077	38689750	8000	38687077	-4000	4000	2673
chr13	95429604	95437604	95433727	8000	95433604	-4000	4000	123
chr13	113663219	113671219	113667693	8000	113667219	-4000	4000	474
chr13	51580455	51588455	51584715	8000	51584455	-4000	4000	260
chr13	113663219	113671219	113667442	8000	113667219	-4000	4000	223
chr13	49624507	49632507	49630515	8000	49628507	-4000	4000	2008
chr13	38683077	38691077	38690341	8000	38687077	-4000	4000	3264
chr13	75478169	75486169	75481430	8000	75482169	-4000	4000	-739
chr13	80337126	80345126	80337350	8000	80341126	-4000	4000	-3776
chr13	113654198	113662198	113654938	8000	113658198	-4000	4000	-3260
chr13	113654198	113662198	113658129	8000	113658198	-4000	4000	-69
chr13	36427520	36435520	36432637	8000	36431520	-4000	4000	1117
chr13	52155861	52163861	52156291	8000	52159861	-4000	4000	-3570
chr13	113449488	113457488	113453243	8000	113453488	-4000	4000	-245
chr13	113449488	113457488	113453408	8000	113453488	-4000	4000	-80
chr13	49243925	49251925	49247984	8000	49247925	-4000	4000	59
chr13	36427520	36435520	36431708	8000	36431520	-4000	4000	188
chr13	46893076	46901076	46895660	8000	46897076	-4000	4000	-1416
chr13	23885400	23893400	23891660	8000	23889400	-4000	4000	2260
chr13	27616529	27624529	27623141	8000	27620529	-4000	4000	2612
chr13	32534885	32542885	32536430	8000	32538885	-4000	4000	-2455
chr13	41190569	41198569	41193126	8000	41194569	-4000	4000	-1443
chr13	41057440	41065440	41065259	8000	41061440	-4000	4000	3819
chr13	46048759	46056759	46055796	8000	46052759	-4000	4000	3037
chr13	26756786	26764786	26759489	8000	26760786	-4000	4000	-1297
chr13	67226445	67234445	67226886	8000	67230445	-4000	4000	-3559
chr13	41190569	41198569	41193149	8000	41194569	-4000	4000	-1420
chr13	57627744	57635744	57634805	8000	57631744	-4000	4000	3061
chr13	23885400	23893400	23886462	8000	23889400	-4000	4000	-2938
chr13	52155861	52163861	52156198	8000	52159861	-4000	4000	-3663
chr13	113663219	113671219	113669744	8000	113667219	-4000	4000	2525
chr13	26756786	26764786	26759271	8000	26760786	-4000	4000	-1515
chr13	49624507	49632507	49630673	8000	49628507	-4000	4000	2166
chr13	19177824	19185824	19178328	8000	19181824	-4000	4000	-3496
chr13	25092136	25100136	25096991	8000	25096136	-4000	4000	855
chr13	39034306	39042306	39042289	8000	39038306	-4000	4000	3983
chr13	25092136	25100136	25097971	8000	25096136	-4000	4000	1835
chr13	67226445	67234445	67228338	8000	67230445	-4000	4000	-2107
chr13	48299744	48307744	48307324	8000	48303744	-4000	4000	3580
chr13	76882405	76890405	76885211	8000	76886405	-4000	4000	-1194
chr13	49216338	49224338	49222125	8000	49220338	-4000	4000	1787
chr13	52155861	52163861	52156264	8000	52159861	-4000	4000	-3597
chr13	57627744	57635744	57634614	8000	57631744	-4000	4000	2870
chr13	80337126	80345126	80337690	8000	80341126	-4000	4000	-3436
chr13	96086107	96094107	96091288	8000	96090107	-4000	4000	1181
chr13	102795110	102803110	102796864	8000	102799110	-4000	4000	-2246
chr13	53024813	53032813	53028932	8000	53028813	-4000	4000	119
chr13	27984693	27992693	27988524	8000	27988693	-4000	4000	-169
chr13	67226445	67234445	67227886	8000	67230445	-4000	4000	-2559
chr13	78599552	78607552	78599562	8000	78603552	-4000	4000	-3990
chr13	25092136	25100136	25098152	8000	25096136	-4000	4000	2016
chr13	21136514	21144514	21140943	8000	21140514	-4000	4000	429
chr13	25092136	25100136	25097644	8000	25096136	-4000	4000	1508
chr13	25168288	25176288	25169708	8000	25172288	-4000	4000	-2580
chr13	26756786	26764786	26759476	8000	26760786	-4000	4000	-1310
chr13	28714970	28722970	28717870	8000	28718970	-4000	4000	-1100
chr13	41128802	41136802	41131065	8000	41132802	-4000	4000	-1737
chr13	41128802	41136802	41131130	8000	41132802	-4000	4000	-1672
chr13	41190569	41198569	41193709	8000	41194569	-4000	4000	-860
chr13	57627744	57635744	57632958	8000	57631744	-4000	4000	1214
chr13	67226445	67234445	67228280	8000	67230445	-4000	4000	-2165
chr13	72723629	72731629	72731359	8000	72727629	-4000	4000	3730
chr13	83878474	83886474	83880972	8000	83882474	-4000	4000	-1502
chr13	114277601	114285601	114282857	8000	114281601	-4000	4000	1256
chr13	113663219	113671219	113667538	8000	113667219	-4000	4000	319
chr13	103062417	103070417	103066188	8000	103066417	-4000	4000	-229
chr13	25092136	25100136	25096240	8000	25096136	-4000	4000	104
chr13	37594844	37602844	37598681	8000	37598844	-4000	4000	-163
chr13	97430169	97438169	97434741	8000	97434169	-4000	4000	572
chr13	38683077	38691077	38687356	8000	38687077	-4000	4000	279
chr13	24760169	24768169	24767271	8000	24764169	-4000	4000	3102
chr13	34938270	34946270	34943093	8000	34942270	-4000	4000	823
chr13	20188938	20196938	20189144	8000	20192938	-4000	4000	-3794
chr13	27788483	27796483	27793836	8000	27792483	-4000	4000	1353
chr13	27916000	27924000	27920542	8000	27920000	-4000	4000	542
chr13	28655104	28663104	28662418	8000	28659104	-4000	4000	3314
chr13	23885400	23893400	23891665	8000	23889400	-4000	4000	2265
chr13	38683077	38691077	38689922	8000	38687077	-4000	4000	2845
chr13	23885400	23893400	23886483	8000	23889400	-4000	4000	-2917
chr13	49932490	49940490	49936225	8000	49936490	-4000	4000	-265
chr13	20188938	20196938	20188983	8000	20192938	-4000	4000	-3955
chr13	37101664	37109664	37104763	8000	37105664	-4000	4000	-901
chr13	113663219	113671219	113669759	8000	113667219	-4000	4000	2540
chr13	67226445	67234445	67228489	8000	67230445	-4000	4000	-1956
chr13	52125092	52133092	52127445	8000	52129092	-4000	4000	-1647
chr13	37594844	37602844	37597189	8000	37598844	-4000	4000	-1655
chr13	38683077	38691077	38690006	8000	38687077	-4000	4000	2929
chr13	83878474	83886474	83878529	8000	83882474	-4000	4000	-3945
chr13	25297556	25305556	25301755	8000	25301556	-4000	4000	199
chr13	52125092	52133092	52127474	8000	52129092	-4000	4000	-1618
chr13	27984693	27992693	27988607	8000	27988693	-4000	4000	-86
chr13	32534885	32542885	32536714	8000	32538885	-4000	4000	-2171
chr13	83878474	83886474	83880537	8000	83882474	-4000	4000	-1937
chr13	113663219	113671219	113667552	8000	113667219	-4000	4000	333
chr13	38683077	38691077	38690106	8000	38687077	-4000	4000	3029
chr13	70104493	70112493	70107395	8000	70108493	-4000	4000	-1098
chr13	83878474	83886474	83879424	8000	83882474	-4000	4000	-3050
chr14	67615920	67623920	67620944	8000	67619920	-4000	4000	1024
chr14	20056045	20064045	20060141	8000	20060045	-4000	4000	96
chr14	20637691	20645691	20641364	8000	20641691	-4000	4000	-327
chr14	92036896	92044896	92039646	8000	92040896	-4000	4000	-1250
chr14	75047532	75055532	75049506	8000	75051532	-4000	4000	-2026
chr14	77112568	77120568	77113551	8000	77116568	-4000	4000	-3017
chr14	20056045	20064045	20060488	8000	20060045	-4000	4000	443
chr14	20777268	20785268	20781943	8000	20781268	-4000	4000	675
chr14	21472597	21480597	21476889	8000	21476597	-4000	4000	292
chr14	24331093	24339093	24337996	8000	24335093	-4000	4000	2903
chr14	34535704	34543704	34536276	8000	34539704	-4000	4000	-3428
chr14	49595164	49603164	49599175	8000	49599164	-4000	4000	11
chr14	75047532	75055532	75049526	8000	75051532	-4000	4000	-2006
chr14	77373094	77381094	77378379	8000	77377094	-4000	4000	1285
chr14	19971591	19979591	19976493	8000	19975591	-4000	4000	902
chr14	35805304	35813304	35808727	8000	35809304	-4000	4000	-577
chr14	39166532	39174532	39170131	8000	39170532	-4000	4000	-401
chr14	22825879	22833879	22829924	8000	22829879	-4000	4000	45
chr14	69394015	69402015	69399256	8000	69398015	-4000	4000	1241
chr14	19916607	19924607	19921446	8000	19920607	-4000	4000	839
chr14	24267611	24275611	24269536	8000	24271611	-4000	4000	-2075
chr14	54898826	54906826	54902498	8000	54902826	-4000	4000	-328
chr14	24504265	24512265	24506193	8000	24508265	-4000	4000	-2072
chr14	56812693	56820693	56813387	8000	56816693	-4000	4000	-3306
chr14	44503283	44511283	44505860	8000	44507283	-4000	4000	-1423
chr14	20219710	20227710	20223866	8000	20223710	-4000	4000	156
chr14	19916607	19924607	19921356	8000	19920607	-4000	4000	749
chr14	35530164	35538164	35534439	8000	35534164	-4000	4000	275
chr14	34458774	34466774	34462231	8000	34462774	-4000	4000	-543
chr14	102135503	102143503	102139255	8000	102139503	-4000	4000	-248
chr14	102135503	102143503	102140079	8000	102139503	-4000	4000	576
chr14	34710823	34718823	34711258	8000	34714823	-4000	4000	-3565
chr14	24116956	24124956	24117026	8000	24120956	-4000	4000	-3930
chr14	24143548	24151548	24144015	8000	24147548	-4000	4000	-3533
chr14	45038322	45046322	45044830	8000	45042322	-4000	4000	2508
chr14	51092061	51100061	51094598	8000	51096061	-4000	4000	-1463
chr14	63314935	63322935	63317800	8000	63318935	-4000	4000	-1135
chr14	70637916	70645916	70642342	8000	70641916	-4000	4000	426
chr14	18963434	18971434	18967694	8000	18967434	-4000	4000	260
chr14	20741887	20749887	20747895	8000	20745887	-4000	4000	2008
chr14	21155060	21163060	21155553	8000	21159060	-4000	4000	-3507
chr14	28762787	28770787	28767915	8000	28766787	-4000	4000	1128
chr14	23431660	23439660	23432661	8000	23435660	-4000	4000	-2999
chr14	91776707	91784707	91783103	8000	91780707	-4000	4000	2396
chr14	28762787	28770787	28768422	8000	28766787	-4000	4000	1635
chr14	24331093	24339093	24338311	8000	24335093	-4000	4000	3218
chr14	52310305	52318305	52314585	8000	52314305	-4000	4000	280
chr14	23038212	23046212	23042784	8000	23042212	-4000	4000	572
chr14	20985973	20993973	20992548	8000	20989973	-4000	4000	2575
chr14	73587873	73595873	73595322	8000	73591873	-4000	4000	3449
chr14	23115255	23123255	23117587	8000	23119255	-4000	4000	-1668
chr14	24116956	24124956	24118465	8000	24120956	-4000	4000	-2491
chr14	24132163	24140163	24132232	8000	24136163	-4000	4000	-3931
chr14	28762787	28770787	28767377	8000	28766787	-4000	4000	590
chr14	104749147	104757147	104756539	8000	104753147	-4000	4000	3392
chr14	38252093	38260093	38255065	8000	38256093	-4000	4000	-1028
chr14	55187608	55195608	55189181	8000	55191608	-4000	4000	-2427
chr14	24331093	24339093	24338666	8000	24335093	-4000	4000	3573
chr14	19871142	19879142	19876786	8000	19875142	-4000	4000	1644
chr14	24572250	24580250	24576246	8000	24576250	-4000	4000	-4
chr14	45131930	45139930	45137191	8000	45135930	-4000	4000	1261
chr14	20235286	20243286	20242951	8000	20239286	-4000	4000	3665
chr14	21630940	21638940	21634714	8000	21634940	-4000	4000	-226
chr14	44503283	44511283	44504645	8000	44507283	-4000	4000	-2638
chr14	75979011	75987011	75980747	8000	75983011	-4000	4000	-2264
chr14	23038212	23046212	23043370	8000	23042212	-4000	4000	1158
chr14	20032038	20040038	20033962	8000	20036038	-4000	4000	-2076
chr14	19871142	19879142	19876321	8000	19875142	-4000	4000	1179
chr14	23038212	23046212	23042576	8000	23042212	-4000	4000	364
chr14	35400749	35408749	35404554	8000	35404749	-4000	4000	-195
chr14	95529503	95537503	95533317	8000	95533503	-4000	4000	-186
chr14	58294139	58302139	58299811	8000	58298139	-4000	4000	1672
chr14	67686367	67694367	67690236	8000	67690367	-4000	4000	-131
chr14	75047532	75055532	75048119	8000	75051532	-4000	4000	-3413
chr14	77373094	77381094	77378128	8000	77377094	-4000	4000	1034
chr14	67356328	67364328	67359682	8000	67360328	-4000	4000	-646
chr14	91506554	91514554	91509515	8000	91510554	-4000	4000	-1039
chr14	37168606	37176606	37172351	8000	37172606	-4000	4000	-255
chr14	37168606	37176606	37172449	8000	37172606	-4000	4000	-157
chr14	23404273	23412273	23405769	8000	23408273	-4000	4000	-2504
chr14	21533216	21541216	21536994	8000	21537216	-4000	4000	-222
chr14	23091614	23099614	23095168	8000	23095614	-4000	4000	-446
chr14	24331093	24339093	24338088	8000	24335093	-4000	4000	2995
chr14	92318581	92326581	92325949	8000	92322581	-4000	4000	3368
chr14	23038212	23046212	23042911	8000	23042212	-4000	4000	699
chr14	35530164	35538164	35534413	8000	35534164	-4000	4000	249
chr14	49889079	49897079	49894421	8000	49893079	-4000	4000	1342
chr14	23431660	23439660	23432495	8000	23435660	-4000	4000	-3165
chr14	51236162	51244162	51240281	8000	51240162	-4000	4000	119
chr14	19871142	19879142	19876865	8000	19875142	-4000	4000	1723
chr14	20741887	20749887	20747672	8000	20745887	-4000	4000	1785
chr14	51092061	51100061	51094229	8000	51096061	-4000	4000	-1832
chr14	70412984	70420984	70417023	8000	70416984	-4000	4000	39
chr14	24331093	24339093	24338384	8000	24335093	-4000	4000	3291
chr14	30618291	30626291	30622462	8000	30622291	-4000	4000	171
chr14	104601647	104609647	104604486	8000	104605647	-4000	4000	-1161
chr14	53149323	53157323	53152306	8000	53153323	-4000	4000	-1017
chr14	74015349	74023349	74019414	8000	74019349	-4000	4000	65
chr14	101557351	101565351	101562472	8000	101561351	-4000	4000	1121
chr14	104601647	104609647	104604757	8000	104605647	-4000	4000	-890
chr14	24066837	24074837	24068796	8000	24070837	-4000	4000	-2041
chr14	19916607	19924607	19920797	8000	19920607	-4000	4000	190
chr14	22915182	22923182	22922557	8000	22919182	-4000	4000	3375
chr14	35530164	35538164	35536334	8000	35534164	-4000	4000	2170
chr14	24267611	24275611	24268741	8000	24271611	-4000	4000	-2870
chr14	20637691	20645691	20641517	8000	20641691	-4000	4000	-174
chr14	24425286	24433286	24427633	8000	24429286	-4000	4000	-1653
chr14	23091614	23099614	23095311	8000	23095614	-4000	4000	-303
chr14	24605699	24613699	24606685	8000	24609699	-4000	4000	-3014
chr14	20056045	20064045	20060306	8000	20060045	-4000	4000	261
chr14	24209473	24217473	24209832	8000	24213473	-4000	4000	-3641
chr14	69570871	69578871	69571105	8000	69574871	-4000	4000	-3766
chr14	101557351	101565351	101561804	8000	101561351	-4000	4000	453
chr14	20887385	20895385	20891996	8000	20891385	-4000	4000	611
chr14	45038322	45046322	45044686	8000	45042322	-4000	4000	2364
chr14	21630940	21638940	21634760	8000	21634940	-4000	4000	-180
chr14	20637691	20645691	20641191	8000	20641691	-4000	4000	-500
chr14	20741887	20749887	20747926	8000	20745887	-4000	4000	2039
chr14	22915182	22923182	22920786	8000	22919182	-4000	4000	1604
chr14	52703178	52711178	52711163	8000	52707178	-4000	4000	3985
chr14	44503283	44511283	44505922	8000	44507283	-4000	4000	-1361
chr14	23404273	23412273	23405645	8000	23408273	-4000	4000	-2628
chr14	94289268	94297268	94290510	8000	94293268	-4000	4000	-2758
chr14	44503283	44511283	44507044	8000	44507283	-4000	4000	-239
chr14	24143548	24151548	24150853	8000	24147548	-4000	4000	3305
chr14	20995255	21003255	20996956	8000	20999255	-4000	4000	-2299
chr14	23031230	23039230	23034803	8000	23035230	-4000	4000	-427
chr14	52065059	52073059	52067952	8000	52069059	-4000	4000	-1107
chr14	77704071	77712071	77707872	8000	77708071	-4000	4000	-199
chr14	39226231	39234231	39234196	8000	39230231	-4000	4000	3965
chr14	23038212	23046212	23042784	8000	23042212	-4000	4000	572
chr14	24116956	24124956	24120875	8000	24120956	-4000	4000	-81
chr14	24361673	24369673	24367128	8000	24365673	-4000	4000	1455
chr14	49848821	49856821	49852757	8000	49852821	-4000	4000	-64
chr14	52310305	52318305	52315218	8000	52314305	-4000	4000	913
chr14	19871142	19879142	19876655	8000	19875142	-4000	4000	1513
chr14	74015349	74023349	74023015	8000	74019349	-4000	4000	3666
chr14	31203804	31211804	31205797	8000	31207804	-4000	4000	-2007
chr14	38252093	38260093	38256367	8000	38256093	-4000	4000	274
chr14	23091614	23099614	23097702	8000	23095614	-4000	4000	2088
chr14	24143548	24151548	24145156	8000	24147548	-4000	4000	-2392
chr14	20464954	20472954	20469461	8000	20468954	-4000	4000	507
chr14	20219710	20227710	20224337	8000	20223710	-4000	4000	627
chr14	23053538	23061538	23054305	8000	23057538	-4000	4000	-3233
chr14	24425286	24433286	24427858	8000	24429286	-4000	4000	-1428
chr14	50412461	50420461	50419994	8000	50416461	-4000	4000	3533
chr14	67596286	67604286	67600084	8000	67600286	-4000	4000	-202
chr14	22978258	22986258	22982056	8000	22982258	-4000	4000	-202
chr14	102135503	102143503	102139893	8000	102139503	-4000	4000	390
chr14	20637691	20645691	20641458	8000	20641691	-4000	4000	-233
chr14	23091614	23099614	23097772	8000	23095614	-4000	4000	2158
chr14	94766113	94774113	94768551	8000	94770113	-4000	4000	-1562
chr14	38252093	38260093	38255613	8000	38256093	-4000	4000	-480
chr14	74608378	74616378	74611468	8000	74612378	-4000	4000	-910
chr14	20777268	20785268	20782253	8000	20781268	-4000	4000	985
chr14	77419523	77427523	77422914	8000	77423523	-4000	4000	-609
chr14	45131930	45139930	45136064	8000	45135930	-4000	4000	134
chr14	22585224	22593224	22588985	8000	22589224	-4000	4000	-239
chr14	58423385	58431385	58428289	8000	58427385	-4000	4000	904
chr14	46647781	46655781	46651777	8000	46651781	-4000	4000	-4
chr14	24066837	24074837	24073529	8000	24070837	-4000	4000	2692
chr14	49689105	49697105	49693205	8000	49693105	-4000	4000	100
chr14	51092061	51100061	51094640	8000	51096061	-4000	4000	-1421
chr14	19871142	19879142	19876315	8000	19875142	-4000	4000	1173
chr14	102358941	102366941	102359545	8000	102362941	-4000	4000	-3396
chr14	20637691	20645691	20641289	8000	20641691	-4000	4000	-402
chr14	94588058	94596058	94592067	8000	94592058	-4000	4000	9
chr14	77267206	77275206	77269314	8000	77271206	-4000	4000	-1892
chr14	23302833	23310833	23308815	8000	23306833	-4000	4000	1982
chr14	38203904	38211904	38210142	8000	38207904	-4000	4000	2238
chr14	75047532	75055532	75048944	8000	75051532	-4000	4000	-2588
chr14	67686367	67694367	67692543	8000	67690367	-4000	4000	2176
chr14	75979011	75987011	75980636	8000	75983011	-4000	4000	-2375
chr14	76822372	76830372	76828620	8000	76826372	-4000	4000	2248
chr14	23091614	23099614	23095034	8000	23095614	-4000	4000	-580
chr14	23949734	23957734	23953815	8000	23953734	-4000	4000	81
chr14	34710823	34718823	34713529	8000	34714823	-4000	4000	-1294
chr14	73587873	73595873	73592180	8000	73591873	-4000	4000	307
chr14	101557351	101565351	101558414	8000	101561351	-4000	4000	-2937
chr14	23372773	23380773	23378847	8000	23376773	-4000	4000	2074
chr14	18597117	18605117	18601450	8000	18601117	-4000	4000	333
chr14	20056045	20064045	20060944	8000	20060045	-4000	4000	899
chr14	64384031	64392031	64388403	8000	64388031	-4000	4000	372
chr14	35400749	35408749	35402010	8000	35404749	-4000	4000	-2739
chr14	67356328	67364328	67359741	8000	67360328	-4000	4000	-587
chr14	73023131	73031131	73024197	8000	73027131	-4000	4000	-2934
chr14	77373094	77381094	77378973	8000	77377094	-4000	4000	1879
chr14	20339615	20347615	20343683	8000	20343615	-4000	4000	68
chr14	24572250	24580250	24573569	8000	24576250	-4000	4000	-2681
chr14	58423385	58431385	58428343	8000	58427385	-4000	4000	958
chr14	20235286	20243286	20242810	8000	20239286	-4000	4000	3524
chr14	21066872	21074872	21073202	8000	21070872	-4000	4000	2330
chr14	24605699	24613699	24606730	8000	24609699	-4000	4000	-2969
chr14	28762787	28770787	28768935	8000	28766787	-4000	4000	2148
chr14	45131930	45139930	45134507	8000	45135930	-4000	4000	-1423
chr14	49616626	49624626	49622112	8000	49620626	-4000	4000	1486
chr14	50308229	50316229	50312811	8000	50312229	-4000	4000	582
chr14	51236162	51244162	51240274	8000	51240162	-4000	4000	112
chr14	101557351	101565351	101562880	8000	101561351	-4000	4000	1529
chr14	52263698	52271698	52268426	8000	52267698	-4000	4000	728
chr14	20637691	20645691	20641664	8000	20641691	-4000	4000	-27
chr14	22762522	22770522	22768108	8000	22766522	-4000	4000	1586
chr14	75047532	75055532	75049665	8000	75051532	-4000	4000	-1867
chr14	67686367	67694367	67691206	8000	67690367	-4000	4000	839
chr14	52310305	52318305	52315237	8000	52314305	-4000	4000	932
chr14	52263698	52271698	52267946	8000	52267698	-4000	4000	248
chr14	74877891	74885891	74885586	8000	74881891	-4000	4000	3695
chr14	22825879	22833879	22830091	8000	22829879	-4000	4000	212
chr14	18597117	18605117	18601251	8000	18601117	-4000	4000	134
chr14	53954761	53962761	53956624	8000	53958761	-4000	4000	-2137
chr14	73587873	73595873	73592106	8000	73591873	-4000	4000	233
chr14	24361673	24369673	24367141	8000	24365673	-4000	4000	1468
chr14	24132163	24140163	24136292	8000	24136163	-4000	4000	129
chr14	20219710	20227710	20223765	8000	20223710	-4000	4000	55
chr14	24605699	24613699	24608320	8000	24609699	-4000	4000	-1379
chr14	49595164	49603164	49602445	8000	49599164	-4000	4000	3281
chr14	24504265	24512265	24508206	8000	24508265	-4000	4000	-59
chr14	23372773	23380773	23377321	8000	23376773	-4000	4000	548
chr14	75979011	75987011	75980654	8000	75983011	-4000	4000	-2357
chr14	90057994	90065994	90062452	8000	90061994	-4000	4000	458
chr14	101557351	101565351	101557594	8000	101561351	-4000	4000	-3757
chr14	20056045	20064045	20060336	8000	20060045	-4000	4000	291
chr14	60977114	60985114	60981246	8000	60981114	-4000	4000	132
chr14	50664306	50672306	50665368	8000	50668306	-4000	4000	-2938
chr14	46647781	46655781	46651589	8000	46651781	-4000	4000	-192
chr14	24048009	24056009	24049324	8000	24052009	-4000	4000	-2685
chr14	20339615	20347615	20343683	8000	20343615	-4000	4000	68
chr14	44503283	44511283	44506854	8000	44507283	-4000	4000	-429
chr14	20741887	20749887	20747946	8000	20745887	-4000	4000	2059
chr14	24336022	24344022	24339482	8000	24340022	-4000	4000	-540
chr14	21533216	21541216	21536879	8000	21537216	-4000	4000	-337
chr14	21630940	21638940	21634075	8000	21634940	-4000	4000	-865
chr14	44503283	44511283	44505523	8000	44507283	-4000	4000	-1760
chr14	24116956	24124956	24117682	8000	24120956	-4000	4000	-3274
chr14	24116956	24124956	24118095	8000	24120956	-4000	4000	-2861
chr14	46647781	46655781	46651765	8000	46651781	-4000	4000	-16
chr14	24572250	24580250	24575288	8000	24576250	-4000	4000	-962
chr14	51236162	51244162	51240238	8000	51240162	-4000	4000	76
chr14	94766113	94774113	94768614	8000	94770113	-4000	4000	-1499
chr14	56812693	56820693	56813406	8000	56816693	-4000	4000	-3287
chr14	24267611	24275611	24269111	8000	24271611	-4000	4000	-2500
chr14	24331093	24339093	24338666	8000	24335093	-4000	4000	3573
chr14	36316637	36324637	36316797	8000	36320637	-4000	4000	-3840
chr14	52310305	52318305	52315251	8000	52314305	-4000	4000	946
chr14	49595164	49603164	49599138	8000	49599164	-4000	4000	-26
chr14	24331093	24339093	24338666	8000	24335093	-4000	4000	3573
chr14	24572250	24580250	24573677	8000	24576250	-4000	4000	-2573
chr14	23038212	23046212	23043410	8000	23042212	-4000	4000	1198
chr14	19971591	19979591	19975887	8000	19975591	-4000	4000	296
chr14	24116956	24124956	24117277	8000	24120956	-4000	4000	-3679
chr14	75047532	75055532	75048735	8000	75051532	-4000	4000	-2797
chr14	75047532	75055532	75053611	8000	75051532	-4000	4000	2079
chr14	105485855	105493855	105492238	8000	105489855	-4000	4000	2383
chr14	20741887	20749887	20747955	8000	20745887	-4000	4000	2068
chr14	20637691	20645691	20641247	8000	20641691	-4000	4000	-444
chr14	21630940	21638940	21634815	8000	21634940	-4000	4000	-125
chr14	23053538	23061538	23054571	8000	23057538	-4000	4000	-2967
chr14	23368809	23376809	23373364	8000	23372809	-4000	4000	555
chr14	23465689	23473689	23469695	8000	23469689	-4000	4000	6
chr14	24116956	24124956	24119784	8000	24120956	-4000	4000	-1172
chr14	24260432	24268432	24262350	8000	24264432	-4000	4000	-2082
chr14	28762787	28770787	28768605	8000	28766787	-4000	4000	1818
chr14	45038322	45046322	45043741	8000	45042322	-4000	4000	1419
chr14	67686367	67694367	67692532	8000	67690367	-4000	4000	2165
chr14	73587873	73595873	73595342	8000	73591873	-4000	4000	3469
chr14	75047532	75055532	75048939	8000	75051532	-4000	4000	-2593
chr14	75060109	75068109	75063472	8000	75064109	-4000	4000	-637
chr14	92318581	92326581	92325865	8000	92322581	-4000	4000	3284
chr14	100319339	100327339	100326130	8000	100323339	-4000	4000	2791
chr14	105485855	105493855	105491072	8000	105489855	-4000	4000	1217
chr14	105485855	105493855	105492662	8000	105489855	-4000	4000	2807
chr14	21380019	21388019	21385311	8000	21384019	-4000	4000	1292
chr14	19971591	19979591	19975687	8000	19975591	-4000	4000	96
chr14	28762787	28770787	28767843	8000	28766787	-4000	4000	1056
chr14	51236162	51244162	51240331	8000	51240162	-4000	4000	169
chr14	24572250	24580250	24574487	8000	24576250	-4000	4000	-1763
chr14	101557351	101565351	101557985	8000	101561351	-4000	4000	-3366
chr14	24066837	24074837	24069155	8000	24070837	-4000	4000	-1682
chr14	19871142	19879142	19876801	8000	19875142	-4000	4000	1659
chr14	19971591	19979591	19975814	8000	19975591	-4000	4000	223
chr14	20887385	20895385	20891984	8000	20891385	-4000	4000	599
chr14	20995255	21003255	21000980	8000	20999255	-4000	4000	1725
chr14	22879222	22887222	22884696	8000	22883222	-4000	4000	1474
chr14	23031230	23039230	23033394	8000	23035230	-4000	4000	-1836
chr14	23368809	23376809	23373324	8000	23372809	-4000	4000	515
chr14	23372773	23380773	23377248	8000	23376773	-4000	4000	475
chr14	23372773	23380773	23378472	8000	23376773	-4000	4000	1699
chr14	24111010	24119010	24115715	8000	24115010	-4000	4000	705
chr14	24209473	24217473	24211557	8000	24213473	-4000	4000	-1916
chr14	34710823	34718823	34713494	8000	34714823	-4000	4000	-1329
chr14	35118549	35126549	35123665	8000	35122549	-4000	4000	1116
chr14	44503283	44511283	44507143	8000	44507283	-4000	4000	-140
chr14	67615920	67623920	67620933	8000	67619920	-4000	4000	1013
chr14	69480692	69488692	69485085	8000	69484692	-4000	4000	393
chr14	75047532	75055532	75048187	8000	75051532	-4000	4000	-3345
chr14	77373094	77381094	77377734	8000	77377094	-4000	4000	640
chr14	73640875	73648875	73644946	8000	73644875	-4000	4000	71
chr14	44503283	44511283	44504660	8000	44507283	-4000	4000	-2623
chr14	93180973	93188973	93186446	8000	93184973	-4000	4000	1473
chr14	64461499	64469499	64469198	8000	64465499	-4000	4000	3699
chr14	52310305	52318305	52315391	8000	52314305	-4000	4000	1086
chr14	57489867	57497867	57493515	8000	57493867	-4000	4000	-352
chr14	100319339	100327339	100323340	8000	100323339	-4000	4000	1
chr14	20637691	20645691	20641584	8000	20641691	-4000	4000	-107
chr14	20995255	21003255	20997002	8000	20999255	-4000	4000	-2253
chr14	38252093	38260093	38255643	8000	38256093	-4000	4000	-450
chr14	49848821	49856821	49852757	8000	49852821	-4000	4000	-64
chr14	23949734	23957734	23955195	8000	23953734	-4000	4000	1461
chr14	32072114	32080114	32075859	8000	32076114	-4000	4000	-255
chr14	99268197	99276197	99271255	8000	99272197	-4000	4000	-942
chr14	19871142	19879142	19877080	8000	19875142	-4000	4000	1938
chr14	21100722	21108722	21103417	8000	21104722	-4000	4000	-1305
chr14	39110285	39118285	39114849	8000	39114285	-4000	4000	564
chr14	59461380	59469380	59464021	8000	59465380	-4000	4000	-1359
chr14	19916607	19924607	19921343	8000	19920607	-4000	4000	736
chr14	18597117	18605117	18601450	8000	18601117	-4000	4000	333
chr14	60977114	60985114	60977564	8000	60981114	-4000	4000	-3550
chr14	20951487	20959487	20955916	8000	20955487	-4000	4000	429
chr14	23348912	23356912	23349325	8000	23352912	-4000	4000	-3587
chr14	22978258	22986258	22981390	8000	22982258	-4000	4000	-868
chr14	24132163	24140163	24136185	8000	24136163	-4000	4000	22
chr14	23404273	23412273	23404730	8000	23408273	-4000	4000	-3543
chr14	101557351	101565351	101562316	8000	101561351	-4000	4000	965
chr14	18963434	18971434	18967782	8000	18967434	-4000	4000	348
chr14	19430341	19438341	19433993	8000	19434341	-4000	4000	-348
chr14	20032038	20040038	20034314	8000	20036038	-4000	4000	-1724
chr14	23372773	23380773	23379338	8000	23376773	-4000	4000	2565
chr14	21472597	21480597	21476602	8000	21476597	-4000	4000	5
chr14	44503283	44511283	44506129	8000	44507283	-4000	4000	-1154
chr14	104749147	104757147	104755634	8000	104753147	-4000	4000	2487
chr14	20741887	20749887	20748007	8000	20745887	-4000	4000	2120
chr14	21630940	21638940	21634150	8000	21634940	-4000	4000	-790
chr14	23091614	23099614	23098575	8000	23095614	-4000	4000	2961
chr14	69570871	69578871	69571051	8000	69574871	-4000	4000	-3820
chr14	20464954	20472954	20472509	8000	20468954	-4000	4000	3555
chr14	20995255	21003255	20996796	8000	20999255	-4000	4000	-2459
chr14	52726166	52734166	52727560	8000	52730166	-4000	4000	-2606
chr14	23368809	23376809	23375734	8000	23372809	-4000	4000	2925
chr14	77373094	77381094	77378782	8000	77377094	-4000	4000	1688
chr14	24143548	24151548	24150631	8000	24147548	-4000	4000	3083
chr14	20887385	20895385	20891698	8000	20891385	-4000	4000	313
chr14	53149323	53157323	53152633	8000	53153323	-4000	4000	-690
chr14	39110285	39118285	39114296	8000	39114285	-4000	4000	11
chr14	39110285	39118285	39114833	8000	39114285	-4000	4000	548
chr14	55187608	55195608	55191667	8000	55191608	-4000	4000	59
chr14	60977114	60985114	60979564	8000	60981114	-4000	4000	-1550
chr14	24228352	24236352	24233239	8000	24232352	-4000	4000	887
chr14	18597117	18605117	18601924	8000	18601117	-4000	4000	807
chr14	60977114	60985114	60980980	8000	60981114	-4000	4000	-134
chr14	52263698	52271698	52268346	8000	52267698	-4000	4000	648
chr14	64910485	64918485	64914533	8000	64914485	-4000	4000	48
chr14	94289268	94297268	94290467	8000	94293268	-4000	4000	-2801
chr14	77373094	77381094	77377867	8000	77377094	-4000	4000	773
chr14	91943987	91951987	91947289	8000	91947987	-4000	4000	-698
chr14	24238674	24246674	24239937	8000	24242674	-4000	4000	-2737
chr14	23038212	23046212	23042534	8000	23042212	-4000	4000	322
chr14	22762522	22770522	22768279	8000	22766522	-4000	4000	1757
chr14	23038212	23046212	23042846	8000	23042212	-4000	4000	634
chr14	24267611	24275611	24270882	8000	24271611	-4000	4000	-729
chr14	75047532	75055532	75048632	8000	75051532	-4000	4000	-2900
chr14	61758420	61766420	61762539	8000	61762420	-4000	4000	119
chr14	23038212	23046212	23042907	8000	23042212	-4000	4000	695
chr14	63724065	63732065	63727443	8000	63728065	-4000	4000	-622
chr14	22762522	22770522	22770266	8000	22766522	-4000	4000	3744
chr14	21066872	21074872	21074872	8000	21070872	-4000	4000	4000
chr14	24132163	24140163	24139430	8000	24136163	-4000	4000	3267
chr14	49848821	49856821	49852755	8000	49852821	-4000	4000	-66
chr14	50112600	50120600	50118317	8000	50116600	-4000	4000	1717
chr14	74709117	74717117	74714915	8000	74713117	-4000	4000	1798
chr14	104601647	104609647	104604612	8000	104605647	-4000	4000	-1035
chr14	38252093	38260093	38254704	8000	38256093	-4000	4000	-1389
chr14	21155060	21163060	21155785	8000	21159060	-4000	4000	-3275
chr14	49616626	49624626	49621993	8000	49620626	-4000	4000	1367
chr14	77704071	77712071	77707998	8000	77708071	-4000	4000	-73
chr14	23031230	23039230	23034754	8000	23035230	-4000	4000	-476
chr14	73563620	73571620	73569224	8000	73567620	-4000	4000	1604
chr14	77453952	77461952	77454100	8000	77457952	-4000	4000	-3852
chr14	19971591	19979591	19975952	8000	19975591	-4000	4000	361
chr14	88322907	88330907	88326470	8000	88326907	-4000	4000	-437
chr14	63200114	63208114	63204998	8000	63204114	-4000	4000	884
chr14	26594033	26602033	26595492	8000	26598033	-4000	4000	-2541
chr15	45426579	45434579	45430680	8000	45430579	-4000	4000	101
chr15	23643867	23651867	23645285	8000	23647867	-4000	4000	-2582
chr15	82345475	82353475	82346600	8000	82349475	-4000	4000	-2875
chr15	23561674	23569674	23566449	8000	23565674	-4000	4000	775
chr15	58767192	58775192	58772140	8000	58771192	-4000	4000	948
chr15	79967196	79975196	79970824	8000	79971196	-4000	4000	-372
chr15	89908882	89916882	89910792	8000	89912882	-4000	4000	-2090
chr15	64090123	64098123	64093875	8000	64094123	-4000	4000	-248
chr15	40803478	40811478	40807733	8000	40807478	-4000	4000	255
chr15	44707323	44715323	44711589	8000	44711323	-4000	4000	266
chr15	89217614	89225614	89218969	8000	89221614	-4000	4000	-2645
chr15	20537800	20545800	20541765	8000	20541800	-4000	4000	-35
chr15	79967196	79975196	79970896	8000	79971196	-4000	4000	-300
chr15	101799509	101807509	101806277	8000	101803509	-4000	4000	2768
chr15	74537206	74545206	74544322	8000	74541206	-4000	4000	3116
chr15	101919113	101927113	101922720	8000	101923113	-4000	4000	-393
chr15	23561674	23569674	23567083	8000	23565674	-4000	4000	1409
chr15	45197175	45205175	45198904	8000	45201175	-4000	4000	-2271
chr15	64090123	64098123	64093682	8000	64094123	-4000	4000	-441
chr15	90898218	90906218	90903997	8000	90902218	-4000	4000	1779
chr15	40401485	40409485	40405865	8000	40405485	-4000	4000	380
chr15	45125933	45133933	45129476	8000	45129933	-4000	4000	-457
chr15	37097299	37105299	37098001	8000	37101299	-4000	4000	-3298
chr15	40803478	40811478	40807514	8000	40807478	-4000	4000	36
chr15	74537206	74545206	74544474	8000	74541206	-4000	4000	3268
chr15	34098083	34106083	34101795	8000	34102083	-4000	4000	-288
chr15	43773087	43781087	43776513	8000	43777087	-4000	4000	-574
chr15	44707323	44715323	44711553	8000	44711323	-4000	4000	230
chr15	40104892	40112892	40106044	8000	40108892	-4000	4000	-2848
chr15	75720041	75728041	75727391	8000	75724041	-4000	4000	3350
chr15	42733128	42741128	42735937	8000	42737128	-4000	4000	-1191
chr15	65181342	65189342	65185227	8000	65185342	-4000	4000	-115
chr15	65722054	65730054	65729088	8000	65726054	-4000	4000	3034
chr15	65374002	65382002	65375237	8000	65378002	-4000	4000	-2765
chr15	43326672	43334672	43329358	8000	43330672	-4000	4000	-1314
chr15	43326672	43334672	43329646	8000	43330672	-4000	4000	-1026
chr15	43326672	43334672	43329982	8000	43330672	-4000	4000	-690
chr15	90879695	90887695	90881660	8000	90883695	-4000	4000	-2035
chr15	101799509	101807509	101806094	8000	101803509	-4000	4000	2585
chr15	50261965	50269965	50265680	8000	50265965	-4000	4000	-285
chr15	23035572	23043572	23036998	8000	23039572	-4000	4000	-2574
chr15	84712460	84720460	84716380	8000	84716460	-4000	4000	-80
chr15	43326672	43334672	43329814	8000	43330672	-4000	4000	-858
chr15	23683305	23691305	23686793	8000	23687305	-4000	4000	-512
chr15	69410246	69418246	69415991	8000	69414246	-4000	4000	1745
chr15	42269201	42277201	42272080	8000	42273201	-4000	4000	-1121
chr15	40401485	40409485	40405872	8000	40405485	-4000	4000	387
chr15	40803478	40811478	40807678	8000	40807478	-4000	4000	200
chr15	75643912	75651912	75649758	8000	75647912	-4000	4000	1846
chr15	66500959	66508959	66502712	8000	66504959	-4000	4000	-2247
chr15	43326672	43334672	43329835	8000	43330672	-4000	4000	-837
chr15	43822980	43830980	43828007	8000	43826980	-4000	4000	1027
chr15	26935539	26943539	26943353	8000	26939539	-4000	4000	3814
chr15	23561674	23569674	23566786	8000	23565674	-4000	4000	1112
chr15	79967196	79975196	79971179	8000	79971196	-4000	4000	-17
chr15	48959919	48967919	48962822	8000	48963919	-4000	4000	-1097
chr15	64821668	64829668	64822291	8000	64825668	-4000	4000	-3377
chr15	43773087	43781087	43777107	8000	43777087	-4000	4000	20
chr15	23561674	23569674	23566920	8000	23565674	-4000	4000	1246
chr15	74822627	74830627	74824362	8000	74826627	-4000	4000	-2265
chr15	55739152	55747152	55740524	8000	55743152	-4000	4000	-2628
chr15	64090123	64098123	64096010	8000	64094123	-4000	4000	1887
chr15	72114577	72122577	72117765	8000	72118577	-4000	4000	-812
chr15	23643867	23651867	23644682	8000	23647867	-4000	4000	-3185
chr15	64090123	64098123	64093828	8000	64094123	-4000	4000	-295
chr15	43217018	43225018	43220835	8000	43221018	-4000	4000	-183
chr15	55739152	55747152	55740455	8000	55743152	-4000	4000	-2697
chr15	66500959	66508959	66501799	8000	66504959	-4000	4000	-3160
chr15	41509887	41517887	41513745	8000	41513887	-4000	4000	-142
chr15	90879695	90887695	90881367	8000	90883695	-4000	4000	-2328
chr15	43326672	43334672	43328916	8000	43330672	-4000	4000	-1756
chr15	37097299	37105299	37099718	8000	37101299	-4000	4000	-1581
chr15	42544828	42552828	42548139	8000	42548828	-4000	4000	-689
chr15	74822627	74830627	74824403	8000	74826627	-4000	4000	-2224
chr15	64090123	64098123	64096051	8000	64094123	-4000	4000	1928
chr15	101799509	101807509	101805780	8000	101803509	-4000	4000	2271
chr15	23643867	23651867	23644347	8000	23647867	-4000	4000	-3520
chr15	23561674	23569674	23566731	8000	23565674	-4000	4000	1057
chr15	74363646	74371646	74367626	8000	74367646	-4000	4000	-20
chr15	21436499	21444499	21440085	8000	21440499	-4000	4000	-414
chr15	24671775	24679775	24677606	8000	24675775	-4000	4000	1831
chr15	34750998	34758998	34752677	8000	34754998	-4000	4000	-2321
chr15	41553675	41561675	41561675	8000	41557675	-4000	4000	4000
chr15	23683305	23691305	23686867	8000	23687305	-4000	4000	-438
chr15	23561674	23569674	23565882	8000	23565674	-4000	4000	208
chr15	23643867	23651867	23645157	8000	23647867	-4000	4000	-2710
chr15	74744845	74752845	74749889	8000	74748845	-4000	4000	1044
chr15	34750998	34758998	34752694	8000	34754998	-4000	4000	-2304
chr15	41509887	41517887	41512260	8000	41513887	-4000	4000	-1627
chr15	101799509	101807509	101806414	8000	101803509	-4000	4000	2905
chr15	34339136	34347136	34343050	8000	34343136	-4000	4000	-86
chr15	28734384	28742384	28741214	8000	28738384	-4000	4000	2830
chr15	78336353	78344353	78341220	8000	78340353	-4000	4000	867
chr15	34750998	34758998	34753302	8000	34754998	-4000	4000	-1696
chr15	43326672	43334672	43329049	8000	43330672	-4000	4000	-1623
chr15	75332020	75340020	75339809	8000	75336020	-4000	4000	3789
chr15	23683305	23691305	23686531	8000	23687305	-4000	4000	-774
chr15	26935539	26943539	26940015	8000	26939539	-4000	4000	476
chr15	24671775	24679775	24676954	8000	24675775	-4000	4000	1179
chr15	101648391	101656391	101650093	8000	101652391	-4000	4000	-2298
chr15	28844675	28852675	28845909	8000	28848675	-4000	4000	-2766
chr15	65722054	65730054	65729679	8000	65726054	-4000	4000	3625
chr15	43773087	43781087	43775844	8000	43777087	-4000	4000	-1243
chr15	24671775	24679775	24677470	8000	24675775	-4000	4000	1695
chr15	78336353	78344353	78340499	8000	78340353	-4000	4000	146
chr15	76332773	76340773	76338356	8000	76336773	-4000	4000	1583
chr15	101720473	101728473	101723152	8000	101724473	-4000	4000	-1321
chr15	43822980	43830980	43827044	8000	43826980	-4000	4000	64
chr15	42204307	42212307	42211027	8000	42208307	-4000	4000	2720
chr15	74537206	74545206	74544011	8000	74541206	-4000	4000	2805
chr15	66289217	66297217	66295029	8000	66293217	-4000	4000	1812
chr15	74744845	74752845	74749832	8000	74748845	-4000	4000	987
chr15	74169710	74177710	74175451	8000	74173710	-4000	4000	1741
chr15	74169710	74177710	74175955	8000	74173710	-4000	4000	2245
chr15	40948962	40956962	40955645	8000	40952962	-4000	4000	2683
chr15	45110172	45118172	45117745	8000	45114172	-4000	4000	3573
chr15	50904672	50912672	50912095	8000	50908672	-4000	4000	3423
chr15	59101126	59109126	59107663	8000	59105126	-4000	4000	2537
chr15	73630134	73638134	73633250	8000	73634134	-4000	4000	-884
chr15	74537206	74545206	74544264	8000	74541206	-4000	4000	3058
chr15	40948962	40956962	40953437	8000	40952962	-4000	4000	475
chr15	67538703	67546703	67543318	8000	67542703	-4000	4000	615
chr15	91018566	91026566	91022225	8000	91022566	-4000	4000	-341
chr15	41890053	41898053	41892938	8000	41894053	-4000	4000	-1115
chr15	26935539	26943539	26939949	8000	26939539	-4000	4000	410
chr15	26935539	26943539	26940043	8000	26939539	-4000	4000	504
chr15	34098083	34106083	34103998	8000	34102083	-4000	4000	1915
chr15	37097299	37105299	37097967	8000	37101299	-4000	4000	-3332
chr15	74744845	74752845	74750233	8000	74748845	-4000	4000	1388
chr15	23443243	23451243	23443967	8000	23447243	-4000	4000	-3276
chr15	26935539	26943539	26940010	8000	26939539	-4000	4000	471
chr15	41509887	41517887	41512796	8000	41513887	-4000	4000	-1091
chr15	43102113	43110113	43105956	8000	43106113	-4000	4000	-157
chr15	65607289	65615289	65611082	8000	65611289	-4000	4000	-207
chr15	66698236	66706236	66702382	8000	66702236	-4000	4000	146
chr15	73630134	73638134	73633317	8000	73634134	-4000	4000	-817
chr15	92389881	92397881	92394145	8000	92393881	-4000	4000	264
chr15	43326672	43334672	43328940	8000	43330672	-4000	4000	-1732
chr15	37097299	37105299	37099638	8000	37101299	-4000	4000	-1661
chr15	45110172	45118172	45117824	8000	45114172	-4000	4000	3652
chr15	30548050	30556050	30555977	8000	30552050	-4000	4000	3927
chr15	23561674	23569674	23566513	8000	23565674	-4000	4000	839
chr15	51677492	51685492	51681748	8000	51681492	-4000	4000	256
chr15	50261965	50269965	50265686	8000	50265965	-4000	4000	-279
chr15	42269201	42277201	42273512	8000	42273201	-4000	4000	311
chr15	24671775	24679775	24678942	8000	24675775	-4000	4000	3167
chr15	45110172	45118172	45117871	8000	45114172	-4000	4000	3699
chr15	24671775	24679775	24678748	8000	24675775	-4000	4000	2973
chr15	23561674	23569674	23566147	8000	23565674	-4000	4000	473
chr15	23561674	23569674	23566565	8000	23565674	-4000	4000	891
chr15	41509887	41517887	41512260	8000	41513887	-4000	4000	-1627
chr15	82258810	82266810	82263050	8000	82262810	-4000	4000	240
chr15	24671775	24679775	24675861	8000	24675775	-4000	4000	86
chr15	64090123	64098123	64093666	8000	64094123	-4000	4000	-457
chr15	79967196	79975196	79970761	8000	79971196	-4000	4000	-435
chr15	40948962	40956962	40955752	8000	40952962	-4000	4000	2790
chr15	40803478	40811478	40809938	8000	40807478	-4000	4000	2460
chr15	40803478	40811478	40807807	8000	40807478	-4000	4000	329
chr15	34334060	34342060	34341875	8000	34338060	-4000	4000	3815
chr15	45110172	45118172	45117499	8000	45114172	-4000	4000	3327
chr15	74198705	74206705	74202163	8000	74202705	-4000	4000	-542
chr15	90879695	90887695	90881449	8000	90883695	-4000	4000	-2246
chr15	32609860	32617860	32616280	8000	32613860	-4000	4000	2420
chr15	89908882	89916882	89910778	8000	89912882	-4000	4000	-2104
chr15	45426579	45434579	45430641	8000	45430579	-4000	4000	62
chr15	23643867	23651867	23645282	8000	23647867	-4000	4000	-2585
chr15	23683305	23691305	23686921	8000	23687305	-4000	4000	-384
chr15	44659688	44667688	44665951	8000	44663688	-4000	4000	2263
chr15	45248234	45256234	45253263	8000	45252234	-4000	4000	1029
chr15	45398327	45406327	45402331	8000	45402327	-4000	4000	4
chr15	45398327	45406327	45403363	8000	45402327	-4000	4000	1036
chr15	48959919	48967919	48962774	8000	48963919	-4000	4000	-1145
chr15	63272018	63280018	63277677	8000	63276018	-4000	4000	1659
chr15	64090123	64098123	64096089	8000	64094123	-4000	4000	1966
chr15	65181342	65189342	65185179	8000	65185342	-4000	4000	-163
chr15	74169710	74177710	74174982	8000	74173710	-4000	4000	1272
chr15	74169710	74177710	74175356	8000	74173710	-4000	4000	1646
chr15	74169710	74177710	74176028	8000	74173710	-4000	4000	2318
chr15	74721536	74729536	74722602	8000	74725536	-4000	4000	-2934
chr15	83007641	83015641	83008569	8000	83011641	-4000	4000	-3072
chr15	89675427	89683427	89683400	8000	89679427	-4000	4000	3973
chr15	101648391	101656391	101654596	8000	101652391	-4000	4000	2205
chr15	101720473	101728473	101721269	8000	101724473	-4000	4000	-3204
chr15	74198705	74206705	74202193	8000	74202705	-4000	4000	-512
chr15	66500959	66508959	66502054	8000	66504959	-4000	4000	-2905
chr15	26935539	26943539	26943219	8000	26939539	-4000	4000	3680
chr15	43326672	43334672	43330038	8000	43330672	-4000	4000	-634
chr15	24671775	24679775	24677781	8000	24675775	-4000	4000	2006
chr15	34098083	34106083	34103367	8000	34102083	-4000	4000	1284
chr15	37097299	37105299	37098121	8000	37101299	-4000	4000	-3178
chr15	40378721	40386721	40382995	8000	40382721	-4000	4000	274
chr15	41890053	41898053	41890188	8000	41894053	-4000	4000	-3865
chr15	45110172	45118172	45117647	8000	45114172	-4000	4000	3475
chr15	63272018	63280018	63279293	8000	63276018	-4000	4000	3275
chr15	66382746	66390746	66387359	8000	66386746	-4000	4000	613
chr15	66500959	66508959	66502898	8000	66504959	-4000	4000	-2061
chr15	76332773	76340773	76336940	8000	76336773	-4000	4000	167
chr15	82042119	82050119	82043489	8000	82046119	-4000	4000	-2630
chr15	82042119	82050119	82043689	8000	82046119	-4000	4000	-2430
chr15	90879695	90887695	90885038	8000	90883695	-4000	4000	1343
chr15	92389881	92397881	92394149	8000	92393881	-4000	4000	268
chr15	34098083	34106083	34103906	8000	34102083	-4000	4000	1823
chr15	43742394	43750394	43744179	8000	43746394	-4000	4000	-2215
chr15	63154021	63162021	63157515	8000	63158021	-4000	4000	-506
chr15	74744845	74752845	74749738	8000	74748845	-4000	4000	893
chr15	83007641	83015641	83008569	8000	83011641	-4000	4000	-3072
chr15	23683305	23691305	23686050	8000	23687305	-4000	4000	-1255
chr15	64821668	64829668	64822491	8000	64825668	-4000	4000	-3177
chr15	51677492	51685492	51683347	8000	51681492	-4000	4000	1855
chr15	37097299	37105299	37099495	8000	37101299	-4000	4000	-1804
chr15	23683305	23691305	23686420	8000	23687305	-4000	4000	-885
chr15	24671775	24679775	24679072	8000	24675775	-4000	4000	3297
chr15	64377440	64385440	64381429	8000	64381440	-4000	4000	-11
chr15	74169710	74177710	74175712	8000	74173710	-4000	4000	2002
chr15	24671775	24679775	24676666	8000	24675775	-4000	4000	891
chr15	101799509	101807509	101806121	8000	101803509	-4000	4000	2612
chr15	34098083	34106083	34101656	8000	34102083	-4000	4000	-427
chr15	74457182	74465182	74460667	8000	74461182	-4000	4000	-515
chr15	40561057	40569057	40564791	8000	40565057	-4000	4000	-266
chr15	40378721	40386721	40382903	8000	40382721	-4000	4000	182
chr15	82042119	82050119	82044138	8000	82046119	-4000	4000	-1981
chr15	23561674	23569674	23567187	8000	23565674	-4000	4000	1513
chr15	52108775	52116775	52109828	8000	52112775	-4000	4000	-2947
chr15	42152636	42160636	42154165	8000	42156636	-4000	4000	-2471
chr15	23643867	23651867	23644487	8000	23647867	-4000	4000	-3380
chr15	63154021	63162021	63156458	8000	63158021	-4000	4000	-1563
chr15	75364612	75372612	75364647	8000	75368612	-4000	4000	-3965
chr15	74537206	74545206	74543997	8000	74541206	-4000	4000	2791
chr15	51948106	51956106	51951943	8000	51952106	-4000	4000	-163
chr15	52787078	52795078	52788834	8000	52791078	-4000	4000	-2244
chr15	64068033	64076033	64073016	8000	64072033	-4000	4000	983
chr15	84880654	84888654	84887800	8000	84884654	-4000	4000	3146
chr15	23561674	23569674	23566184	8000	23565674	-4000	4000	510
chr15	84712460	84720460	84716088	8000	84716460	-4000	4000	-372
chr15	74721536	74729536	74723008	8000	74725536	-4000	4000	-2528
chr15	45426579	45434579	45432984	8000	45430579	-4000	4000	2405
chr15	56914623	56922623	56919897	8000	56918623	-4000	4000	1274
chr15	43217018	43225018	43220746	8000	43221018	-4000	4000	-272
chr15	23643867	23651867	23645018	8000	23647867	-4000	4000	-2849
chr15	51101276	51109276	51105128	8000	51105276	-4000	4000	-148
chr15	64090123	64098123	64093704	8000	64094123	-4000	4000	-419
chr15	41553675	41561675	41561124	8000	41557675	-4000	4000	3449
chr15	89686811	89694811	89690694	8000	89690811	-4000	4000	-117
chr15	23643867	23651867	23644848	8000	23647867	-4000	4000	-3019
chr15	34334060	34342060	34336501	8000	34338060	-4000	4000	-1559
chr15	52787078	52795078	52789079	8000	52791078	-4000	4000	-1999
chr15	34098083	34106083	34103067	8000	34102083	-4000	4000	984
chr15	45110172	45118172	45114644	8000	45114172	-4000	4000	472
chr15	34363196	34371196	34363436	8000	34367196	-4000	4000	-3760
chr15	40035181	40043181	40036232	8000	40039181	-4000	4000	-2949
chr15	74169710	74177710	74175896	8000	74173710	-4000	4000	2186
chr15	101720473	101728473	101723143	8000	101724473	-4000	4000	-1330
chr15	64821668	64829668	64823837	8000	64825668	-4000	4000	-1831
chr15	74169710	74177710	74175245	8000	74173710	-4000	4000	1535
chr15	34750998	34758998	34752760	8000	34754998	-4000	4000	-2238
chr15	101648391	101656391	101650277	8000	101652391	-4000	4000	-2114
chr15	24671775	24679775	24676831	8000	24675775	-4000	4000	1056
chr15	42152636	42160636	42153660	8000	42156636	-4000	4000	-2976
chr15	74721536	74729536	74722291	8000	74725536	-4000	4000	-3245
chr15	23561674	23569674	23566918	8000	23565674	-4000	4000	1244
chr15	40803478	40811478	40809138	8000	40807478	-4000	4000	1660
chr15	44952687	44960687	44956716	8000	44956687	-4000	4000	29
chr15	45518755	45526755	45522036	8000	45522755	-4000	4000	-719
chr15	23643867	23651867	23645490	8000	23647867	-4000	4000	-2377
chr15	74721536	74729536	74721827	8000	74725536	-4000	4000	-3709
chr15	79086780	79094780	79090229	8000	79090780	-4000	4000	-551
chr16	31131727	31139727	31132438	8000	31135727	-4000	4000	-3289
chr16	4112442	4120442	4113951	8000	4116442	-4000	4000	-2491
chr16	31389335	31397335	31393321	8000	31393335	-4000	4000	-14
chr16	30468658	30476658	30474297	8000	30472658	-4000	4000	1639
chr16	3008923	3016923	3015371	8000	3012923	-4000	4000	2448
chr16	56585074	56593074	56589959	8000	56589074	-4000	4000	885
chr16	70169322	70177322	70174973	8000	70173322	-4000	4000	1651
chr16	86572368	86580368	86578819	8000	86576368	-4000	4000	2451
chr16	56678470	56686470	56684048	8000	56682470	-4000	4000	1578
chr16	10690930	10698930	10694694	8000	10694930	-4000	4000	-236
chr16	16219522	16227522	16219900	8000	16223522	-4000	4000	-3622
chr16	47460149	47468149	47463882	8000	47464149	-4000	4000	-267
chr16	67976549	67984549	67978300	8000	67980549	-4000	4000	-2249
chr16	10940564	10948564	10941850	8000	10944564	-4000	4000	-2714
chr16	21876827	21884827	21881918	8000	21880827	-4000	4000	1091
chr16	28490643	28498643	28496532	8000	28494643	-4000	4000	1889
chr16	28490643	28498643	28496983	8000	28494643	-4000	4000	2340
chr16	28490643	28498643	28497242	8000	28494643	-4000	4000	2599
chr16	28490643	28498643	28497990	8000	28494643	-4000	4000	3347
chr16	28932526	28940526	28937099	8000	28936526	-4000	4000	573
chr16	56187390	56195390	56194181	8000	56191390	-4000	4000	2791
chr16	28490643	28498643	28498525	8000	28494643	-4000	4000	3882
chr16	31351134	31359134	31357134	8000	31355134	-4000	4000	2000
chr16	27062927	27070927	27067432	8000	27066927	-4000	4000	505
chr16	383113	391113	387086	8000	387113	-4000	4000	-27
chr16	4763624	4771624	4765726	8000	4767624	-4000	4000	-1898
chr16	4798880	4806880	4801425	8000	4802880	-4000	4000	-1455
chr16	20323808	20331808	20323952	8000	20327808	-4000	4000	-3856
chr16	67233683	67241683	67237706	8000	67237683	-4000	4000	23
chr16	2854170	2862170	2856138	8000	2858170	-4000	4000	-2032
chr16	20352301	20360301	20359371	8000	20356301	-4000	4000	3070
chr16	30757745	30765745	30761604	8000	30761745	-4000	4000	-141
chr16	67983746	67991746	67990092	8000	67987746	-4000	4000	2346
chr16	77718492	77726492	77722558	8000	77722492	-4000	4000	66
chr16	2783948	2791948	2786553	8000	2787948	-4000	4000	-1395
chr16	784046	792046	790598	8000	788046	-4000	4000	2552
chr16	18332736	18340736	18337488	8000	18336736	-4000	4000	752
chr16	84236012	84244012	84236912	8000	84240012	-4000	4000	-3100
chr16	21210510	21218510	21211685	8000	21214510	-4000	4000	-2825
chr16	47460149	47468149	47463917	8000	47464149	-4000	4000	-232
chr16	28490643	28498643	28496384	8000	28494643	-4000	4000	1741
chr16	30468658	30476658	30472875	8000	30472658	-4000	4000	217
chr16	56861207	56869207	56865290	8000	56865207	-4000	4000	83
chr16	72090431	72098431	72096290	8000	72094431	-4000	4000	1859
chr16	30981207	30989207	30988185	8000	30985207	-4000	4000	2978
chr16	31146083	31154083	31149187	8000	31150083	-4000	4000	-896
chr16	51148334	51156334	51151182	8000	51152334	-4000	4000	-1152
chr16	66957245	66965245	66961336	8000	66961245	-4000	4000	91
chr16	84187138	84195138	84194503	8000	84191138	-4000	4000	3365
chr16	28980826	28988826	28981459	8000	28984826	-4000	4000	-3367
chr16	29659279	29667279	29664203	8000	29663279	-4000	4000	924
chr16	18332736	18340736	18340590	8000	18336736	-4000	4000	3854
chr16	30757745	30765745	30763164	8000	30761745	-4000	4000	1419
chr16	2043866	2051866	2046292	8000	2047866	-4000	4000	-1574
chr16	84187138	84195138	84194108	8000	84191138	-4000	4000	2970
chr16	29969868	29977868	29974270	8000	29973868	-4000	4000	402
chr16	28490643	28498643	28495761	8000	28494643	-4000	4000	1118
chr16	71573092	71581092	71576358	8000	71577092	-4000	4000	-734
chr16	66548544	66556544	66552625	8000	66552544	-4000	4000	81
chr16	90088072	90096072	90095669	8000	90092072	-4000	4000	3597
chr16	67640988	67648988	67648102	8000	67644988	-4000	4000	3114
chr16	3607606	3615606	3608859	8000	3611606	-4000	4000	-2747
chr16	18558211	18566211	18561879	8000	18562211	-4000	4000	-332
chr16	29802106	29810106	29808593	8000	29806106	-4000	4000	2487
chr16	56621475	56629475	56626616	8000	56625475	-4000	4000	1141
chr16	56634666	56642666	56636920	8000	56638666	-4000	4000	-1746
chr16	67188155	67196155	67188774	8000	67192155	-4000	4000	-3381
chr16	70797160	70805160	70800941	8000	70801160	-4000	4000	-219
chr16	23751026	23759026	23756167	8000	23755026	-4000	4000	1141
chr16	28490643	28498643	28496534	8000	28494643	-4000	4000	1891
chr16	89812657	89820657	89815911	8000	89816657	-4000	4000	-746
chr16	3008923	3016923	3015757	8000	3012923	-4000	4000	2834
chr16	1236379	1244379	1241280	8000	1240379	-4000	4000	901
chr16	3491489	3499489	3493937	8000	3495489	-4000	4000	-1552
chr16	67389518	67397518	67390293	8000	67393518	-4000	4000	-3225
chr16	4784398	4792398	4785874	8000	4788398	-4000	4000	-2524
chr16	84236012	84244012	84236893	8000	84240012	-4000	4000	-3119
chr16	23709226	23717226	23710991	8000	23713226	-4000	4000	-2235
chr16	4798880	4806880	4801351	8000	4802880	-4000	4000	-1529
chr16	3008923	3016923	3015516	8000	3012923	-4000	4000	2593
chr16	56628659	56636659	56632735	8000	56632659	-4000	4000	76
chr16	149892	157892	154446	8000	153892	-4000	4000	554
chr16	10690930	10698930	10694614	8000	10694930	-4000	4000	-316
chr16	31176138	31184138	31180181	8000	31180138	-4000	4000	43
chr16	90088072	90096072	90095988	8000	90092072	-4000	4000	3916
chr16	29859414	29867414	29862686	8000	29863414	-4000	4000	-728
chr16	5235802	5243802	5239841	8000	5239802	-4000	4000	39
chr16	28490643	28498643	28495444	8000	28494643	-4000	4000	801
chr16	1236379	1244379	1242186	8000	1240379	-4000	4000	1807
chr16	25687959	25695959	25692424	8000	25691959	-4000	4000	465
chr16	67976549	67984549	67977773	8000	67980549	-4000	4000	-2776
chr16	72004588	72012588	72012081	8000	72008588	-4000	4000	3493
chr16	4956741	4964741	4959366	8000	4960741	-4000	4000	-1375
chr16	16219522	16227522	16221583	8000	16223522	-4000	4000	-1939
chr16	29659279	29667279	29664203	8000	29663279	-4000	4000	924
chr16	2783948	2791948	2784662	8000	2787948	-4000	4000	-3286
chr16	383113	391113	387062	8000	387113	-4000	4000	-51
chr16	3232221	3240221	3232890	8000	3236221	-4000	4000	-3331
chr16	10690930	10698930	10694625	8000	10694930	-4000	4000	-305
chr16	23709226	23717226	23710992	8000	23713226	-4000	4000	-2234
chr16	69946705	69954705	69951349	8000	69950705	-4000	4000	644
chr16	28932526	28940526	28932553	8000	28936526	-4000	4000	-3973
chr16	1252059	1260059	1257050	8000	1256059	-4000	4000	991
chr16	56628659	56636659	56633350	8000	56632659	-4000	4000	691
chr16	71561089	71569089	71568729	8000	71565089	-4000	4000	3640
chr16	562995	570995	563283	8000	566995	-4000	4000	-3712
chr16	28932526	28940526	28933386	8000	28936526	-4000	4000	-3140
chr16	30468658	30476658	30474260	8000	30472658	-4000	4000	1602
chr16	30757745	30765745	30760358	8000	30761745	-4000	4000	-1387
chr16	25211731	25219731	25217298	8000	25215731	-4000	4000	1567
chr16	16219522	16227522	16221479	8000	16223522	-4000	4000	-2043
chr16	67155909	67163909	67156563	8000	67159909	-4000	4000	-3346
chr16	70169322	70177322	70174348	8000	70173322	-4000	4000	1026
chr16	80536734	80544734	80543278	8000	80540734	-4000	4000	2544
chr16	56628659	56636659	56636239	8000	56632659	-4000	4000	3580
chr16	19551240	19559240	19555613	8000	19555240	-4000	4000	373
chr16	28932526	28940526	28933078	8000	28936526	-4000	4000	-3448
chr16	82031004	82039004	82035470	8000	82035004	-4000	4000	466
chr16	562995	570995	563320	8000	566995	-4000	4000	-3675
chr16	56604584	56612584	56608615	8000	56608584	-4000	4000	31
chr16	1236379	1244379	1241517	8000	1240379	-4000	4000	1138
chr16	27062927	27070927	27067199	8000	27066927	-4000	4000	272
chr16	57995546	58003546	57997566	8000	57999546	-4000	4000	-1980
chr16	57995546	58003546	57997841	8000	57999546	-4000	4000	-1705
chr16	84236012	84244012	84237103	8000	84240012	-4000	4000	-2909
chr16	79596737	79604737	79598906	8000	79600737	-4000	4000	-1831
chr16	29774256	29782256	29779634	8000	29778256	-4000	4000	1378
chr16	27062927	27070927	27066982	8000	27066927	-4000	4000	55
chr16	66747609	66755609	66749308	8000	66751609	-4000	4000	-2301
chr16	90088072	90096072	90094639	8000	90092072	-4000	4000	2567
chr16	56628659	56636659	56635989	8000	56632659	-4000	4000	3330
chr16	1252059	1260059	1256930	8000	1256059	-4000	4000	871
chr16	29859414	29867414	29861141	8000	29863414	-4000	4000	-2273
chr16	67233683	67241683	67236637	8000	67237683	-4000	4000	-1046
chr16	28932526	28940526	28937065	8000	28936526	-4000	4000	539
chr16	87597835	87605835	87603037	8000	87601835	-4000	4000	1202
chr16	383113	391113	386819	8000	387113	-4000	4000	-294
chr16	1252059	1260059	1258495	8000	1256059	-4000	4000	2436
chr16	28980826	28988826	28984469	8000	28984826	-4000	4000	-357
chr16	67389518	67397518	67395027	8000	67393518	-4000	4000	1509
chr16	67869052	67877052	67876972	8000	67873052	-4000	4000	3920
chr16	49369804	49377804	49377782	8000	49373804	-4000	4000	3978
chr16	28490643	28498643	28496815	8000	28494643	-4000	4000	2172
chr16	977318	985318	984797	8000	981318	-4000	4000	3479
chr16	72090431	72098431	72096873	8000	72094431	-4000	4000	2442
chr16	19109932	19117932	19116224	8000	19113932	-4000	4000	2292
chr16	30568734	30576734	30571928	8000	30572734	-4000	4000	-806
chr16	30568734	30576734	30571929	8000	30572734	-4000	4000	-805
chr16	3607606	3615606	3608466	8000	3611606	-4000	4000	-3140
chr16	29741990	29749990	29744351	8000	29745990	-4000	4000	-1639
chr16	30019270	30027270	30023810	8000	30023270	-4000	4000	540
chr16	84236012	84244012	84237366	8000	84240012	-4000	4000	-2646
chr16	67880885	67888885	67882967	8000	67884885	-4000	4000	-1918
chr16	1236379	1244379	1242349	8000	1240379	-4000	4000	1970
chr16	225463	233463	228905	8000	229463	-4000	4000	-558
chr16	2248300	2256300	2253253	8000	2252300	-4000	4000	953
chr16	3008923	3016923	3014272	8000	3012923	-4000	4000	1349
chr16	28490643	28498643	28497832	8000	28494643	-4000	4000	3189
chr16	30568734	30576734	30569858	8000	30572734	-4000	4000	-2876
chr16	30646717	30654717	30651837	8000	30650717	-4000	4000	1120
chr16	66921536	66929536	66924913	8000	66925536	-4000	4000	-623
chr16	67802560	67810560	67805456	8000	67806560	-4000	4000	-1104
chr16	89571758	89579758	89577722	8000	89575758	-4000	4000	1964
chr16	3252633	3260633	3254386	8000	3256633	-4000	4000	-2247
chr16	10940564	10948564	10941619	8000	10944564	-4000	4000	-2945
chr16	3351889	3359889	3356243	8000	3355889	-4000	4000	354
chr16	30351308	30359308	30354815	8000	30355308	-4000	4000	-493
chr16	56647886	56655886	56653138	8000	56651886	-4000	4000	1252
chr16	67880885	67888885	67886101	8000	67884885	-4000	4000	1216
chr16	75264053	75272053	75266711	8000	75268053	-4000	4000	-1342
chr16	49277838	49285838	49281235	8000	49281838	-4000	4000	-603
chr16	15430475	15438475	15434552	8000	15434475	-4000	4000	77
chr16	16219522	16227522	16219848	8000	16223522	-4000	4000	-3674
chr16	28490643	28498643	28497520	8000	28494643	-4000	4000	2877
chr16	28490643	28498643	28497841	8000	28494643	-4000	4000	3198
chr16	28490643	28498643	28498334	8000	28494643	-4000	4000	3691
chr16	29659279	29667279	29666929	8000	29663279	-4000	4000	3650
chr16	55320203	55328203	55325043	8000	55324203	-4000	4000	840
chr16	57972435	57980435	57976457	8000	57976435	-4000	4000	22
chr16	29895550	29903550	29895854	8000	29899550	-4000	4000	-3696
chr16	31176138	31184138	31180144	8000	31180138	-4000	4000	6
chr16	86562829	86570829	86567790	8000	86566829	-4000	4000	961
chr16	10690930	10698930	10694652	8000	10694930	-4000	4000	-278
chr16	28490643	28498643	28495164	8000	28494643	-4000	4000	521
chr16	71561089	71569089	71568798	8000	71565089	-4000	4000	3709
chr16	4798880	4806880	4801387	8000	4802880	-4000	4000	-1493
chr16	28932526	28940526	28933042	8000	28936526	-4000	4000	-3484
chr16	18332736	18340736	18339433	8000	18336736	-4000	4000	2697
chr16	67233683	67241683	67237679	8000	67237683	-4000	4000	-4
chr16	1484981	1492981	1485985	8000	1488981	-4000	4000	-2996
chr16	4763624	4771624	4765635	8000	4767624	-4000	4000	-1989
chr16	66797620	66805620	66802956	8000	66801620	-4000	4000	1336
chr16	90088072	90096072	90095389	8000	90092072	-4000	4000	3317
chr16	1823157	1831157	1827568	8000	1827157	-4000	4000	411
chr16	67869052	67877052	67870783	8000	67873052	-4000	4000	-2269
chr16	3008923	3016923	3014147	8000	3012923	-4000	4000	1224
chr16	80536734	80544734	80541041	8000	80540734	-4000	4000	307
chr16	30019270	30027270	30023372	8000	30023270	-4000	4000	102
chr16	56628659	56636659	56632726	8000	56632659	-4000	4000	67
chr16	67880885	67888885	67883297	8000	67884885	-4000	4000	-1588
chr16	85895162	85903162	85903046	8000	85899162	-4000	4000	3884
chr16	28490643	28498643	28495440	8000	28494643	-4000	4000	797
chr16	23751026	23759026	23757309	8000	23755026	-4000	4000	2283
chr16	77718492	77726492	77725580	8000	77722492	-4000	4000	3088
chr16	562995	570995	564348	8000	566995	-4000	4000	-2647
chr16	2783948	2791948	2784883	8000	2787948	-4000	4000	-3065
chr16	33841229	33849229	33845074	8000	33845229	-4000	4000	-155
chr16	23178745	23186745	23186410	8000	23182745	-4000	4000	3665
chr16	53697692	53705692	53700669	8000	53701692	-4000	4000	-1023
chr16	1823157	1831157	1827748	8000	1827157	-4000	4000	591
chr16	69750926	69758926	69754652	8000	69754926	-4000	4000	-274
chr16	49828	57828	55793	8000	53828	-4000	4000	1965
chr16	23637310	23645310	23641167	8000	23641310	-4000	4000	-143
chr16	50020410	50028410	50025652	8000	50024410	-4000	4000	1242
chr16	50061967	50069967	50068779	8000	50065967	-4000	4000	2812
chr16	67640988	67648988	67645199	8000	67644988	-4000	4000	211
chr16	4112442	4120442	4113946	8000	4116442	-4000	4000	-2496
chr16	1236379	1244379	1242332	8000	1240379	-4000	4000	1953
chr16	2813180	2821180	2818966	8000	2817180	-4000	4000	1786
chr16	3008923	3016923	3015665	8000	3012923	-4000	4000	2742
chr16	4552340	4560340	4556737	8000	4556340	-4000	4000	397
chr16	16219522	16227522	16221624	8000	16223522	-4000	4000	-1898
chr16	20323808	20331808	20323988	8000	20327808	-4000	4000	-3820
chr16	23449189	23457189	23453040	8000	23453189	-4000	4000	-149
chr16	28490643	28498643	28497145	8000	28494643	-4000	4000	2502
chr16	29802106	29810106	29808682	8000	29806106	-4000	4000	2576
chr16	30757745	30765745	30764325	8000	30761745	-4000	4000	2580
chr16	56604584	56612584	56609427	8000	56608584	-4000	4000	843
chr16	56628659	56636659	56636124	8000	56632659	-4000	4000	3465
chr16	66914917	66922917	66917667	8000	66918917	-4000	4000	-1250
chr16	66914917	66922917	66922316	8000	66918917	-4000	4000	3399
chr16	67640988	67648988	67646066	8000	67644988	-4000	4000	1078
chr16	84187138	84195138	84195054	8000	84191138	-4000	4000	3916
chr16	89653740	89661740	89658444	8000	89657740	-4000	4000	704
chr16	89812657	89820657	89815954	8000	89816657	-4000	4000	-703
chr16	90088072	90096072	90094611	8000	90092072	-4000	4000	2539
chr16	3008923	3016923	3014070	8000	3012923	-4000	4000	1147
chr16	32248719	32256719	32254641	8000	32252719	-4000	4000	1922
chr16	84236012	84244012	84237421	8000	84240012	-4000	4000	-2591
chr16	67880885	67888885	67884098	8000	67884885	-4000	4000	-787
chr16	3008923	3016923	3015803	8000	3012923	-4000	4000	2880
chr16	31523900	31531900	31528675	8000	31527900	-4000	4000	775
chr16	19712456	19720456	19718328	8000	19716456	-4000	4000	1872
chr16	225463	233463	227380	8000	229463	-4000	4000	-2083
chr16	1939199	1947199	1945839	8000	1943199	-4000	4000	2640
chr16	2794470	2802470	2799456	8000	2798470	-4000	4000	986
chr16	4112442	4120442	4113813	8000	4116442	-4000	4000	-2629
chr16	4798880	4806880	4801526	8000	4802880	-4000	4000	-1354
chr16	12897598	12905598	12902410	8000	12901598	-4000	4000	812
chr16	23751026	23759026	23757248	8000	23755026	-4000	4000	2222
chr16	28932526	28940526	28937508	8000	28936526	-4000	4000	982
chr16	28980826	28988826	28982010	8000	28984826	-4000	4000	-2816
chr16	29455913	29463913	29457985	8000	29459913	-4000	4000	-1928
chr16	33841229	33849229	33844827	8000	33845229	-4000	4000	-402
chr16	56585074	56593074	56590727	8000	56589074	-4000	4000	1653
chr16	66957245	66965245	66961240	8000	66961245	-4000	4000	-5
chr16	3061297	3069297	3068422	8000	3065297	-4000	4000	3125
chr16	22088538	22096538	22092640	8000	22092538	-4000	4000	102
chr16	29969868	29977868	29971544	8000	29973868	-4000	4000	-2324
chr16	3351889	3359889	3356666	8000	3355889	-4000	4000	777
chr16	756734	764734	763660	8000	760734	-4000	4000	2926
chr16	29741990	29749990	29744739	8000	29745990	-4000	4000	-1251
chr16	49828	57828	53518	8000	53828	-4000	4000	-310
chr16	30189875	30197875	30194606	8000	30193875	-4000	4000	731
chr16	56604584	56612584	56608672	8000	56608584	-4000	4000	88
chr16	78095400	78103400	78099715	8000	78099400	-4000	4000	315
chr16	21876827	21884827	21879403	8000	21880827	-4000	4000	-1424
chr16	10178928	10186928	10179733	8000	10182928	-4000	4000	-3195
chr16	25253845	25261845	25255338	8000	25257845	-4000	4000	-2507
chr16	18797519	18805519	18798834	8000	18801519	-4000	4000	-2685
chr16	756734	764734	764721	8000	760734	-4000	4000	3987
chr16	67180040	67188040	67180584	8000	67184040	-4000	4000	-3456
chr16	74292814	74300814	74300188	8000	74296814	-4000	4000	3374
chr16	66575448	66583448	66579670	8000	66579448	-4000	4000	222
chr16	3252633	3260633	3256365	8000	3256633	-4000	4000	-268
chr16	31255967	31263967	31261705	8000	31259967	-4000	4000	1738
chr16	10940564	10948564	10941772	8000	10944564	-4000	4000	-2792
chr16	23517995	23525995	23525238	8000	23521995	-4000	4000	3243
chr16	30568734	30576734	30570424	8000	30572734	-4000	4000	-2310
chr16	30945068	30953068	30946758	8000	30949068	-4000	4000	-2310
chr16	56585074	56593074	56589556	8000	56589074	-4000	4000	482
chr16	16219522	16227522	16221687	8000	16223522	-4000	4000	-1835
chr16	66921536	66929536	66923910	8000	66925536	-4000	4000	-1626
chr16	4112442	4120442	4114033	8000	4116442	-4000	4000	-2409
chr16	8617683	8625683	8625627	8000	8621683	-4000	4000	3944
chr16	67976549	67984549	67978561	8000	67980549	-4000	4000	-1988
chr16	28490643	28498643	28495962	8000	28494643	-4000	4000	1319
chr16	74417478	74425478	74421326	8000	74421478	-4000	4000	-152
chr16	27062927	27070927	27067032	8000	27066927	-4000	4000	105
chr16	31028889	31036889	31033147	8000	31032889	-4000	4000	258
chr16	3252633	3260633	3256513	8000	3256633	-4000	4000	-120
chr16	31131727	31139727	31132469	8000	31135727	-4000	4000	-3258
chr16	21155441	21163441	21159421	8000	21159441	-4000	4000	-20
chr16	1252059	1260059	1256821	8000	1256059	-4000	4000	762
chr16	3200247	3208247	3205059	8000	3204247	-4000	4000	812
chr16	29895550	29903550	29895802	8000	29899550	-4000	4000	-3748
chr16	32248719	32256719	32253836	8000	32252719	-4000	4000	1117
chr16	30568734	30576734	30569980	8000	30572734	-4000	4000	-2754
chr16	66957245	66965245	66963183	8000	66961245	-4000	4000	1938
chr16	176459	184459	180684	8000	180459	-4000	4000	225
chr16	30374106	30382106	30377862	8000	30378106	-4000	4000	-244
chr16	30109537	30117537	30116871	8000	30113537	-4000	4000	3334
chr16	30109537	30117537	30116872	8000	30113537	-4000	4000	3335
chr16	67842923	67850923	67842955	8000	67846923	-4000	4000	-3968
chr16	67976549	67984549	67980102	8000	67980549	-4000	4000	-447
chr16	56634666	56642666	56636930	8000	56638666	-4000	4000	-1736
chr16	30019270	30027270	30025757	8000	30023270	-4000	4000	2487
chr16	3061297	3069297	3069286	8000	3065297	-4000	4000	3989
chr16	31523900	31531900	31528529	8000	31527900	-4000	4000	629
chr16	86551235	86559235	86552041	8000	86555235	-4000	4000	-3194
chr16	20405534	20413534	20411514	8000	20409534	-4000	4000	1980
chr16	2813180	2821180	2821055	8000	2817180	-4000	4000	3875
chr16	89556677	89564677	89556938	8000	89560677	-4000	4000	-3739
chr16	10690930	10698930	10694612	8000	10694930	-4000	4000	-318
chr16	28490643	28498643	28495307	8000	28494643	-4000	4000	664
chr16	737329	745329	740083	8000	741329	-4000	4000	-1246
chr16	1953606	1961606	1954124	8000	1957606	-4000	4000	-3482
chr16	10178928	10186928	10180117	8000	10182928	-4000	4000	-2811
chr16	57995546	58003546	58001401	8000	57999546	-4000	4000	1855
chr16	27062927	27070927	27067347	8000	27066927	-4000	4000	420
chr16	30019270	30027270	30025635	8000	30023270	-4000	4000	2365
chr17	3509852	3517852	3513709	8000	3513852	-4000	4000	-143
chr17	63869766	63877766	63872269	8000	63873766	-4000	4000	-1497
chr17	41136487	41144487	41140274	8000	41140487	-4000	4000	-213
chr17	19407125	19415125	19413387	8000	19411125	-4000	4000	2262
chr17	35190393	35198393	35193521	8000	35194393	-4000	4000	-872
chr17	7111700	7119700	7114225	8000	7115700	-4000	4000	-1475
chr17	41477151	41485151	41480888	8000	41481151	-4000	4000	-263
chr17	48993385	49001385	48997541	8000	48997385	-4000	4000	156
chr17	45840881	45848881	45846802	8000	45844881	-4000	4000	1921
chr17	49705014	49713014	49706296	8000	49709014	-4000	4000	-2718
chr17	74918950	74926950	74924929	8000	74922950	-4000	4000	1979
chr17	75164281	75172281	75168247	8000	75168281	-4000	4000	-34
chr17	75852507	75860507	75855274	8000	75856507	-4000	4000	-1233
chr17	76304276	76312276	76304891	8000	76308276	-4000	4000	-3385
chr17	82367765	82375765	82374779	8000	82371765	-4000	4000	3014
chr17	34281742	34289742	34287607	8000	34285742	-4000	4000	1865
chr17	35977497	35985497	35977683	8000	35981497	-4000	4000	-3814
chr17	48600912	48608912	48607818	8000	48604912	-4000	4000	2906
chr17	8754559	8762559	8758324	8000	8758559	-4000	4000	-235
chr17	30827966	30835966	30835657	8000	30831966	-4000	4000	3691
chr17	34352480	34360480	34357536	8000	34356480	-4000	4000	1056
chr17	47963810	47971810	47971292	8000	47967810	-4000	4000	3482
chr17	59205400	59213400	59213237	8000	59209400	-4000	4000	3837
chr17	42678531	42686531	42685238	8000	42682531	-4000	4000	2707
chr17	35556819	35564819	35557669	8000	35560819	-4000	4000	-3150
chr17	18640427	18648427	18641345	8000	18644427	-4000	4000	-3082
chr17	41098209	41106209	41105888	8000	41102209	-4000	4000	3679
chr17	63892661	63900661	63895505	8000	63896661	-4000	4000	-1156
chr17	7019050	7027050	7026789	8000	7023050	-4000	4000	3739
chr17	35190393	35198393	35194070	8000	35194393	-4000	4000	-323
chr17	40933646	40941646	40936421	8000	40937646	-4000	4000	-1225
chr17	41393608	41401608	41395534	8000	41397608	-4000	4000	-2074
chr17	74357868	74365868	74361793	8000	74361868	-4000	4000	-75
chr17	81907432	81915432	81914410	8000	81911432	-4000	4000	2978
chr17	47827634	47835634	47834612	8000	47831634	-4000	4000	2978
chr17	63869766	63877766	63872091	8000	63873766	-4000	4000	-1675
chr17	41098209	41106209	41105680	8000	41102209	-4000	4000	3471
chr17	58324795	58332795	58326340	8000	58328795	-4000	4000	-2455
chr17	75780806	75788806	75784815	8000	75784806	-4000	4000	9
chr17	7416324	7424324	7417129	8000	7420324	-4000	4000	-3195
chr17	44553484	44561484	44559070	8000	44557484	-4000	4000	1586
chr17	62623670	62631670	62627874	8000	62627670	-4000	4000	204
chr17	41378306	41386306	41379373	8000	41382306	-4000	4000	-2933
chr17	63927385	63935385	63930291	8000	63931385	-4000	4000	-1094
chr17	69137895	69145895	69140714	8000	69141895	-4000	4000	-1181
chr17	10726023	10734023	10729030	8000	10730023	-4000	4000	-993
chr17	54895387	54903387	54900794	8000	54899387	-4000	4000	1407
chr17	41136487	41144487	41140171	8000	41140487	-4000	4000	-316
chr17	82748042	82756042	82748899	8000	82752042	-4000	4000	-3143
chr17	39683914	39691914	39686007	8000	39687914	-4000	4000	-1907
chr17	40011361	40019361	40016933	8000	40015361	-4000	4000	1572
chr17	41582895	41590895	41583863	8000	41586895	-4000	4000	-3032
chr17	6992049	7000049	6999454	8000	6996049	-4000	4000	3405
chr17	36192758	36200758	36196749	8000	36196758	-4000	4000	-9
chr17	31933007	31941007	31940296	8000	31937007	-4000	4000	3289
chr17	7683538	7691538	7688526	8000	7687538	-4000	4000	988
chr17	63869766	63877766	63872555	8000	63873766	-4000	4000	-1211
chr17	63480823	63488823	63484988	8000	63484823	-4000	4000	165
chr17	58540368	58548368	58542853	8000	58544368	-4000	4000	-1515
chr17	50474860	50482860	50482151	8000	50478860	-4000	4000	3291
chr17	35556819	35564819	35557525	8000	35560819	-4000	4000	-3294
chr17	50369207	50377207	50375896	8000	50373207	-4000	4000	2689
chr17	53818927	53826927	53823764	8000	53822927	-4000	4000	837
chr17	63907341	63915341	63910609	8000	63911341	-4000	4000	-732
chr17	50830650	50838650	50835982	8000	50834650	-4000	4000	1332
chr17	52156017	52164017	52157894	8000	52160017	-4000	4000	-2123
chr17	31897708	31905708	31901702	8000	31901708	-4000	4000	-6
chr17	36944925	36952925	36949000	8000	36948925	-4000	4000	75
chr17	41174221	41182221	41178133	8000	41178221	-4000	4000	-88
chr17	41730644	41738644	41731532	8000	41734644	-4000	4000	-3112
chr17	72117020	72125020	72124386	8000	72121020	-4000	4000	3366
chr17	82046691	82054691	82049938	8000	82050691	-4000	4000	-753
chr17	41026195	41034195	41027089	8000	41030195	-4000	4000	-3106
chr17	441939	449939	443448	8000	445939	-4000	4000	-2491
chr17	3394410	3402410	3398157	8000	3398410	-4000	4000	-253
chr17	3429841	3437841	3432999	8000	3433841	-4000	4000	-842
chr17	7830217	7838217	7830679	8000	7834217	-4000	4000	-3538
chr17	7881238	7889238	7884896	8000	7885238	-4000	4000	-342
chr17	19373721	19381721	19380880	8000	19377721	-4000	4000	3159
chr17	19407125	19415125	19412517	8000	19411125	-4000	4000	1392
chr17	29242859	29250859	29246871	8000	29246859	-4000	4000	12
chr17	35444837	35452837	35444848	8000	35448837	-4000	4000	-3989
chr17	41393608	41401608	41397362	8000	41397608	-4000	4000	-246
chr17	41926617	41934617	41930799	8000	41930617	-4000	4000	182
chr17	62061278	62069278	62063065	8000	62065278	-4000	4000	-2213
chr17	63892661	63900661	63895520	8000	63896661	-4000	4000	-1141
chr17	8083716	8091716	8086044	8000	8087716	-4000	4000	-1672
chr17	82712706	82720706	82718940	8000	82716706	-4000	4000	2234
chr17	41222648	41230648	41227061	8000	41226648	-4000	4000	413
chr17	36192758	36200758	36195312	8000	36196758	-4000	4000	-1446
chr17	36086169	36094169	36088693	8000	36090169	-4000	4000	-1476
chr17	4983675	4991675	4989511	8000	4987675	-4000	4000	1836
chr17	8035034	8043034	8039388	8000	8039034	-4000	4000	354
chr17	29242859	29250859	29250199	8000	29246859	-4000	4000	3340
chr17	36435566	36443566	36437717	8000	36439566	-4000	4000	-1849
chr17	40751331	40759331	40755195	8000	40755331	-4000	4000	-136
chr17	41420585	41428585	41424190	8000	41424585	-4000	4000	-395
chr17	42108714	42116714	42110732	8000	42112714	-4000	4000	-1982
chr17	59960761	59968761	59963243	8000	59964761	-4000	4000	-1518
chr17	63877944	63885944	63880273	8000	63881944	-4000	4000	-1671
chr17	76722799	76730799	76723823	8000	76726799	-4000	4000	-2976
chr17	78126770	78134770	78132466	8000	78130770	-4000	4000	1696
chr17	78975947	78983947	78976023	8000	78979947	-4000	4000	-3924
chr17	81291547	81299547	81295048	8000	81295547	-4000	4000	-499
chr17	82367765	82375765	82374569	8000	82371765	-4000	4000	2804
chr17	53818927	53826927	53823306	8000	53822927	-4000	4000	379
chr17	63927385	63935385	63929148	8000	63931385	-4000	4000	-2237
chr17	41831685	41839685	41837916	8000	41835685	-4000	4000	2231
chr17	45616344	45624344	45622010	8000	45620344	-4000	4000	1666
chr17	30827966	30835966	30835729	8000	30831966	-4000	4000	3763
chr17	43843148	43851148	43848871	8000	43847148	-4000	4000	1723
chr17	47827634	47835634	47828513	8000	47831634	-4000	4000	-3121
chr17	36206924	36214924	36212486	8000	36210924	-4000	4000	1562
chr17	29562052	29570052	29562862	8000	29566052	-4000	4000	-3190
chr17	68255182	68263182	68256900	8000	68259182	-4000	4000	-2282
chr17	34575487	34583487	34579172	8000	34579487	-4000	4000	-315
chr17	34575487	34583487	34579173	8000	34579487	-4000	4000	-314
chr17	42283547	42291547	42288015	8000	42287547	-4000	4000	468
chr17	1645866	1653866	1650803	8000	1649866	-4000	4000	937
chr17	43829170	43837170	43831882	8000	43833170	-4000	4000	-1288
chr17	44553484	44561484	44558897	8000	44557484	-4000	4000	1413
chr17	41488546	41496546	41489486	8000	41492546	-4000	4000	-3060
chr17	3193519	3201519	3198376	8000	3197519	-4000	4000	857
chr17	41611899	41619899	41619520	8000	41615899	-4000	4000	3621
chr17	58513905	58521905	58514405	8000	58517905	-4000	4000	-3500
chr17	63869766	63877766	63872304	8000	63873766	-4000	4000	-1462
chr17	50474860	50482860	50479950	8000	50478860	-4000	4000	1090
chr17	8754559	8762559	8757301	8000	8758559	-4000	4000	-1258
chr17	28641454	28649454	28648947	8000	28645454	-4000	4000	3493
chr17	35190393	35198393	35194181	8000	35194393	-4000	4000	-212
chr17	53818927	53826927	53824786	8000	53822927	-4000	4000	1859
chr17	73232753	73240753	73236295	8000	73236753	-4000	4000	-458
chr17	58162982	58170982	58170020	8000	58166982	-4000	4000	3038
chr17	28851232	28859232	28858450	8000	28855232	-4000	4000	3218
chr17	58276935	58284935	58277847	8000	58280935	-4000	4000	-3088
chr17	63892661	63900661	63895580	8000	63896661	-4000	4000	-1081
chr17	45840881	45848881	45846008	8000	45844881	-4000	4000	1127
chr17	63519334	63527334	63524206	8000	63523334	-4000	4000	872
chr17	76068517	76076517	76072373	8000	76072517	-4000	4000	-144
chr17	45840881	45848881	45845277	8000	45844881	-4000	4000	396
chr17	41831685	41839685	41837853	8000	41835685	-4000	4000	2168
chr17	41436983	41444983	41440712	8000	41440983	-4000	4000	-271
chr17	41463386	41471386	41466097	8000	41467386	-4000	4000	-1289
chr17	80215699	80223699	80221751	8000	80219699	-4000	4000	2052
chr17	44912937	44920937	44913327	8000	44916937	-4000	4000	-3610
chr17	8306241	8314241	8312327	8000	8310241	-4000	4000	2086
chr17	4936008	4944008	4939009	8000	4940008	-4000	4000	-999
chr17	39633090	39641090	39635685	8000	39637090	-4000	4000	-1405
chr17	49206411	49214411	49210746	8000	49210411	-4000	4000	335
chr17	40795959	40803959	40798265	8000	40799959	-4000	4000	-1694
chr17	63907341	63915341	63910847	8000	63911341	-4000	4000	-494
chr17	10694375	10702375	10697471	8000	10698375	-4000	4000	-904
chr17	34977078	34985078	34983199	8000	34981078	-4000	4000	2121
chr17	53818927	53826927	53823367	8000	53822927	-4000	4000	440
chr17	41436983	41444983	41438273	8000	41440983	-4000	4000	-2710
chr17	79726943	79734943	79731330	8000	79730943	-4000	4000	387
chr17	78142385	78150385	78146405	8000	78146385	-4000	4000	20
chr17	81031122	81039122	81033035	8000	81035122	-4000	4000	-2087
chr17	4556818	4564818	4560579	8000	4560818	-4000	4000	-239
chr17	43021123	43029123	43028641	8000	43025123	-4000	4000	3518
chr17	55260960	55268960	55268063	8000	55264960	-4000	4000	3103
chr17	58688055	58696055	58692704	8000	58692055	-4000	4000	649
chr17	8379213	8387213	8382162	8000	8383213	-4000	4000	-1051
chr17	49206411	49214411	49207405	8000	49210411	-4000	4000	-3006
chr17	3890891	3898891	3897781	8000	3894891	-4000	4000	2890
chr17	40661141	40669141	40664927	8000	40665141	-4000	4000	-214
chr17	40795959	40803959	40799633	8000	40799959	-4000	4000	-326
chr17	38796126	38804126	38801943	8000	38800126	-4000	4000	1817
chr17	74588283	74596283	74592060	8000	74592283	-4000	4000	-223
chr17	48719185	48727185	48724625	8000	48723185	-4000	4000	1440
chr17	41114373	41122373	41118042	8000	41118373	-4000	4000	-331
chr17	59888945	59896945	59891031	8000	59892945	-4000	4000	-1914
chr17	81679326	81687326	81686370	8000	81683326	-4000	4000	3044
chr17	28658198	28666198	28660991	8000	28662198	-4000	4000	-1207
chr17	56974129	56982129	56981199	8000	56978129	-4000	4000	3070
chr17	45430421	45438421	45437788	8000	45434421	-4000	4000	3367
chr17	48719185	48727185	48726689	8000	48723185	-4000	4000	3504
chr17	55260960	55268960	55265574	8000	55264960	-4000	4000	614
chr17	34281742	34289742	34285760	8000	34285742	-4000	4000	18
chr17	34281742	34289742	34287643	8000	34285742	-4000	4000	1901
chr17	34315435	34323435	34319477	8000	34319435	-4000	4000	42
chr17	44553484	44561484	44558052	8000	44557484	-4000	4000	568
chr17	48541109	48549109	48542946	8000	48545109	-4000	4000	-2163
chr17	52156017	52164017	52158033	8000	52160017	-4000	4000	-1984
chr17	59205400	59213400	59211332	8000	59209400	-4000	4000	1932
chr17	80143151	80151151	80146921	8000	80147151	-4000	4000	-230
chr17	36099827	36107827	36104625	8000	36103827	-4000	4000	798
chr17	58276935	58284935	58280739	8000	58280935	-4000	4000	-196
chr17	50474860	50482860	50479754	8000	50478860	-4000	4000	894
chr17	46829154	46837154	46833406	8000	46833154	-4000	4000	252
chr17	16686261	16694261	16690674	8000	16690261	-4000	4000	413
chr17	45840881	45848881	45845635	8000	45844881	-4000	4000	754
chr17	28610185	28618185	28611643	8000	28614185	-4000	4000	-2542
chr17	42678531	42686531	42685236	8000	42682531	-4000	4000	2705
chr17	63968918	63976918	63972638	8000	63972918	-4000	4000	-280
chr17	32346132	32354132	32351910	8000	32350132	-4000	4000	1778
chr17	40751331	40759331	40755207	8000	40755331	-4000	4000	-124
chr17	6431199	6439199	6433965	8000	6435199	-4000	4000	-1234
chr17	62419875	62427875	62426307	8000	62423875	-4000	4000	2432
chr17	39976807	39984807	39984352	8000	39980807	-4000	4000	3545
chr17	76731865	76739865	76733715	8000	76735865	-4000	4000	-2150
chr17	6431199	6439199	6433985	8000	6435199	-4000	4000	-1214
chr17	40699752	40707752	40703676	8000	40703752	-4000	4000	-76
chr17	40795959	40803959	40798274	8000	40799959	-4000	4000	-1685
chr17	41378306	41386306	41381146	8000	41382306	-4000	4000	-1160
chr17	40995906	41003906	40999601	8000	40999906	-4000	4000	-305
chr17	58540368	58548368	58542768	8000	58544368	-4000	4000	-1600
chr17	42606623	42614623	42610185	8000	42610623	-4000	4000	-438
chr17	4936008	4944008	4939077	8000	4940008	-4000	4000	-931
chr17	35556819	35564819	35557684	8000	35560819	-4000	4000	-3135
chr17	41477151	41485151	41477646	8000	41481151	-4000	4000	-3505
chr17	3429841	3437841	3433791	8000	3433841	-4000	4000	-50
chr17	55260960	55268960	55265493	8000	55264960	-4000	4000	533
chr17	69410697	69418697	69414885	8000	69414697	-4000	4000	188
chr17	41477151	41485151	41480841	8000	41481151	-4000	4000	-310
chr17	41477151	41485151	41481074	8000	41481151	-4000	4000	-77
chr17	74931898	74939898	74933374	8000	74935898	-4000	4000	-2524
chr17	53818927	53826927	53824740	8000	53822927	-4000	4000	1813
chr17	74588283	74596283	74592522	8000	74592283	-4000	4000	239
chr17	8115047	8123047	8116851	8000	8119047	-4000	4000	-2196
chr17	58540368	58548368	58544261	8000	58544368	-4000	4000	-107
chr17	63927385	63935385	63930373	8000	63931385	-4000	4000	-1012
chr17	7480366	7488366	7481988	8000	7484366	-4000	4000	-2378
chr17	42847184	42855184	42854543	8000	42851184	-4000	4000	3359
chr17	43657922	43665922	43661361	8000	43661922	-4000	4000	-561
chr17	6431199	6439199	6434068	8000	6435199	-4000	4000	-1131
chr17	59888945	59896945	59890893	8000	59892945	-4000	4000	-2052
chr17	75105952	75113952	75110582	8000	75109952	-4000	4000	630
chr17	48527011	48535011	48530467	8000	48531011	-4000	4000	-544
chr17	74542115	74550115	74542881	8000	74546115	-4000	4000	-3234
chr17	34251218	34259218	34256727	8000	34255218	-4000	4000	1509
chr17	38849764	38857764	38853700	8000	38853764	-4000	4000	-64
chr17	40011361	40019361	40015517	8000	40015361	-4000	4000	156
chr17	43938476	43946476	43941525	8000	43942476	-4000	4000	-951
chr17	63826012	63834012	63827577	8000	63830012	-4000	4000	-2435
chr17	63892661	63900661	63894972	8000	63896661	-4000	4000	-1689
chr17	41037450	41045450	41041052	8000	41041450	-4000	4000	-398
chr17	34575487	34583487	34578967	8000	34579487	-4000	4000	-520
chr17	41378306	41386306	41379567	8000	41382306	-4000	4000	-2739
chr17	41098209	41106209	41105534	8000	41102209	-4000	4000	3325
chr17	75840552	75848552	75840555	8000	75844552	-4000	4000	-3997
chr17	8741219	8749219	8744614	8000	8745219	-4000	4000	-605
chr17	41831685	41839685	41832396	8000	41835685	-4000	4000	-3289
chr17	82748042	82756042	82750529	8000	82752042	-4000	4000	-1513
chr17	39663981	39671981	39670249	8000	39667981	-4000	4000	2268
chr17	42994273	43002273	42998791	8000	42998273	-4000	4000	518
chr17	76731865	76739865	76738990	8000	76735865	-4000	4000	3125
chr17	63907341	63915341	63909942	8000	63911341	-4000	4000	-1399
chr17	63927385	63935385	63930328	8000	63931385	-4000	4000	-1057
chr17	42606623	42614623	42609314	8000	42610623	-4000	4000	-1309
chr17	50830650	50838650	50836045	8000	50834650	-4000	4000	1395
chr17	3394410	3402410	3397685	8000	3398410	-4000	4000	-725
chr17	7008635	7016635	7010463	8000	7012635	-4000	4000	-2172
chr17	39633090	39641090	39635871	8000	39637090	-4000	4000	-1219
chr17	82712706	82720706	82719047	8000	82716706	-4000	4000	2341
chr17	74869031	74877031	74872121	8000	74873031	-4000	4000	-910
chr17	34977078	34985078	34983158	8000	34981078	-4000	4000	2080
chr17	41393608	41401608	41397474	8000	41397608	-4000	4000	-134
chr17	41488546	41496546	41489442	8000	41492546	-4000	4000	-3104
chr17	41730644	41738644	41732776	8000	41734644	-4000	4000	-1868
chr17	63877944	63885944	63880755	8000	63881944	-4000	4000	-1189
chr17	53818927	53826927	53824526	8000	53822927	-4000	4000	1599
chr17	7019050	7027050	7024220	8000	7023050	-4000	4000	1170
chr17	58214548	58222548	58219224	8000	58218548	-4000	4000	676
chr17	41156748	41164748	41160248	8000	41160748	-4000	4000	-500
chr17	8795365	8803365	8803229	8000	8799365	-4000	4000	3864
chr17	58540368	58548368	58543487	8000	58544368	-4000	4000	-881
chr17	8306241	8314241	8313350	8000	8310241	-4000	4000	3109
chr17	48724750	48732750	48728060	8000	48728750	-4000	4000	-690
chr17	61587219	61595219	61591048	8000	61591219	-4000	4000	-171
chr17	41620842	41628842	41627911	8000	41624842	-4000	4000	3069
chr17	74918950	74926950	74924864	8000	74922950	-4000	4000	1914
chr17	75201659	75209659	75205739	8000	75205659	-4000	4000	80
chr17	38293023	38301023	38299393	8000	38297023	-4000	4000	2370
chr17	18179078	18187078	18184701	8000	18183078	-4000	4000	1623
chr17	40561472	40569472	40565423	8000	40565472	-4000	4000	-49
chr17	8306241	8314241	8313049	8000	8310241	-4000	4000	2808
chr17	58276935	58284935	58279104	8000	58280935	-4000	4000	-1831
chr17	7441061	7449061	7447082	8000	7445061	-4000	4000	2021
chr17	58162982	58170982	58170484	8000	58166982	-4000	4000	3502
chr17	8083716	8091716	8086053	8000	8087716	-4000	4000	-1663
chr17	40863223	40871223	40866689	8000	40867223	-4000	4000	-534
chr17	778353	786353	782690	8000	782353	-4000	4000	337
chr17	8379213	8387213	8382235	8000	8383213	-4000	4000	-978
chr17	74462399	74470399	74466525	8000	74466399	-4000	4000	126
chr17	82033709	82041709	82033856	8000	82037709	-4000	4000	-3853
chr17	60418470	60426470	60426259	8000	60422470	-4000	4000	3789
chr17	38849764	38857764	38852975	8000	38853764	-4000	4000	-789
chr17	41568059	41576059	41568200	8000	41572059	-4000	4000	-3859
chr17	41420585	41428585	41423395	8000	41424585	-4000	4000	-1190
chr17	3193519	3201519	3197828	8000	3197519	-4000	4000	309
chr17	72117020	72125020	72121767	8000	72121020	-4000	4000	747
chr17	41164221	41172221	41167576	8000	41168221	-4000	4000	-645
chr17	59205400	59213400	59213369	8000	59209400	-4000	4000	3969
chr17	7421616	7429616	7426506	8000	7425616	-4000	4000	890
chr17	41156748	41164748	41160261	8000	41160748	-4000	4000	-487
chr17	7235722	7243722	7241444	8000	7239722	-4000	4000	1722
chr17	41056114	41064114	41059712	8000	41060114	-4000	4000	-402
chr17	27452448	27460448	27456799	8000	27456448	-4000	4000	351
chr17	41080150	41088150	41084984	8000	41084150	-4000	4000	834
chr17	81957840	81965840	81960700	8000	81961840	-4000	4000	-1140
chr17	40995906	41003906	40999619	8000	40999906	-4000	4000	-287
chr17	81161507	81169507	81166768	8000	81165507	-4000	4000	1261
chr17	7351123	7359123	7352680	8000	7355123	-4000	4000	-2443
chr17	40011361	40019361	40016511	8000	40015361	-4000	4000	1150
chr17	8372704	8380704	8377625	8000	8376704	-4000	4000	921
chr17	78126770	78134770	78132450	8000	78130770	-4000	4000	1680
chr17	35190393	35198393	35193459	8000	35194393	-4000	4000	-934
chr17	42847184	42855184	42852921	8000	42851184	-4000	4000	1737
chr17	58513905	58521905	58520337	8000	58517905	-4000	4000	2432
chr17	58513905	58521905	58520914	8000	58517905	-4000	4000	3009
chr17	76731865	76739865	76734643	8000	76735865	-4000	4000	-1222
chr17	76731865	76739865	76735802	8000	76735865	-4000	4000	-63
chr17	41051230	41059230	41055058	8000	41055230	-4000	4000	-172
chr17	7623876	7631876	7627581	8000	7627876	-4000	4000	-295
chr17	41730644	41738644	41732782	8000	41734644	-4000	4000	-1862
chr17	73232753	73240753	73236080	8000	73236753	-4000	4000	-673
chr17	76639786	76647786	76643570	8000	76643786	-4000	4000	-216
chr17	82046691	82054691	82049796	8000	82050691	-4000	4000	-895
chr17	74363458	74371458	74370558	8000	74367458	-4000	4000	3100
chr17	10514542	10522542	10521337	8000	10518542	-4000	4000	2795
chr17	18777111	18785111	18778501	8000	18781111	-4000	4000	-2610
chr17	35556819	35564819	35557356	8000	35560819	-4000	4000	-3463
chr17	41056114	41064114	41059484	8000	41060114	-4000	4000	-630
chr17	74918950	74926950	74919984	8000	74922950	-4000	4000	-2966
chr17	28610185	28618185	28611398	8000	28614185	-4000	4000	-2787
chr17	55260960	55268960	55265500	8000	55264960	-4000	4000	540
chr17	34359233	34367233	34361879	8000	34363233	-4000	4000	-1354
chr17	34359233	34367233	34361880	8000	34363233	-4000	4000	-1353
chr17	63480823	63488823	63481607	8000	63484823	-4000	4000	-3216
chr17	63480823	63488823	63483032	8000	63484823	-4000	4000	-1791
chr17	406325	414325	413182	8000	410325	-4000	4000	2857
chr17	40561472	40569472	40565402	8000	40565472	-4000	4000	-70
chr17	35444837	35452837	35445598	8000	35448837	-4000	4000	-3239
chr17	35444837	35452837	35445599	8000	35448837	-4000	4000	-3238
chr17	39398523	39406523	39405161	8000	39402523	-4000	4000	2638
chr17	39605777	39613777	39606084	8000	39609777	-4000	4000	-3693
chr17	16686261	16694261	16690520	8000	16690261	-4000	4000	259
chr17	28851232	28859232	28858671	8000	28855232	-4000	4000	3439
chr17	44912937	44920937	44915288	8000	44916937	-4000	4000	-1649
chr17	10514542	10522542	10516053	8000	10518542	-4000	4000	-2489
chr17	35574046	35582046	35578198	8000	35578046	-4000	4000	152
chr17	74363458	74371458	74370558	8000	74367458	-4000	4000	3100
chr17	45840881	45848881	45845521	8000	45844881	-4000	4000	640
chr17	7623876	7631876	7626996	8000	7627876	-4000	4000	-880
chr17	34281742	34289742	34285753	8000	34285742	-4000	4000	11
chr17	40778550	40786550	40780406	8000	40782550	-4000	4000	-2144
chr17	41488546	41496546	41489629	8000	41492546	-4000	4000	-2917
chr17	43829170	43837170	43831572	8000	43833170	-4000	4000	-1598
chr17	44553484	44561484	44558556	8000	44557484	-4000	4000	1072
chr17	59205400	59213400	59211589	8000	59209400	-4000	4000	2189
chr17	74363458	74371458	74367644	8000	74367458	-4000	4000	186
chr17	8795365	8803365	8798699	8000	8799365	-4000	4000	-666
chr17	50197632	50205632	50197984	8000	50201632	-4000	4000	-3648
chr17	58513905	58521905	58521900	8000	58517905	-4000	4000	3995
chr17	28851232	28859232	28858318	8000	28855232	-4000	4000	3086
chr17	8115047	8123047	8120921	8000	8119047	-4000	4000	1874
chr17	28899079	28907079	28906055	8000	28903079	-4000	4000	2976
chr17	35997621	36005621	35997794	8000	36001621	-4000	4000	-3827
chr17	49964970	49972970	49972855	8000	49968970	-4000	4000	3885
chr17	59615689	59623689	59620088	8000	59619689	-4000	4000	399
chr17	60522242	60530242	60526084	8000	60526242	-4000	4000	-158
chr17	66188133	66196133	66191729	8000	66192133	-4000	4000	-404
chr17	76731865	76739865	76734405	8000	76735865	-4000	4000	-1460
chr17	81161507	81169507	81165985	8000	81165507	-4000	4000	478
chr17	35556819	35564819	35557464	8000	35560819	-4000	4000	-3355
chr17	18179078	18187078	18179114	8000	18183078	-4000	4000	-3964
chr17	43021123	43029123	43028584	8000	43025123	-4000	4000	3461
chr17	48541109	48549109	48543219	8000	48545109	-4000	4000	-1890
chr17	76068517	76076517	76072358	8000	76072517	-4000	4000	-159
chr17	35444837	35452837	35445286	8000	35448837	-4000	4000	-3551
chr17	36086169	36094169	36090125	8000	36090169	-4000	4000	-44
chr17	38865859	38873859	38870134	8000	38869859	-4000	4000	275
chr17	48541109	48549109	48543006	8000	48545109	-4000	4000	-2103
chr17	49705014	49713014	49705956	8000	49709014	-4000	4000	-3058
chr17	50863978	50871978	50864008	8000	50867978	-4000	4000	-3970
chr17	80540819	80548819	80545579	8000	80544819	-4000	4000	760
chr17	41156748	41164748	41160175	8000	41160748	-4000	4000	-573
chr17	41222648	41230648	41226983	8000	41226648	-4000	4000	335
chr17	58162982	58170982	58170337	8000	58166982	-4000	4000	3355
chr17	58324795	58332795	58328045	8000	58328795	-4000	4000	-750
chr17	72117020	72125020	72123691	8000	72121020	-4000	4000	2671
chr17	3912476	3920476	3915539	8000	3916476	-4000	4000	-937
chr17	12661890	12669890	12666006	8000	12665890	-4000	4000	116
chr17	41037450	41045450	41041123	8000	41041450	-4000	4000	-327
chr17	41346828	41354828	41346935	8000	41350828	-4000	4000	-3893
chr17	59151732	59159732	59155015	8000	59155732	-4000	4000	-717
chr17	59205400	59213400	59211234	8000	59209400	-4000	4000	1834
chr17	74322210	74330210	74326283	8000	74326210	-4000	4000	73
chr17	80540819	80548819	80545126	8000	80544819	-4000	4000	307
chr17	74918950	74926950	74924885	8000	74922950	-4000	4000	1935
chr17	7830217	7838217	7830823	8000	7834217	-4000	4000	-3394
chr17	18311007	18319007	18316800	8000	18315007	-4000	4000	1793
chr17	38293023	38301023	38297030	8000	38297023	-4000	4000	7
chr17	48724750	48732750	48728029	8000	48728750	-4000	4000	-721
chr17	58413595	58421595	58415397	8000	58417595	-4000	4000	-2198
chr17	19407125	19415125	19415035	8000	19411125	-4000	4000	3910
chr17	10514542	10522542	10516268	8000	10518542	-4000	4000	-2274
chr17	53818927	53826927	53823174	8000	53822927	-4000	4000	247
chr17	45840881	45848881	45846867	8000	45844881	-4000	4000	1986
chr17	41098209	41106209	41105991	8000	41102209	-4000	4000	3782
chr17	41568059	41576059	41568160	8000	41572059	-4000	4000	-3899
chr17	42847184	42855184	42852597	8000	42851184	-4000	4000	1413
chr17	28714429	28722429	28714688	8000	28718429	-4000	4000	-3741
chr17	73232753	73240753	73235708	8000	73236753	-4000	4000	-1045
chr17	79726943	79734943	79731309	8000	79730943	-4000	4000	366
chr17	68255182	68263182	68257019	8000	68259182	-4000	4000	-2163
chr17	9901271	9909271	9904923	8000	9905271	-4000	4000	-348
chr17	441939	449939	443449	8000	445939	-4000	4000	-2490
chr17	56910080	56918080	56913467	8000	56914080	-4000	4000	-613
chr17	76731865	76739865	76733648	8000	76735865	-4000	4000	-2217
chr17	63877944	63885944	63881051	8000	63881944	-4000	4000	-893
chr17	36060272	36068272	36064289	8000	36064272	-4000	4000	17
chr17	74588283	74596283	74592091	8000	74592283	-4000	4000	-192
chr17	8306241	8314241	8312359	8000	8310241	-4000	4000	2118
chr17	10653309	10661309	10654990	8000	10657309	-4000	4000	-2319
chr17	48724750	48732750	48728456	8000	48728750	-4000	4000	-294
chr17	53818927	53826927	53825155	8000	53822927	-4000	4000	2228
chr17	38701273	38709273	38709229	8000	38705273	-4000	4000	3956
chr17	42896797	42904797	42900988	8000	42900797	-4000	4000	191
chr17	36099827	36107827	36103840	8000	36103827	-4000	4000	13
chr17	3509852	3517852	3513867	8000	3513852	-4000	4000	15
chr17	40096589	40104589	40100123	8000	40100589	-4000	4000	-466
chr17	7019050	7027050	7023758	8000	7023050	-4000	4000	708
chr17	8172399	8180399	8174591	8000	8176399	-4000	4000	-1808
chr17	76731865	76739865	76733622	8000	76735865	-4000	4000	-2243
chr17	3912476	3920476	3916097	8000	3916476	-4000	4000	-379
chr17	7623876	7631876	7628059	8000	7627876	-4000	4000	183
chr17	63877944	63885944	63880296	8000	63881944	-4000	4000	-1648
chr17	8115047	8123047	8122382	8000	8119047	-4000	4000	3335
chr17	36932785	36940785	36940717	8000	36936785	-4000	4000	3932
chr17	7623876	7631876	7626405	8000	7627876	-4000	4000	-1471
chr17	41620842	41628842	41624230	8000	41624842	-4000	4000	-612
chr17	74918950	74926950	74920665	8000	74922950	-4000	4000	-2285
chr17	40778550	40786550	40779724	8000	40782550	-4000	4000	-2826
chr17	42678531	42686531	42682894	8000	42682531	-4000	4000	363
chr17	60418470	60426470	60422517	8000	60422470	-4000	4000	47
chr17	48964596	48972596	48967164	8000	48968596	-4000	4000	-1432
chr17	58688055	58696055	58692704	8000	58692055	-4000	4000	649
chr17	19407125	19415125	19411740	8000	19411125	-4000	4000	615
chr17	42678531	42686531	42683899	8000	42682531	-4000	4000	1368
chr17	61924016	61932016	61927966	8000	61928016	-4000	4000	-50
chr17	61587219	61595219	61591184	8000	61591219	-4000	4000	-35
chr17	41365813	41373813	41369505	8000	41369813	-4000	4000	-308
chr17	35574046	35582046	35575844	8000	35578046	-4000	4000	-2202
chr17	41477151	41485151	41479755	8000	41481151	-4000	4000	-1396
chr17	63869766	63877766	63872548	8000	63873766	-4000	4000	-1218
chr17	63877944	63885944	63880350	8000	63881944	-4000	4000	-1594
chr17	63907341	63915341	63909740	8000	63911341	-4000	4000	-1601
chr17	18311007	18319007	18315732	8000	18315007	-4000	4000	725
chr17	34315435	34323435	34319471	8000	34319435	-4000	4000	36
chr17	41378306	41386306	41382021	8000	41382306	-4000	4000	-285
chr17	59960761	59968761	59962926	8000	59964761	-4000	4000	-1835
chr17	79726943	79734943	79731275	8000	79730943	-4000	4000	332
chr17	58188726	58196726	58194991	8000	58192726	-4000	4000	2265
chr17	59615689	59623689	59620153	8000	59619689	-4000	4000	464
chr17	58688055	58696055	58692622	8000	58692055	-4000	4000	567
chr17	58688055	58696055	58692965	8000	58692055	-4000	4000	910
chr17	58513905	58521905	58520908	8000	58517905	-4000	4000	3003
chr17	61587219	61595219	61591043	8000	61591219	-4000	4000	-176
chr17	3059607	3067607	3062689	8000	3063607	-4000	4000	-918
chr17	63907341	63915341	63910799	8000	63911341	-4000	4000	-542
chr17	34352480	34360480	34358034	8000	34356480	-4000	4000	1554
chr17	41378306	41386306	41381157	8000	41382306	-4000	4000	-1149
chr17	1459162	1467162	1465650	8000	1463162	-4000	4000	2488
chr17	21210176	21218176	21211033	8000	21214176	-4000	4000	-3143
chr17	41477151	41485151	41480936	8000	41481151	-4000	4000	-215
chr17	42776610	42784610	42784462	8000	42780610	-4000	4000	3852
chr17	47827634	47835634	47834652	8000	47831634	-4000	4000	3018
chr17	62419875	62427875	62426511	8000	62423875	-4000	4000	2636
chr17	40283879	40291879	40287965	8000	40287879	-4000	4000	86
chr17	18373778	18381778	18380933	8000	18377778	-4000	4000	3155
chr17	50369207	50377207	50375846	8000	50373207	-4000	4000	2639
chr17	42776610	42784610	42784069	8000	42780610	-4000	4000	3459
chr17	40795959	40803959	40799808	8000	40799959	-4000	4000	-151
chr17	41501705	41509705	41503040	8000	41505705	-4000	4000	-2665
chr17	3429841	3437841	3432998	8000	3433841	-4000	4000	-843
chr17	16411571	16419571	16417849	8000	16415571	-4000	4000	2278
chr17	28610185	28618185	28611165	8000	28614185	-4000	4000	-3020
chr17	28610185	28618185	28612633	8000	28614185	-4000	4000	-1552
chr17	39915854	39923854	39923217	8000	39919854	-4000	4000	3363
chr17	47817834	47825834	47818586	8000	47821834	-4000	4000	-3248
chr17	41393608	41401608	41394025	8000	41397608	-4000	4000	-3583
chr17	73232753	73240753	73236012	8000	73236753	-4000	4000	-741
chr17	76731865	76739865	76733042	8000	76735865	-4000	4000	-2823
chr17	76864404	76872404	76869089	8000	76868404	-4000	4000	685
chr17	778353	786353	782169	8000	782353	-4000	4000	-184
chr17	778353	786353	782456	8000	782353	-4000	4000	103
chr17	1825702	1833702	1827878	8000	1829702	-4000	4000	-1824
chr17	3059607	3067607	3063359	8000	3063607	-4000	4000	-248
chr17	3123551	3131551	3126752	8000	3127551	-4000	4000	-799
chr17	3394410	3402410	3397626	8000	3398410	-4000	4000	-784
chr17	4782433	4790433	4785953	8000	4786433	-4000	4000	-480
chr17	4803013	4811013	4808289	8000	4807013	-4000	4000	1276
chr17	4993950	5001950	5000303	8000	4997950	-4000	4000	2353
chr17	7441061	7449061	7447386	8000	7445061	-4000	4000	2325
chr17	8115047	8123047	8115647	8000	8119047	-4000	4000	-3400
chr17	8186180	8194180	8189156	8000	8190180	-4000	4000	-1024
chr17	8306241	8314241	8312033	8000	8310241	-4000	4000	1792
chr17	8306241	8314241	8313536	8000	8310241	-4000	4000	3295
chr17	8754559	8762559	8756393	8000	8758559	-4000	4000	-2166
chr17	14232862	14240862	14236587	8000	14236862	-4000	4000	-275
chr17	18373778	18381778	18377938	8000	18377778	-4000	4000	160
chr17	18777111	18785111	18778749	8000	18781111	-4000	4000	-2362
chr17	34977078	34985078	34983091	8000	34981078	-4000	4000	2013
chr17	35117493	35125493	35119157	8000	35121493	-4000	4000	-2336
chr17	36944925	36952925	36949036	8000	36948925	-4000	4000	111
chr17	38293023	38301023	38298455	8000	38297023	-4000	4000	1432
chr17	38849764	38857764	38850407	8000	38853764	-4000	4000	-3357
chr17	39864202	39872202	39871574	8000	39868202	-4000	4000	3372
chr17	41098209	41106209	41105925	8000	41102209	-4000	4000	3716
chr17	41501705	41509705	41503364	8000	41505705	-4000	4000	-2341
chr17	41568059	41576059	41568621	8000	41572059	-4000	4000	-3438
chr17	41730644	41738644	41731529	8000	41734644	-4000	4000	-3115
chr17	42776610	42784610	42784054	8000	42780610	-4000	4000	3444
chr17	47729236	47737236	47733877	8000	47733236	-4000	4000	641
chr17	47817834	47825834	47820058	8000	47821834	-4000	4000	-1776
chr17	47817834	47825834	47824089	8000	47821834	-4000	4000	2255
chr17	47937506	47945506	47943369	8000	47941506	-4000	4000	1863
chr17	48541109	48549109	48543148	8000	48545109	-4000	4000	-1961
chr17	48541109	48549109	48544572	8000	48545109	-4000	4000	-537
chr17	48541109	48549109	48544805	8000	48545109	-4000	4000	-304
chr17	48600912	48608912	48607877	8000	48604912	-4000	4000	2965
chr17	48940842	48948842	48940997	8000	48944842	-4000	4000	-3845
chr17	49128460	49136460	49132980	8000	49132460	-4000	4000	520
chr17	49785180	49793180	49792004	8000	49789180	-4000	4000	2824
chr17	50393523	50401523	50394928	8000	50397523	-4000	4000	-2595
chr17	50474860	50482860	50482163	8000	50478860	-4000	4000	3303
chr17	50863978	50871978	50864044	8000	50867978	-4000	4000	-3934
chr17	53818927	53826927	53824494	8000	53822927	-4000	4000	1567
chr17	58162982	58170982	58169692	8000	58166982	-4000	4000	2710
chr17	58188726	58196726	58195035	8000	58192726	-4000	4000	2309
chr17	58214548	58222548	58218632	8000	58218548	-4000	4000	84
chr17	58276935	58284935	58278059	8000	58280935	-4000	4000	-2876
chr17	58540368	58548368	58541776	8000	58544368	-4000	4000	-2592
chr17	58540368	58548368	58543859	8000	58544368	-4000	4000	-509
chr17	58751854	58759854	58756182	8000	58755854	-4000	4000	328
chr17	59205400	59213400	59210231	8000	59209400	-4000	4000	831
chr17	59205400	59213400	59211350	8000	59209400	-4000	4000	1950
chr17	59205400	59213400	59212454	8000	59209400	-4000	4000	3054
chr17	59205400	59213400	59213007	8000	59209400	-4000	4000	3607
chr17	61587219	61595219	61591093	8000	61591219	-4000	4000	-126
chr17	67713931	67721931	67717966	8000	67717931	-4000	4000	35
chr17	72117020	72125020	72121614	8000	72121020	-4000	4000	594
chr17	73232753	73240753	73235693	8000	73236753	-4000	4000	-1060
chr17	74527475	74535475	74531321	8000	74531475	-4000	4000	-154
chr17	74588283	74596283	74588754	8000	74592283	-4000	4000	-3529
chr17	74619738	74627738	74623584	8000	74623738	-4000	4000	-154
chr17	74918950	74926950	74920615	8000	74922950	-4000	4000	-2335
chr17	76731865	76739865	76733192	8000	76735865	-4000	4000	-2673
chr17	80032632	80040632	80039995	8000	80036632	-4000	4000	3363
chr17	80215699	80223699	80221704	8000	80219699	-4000	4000	2005
chr17	75105952	75113952	75110491	8000	75109952	-4000	4000	539
chr17	50830650	50838650	50835839	8000	50834650	-4000	4000	1189
chr17	41393608	41401608	41394089	8000	41397608	-4000	4000	-3519
chr17	7683538	7691538	7688640	8000	7687538	-4000	4000	1102
chr17	41026195	41034195	41026720	8000	41030195	-4000	4000	-3475
chr17	48527011	48535011	48529604	8000	48531011	-4000	4000	-1407
chr17	58188726	58196726	58195033	8000	58192726	-4000	4000	2307
chr17	53818927	53826927	53823843	8000	53822927	-4000	4000	916
chr17	48034030	48042030	48037182	8000	48038030	-4000	4000	-848
chr17	41568059	41576059	41569968	8000	41572059	-4000	4000	-2091
chr17	3193519	3201519	3198323	8000	3197519	-4000	4000	804
chr17	41026195	41034195	41026822	8000	41030195	-4000	4000	-3373
chr17	58324795	58332795	58331303	8000	58328795	-4000	4000	2508
chr17	41831685	41839685	41832396	8000	41835685	-4000	4000	-3289
chr17	61587219	61595219	61590800	8000	61591219	-4000	4000	-419
chr17	63869766	63877766	63872139	8000	63873766	-4000	4000	-1627
chr17	41180911	41188911	41184421	8000	41184911	-4000	4000	-490
chr17	7701202	7709202	7708175	8000	7705202	-4000	4000	2973
chr17	8244056	8252056	8248022	8000	8248056	-4000	4000	-34
chr17	41346828	41354828	41346929	8000	41350828	-4000	4000	-3899
chr17	53818927	53826927	53823628	8000	53822927	-4000	4000	701
chr17	1275662	1283662	1280352	8000	1279662	-4000	4000	690
chr17	7545099	7553099	7550180	8000	7549099	-4000	4000	1081
chr17	8115047	8123047	8118766	8000	8119047	-4000	4000	-281
chr17	28360356	28368356	28364512	8000	28364356	-4000	4000	156
chr17	34266221	34274221	34271915	8000	34270221	-4000	4000	1694
chr17	34359233	34367233	34360505	8000	34363233	-4000	4000	-2728
chr17	35117493	35125493	35121683	8000	35121493	-4000	4000	190
chr17	35556819	35564819	35557253	8000	35560819	-4000	4000	-3566
chr17	36172636	36180636	36174770	8000	36176636	-4000	4000	-1866
chr17	40818614	40826614	40822093	8000	40822614	-4000	4000	-521
chr17	41094142	41102142	41097300	8000	41098142	-4000	4000	-842
chr17	41378306	41386306	41382081	8000	41382306	-4000	4000	-225
chr17	41568059	41576059	41571499	8000	41572059	-4000	4000	-560
chr17	42454844	42462844	42461006	8000	42458844	-4000	4000	2162
chr17	42847184	42855184	42852806	8000	42851184	-4000	4000	1622
chr17	43843148	43851148	43848688	8000	43847148	-4000	4000	1540
chr17	43938476	43946476	43941520	8000	43942476	-4000	4000	-956
chr17	48940842	48948842	48944696	8000	48944842	-4000	4000	-146
chr17	58513905	58521905	58521415	8000	58517905	-4000	4000	3510
chr17	58540368	58548368	58543257	8000	58544368	-4000	4000	-1111
chr17	59960761	59968761	59962616	8000	59964761	-4000	4000	-2145
chr17	63927385	63935385	63929262	8000	63931385	-4000	4000	-2123
chr17	74588283	74596283	74592384	8000	74592283	-4000	4000	101
chr17	76731865	76739865	76733292	8000	76735865	-4000	4000	-2573
chr17	40699752	40707752	40703140	8000	40703752	-4000	4000	-612
chr17	41233999	41241999	41238108	8000	41237999	-4000	4000	109
chr17	49571871	49579871	49576191	8000	49575871	-4000	4000	320
chr17	63748097	63756097	63752374	8000	63752097	-4000	4000	277
chr17	67992469	68000469	67993222	8000	67996469	-4000	4000	-3247
chr17	28851232	28859232	28856313	8000	28855232	-4000	4000	1081
chr17	50369207	50377207	50375448	8000	50373207	-4000	4000	2241
chr17	59205400	59213400	59212425	8000	59209400	-4000	4000	3025
chr17	59205400	59213400	59212870	8000	59209400	-4000	4000	3470
chr17	50422158	50430158	50426236	8000	50426158	-4000	4000	78
chr17	41463386	41471386	41467065	8000	41467386	-4000	4000	-321
chr17	38796126	38804126	38802125	8000	38800126	-4000	4000	1999
chr17	61587219	61595219	61590906	8000	61591219	-4000	4000	-313
chr17	41620842	41628842	41621613	8000	41624842	-4000	4000	-3229
chr17	63877944	63885944	63881086	8000	63881944	-4000	4000	-858
chr17	50474860	50482860	50482666	8000	50478860	-4000	4000	3806
chr17	7683538	7691538	7688640	8000	7687538	-4000	4000	1102
chr17	41708331	41716331	41715532	8000	41712331	-4000	4000	3201
chr17	48541109	48549109	48543262	8000	48545109	-4000	4000	-1847
chr17	41582895	41590895	41586629	8000	41586895	-4000	4000	-266
chr17	68031636	68039636	68037367	8000	68035636	-4000	4000	1731
chr17	41568059	41576059	41571783	8000	41572059	-4000	4000	-276
chr17	48719185	48727185	48722504	8000	48723185	-4000	4000	-681
chr17	7683538	7691538	7688927	8000	7687538	-4000	4000	1389
chr17	42840580	42848580	42841554	8000	42844580	-4000	4000	-3026
chr17	67713931	67721931	67717948	8000	67717931	-4000	4000	17
chr17	45430421	45438421	45437088	8000	45434421	-4000	4000	2667
chr17	40751331	40759331	40754432	8000	40755331	-4000	4000	-899
chr17	41136487	41144487	41140247	8000	41140487	-4000	4000	-240
chr17	6827761	6835761	6830286	8000	6831761	-4000	4000	-1475
chr17	32440379	32448379	32444542	8000	32444379	-4000	4000	163
chr17	8115047	8123047	8121298	8000	8119047	-4000	4000	2251
chr17	7235722	7243722	7242251	8000	7239722	-4000	4000	2529
chr17	48541109	48549109	48543542	8000	48545109	-4000	4000	-1567
chr17	9901271	9909271	9904805	8000	9905271	-4000	4000	-466
chr17	42606623	42614623	42613690	8000	42610623	-4000	4000	3067
chr17	63546603	63554603	63550655	8000	63550603	-4000	4000	52
chr17	49991224	49999224	49993574	8000	49995224	-4000	4000	-1650
chr17	56957050	56965050	56960986	8000	56961050	-4000	4000	-64
chr17	48044329	48052329	48051219	8000	48048329	-4000	4000	2890
chr17	8115047	8123047	8116774	8000	8119047	-4000	4000	-2273
chr17	39663981	39671981	39669741	8000	39667981	-4000	4000	1760
chr17	9640698	9648698	9643266	8000	9644698	-4000	4000	-1432
chr17	41582895	41590895	41584411	8000	41586895	-4000	4000	-2484
chr17	8741219	8749219	8744528	8000	8745219	-4000	4000	-691
chr17	47937506	47945506	47944640	8000	47941506	-4000	4000	3134
chr17	82748042	82756042	82750427	8000	82752042	-4000	4000	-1615
chr17	6647634	6655634	6651514	8000	6651634	-4000	4000	-120
chr17	7076307	7084307	7076917	8000	7080307	-4000	4000	-3390
chr17	7351123	7359123	7356423	8000	7355123	-4000	4000	1300
chr17	35190393	35198393	35193740	8000	35194393	-4000	4000	-653
chr17	40863223	40871223	40866790	8000	40867223	-4000	4000	-433
chr17	41180911	41188911	41184487	8000	41184911	-4000	4000	-424
chr17	45840881	45848881	45846405	8000	45844881	-4000	4000	1524
chr17	51149590	51157590	51155706	8000	51153590	-4000	4000	2116
chr17	79726943	79734943	79731319	8000	79730943	-4000	4000	376
chr17	7421616	7429616	7427010	8000	7425616	-4000	4000	1394
chr17	41393608	41401608	41394991	8000	41397608	-4000	4000	-2617
chr17	40818614	40826614	40822406	8000	40822614	-4000	4000	-208
chr17	78164581	78172581	78165899	8000	78168581	-4000	4000	-2682
chr17	40011361	40019361	40015765	8000	40015361	-4000	4000	404
chr17	48719185	48727185	48726980	8000	48723185	-4000	4000	3795
chr17	58540368	58548368	58543035	8000	58544368	-4000	4000	-1333
chr17	61924016	61932016	61927968	8000	61928016	-4000	4000	-48
chr17	2299785	2307785	2300660	8000	2303785	-4000	4000	-3125
chr17	29562052	29570052	29563048	8000	29566052	-4000	4000	-3004
chr17	58513905	58521905	58521205	8000	58517905	-4000	4000	3300
chr17	81679326	81687326	81683706	8000	81683326	-4000	4000	380
chr17	3193519	3201519	3197567	8000	3197519	-4000	4000	48
chr17	63869766	63877766	63873608	8000	63873766	-4000	4000	-158
chr17	28899079	28907079	28906339	8000	28903079	-4000	4000	3260
chr17	40818614	40826614	40819620	8000	40822614	-4000	4000	-2994
chr17	41136487	41144487	41140378	8000	41140487	-4000	4000	-109
chr17	36086169	36094169	36090075	8000	36090169	-4000	4000	-94
chr17	41174221	41182221	41178022	8000	41178221	-4000	4000	-199
chr17	41501705	41509705	41503364	8000	41505705	-4000	4000	-2341
chr17	40778550	40786550	40780400	8000	40782550	-4000	4000	-2150
chr17	7830217	7838217	7831309	8000	7834217	-4000	4000	-2908
chr17	35556819	35564819	35558029	8000	35560819	-4000	4000	-2790
chr17	48940842	48948842	48944683	8000	48944842	-4000	4000	-159
chr17	41164221	41172221	41167572	8000	41168221	-4000	4000	-649
chr17	36206924	36214924	36212657	8000	36210924	-4000	4000	1733
chr17	81907432	81915432	81914348	8000	81911432	-4000	4000	2916
chr17	41114373	41122373	41118203	8000	41118373	-4000	4000	-170
chr17	18179078	18187078	18184918	8000	18183078	-4000	4000	1840
chr17	63892661	63900661	63895046	8000	63896661	-4000	4000	-1615
chr17	42776610	42784610	42784039	8000	42780610	-4000	4000	3429
chr17	58276935	58284935	58279384	8000	58280935	-4000	4000	-1551
chr17	39976807	39984807	39984397	8000	39980807	-4000	4000	3590
chr17	41245687	41253687	41250579	8000	41249687	-4000	4000	892
chr17	42655284	42663284	42659911	8000	42659284	-4000	4000	627
chr17	43657922	43665922	43661170	8000	43661922	-4000	4000	-752
chr17	44912937	44920937	44913273	8000	44916937	-4000	4000	-3664
chr17	10545700	10553700	10547615	8000	10549700	-4000	4000	-2085
chr17	7400874	7408874	7404077	8000	7404874	-4000	4000	-797
chr17	9901271	9909271	9905001	8000	9905271	-4000	4000	-270
chr17	63892661	63900661	63894992	8000	63896661	-4000	4000	-1669
chr17	406325	414325	413204	8000	410325	-4000	4000	2879
chr17	38849764	38857764	38853719	8000	38853764	-4000	4000	-45
chr17	36932785	36940785	36940727	8000	36936785	-4000	4000	3942
chr17	44895445	44903445	44901098	8000	44899445	-4000	4000	1653
chr17	7076307	7084307	7076988	8000	7080307	-4000	4000	-3319
chr17	41037450	41045450	41041054	8000	41041450	-4000	4000	-396
chr17	7325393	7333393	7327870	8000	7329393	-4000	4000	-1523
chr17	42847184	42855184	42851845	8000	42851184	-4000	4000	661
chr17	48993385	49001385	48997919	8000	48997385	-4000	4000	534
chr17	42769449	42777449	42773481	8000	42773449	-4000	4000	32
chr17	53818927	53826927	53824834	8000	53822927	-4000	4000	1907
chr17	60673453	60681453	60679525	8000	60677453	-4000	4000	2072
chr17	42419256	42427256	42422994	8000	42423256	-4000	4000	-262
chr17	7019050	7027050	7026534	8000	7023050	-4000	4000	3484
chr17	4782433	4790433	4783190	8000	4786433	-4000	4000	-3243
chr17	8741219	8749219	8744588	8000	8745219	-4000	4000	-631
chr17	28851232	28859232	28858163	8000	28855232	-4000	4000	2931
chr17	41568059	41576059	41568209	8000	41572059	-4000	4000	-3850
chr17	41568059	41576059	41568269	8000	41572059	-4000	4000	-3790
chr17	41568059	41576059	41568350	8000	41572059	-4000	4000	-3709
chr17	41568059	41576059	41568571	8000	41572059	-4000	4000	-3488
chr17	41436983	41444983	41440469	8000	41440983	-4000	4000	-514
chr17	15559561	15567561	15565623	8000	15563561	-4000	4000	2062
chr17	18311007	18319007	18316336	8000	18315007	-4000	4000	1329
chr17	32346132	32354132	32351901	8000	32350132	-4000	4000	1769
chr17	63877944	63885944	63881042	8000	63881944	-4000	4000	-902
chr17	18640427	18648427	18641337	8000	18644427	-4000	4000	-3090
chr17	38821355	38829355	38825355	8000	38825355	-4000	4000	0
chr17	61587219	61595219	61590641	8000	61591219	-4000	4000	-578
chr17	74931898	74939898	74933462	8000	74935898	-4000	4000	-2436
chr17	6636711	6644711	6644421	8000	6640711	-4000	4000	3710
chr17	40768162	40776162	40771747	8000	40772162	-4000	4000	-415
chr17	41037450	41045450	41041052	8000	41041450	-4000	4000	-398
chr17	7421616	7429616	7426051	8000	7425616	-4000	4000	435
chr17	35749239	35757239	35752504	8000	35753239	-4000	4000	-735
chr17	1459162	1467162	1465704	8000	1463162	-4000	4000	2542
chr17	29926276	29934276	29929879	8000	29930276	-4000	4000	-397
chr17	34352480	34360480	34358029	8000	34356480	-4000	4000	1549
chr17	41136487	41144487	41139792	8000	41140487	-4000	4000	-695
chr17	41568059	41576059	41570011	8000	41572059	-4000	4000	-2048
chr17	48813229	48821229	48816998	8000	48817229	-4000	4000	-231
chr17	19373721	19381721	19380924	8000	19377721	-4000	4000	3203
chr17	29562052	29570052	29562653	8000	29566052	-4000	4000	-3399
chr17	40561472	40569472	40565403	8000	40565472	-4000	4000	-69
chr17	40778550	40786550	40779715	8000	40782550	-4000	4000	-2835
chr17	40881242	40889242	40884941	8000	40885242	-4000	4000	-301
chr17	41233999	41241999	41238276	8000	41237999	-4000	4000	277
chr17	49571871	49579871	49579357	8000	49575871	-4000	4000	3486
chr17	50369207	50377207	50375952	8000	50373207	-4000	4000	2745
chr17	58540368	58548368	58544088	8000	58544368	-4000	4000	-280
chr17	59205400	59213400	59211707	8000	59209400	-4000	4000	2307
chr17	60596193	60604193	60600770	8000	60600193	-4000	4000	577
chr17	10545700	10553700	10547543	8000	10549700	-4000	4000	-2157
chr17	35143817	35151817	35149004	8000	35147817	-4000	4000	1187
chr17	40795959	40803959	40799633	8000	40799959	-4000	4000	-326
chr17	39633090	39641090	39636374	8000	39637090	-4000	4000	-716
chr17	40751331	40759331	40754997	8000	40755331	-4000	4000	-334
chr17	41488546	41496546	41489418	8000	41492546	-4000	4000	-3128
chr17	48541109	48549109	48543525	8000	48545109	-4000	4000	-1584
chr17	60074922	60082922	60078866	8000	60078922	-4000	4000	-56
chr17	3059607	3067607	3063217	8000	3063607	-4000	4000	-390
chr17	48541109	48549109	48544697	8000	48545109	-4000	4000	-412
chr17	18179078	18187078	18184822	8000	18183078	-4000	4000	1744
chr17	75975231	75983231	75979101	8000	75979231	-4000	4000	-130
chr18	7227089	7235089	7232023	8000	7231089	-4000	4000	934
chr18	60368775	60376775	60371606	8000	60372775	-4000	4000	-1169
chr18	9132228	9140228	9134272	8000	9136228	-4000	4000	-1956
chr18	67512720	67520720	67512879	8000	67516720	-4000	4000	-3841
chr18	31756880	31764880	31760859	8000	31760880	-4000	4000	-21
chr18	11605596	11613596	11609809	8000	11609596	-4000	4000	213
chr18	14539600	14547600	14542922	8000	14543600	-4000	4000	-678
chr18	47247660	47255660	47248578	8000	47251660	-4000	4000	-3082
chr18	59314649	59322649	59318545	8000	59318649	-4000	4000	-104
chr18	37561827	37569827	37565663	8000	37565827	-4000	4000	-164
chr18	26129852	26137852	26134016	8000	26133852	-4000	4000	164
chr18	9881766	9889766	9887866	8000	9885766	-4000	4000	2100
chr18	69396888	69404888	69401263	8000	69400888	-4000	4000	375
chr18	22413915	22421915	22415474	8000	22417915	-4000	4000	-2441
chr18	35493940	35501940	35497769	8000	35497940	-4000	4000	-171
chr18	57618213	57626213	57620635	8000	57622213	-4000	4000	-1578
chr18	67512720	67520720	67513889	8000	67516720	-4000	4000	-2831
chr18	52336197	52344197	52340731	8000	52340197	-4000	4000	534
chr18	57348557	57356557	57352849	8000	57352557	-4000	4000	292
chr18	14539600	14547600	14543180	8000	14543600	-4000	4000	-420
chr18	74143843	74151843	74149044	8000	74147843	-4000	4000	1201
chr18	7227089	7235089	7231364	8000	7231089	-4000	4000	275
chr18	9881766	9889766	9887586	8000	9885766	-4000	4000	1820
chr18	22413915	22421915	22415596	8000	22417915	-4000	4000	-2319
chr18	50262495	50270495	50270073	8000	50266495	-4000	4000	3578
chr18	35373337	35381337	35374039	8000	35377337	-4000	4000	-3298
chr18	67512720	67520720	67513041	8000	67516720	-4000	4000	-3679
chr18	76818557	76826557	76824377	8000	76822557	-4000	4000	1820
chr18	37561827	37569827	37565423	8000	37565827	-4000	4000	-404
chr18	46653220	46661220	46657010	8000	46657220	-4000	4000	-210
chr18	35373337	35381337	35374332	8000	35377337	-4000	4000	-3005
chr18	49488479	49496479	49489397	8000	49492479	-4000	4000	-3082
chr18	46755257	46763257	46756497	8000	46759257	-4000	4000	-2760
chr18	59314649	59322649	59318298	8000	59318649	-4000	4000	-351
chr18	77245848	77253848	77250806	8000	77249848	-4000	4000	958
chr18	7227089	7235089	7231526	8000	7231089	-4000	4000	437
chr18	60368775	60376775	60371986	8000	60372775	-4000	4000	-789
chr18	22413915	22421915	22416431	8000	22417915	-4000	4000	-1484
chr18	14539600	14547600	14542701	8000	14543600	-4000	4000	-899
chr18	67512720	67520720	67513723	8000	67516720	-4000	4000	-2997
chr18	69396888	69404888	69401245	8000	69400888	-4000	4000	357
chr18	22413915	22421915	22415710	8000	22417915	-4000	4000	-2205
chr18	57348557	57356557	57352803	8000	57352557	-4000	4000	246
chr18	59895996	59903996	59903296	8000	59899996	-4000	4000	3300
chr18	36063576	36071576	36067390	8000	36067576	-4000	4000	-186
chr18	41951234	41959234	41957641	8000	41955234	-4000	4000	2407
chr18	7562782	7570782	7567773	8000	7566782	-4000	4000	991
chr18	14539600	14547600	14542681	8000	14543600	-4000	4000	-919
chr18	74287973	74295973	74291831	8000	74291973	-4000	4000	-142
chr18	22413915	22421915	22415897	8000	22417915	-4000	4000	-2018
chr18	60368775	60376775	60371709	8000	60372775	-4000	4000	-1066
chr18	63893174	63901174	63895315	8000	63897174	-4000	4000	-1859
chr18	67512720	67520720	67513614	8000	67516720	-4000	4000	-3106
chr18	22413915	22421915	22417796	8000	22417915	-4000	4000	-119
chr18	31314160	31322160	31318288	8000	31318160	-4000	4000	128
chr18	9881766	9889766	9887954	8000	9885766	-4000	4000	2188
chr18	37561827	37569827	37565519	8000	37565827	-4000	4000	-308
chr18	57348557	57356557	57354492	8000	57352557	-4000	4000	1935
chr18	63363228	63371228	63367144	8000	63367228	-4000	4000	-84
chr18	35968625	35976625	35975017	8000	35972625	-4000	4000	2392
chr18	36125385	36133385	36126895	8000	36129385	-4000	4000	-2490
chr18	36125385	36133385	36126415	8000	36129385	-4000	4000	-2970
chr18	43111691	43119691	43115451	8000	43115691	-4000	4000	-240
chr18	63966029	63974029	63970133	8000	63970029	-4000	4000	104
chr18	14539600	14547600	14542798	8000	14543600	-4000	4000	-802
chr18	31158856	31166856	31162536	8000	31162856	-4000	4000	-320
chr18	35373337	35381337	35374246	8000	35377337	-4000	4000	-3091
chr18	36125385	36133385	36129988	8000	36129385	-4000	4000	603
chr18	37561827	37569827	37565372	8000	37565827	-4000	4000	-455
chr18	72864146	72872146	72867423	8000	72868146	-4000	4000	-723
chr18	74287973	74295973	74291878	8000	74291973	-4000	4000	-95
chr18	576380	584380	580508	8000	580380	-4000	4000	128
chr18	14128490	14136490	14132280	8000	14132490	-4000	4000	-210
chr18	22413915	22421915	22415792	8000	22417915	-4000	4000	-2123
chr18	25348190	25356190	25350953	8000	25352190	-4000	4000	-1237
chr18	31756880	31764880	31760124	8000	31760880	-4000	4000	-756
chr18	49556699	49564699	49562283	8000	49560699	-4000	4000	1584
chr18	50371040	50379040	50375910	8000	50375040	-4000	4000	870
chr18	57143087	57151087	57147583	8000	57147087	-4000	4000	496
chr18	74143843	74151843	74148980	8000	74147843	-4000	4000	1137
chr18	576380	584380	580977	8000	580380	-4000	4000	597
chr18	67512720	67520720	67514795	8000	67516720	-4000	4000	-1925
chr18	77245848	77253848	77250869	8000	77249848	-4000	4000	1021
chr18	57143087	57151087	57147517	8000	57147087	-4000	4000	430
chr18	7227089	7235089	7231501	8000	7231089	-4000	4000	412
chr18	9132228	9140228	9134324	8000	9136228	-4000	4000	-1904
chr18	13820149	13828149	13826449	8000	13824149	-4000	4000	2300
chr18	43111691	43119691	43115581	8000	43115691	-4000	4000	-110
chr18	24422634	24430634	24427992	8000	24426634	-4000	4000	1358
chr18	14539600	14547600	14543192	8000	14543600	-4000	4000	-408
chr18	60368775	60376775	60371548	8000	60372775	-4000	4000	-1227
chr18	60368775	60376775	60372131	8000	60372775	-4000	4000	-644
chr18	31756880	31764880	31760117	8000	31760880	-4000	4000	-763
chr18	24422634	24430634	24427958	8000	24426634	-4000	4000	1324
chr18	52336197	52344197	52340692	8000	52340197	-4000	4000	495
chr18	26129852	26137852	26134010	8000	26133852	-4000	4000	158
chr18	22413915	22421915	22415549	8000	22417915	-4000	4000	-2366
chr18	34220952	34228952	34223143	8000	34224952	-4000	4000	-1809
chr18	43273535	43281535	43274015	8000	43277535	-4000	4000	-3520
chr18	2567557	2575557	2575038	8000	2571557	-4000	4000	3481
chr18	74287973	74295973	74291749	8000	74291973	-4000	4000	-224
chr18	46100378	46108378	46105311	8000	46104378	-4000	4000	933
chr18	9881766	9889766	9888093	8000	9885766	-4000	4000	2327
chr18	14539600	14547600	14543119	8000	14543600	-4000	4000	-481
chr18	59270086	59278086	59272499	8000	59274086	-4000	4000	-1587
chr18	57348557	57356557	57352786	8000	57352557	-4000	4000	229
chr19	54734513	54742513	54735283	8000	54738513	-4000	4000	-3230
chr19	19512227	19520227	19516163	8000	19516227	-4000	4000	-64
chr19	54335162	54343162	54338030	8000	54339162	-4000	4000	-1132
chr19	45788845	45796845	45791063	8000	45792845	-4000	4000	-1782
chr19	470983	478983	474621	8000	474983	-4000	4000	-362
chr19	1486752	1494752	1489822	8000	1490752	-4000	4000	-930
chr19	39264396	39272396	39268842	8000	39268396	-4000	4000	446
chr19	5451417	5459417	5455899	8000	5455417	-4000	4000	482
chr19	5451417	5459417	5456088	8000	5455417	-4000	4000	671
chr19	54812468	54820468	54819874	8000	54816468	-4000	4000	3406
chr19	54846443	54854443	54853747	8000	54850443	-4000	4000	3304
chr19	54870235	54878235	54875356	8000	54874235	-4000	4000	1121
chr19	48929699	48937699	48936125	8000	48933699	-4000	4000	2426
chr19	15445956	15453956	15451808	8000	15449956	-4000	4000	1852
chr19	38422305	38430305	38426071	8000	38426305	-4000	4000	-234
chr19	14132613	14140613	14136365	8000	14136613	-4000	4000	-248
chr19	35224739	35232739	35228074	8000	35228739	-4000	4000	-665
chr19	17330920	17338920	17338598	8000	17334920	-4000	4000	3678
chr19	39292407	39300407	39298241	8000	39296407	-4000	4000	1834
chr19	41840697	41848697	41847638	8000	41844697	-4000	4000	2941
chr19	43712076	43720076	43719669	8000	43716076	-4000	4000	3593
chr19	54568920	54576920	54574504	8000	54572920	-4000	4000	1584
chr19	55928336	55936336	55932123	8000	55932336	-4000	4000	-213
chr19	44938238	44946238	44945461	8000	44942238	-4000	4000	3223
chr19	48715725	48723725	48716786	8000	48719725	-4000	4000	-2939
chr19	5451417	5459417	5455656	8000	5455417	-4000	4000	239
chr19	42933207	42941207	42935468	8000	42937207	-4000	4000	-1739
chr19	11810273	11818273	11814334	8000	11814273	-4000	4000	61
chr19	38874275	38882275	38880889	8000	38878275	-4000	4000	2614
chr19	58463056	58471056	58469217	8000	58467056	-4000	4000	2161
chr19	42736481	42744481	42739056	8000	42740481	-4000	4000	-1425
chr19	46491879	46499879	46494631	8000	46495879	-4000	4000	-1248
chr19	51221064	51229064	51225430	8000	51225064	-4000	4000	366
chr19	50819787	50827787	50826682	8000	50823787	-4000	4000	2895
chr19	50907395	50915395	50909244	8000	50911395	-4000	4000	-2151
chr19	41702976	41710976	41709737	8000	41706976	-4000	4000	2761
chr19	54589582	54597582	54596288	8000	54593582	-4000	4000	2706
chr19	8977342	8985342	8980472	8000	8981342	-4000	4000	-870
chr19	46120688	46128688	46124074	8000	46124688	-4000	4000	-614
chr19	1035997	1043997	1041510	8000	1039997	-4000	4000	1513
chr19	35367068	35375068	35371562	8000	35371068	-4000	4000	494
chr19	3581478	3589478	3586588	8000	3585478	-4000	4000	1110
chr19	51454456	51462456	51458055	8000	51458456	-4000	4000	-401
chr19	55176289	55184289	55181796	8000	55180289	-4000	4000	1507
chr19	58447611	58455611	58454482	8000	58451611	-4000	4000	2871
chr19	35524351	35532351	35527564	8000	35528351	-4000	4000	-787
chr19	42192585	42200585	42199480	8000	42196585	-4000	4000	2895
chr19	19817751	19825751	19821711	8000	19821751	-4000	4000	-40
chr19	50965673	50973673	50967285	8000	50969673	-4000	4000	-2388
chr19	43203299	43211299	43205481	8000	43207299	-4000	4000	-1818
chr19	47511091	47519091	47514892	8000	47515091	-4000	4000	-199
chr19	19030023	19038023	19030976	8000	19034023	-4000	4000	-3047
chr19	14937489	14945489	14942064	8000	14941489	-4000	4000	575
chr19	57970534	57978534	57978313	8000	57974534	-4000	4000	3779
chr19	49068699	49076699	49070638	8000	49072699	-4000	4000	-2061
chr19	50428892	50436892	50435823	8000	50432892	-4000	4000	2931
chr19	15724024	15732024	15729026	8000	15728024	-4000	4000	1002
chr19	40746637	40754637	40751468	8000	40750637	-4000	4000	831
chr19	3476525	3484525	3478911	8000	3480525	-4000	4000	-1614
chr19	8510167	8518167	8512413	8000	8514167	-4000	4000	-1754
chr19	45910778	45918778	45914561	8000	45914778	-4000	4000	-217
chr19	55359260	55367260	55359689	8000	55363260	-4000	4000	-3571
chr19	9111763	9119763	9114888	8000	9115763	-4000	4000	-875
chr19	35625030	35633030	35631644	8000	35629030	-4000	4000	2614
chr19	3496674	3504674	3496674	8000	3500674	-4000	4000	-4000
chr19	51016175	51024175	51022515	8000	51020175	-4000	4000	2340
chr19	35898529	35906529	35904260	8000	35902529	-4000	4000	1731
chr19	35865287	35873287	35866306	8000	35869287	-4000	4000	-2981
chr19	54253301	54261301	54256873	8000	54257301	-4000	4000	-428
chr19	6498848	6506848	6501303	8000	6502848	-4000	4000	-1545
chr19	10285952	10293952	10287604	8000	10289952	-4000	4000	-2348
chr19	44910247	44918247	44914888	8000	44914247	-4000	4000	641
chr19	19639657	19647657	19645423	8000	19643657	-4000	4000	1766
chr19	8977342	8985342	8979946	8000	8981342	-4000	4000	-1396
chr19	40187426	40195426	40192193	8000	40191426	-4000	4000	767
chr19	5451417	5459417	5456642	8000	5455417	-4000	4000	1225
chr19	35367068	35375068	35371358	8000	35371068	-4000	4000	290
chr19	51454456	51462456	51457475	8000	51458456	-4000	4000	-981
chr19	57390183	57398183	57397158	8000	57394183	-4000	4000	2975
chr19	54812468	54820468	54818549	8000	54816468	-4000	4000	2081
chr19	57390183	57398183	57397085	8000	57394183	-4000	4000	2902
chr19	691498	699498	694935	8000	695498	-4000	4000	-563
chr19	6420811	6428811	6427152	8000	6424811	-4000	4000	2341
chr19	17330920	17338920	17333426	8000	17334920	-4000	4000	-1494
chr19	51120906	51128906	51127259	8000	51124906	-4000	4000	2353
chr19	12662742	12670742	12663827	8000	12666742	-4000	4000	-2915
chr19	5451417	5459417	5455975	8000	5455417	-4000	4000	558
chr19	12747702	12755702	12755438	8000	12751702	-4000	4000	3736
chr19	14114084	14122084	14120465	8000	14118084	-4000	4000	2381
chr19	32687821	32695821	32692644	8000	32691821	-4000	4000	823
chr19	35865287	35873287	35866418	8000	35869287	-4000	4000	-2869
chr19	38785200	38793200	38790764	8000	38789200	-4000	4000	1564
chr19	43712076	43720076	43719223	8000	43716076	-4000	4000	3147
chr19	49524003	49532003	49524522	8000	49528003	-4000	4000	-3481
chr19	50472400	50480400	50475415	8000	50476400	-4000	4000	-985
chr19	50907395	50915395	50908538	8000	50911395	-4000	4000	-2857
chr19	57970534	57978534	57974145	8000	57974534	-4000	4000	-389
chr19	51221064	51229064	51226074	8000	51225064	-4000	4000	1010
chr19	8317379	8325379	8321364	8000	8321379	-4000	4000	-15
chr19	35102510	35110510	35106281	8000	35106510	-4000	4000	-229
chr19	51024039	51032039	51027571	8000	51028039	-4000	4000	-468
chr19	8977342	8985342	8981324	8000	8981342	-4000	4000	-18
chr19	629537	637537	629859	8000	633537	-4000	4000	-3678
chr19	1486752	1494752	1490117	8000	1490752	-4000	4000	-635
chr19	8498640	8506640	8498931	8000	8502640	-4000	4000	-3709
chr19	13760522	13768522	13766129	8000	13764522	-4000	4000	1607
chr19	17330920	17338920	17333459	8000	17334920	-4000	4000	-1461
chr19	34424352	34432352	34426157	8000	34428352	-4000	4000	-2195
chr19	40572853	40580853	40578163	8000	40576853	-4000	4000	1310
chr19	45318875	45326875	45319610	8000	45322875	-4000	4000	-3265
chr19	49358457	49366457	49359967	8000	49362457	-4000	4000	-2490
chr19	22630324	22638324	22634473	8000	22634324	-4000	4000	149
chr19	46621089	46629089	46621391	8000	46625089	-4000	4000	-3698
chr19	4178689	4186689	4186273	8000	4182689	-4000	4000	3584
chr19	11431284	11439284	11437884	8000	11435284	-4000	4000	2600
chr19	19639657	19647657	19646209	8000	19643657	-4000	4000	2552
chr19	39079913	39087913	39085255	8000	39083913	-4000	4000	1342
chr19	54812468	54820468	54814033	8000	54816468	-4000	4000	-2435
chr19	49032895	49040895	49035698	8000	49036895	-4000	4000	-1197
chr19	54309166	54317166	54312098	8000	54313166	-4000	4000	-1068
chr19	29807991	29815991	29812675	8000	29811991	-4000	4000	684
chr19	49068699	49076699	49070259	8000	49072699	-4000	4000	-2440
chr19	57626395	57634395	57633848	8000	57630395	-4000	4000	3453
chr19	46491879	46499879	46495505	8000	46495879	-4000	4000	-374
chr19	54568920	54576920	54573430	8000	54572920	-4000	4000	510
chr19	43203299	43211299	43204105	8000	43207299	-4000	4000	-3194
chr19	51031230	51039230	51031928	8000	51035230	-4000	4000	-3302
chr19	19188158	19196158	19192226	8000	19192158	-4000	4000	68
chr19	54902148	54910148	54909288	8000	54906148	-4000	4000	3140
chr19	51497800	51505800	51501460	8000	51501800	-4000	4000	-340
chr19	12934578	12942578	12938639	8000	12938578	-4000	4000	61
chr19	51497800	51505800	51498184	8000	51501800	-4000	4000	-3616
chr19	42423388	42431388	42426758	8000	42427388	-4000	4000	-630
chr19	35509658	35517658	35511585	8000	35513658	-4000	4000	-2073
chr19	54253301	54261301	54254364	8000	54257301	-4000	4000	-2937
chr19	15018990	15026990	15023028	8000	15022990	-4000	4000	38
chr19	35662516	35670516	35666865	8000	35666516	-4000	4000	349
chr19	12662742	12670742	12663726	8000	12666742	-4000	4000	-3016
chr19	51383974	51391974	51387241	8000	51387974	-4000	4000	-733
chr19	55359260	55367260	55362401	8000	55363260	-4000	4000	-859
chr19	15045480	15053480	15052232	8000	15049480	-4000	4000	2752
chr19	35524351	35532351	35527250	8000	35528351	-4000	4000	-1101
chr19	46467563	46475563	46469913	8000	46471563	-4000	4000	-1650
chr19	51120906	51128906	51128474	8000	51124906	-4000	4000	3568
chr19	51221064	51229064	51225565	8000	51225064	-4000	4000	501
chr19	54812468	54820468	54818401	8000	54816468	-4000	4000	1933
chr19	54765793	54773793	54773474	8000	54769793	-4000	4000	3681
chr19	50819787	50827787	50826977	8000	50823787	-4000	4000	3190
chr19	51138299	51146299	51145908	8000	51142299	-4000	4000	3609
chr19	51474622	51482622	51480447	8000	51478622	-4000	4000	1825
chr19	16825398	16833398	16831597	8000	16829398	-4000	4000	2199
chr19	51886950	51894950	51890462	8000	51890950	-4000	4000	-488
chr19	19269391	19277391	19270299	8000	19273391	-4000	4000	-3092
chr19	23391471	23399471	23395398	8000	23395471	-4000	4000	-73
chr19	10513931	10521931	10514685	8000	10517931	-4000	4000	-3246
chr19	5899787	5907787	5903814	8000	5903787	-4000	4000	27
chr19	39734029	39742029	39734399	8000	39738029	-4000	4000	-3630
chr19	42591055	42599055	42594901	8000	42595055	-4000	4000	-154
chr19	49358457	49366457	49363983	8000	49362457	-4000	4000	1526
chr19	49954391	49962391	49960572	8000	49958391	-4000	4000	2181
chr19	1035997	1043997	1043432	8000	1039997	-4000	4000	3435
chr19	3758682	3766682	3762687	8000	3762682	-4000	4000	5
chr19	8977342	8985342	8980725	8000	8981342	-4000	4000	-617
chr19	38384082	38392082	38391954	8000	38388082	-4000	4000	3872
chr19	17373342	17381342	17377053	8000	17377342	-4000	4000	-289
chr19	43079045	43087045	43081174	8000	43083045	-4000	4000	-1871
chr19	48615291	48623291	48620503	8000	48619291	-4000	4000	1212
chr19	54720442	54728442	54726080	8000	54724442	-4000	4000	1638
chr19	54846443	54854443	54852148	8000	54850443	-4000	4000	1705
chr19	53263723	53271723	53266816	8000	53267723	-4000	4000	-907
chr19	39700481	39708481	39706612	8000	39704481	-4000	4000	2131
chr19	51527856	51535856	51530806	8000	51531856	-4000	4000	-1050
chr19	54335162	54343162	54338212	8000	54339162	-4000	4000	-950
chr19	12747702	12755702	12748024	8000	12751702	-4000	4000	-3678
chr19	8498640	8506640	8499320	8000	8502640	-4000	4000	-3320
chr19	23391471	23399471	23395323	8000	23395471	-4000	4000	-148
chr19	51454456	51462456	51458098	8000	51458456	-4000	4000	-358
chr19	1749506	1757506	1754711	8000	1753506	-4000	4000	1205
chr19	46491879	46499879	46494049	8000	46495879	-4000	4000	-1830
chr19	54568920	54576920	54574899	8000	54572920	-4000	4000	1979
chr19	7741662	7749662	7742946	8000	7745662	-4000	4000	-2716
chr19	57970534	57978534	57978523	8000	57974534	-4000	4000	3989
chr19	56503850	56511850	56511514	8000	56507850	-4000	4000	3664
chr19	20073994	20081994	20078018	8000	20077994	-4000	4000	24
chr19	54734513	54742513	54738518	8000	54738513	-4000	4000	5
chr19	43022474	43030474	43025015	8000	43026474	-4000	4000	-1459
chr19	50819787	50827787	50820016	8000	50823787	-4000	4000	-3771
chr19	41084451	41092451	41091858	8000	41088451	-4000	4000	3407
chr19	51527856	51535856	51531253	8000	51531856	-4000	4000	-603
chr19	51413803	51421803	51416895	8000	51417803	-4000	4000	-908
chr19	41084451	41092451	41090057	8000	41088451	-4000	4000	1606
chr19	51527856	51535856	51529734	8000	51531856	-4000	4000	-2122
chr19	54253301	54261301	54256723	8000	54257301	-4000	4000	-578
chr19	54309166	54317166	54311312	8000	54313166	-4000	4000	-1854
chr19	57227009	57235009	57231076	8000	57231009	-4000	4000	67
chr19	7741662	7749662	7746482	8000	7745662	-4000	4000	820
chr19	35662516	35670516	35668513	8000	35666516	-4000	4000	1997
chr19	691498	699498	694833	8000	695498	-4000	4000	-665
chr19	54902148	54910148	54906325	8000	54906148	-4000	4000	177
chr19	3798129	3806129	3806018	8000	3802129	-4000	4000	3889
chr19	40746637	40754637	40751232	8000	40750637	-4000	4000	595
chr19	51527856	51535856	51529525	8000	51531856	-4000	4000	-2331
chr19	48929699	48937699	48935056	8000	48933699	-4000	4000	1357
chr19	4149631	4157631	4157220	8000	4153631	-4000	4000	3589
chr19	9111763	9119763	9115209	8000	9115763	-4000	4000	-554
chr19	42915563	42923563	42917829	8000	42919563	-4000	4000	-1734
chr19	51413803	51421803	51416267	8000	51417803	-4000	4000	-1536
chr19	17373342	17381342	17377067	8000	17377342	-4000	4000	-275
chr19	8977342	8985342	8977923	8000	8981342	-4000	4000	-3419
chr19	8977342	8985342	8979708	8000	8981342	-4000	4000	-1634
chr19	12662742	12670742	12663773	8000	12666742	-4000	4000	-2969
chr19	6666588	6674588	6669882	8000	6670588	-4000	4000	-706
chr19	15669018	15677018	15673627	8000	15673018	-4000	4000	609
chr19	15445956	15453956	15448226	8000	15449956	-4000	4000	-1730
chr19	14937489	14945489	14942292	8000	14941489	-4000	4000	803
chr19	16656442	16664442	16659435	8000	16660442	-4000	4000	-1007
chr19	35150730	35158730	35155350	8000	35154730	-4000	4000	620
chr19	38895862	38903862	38900182	8000	38899862	-4000	4000	320
chr19	50907395	50915395	50908532	8000	50911395	-4000	4000	-2863
chr19	55153773	55161773	55154172	8000	55157773	-4000	4000	-3601
chr19	55162722	55170722	55166346	8000	55166722	-4000	4000	-376
chr19	58179029	58187029	58186967	8000	58183029	-4000	4000	3938
chr19	39200263	39208263	39200350	8000	39204263	-4000	4000	-3913
chr19	49045111	49053111	49047644	8000	49049111	-4000	4000	-1467
chr19	35559658	35567658	35563617	8000	35563658	-4000	4000	-41
chr19	6527026	6535026	6531070	8000	6531026	-4000	4000	44
chr19	8498640	8506640	8499022	8000	8502640	-4000	4000	-3618
chr19	18251419	18259419	18252096	8000	18255419	-4000	4000	-3323
chr19	19030023	19038023	19034220	8000	19034023	-4000	4000	197
chr19	50715802	50723802	50716409	8000	50719802	-4000	4000	-3393
chr19	51527856	51535856	51529855	8000	51531856	-4000	4000	-2001
chr19	54277184	54285184	54280295	8000	54281184	-4000	4000	-889
chr19	58030025	58038025	58037921	8000	58034025	-4000	4000	3896
chr19	11921075	11929075	11925119	8000	11925075	-4000	4000	44
chr19	20919222	20927222	20923279	8000	20923222	-4000	4000	57
chr19	38874275	38882275	38879175	8000	38878275	-4000	4000	900
chr19	11921075	11929075	11925217	8000	11925075	-4000	4000	142
chr19	51413803	51421803	51416797	8000	51417803	-4000	4000	-1006
chr19	5619035	5627035	5621362	8000	5623035	-4000	4000	-1673
chr19	50428892	50436892	50435846	8000	50432892	-4000	4000	2954
chr19	457033	465033	463919	8000	461033	-4000	4000	2886
chr19	16884999	16892999	16890403	8000	16888999	-4000	4000	1404
chr19	51120906	51128906	51125750	8000	51124906	-4000	4000	844
chr19	51454456	51462456	51454748	8000	51458456	-4000	4000	-3708
chr19	45788845	45796845	45796047	8000	45792845	-4000	4000	3202
chr19	43265530	43273530	43267971	8000	43269530	-4000	4000	-1559
chr19	51138299	51146299	51144437	8000	51142299	-4000	4000	2138
chr19	8977342	8985342	8979653	8000	8981342	-4000	4000	-1689
chr19	9122950	9130950	9126235	8000	9126950	-4000	4000	-715
chr19	12662742	12670742	12668390	8000	12666742	-4000	4000	1648
chr19	55650146	55658146	55652683	8000	55654146	-4000	4000	-1463
chr19	629537	637537	629640	8000	633537	-4000	4000	-3897
chr19	8977342	8985342	8980798	8000	8981342	-4000	4000	-544
chr19	9111763	9119763	9115415	8000	9115763	-4000	4000	-348
chr19	15724024	15732024	15728204	8000	15728024	-4000	4000	180
chr19	49358457	49366457	49363897	8000	49362457	-4000	4000	1440
chr19	53905278	53913278	53912960	8000	53909278	-4000	4000	3682
chr19	7759210	7767210	7766305	8000	7763210	-4000	4000	3095
chr19	50850915	50858915	50858550	8000	50854915	-4000	4000	3635
chr19	35809299	35817299	35812422	8000	35813299	-4000	4000	-877
chr19	54589582	54597582	54595177	8000	54593582	-4000	4000	1595
chr19	10513931	10521931	10514420	8000	10517931	-4000	4000	-3511
chr19	55359260	55367260	55359977	8000	55363260	-4000	4000	-3283
chr19	4149631	4157631	4154931	8000	4153631	-4000	4000	1300
chr19	7741662	7749662	7741978	8000	7745662	-4000	4000	-3684
chr19	50819787	50827787	50821892	8000	50823787	-4000	4000	-1895
chr19	8977342	8985342	8980446	8000	8981342	-4000	4000	-896
chr19	54253301	54261301	54257059	8000	54257301	-4000	4000	-242
chr19	19639657	19647657	19645423	8000	19643657	-4000	4000	1766
chr19	51120906	51128906	51125019	8000	51124906	-4000	4000	113
chr19	10335661	10343661	10338863	8000	10339661	-4000	4000	-798
chr19	35865287	35873287	35866441	8000	35869287	-4000	4000	-2846
chr19	41873279	41881279	41877250	8000	41877279	-4000	4000	-29
chr19	53254292	53262292	53259195	8000	53258292	-4000	4000	903
chr19	55145206	55153206	55146948	8000	55149206	-4000	4000	-2258
chr19	18393622	18401622	18396430	8000	18397622	-4000	4000	-1192
chr19	54253301	54261301	54256122	8000	54257301	-4000	4000	-1179
chr19	15460544	15468544	15464263	8000	15464544	-4000	4000	-281
chr19	55439300	55447300	55440678	8000	55443300	-4000	4000	-2622
chr19	36414644	36422644	36421935	8000	36418644	-4000	4000	3291
chr19	43712076	43720076	43718845	8000	43716076	-4000	4000	2769
chr19	51383974	51391974	51387242	8000	51387974	-4000	4000	-732
chr19	5619035	5627035	5621329	8000	5623035	-4000	4000	-1706
chr19	11844726	11852726	11848862	8000	11848726	-4000	4000	136
chr19	50857568	50865568	50859785	8000	50861568	-4000	4000	-1783
chr19	8359289	8367289	8365962	8000	8363289	-4000	4000	2673
chr19	15445956	15453956	15452797	8000	15449956	-4000	4000	2841
chr19	42309309	42317309	42316687	8000	42313309	-4000	4000	3378
chr19	42423388	42431388	42427261	8000	42427388	-4000	4000	-127
chr19	46467563	46475563	46468513	8000	46471563	-4000	4000	-3050
chr19	55153773	55161773	55154763	8000	55157773	-4000	4000	-3010
chr19	51120906	51128906	51125795	8000	51124906	-4000	4000	889
chr19	46467563	46475563	46470131	8000	46471563	-4000	4000	-1432
chr19	2232824	2240824	2233278	8000	2236824	-4000	4000	-3546
chr19	12877466	12885466	12881115	8000	12881466	-4000	4000	-351
chr19	17401722	17409722	17405464	8000	17405722	-4000	4000	-258
chr19	39292407	39300407	39298485	8000	39296407	-4000	4000	2078
chr19	40746637	40754637	40749518	8000	40750637	-4000	4000	-1119
chr19	15724024	15732024	15728737	8000	15728024	-4000	4000	713
chr19	55359260	55367260	55362968	8000	55363260	-4000	4000	-292
chr19	41436717	41444717	41438226	8000	41440717	-4000	4000	-2491
chr19	54846443	54854443	54852159	8000	54850443	-4000	4000	1716
chr19	7625796	7633796	7631809	8000	7629796	-4000	4000	2013
chr19	50715802	50723802	50723473	8000	50719802	-4000	4000	3671
chr19	45484777	45492777	45488641	8000	45488777	-4000	4000	-136
chr19	8977342	8985342	8978817	8000	8981342	-4000	4000	-2525
chr19	17330920	17338920	17337629	8000	17334920	-4000	4000	2709
chr19	23391471	23399471	23395400	8000	23395471	-4000	4000	-71
chr19	51567283	51575283	51573222	8000	51571283	-4000	4000	1939
chr19	54335162	54343162	54337571	8000	54339162	-4000	4000	-1591
chr19	14937489	14945489	14942424	8000	14941489	-4000	4000	935
chr19	44108181	44116181	44115836	8000	44112181	-4000	4000	3655
chr19	51120906	51128906	51125633	8000	51124906	-4000	4000	727
chr19	43500935	43508935	43501778	8000	43504935	-4000	4000	-3157
chr19	49016523	49024523	49024016	8000	49020523	-4000	4000	3493
chr19	54277184	54285184	54279940	8000	54281184	-4000	4000	-1244
chr19	35288125	35296125	35295420	8000	35292125	-4000	4000	3295
chr19	43523230	43531230	43526209	8000	43527230	-4000	4000	-1021
chr19	51120906	51128906	51127120	8000	51124906	-4000	4000	2214
chr19	51474622	51482622	51481550	8000	51478622	-4000	4000	2928
chr19	51031230	51039230	51033992	8000	51035230	-4000	4000	-1238
chr19	51413803	51421803	51416149	8000	51417803	-4000	4000	-1654
chr19	54253301	54261301	54255553	8000	54257301	-4000	4000	-1748
chr19	51454456	51462456	51458129	8000	51458456	-4000	4000	-327
chr19	51527856	51535856	51530441	8000	51531856	-4000	4000	-1415
chr19	8573577	8581577	8577375	8000	8577577	-4000	4000	-202
chr19	42851691	42859691	42854240	8000	42855691	-4000	4000	-1451
chr19	50819787	50827787	50826748	8000	50823787	-4000	4000	2961
chr19	47415527	47423527	47416649	8000	47419527	-4000	4000	-2878
chr19	14068536	14076536	14074273	8000	14072536	-4000	4000	1737
chr19	17551649	17559649	17551977	8000	17555649	-4000	4000	-3672
chr19	51365003	51373003	51371656	8000	51369003	-4000	4000	2653
chr19	56389538	56397538	56393454	8000	56393538	-4000	4000	-84
chr19	39598524	39606524	39604659	8000	39602524	-4000	4000	2135
chr19	51886950	51894950	51891809	8000	51890950	-4000	4000	859
chr19	54277184	54285184	54279821	8000	54281184	-4000	4000	-1363
chr19	51138299	51146299	51144583	8000	51142299	-4000	4000	2284
chr19	17551649	17559649	17553520	8000	17555649	-4000	4000	-2129
chr19	3758682	3766682	3759709	8000	3762682	-4000	4000	-2973
chr19	10267093	10275093	10271123	8000	10271093	-4000	4000	30
chr19	39292407	39300407	39298605	8000	39296407	-4000	4000	2198
chr19	4243080	4251080	4247129	8000	4247080	-4000	4000	49
chr19	10006504	10014504	10013378	8000	10010504	-4000	4000	2874
chr19	43963862	43971862	43966489	8000	43967862	-4000	4000	-1373
chr19	50819787	50827787	50825753	8000	50823787	-4000	4000	1966
chr19	54902148	54910148	54906587	8000	54906148	-4000	4000	439
chr19	14027762	14035762	14032454	8000	14031762	-4000	4000	692
chr19	45991461	45999461	45995449	8000	45995461	-4000	4000	-12
chr19	54253301	54261301	54257042	8000	54257301	-4000	4000	-259
chr19	11415328	11423328	11417048	8000	11419328	-4000	4000	-2280
chr19	23391471	23399471	23395412	8000	23395471	-4000	4000	-59
chr19	54799611	54807611	54806111	8000	54803611	-4000	4000	2500
chr19	8498640	8506640	8498760	8000	8502640	-4000	4000	-3880
chr19	17373342	17381342	17377012	8000	17377342	-4000	4000	-330
chr19	51497800	51505800	51498254	8000	51501800	-4000	4000	-3546
chr19	54846443	54854443	54847792	8000	54850443	-4000	4000	-2651
chr19	39700481	39708481	39705967	8000	39704481	-4000	4000	1486
chr19	22048430	22056430	22052625	8000	22052430	-4000	4000	195
chr19	49524003	49532003	49525408	8000	49528003	-4000	4000	-2595
chr19	35559658	35567658	35560480	8000	35563658	-4000	4000	-3178
chr19	51527856	51535856	51531716	8000	51531856	-4000	4000	-140
chr19	48317971	48325971	48318522	8000	48321971	-4000	4000	-3449
chr19	50510690	50518690	50518454	8000	50514690	-4000	4000	3764
chr19	15445956	15453956	15448363	8000	15449956	-4000	4000	-1593
chr19	17456804	17464804	17460632	8000	17460804	-4000	4000	-172
chr19	8977342	8985342	8981324	8000	8981342	-4000	4000	-18
chr19	29807991	29815991	29812748	8000	29811991	-4000	4000	757
chr19	46491879	46499879	46494516	8000	46495879	-4000	4000	-1363
chr19	53009921	53017921	53010501	8000	53013921	-4000	4000	-3420
chr19	54253301	54261301	54254175	8000	54257301	-4000	4000	-3126
chr19	38370550	38378550	38370616	8000	38374550	-4000	4000	-3934
chr19	57999349	58007349	58002257	8000	58003349	-4000	4000	-1092
chr19	43776976	43784976	43780926	8000	43780976	-4000	4000	-50
chr19	13902201	13910201	13904901	8000	13906201	-4000	4000	-1300
chr19	43182536	43190536	43185109	8000	43186536	-4000	4000	-1427
chr19	8498640	8506640	8499181	8000	8502640	-4000	4000	-3459
chr19	35865287	35873287	35866214	8000	35869287	-4000	4000	-3073
chr19	39292407	39300407	39298232	8000	39296407	-4000	4000	1825
chr19	39292407	39300407	39298576	8000	39296407	-4000	4000	2169
chr19	41879173	41887173	41879597	8000	41883173	-4000	4000	-3576
chr19	35150730	35158730	35158389	8000	35154730	-4000	4000	3659
chr19	42736481	42744481	42740432	8000	42740481	-4000	4000	-49
chr19	8694795	8702795	8698235	8000	8698795	-4000	4000	-560
chr19	55439300	55447300	55440651	8000	55443300	-4000	4000	-2649
chr19	51886950	51894950	51891234	8000	51890950	-4000	4000	284
chr19	629537	637537	630136	8000	633537	-4000	4000	-3401
chr19	14132613	14140613	14136462	8000	14136613	-4000	4000	-151
chr19	17373342	17381342	17376980	8000	17377342	-4000	4000	-362
chr19	19269391	19277391	19270398	8000	19273391	-4000	4000	-2993
chr19	19896913	19904913	19901003	8000	19900913	-4000	4000	90
chr19	48751390	48759390	48756146	8000	48755390	-4000	4000	756
chr19	49016523	49024523	49022962	8000	49020523	-4000	4000	2439
chr19	8048318	8056318	8056178	8000	8052318	-4000	4000	3860
chr19	12887160	12895160	12891636	8000	12891160	-4000	4000	476
chr19	39598524	39606524	39604624	8000	39602524	-4000	4000	2100
chr19	55162722	55170722	55165974	8000	55166722	-4000	4000	-748
chr19	14579084	14587084	14583137	8000	14583084	-4000	4000	53
chr19	40746637	40754637	40751199	8000	40750637	-4000	4000	562
chr19	42875822	42883822	42878003	8000	42879822	-4000	4000	-1819
chr19	43712076	43720076	43719213	8000	43716076	-4000	4000	3137
chr19	52365917	52373917	52366374	8000	52369917	-4000	4000	-3543
chr19	40721784	40729784	40729329	8000	40725784	-4000	4000	3545
chr19	50980099	50988099	50980458	8000	50984099	-4000	4000	-3641
chr19	50510690	50518690	50513771	8000	50514690	-4000	4000	-919
chr19	11292139	11300139	11298870	8000	11296139	-4000	4000	2731
chr19	17330920	17338920	17338058	8000	17334920	-4000	4000	3138
chr19	35367068	35375068	35371403	8000	35371068	-4000	4000	335
chr19	51016175	51024175	51023095	8000	51020175	-4000	4000	2920
chr19	49039848	49047848	49044046	8000	49043848	-4000	4000	198
chr19	48950815	48958815	48956230	8000	48954815	-4000	4000	1415
chr19	49419441	49427441	49423322	8000	49423441	-4000	4000	-119
chr19	51527856	51535856	51530817	8000	51531856	-4000	4000	-1039
chr19	53009921	53017921	53014508	8000	53013921	-4000	4000	587
chr19	41084451	41092451	41088955	8000	41088451	-4000	4000	504
chr19	2736048	2744048	2737122	8000	2740048	-4000	4000	-2926
chr19	4899080	4907080	4902694	8000	4903080	-4000	4000	-386
chr19	11292139	11300139	11298926	8000	11296139	-4000	4000	2787
chr19	11415328	11423328	11421760	8000	11419328	-4000	4000	2432
chr19	32865767	32873767	32868509	8000	32869767	-4000	4000	-1258
chr19	46120688	46128688	46124128	8000	46124688	-4000	4000	-560
chr19	49638209	49646209	49645401	8000	49642209	-4000	4000	3192
chr19	50510690	50518690	50513012	8000	50514690	-4000	4000	-1678
chr19	54589582	54597582	54594200	8000	54593582	-4000	4000	618
chr19	38808945	38816945	38812950	8000	38812945	-4000	4000	5
chr19	5716637	5724637	5720736	8000	5720637	-4000	4000	99
chr19	14068536	14076536	14074518	8000	14072536	-4000	4000	1982
chr19	14132613	14140613	14136462	8000	14136613	-4000	4000	-151
chr19	35770532	35778532	35777829	8000	35774532	-4000	4000	3297
chr19	49954391	49962391	49960595	8000	49958391	-4000	4000	2204
chr19	51016175	51024175	51023184	8000	51020175	-4000	4000	3009
chr19	54734513	54742513	54735330	8000	54738513	-4000	4000	-3183
chr19	57473570	57481570	57473861	8000	57477570	-4000	4000	-3709
chr19	19512227	19520227	19516159	8000	19516227	-4000	4000	-68
chr19	43500935	43508935	43502199	8000	43504935	-4000	4000	-2736
chr19	51474622	51482622	51481565	8000	51478622	-4000	4000	2943
chr19	49045111	49053111	49048827	8000	49049111	-4000	4000	-284
chr19	14068536	14076536	14074436	8000	14072536	-4000	4000	1900
chr19	50510690	50518690	50512233	8000	50514690	-4000	4000	-2457
chr19	54568920	54576920	54574888	8000	54572920	-4000	4000	1968
chr19	53958937	53966937	53963380	8000	53962937	-4000	4000	443
chr19	5451417	5459417	5455844	8000	5455417	-4000	4000	427
chr19	1486752	1494752	1486859	8000	1490752	-4000	4000	-3893
chr19	18540077	18548077	18541844	8000	18544077	-4000	4000	-2233
chr19	35367068	35375068	35372022	8000	35371068	-4000	4000	954
chr19	50715802	50723802	50716389	8000	50719802	-4000	4000	-3413
chr19	51454456	51462456	51458398	8000	51458456	-4000	4000	-58
chr19	54799611	54807611	54806145	8000	54803611	-4000	4000	2534
chr19	55145206	55153206	55151842	8000	55149206	-4000	4000	2636
chr19	58447611	58455611	58455521	8000	58451611	-4000	4000	3910
chr19	15724024	15732024	15728526	8000	15728024	-4000	4000	502
chr19	55671226	55679226	55677704	8000	55675226	-4000	4000	2478
chr19	2047244	2055244	2050867	8000	2051244	-4000	4000	-377
chr19	6420811	6428811	6426434	8000	6424811	-4000	4000	1623
chr19	6733925	6741925	6736615	8000	6737925	-4000	4000	-1310
chr19	9111763	9119763	9115136	8000	9115763	-4000	4000	-627
chr19	9111763	9119763	9115359	8000	9115763	-4000	4000	-404
chr19	10583315	10591315	10587242	8000	10587315	-4000	4000	-73
chr19	12329720	12337720	12333646	8000	12333720	-4000	4000	-74
chr19	13760522	13768522	13764561	8000	13764522	-4000	4000	39
chr19	17456804	17464804	17460560	8000	17460804	-4000	4000	-244
chr19	29807991	29815991	29812659	8000	29811991	-4000	4000	668
chr19	32968209	32976209	32971886	8000	32972209	-4000	4000	-323
chr19	40572853	40580853	40576060	8000	40576853	-4000	4000	-793
chr19	40572853	40580853	40577299	8000	40576853	-4000	4000	446
chr19	40721784	40729784	40729236	8000	40725784	-4000	4000	3452
chr19	42736481	42744481	42740493	8000	42740481	-4000	4000	12
chr19	49671786	49679786	49677280	8000	49675786	-4000	4000	1494
chr19	53009921	53017921	53015356	8000	53013921	-4000	4000	1435
chr19	53905278	53913278	53906365	8000	53909278	-4000	4000	-2913
chr19	45402349	45410349	45409608	8000	45406349	-4000	4000	3259
chr19	54589582	54597582	54595332	8000	54593582	-4000	4000	1750
chr19	38874275	38882275	38881151	8000	38878275	-4000	4000	2876
chr19	39292407	39300407	39296861	8000	39296407	-4000	4000	454
chr19	44108181	44116181	44115657	8000	44112181	-4000	4000	3476
chr19	46491879	46499879	46494713	8000	46495879	-4000	4000	-1166
chr19	51138299	51146299	51142753	8000	51142299	-4000	4000	454
chr19	51454456	51462456	51455585	8000	51458456	-4000	4000	-2871
chr19	54335162	54343162	54337694	8000	54339162	-4000	4000	-1468
chr19	55153773	55161773	55157102	8000	55157773	-4000	4000	-671
chr19	19269391	19277391	19271044	8000	19273391	-4000	4000	-2347
chr19	54277184	54285184	54279454	8000	54281184	-4000	4000	-1730
chr19	57453140	57461140	57455547	8000	57457140	-4000	4000	-1593
chr19	58551105	58559105	58556117	8000	58555105	-4000	4000	1012
chr19	51365003	51373003	51372601	8000	51369003	-4000	4000	3598
chr19	39598524	39606524	39605335	8000	39602524	-4000	4000	2811
chr19	54589582	54597582	54595687	8000	54593582	-4000	4000	2105
chr19	11370666	11378666	11375752	8000	11374666	-4000	4000	1086
chr19	43022474	43030474	43026354	8000	43026474	-4000	4000	-120
chr19	50510690	50518690	50517551	8000	50514690	-4000	4000	2861
chr19	36912329	36920329	36916070	8000	36916329	-4000	4000	-259
chr19	1350711	1358711	1357085	8000	1354711	-4000	4000	2374
chr19	35524351	35532351	35528056	8000	35528351	-4000	4000	-295
chr19	53254292	53262292	53259135	8000	53258292	-4000	4000	843
chr19	55765118	55773118	55772836	8000	55769118	-4000	4000	3718
chr19	36414644	36422644	36422088	8000	36418644	-4000	4000	3444
chr19	36414644	36422644	36422182	8000	36418644	-4000	4000	3538
chr19	19269391	19277391	19270332	8000	19273391	-4000	4000	-3059
chr19	42309309	42317309	42309679	8000	42313309	-4000	4000	-3630
chr19	49358457	49366457	49365874	8000	49362457	-4000	4000	3417
chr19	11370666	11378666	11375549	8000	11374666	-4000	4000	883
chr19	51338139	51346139	51345252	8000	51342139	-4000	4000	3113
chr19	9122950	9130950	9126806	8000	9126950	-4000	4000	-144
chr19	54277184	54285184	54280519	8000	54281184	-4000	4000	-665
chr19	35509658	35517658	35512449	8000	35513658	-4000	4000	-1209
chr19	287403	295403	287582	8000	291403	-4000	4000	-3821
chr19	10285952	10293952	10293695	8000	10289952	-4000	4000	3743
chr19	35354460	35362460	35358908	8000	35358460	-4000	4000	448
chr19	51497800	51505800	51498249	8000	51501800	-4000	4000	-3551
chr19	53263723	53271723	53267366	8000	53267723	-4000	4000	-357
chr19	54309166	54317166	54311889	8000	54313166	-4000	4000	-1277
chr19	12887160	12895160	12891616	8000	12891160	-4000	4000	456
chr19	50857568	50865568	50859803	8000	50861568	-4000	4000	-1765
chr19	51120906	51128906	51125702	8000	51124906	-4000	4000	796
chr19	51454456	51462456	51454757	8000	51458456	-4000	4000	-3699
chr19	8977342	8985342	8977411	8000	8981342	-4000	4000	-3931
chr19	55162722	55170722	55166563	8000	55166722	-4000	4000	-159
chr19	5451417	5459417	5456387	8000	5455417	-4000	4000	970
chr19	14087036	14095036	14088519	8000	14091036	-4000	4000	-2517
chr19	15724024	15732024	15728156	8000	15728024	-4000	4000	132
chr19	17867945	17875945	17874507	8000	17871945	-4000	4000	2562
chr19	42438946	42446946	42442830	8000	42442946	-4000	4000	-116
chr19	46225742	46233742	46230157	8000	46229742	-4000	4000	415
chr19	47882315	47890315	47886192	8000	47886315	-4000	4000	-123
chr19	41084451	41092451	41090453	8000	41088451	-4000	4000	2002
chr19	8977342	8985342	8981324	8000	8981342	-4000	4000	-18
chr19	43461608	43469608	43461691	8000	43465608	-4000	4000	-3917
chr19	913287	921287	918593	8000	917287	-4000	4000	1306
chr19	50510690	50518690	50518396	8000	50514690	-4000	4000	3706
chr19	44938238	44946238	44945182	8000	44942238	-4000	4000	2944
chr19	7741662	7749662	7741769	8000	7745662	-4000	4000	-3893
chr19	54253301	54261301	54256265	8000	54257301	-4000	4000	-1036
chr19	18200042	18208042	18200347	8000	18204042	-4000	4000	-3695
chr19	42309309	42317309	42314314	8000	42313309	-4000	4000	1005
chr19	54812468	54820468	54819757	8000	54816468	-4000	4000	3289
chr19	4531224	4539224	4534054	8000	4535224	-4000	4000	-1170
chr19	6329612	6337612	6333467	8000	6333612	-4000	4000	-145
chr19	35741678	35749678	35746473	8000	35745678	-4000	4000	795
chr19	55650146	55658146	55651383	8000	55654146	-4000	4000	-2763
chr19	51383974	51391974	51387201	8000	51387974	-4000	4000	-773
chr19	54765793	54773793	54773495	8000	54769793	-4000	4000	3702
chr19	11415328	11423328	11415973	8000	11419328	-4000	4000	-3355
chr19	45402349	45410349	45409076	8000	45406349	-4000	4000	2727
chr19	39511113	39519113	39515929	8000	39515113	-4000	4000	816
chr19	42875822	42883822	42878060	8000	42879822	-4000	4000	-1762
chr19	49016523	49024523	49023993	8000	49020523	-4000	4000	3470
chr19	49061076	49069076	49061426	8000	49065076	-4000	4000	-3650
chr19	6420811	6428811	6426292	8000	6424811	-4000	4000	1481
chr19	20919222	20927222	20923309	8000	20923222	-4000	4000	87
chr19	54568920	54576920	54574904	8000	54572920	-4000	4000	1984
chr19	55176289	55184289	55181654	8000	55180289	-4000	4000	1365
chr19	43079045	43087045	43081183	8000	43083045	-4000	4000	-1862
chr19	55439300	55447300	55440706	8000	55443300	-4000	4000	-2594
chr19	50510690	50518690	50518289	8000	50514690	-4000	4000	3599
chr19	15445956	15453956	15448268	8000	15449956	-4000	4000	-1688
chr19	54902148	54910148	54909388	8000	54906148	-4000	4000	3240
chr19	9617236	9625236	9619434	8000	9621236	-4000	4000	-1802
chr19	55153773	55161773	55154173	8000	55157773	-4000	4000	-3600
chr19	9320174	9328174	9324216	8000	9324174	-4000	4000	42
chr19	38895862	38903862	38899706	8000	38899862	-4000	4000	-156
chr19	47741546	47749546	47742867	8000	47745546	-4000	4000	-2679
chr19	50715802	50723802	50716713	8000	50719802	-4000	4000	-3089
chr19	35347552	35355552	35352158	8000	35351552	-4000	4000	606
chr19	55145206	55153206	55145556	8000	55149206	-4000	4000	-3650
chr19	39241250	39249250	39244916	8000	39245250	-4000	4000	-334
chr19	39241250	39249250	39243675	8000	39245250	-4000	4000	-1575
chr19	10006504	10014504	10013583	8000	10010504	-4000	4000	3079
chr19	50510690	50518690	50518351	8000	50514690	-4000	4000	3661
chr19	18540077	18548077	18541835	8000	18544077	-4000	4000	-2242
chr19	42423388	42431388	42427158	8000	42427388	-4000	4000	-230
chr19	103104	111104	110808	8000	107104	-4000	4000	3704
chr19	54812468	54820468	54813928	8000	54816468	-4000	4000	-2540
chr19	54812468	54820468	54813929	8000	54816468	-4000	4000	-2539
chr19	41084451	41092451	41090558	8000	41088451	-4000	4000	2107
chr19	51080245	51088245	51081677	8000	51084245	-4000	4000	-2568
chr19	54568920	54576920	54574953	8000	54572920	-4000	4000	2033
chr19	23391471	23399471	23395440	8000	23395471	-4000	4000	-31
chr19	35741678	35749678	35745419	8000	35745678	-4000	4000	-259
chr19	1486752	1494752	1488080	8000	1490752	-4000	4000	-2672
chr19	4531224	4539224	4538698	8000	4535224	-4000	4000	3474
chr19	4531224	4539224	4538889	8000	4535224	-4000	4000	3665
chr19	7741662	7749662	7741906	8000	7745662	-4000	4000	-3756
chr19	10285952	10293952	10287127	8000	10289952	-4000	4000	-2825
chr19	10285952	10293952	10291220	8000	10289952	-4000	4000	1268
chr19	13770456	13778456	13772210	8000	13774456	-4000	4000	-2246
chr19	14937489	14945489	14941640	8000	14941489	-4000	4000	151
chr19	17456804	17464804	17460549	8000	17460804	-4000	4000	-255
chr19	17456804	17464804	17460683	8000	17460804	-4000	4000	-121
chr19	17519301	17527301	17520953	8000	17523301	-4000	4000	-2348
chr19	23754891	23762891	23758874	8000	23758891	-4000	4000	-17
chr19	34424352	34432352	34426070	8000	34428352	-4000	4000	-2282
chr19	35139250	35147250	35141166	8000	35143250	-4000	4000	-2084
chr19	35559658	35567658	35563481	8000	35563658	-4000	4000	-177
chr19	35809299	35817299	35812516	8000	35813299	-4000	4000	-783
chr19	35865287	35873287	35871295	8000	35869287	-4000	4000	2008
chr19	39402847	39410847	39408562	8000	39406847	-4000	4000	1715
chr19	39494895	39502895	39498980	8000	39498895	-4000	4000	85
chr19	40187426	40195426	40192577	8000	40191426	-4000	4000	1151
chr19	42423388	42431388	42426267	8000	42427388	-4000	4000	-1121
chr19	43265530	43273530	43268016	8000	43269530	-4000	4000	-1514
chr19	45366918	45374918	45370348	8000	45370918	-4000	4000	-570
chr19	47511091	47519091	47514840	8000	47515091	-4000	4000	-251
chr19	48715725	48723725	48720774	8000	48719725	-4000	4000	1049
chr19	48894744	48902744	48896432	8000	48898744	-4000	4000	-2312
chr19	48989562	48997562	48993805	8000	48993562	-4000	4000	243
chr19	49032895	49040895	49035647	8000	49036895	-4000	4000	-1248
chr19	50766464	50774464	50771032	8000	50770464	-4000	4000	568
chr19	50819787	50827787	50819949	8000	50823787	-4000	4000	-3838
chr19	50949093	50957093	50952610	8000	50953093	-4000	4000	-483
chr19	51024039	51032039	51024744	8000	51028039	-4000	4000	-3295
chr19	51221064	51229064	51225140	8000	51225064	-4000	4000	76
chr19	51365003	51373003	51368536	8000	51369003	-4000	4000	-467
chr19	51527856	51535856	51530831	8000	51531856	-4000	4000	-1025
chr19	52365917	52373917	52366789	8000	52369917	-4000	4000	-3128
chr19	53820394	53828394	53823922	8000	53824394	-4000	4000	-472
chr19	54335162	54343162	54337571	8000	54339162	-4000	4000	-1591
chr19	54765793	54773793	54773449	8000	54769793	-4000	4000	3656
chr19	54799611	54807611	54806007	8000	54803611	-4000	4000	2396
chr19	54812468	54820468	54819867	8000	54816468	-4000	4000	3399
chr19	55145206	55153206	55151807	8000	55149206	-4000	4000	2601
chr19	55162722	55170722	55165945	8000	55166722	-4000	4000	-777
chr19	55928336	55936336	55932114	8000	55932336	-4000	4000	-222
chr19	57453140	57461140	57455917	8000	57457140	-4000	4000	-1223
chr19	58179029	58187029	58186997	8000	58183029	-4000	4000	3968
chr19	4531224	4539224	4538667	8000	4535224	-4000	4000	3443
chr19	8694795	8702795	8698149	8000	8698795	-4000	4000	-646
chr19	4666362	4674362	4668602	8000	4670362	-4000	4000	-1760
chr19	48894744	48902744	48895380	8000	48898744	-4000	4000	-3364
chr19	49061076	49069076	49061493	8000	49065076	-4000	4000	-3583
chr19	43712076	43720076	43719784	8000	43716076	-4000	4000	3708
chr19	49032895	49040895	49033033	8000	49036895	-4000	4000	-3862
chr19	6429779	6437779	6432204	8000	6433779	-4000	4000	-1575
chr19	51138299	51146299	51144506	8000	51142299	-4000	4000	2207
chr19	12747702	12755702	12753273	8000	12751702	-4000	4000	1571
chr19	42915563	42923563	42916387	8000	42919563	-4000	4000	-3176
chr19	35865287	35873287	35871919	8000	35869287	-4000	4000	2632
chr19	51527856	51535856	51531308	8000	51531856	-4000	4000	-548
chr19	5451417	5459417	5456582	8000	5455417	-4000	4000	1165
chr19	43963862	43971862	43966823	8000	43967862	-4000	4000	-1039
chr19	46467563	46475563	46470318	8000	46471563	-4000	4000	-1245
chr19	8510167	8518167	8512480	8000	8514167	-4000	4000	-1687
chr19	38874275	38882275	38879289	8000	38878275	-4000	4000	1014
chr19	8977342	8985342	8980868	8000	8981342	-4000	4000	-474
chr19	48807029	48815029	48807036	8000	48811029	-4000	4000	-3993
chr19	51120906	51128906	51125659	8000	51124906	-4000	4000	753
chr19	103104	111104	110648	8000	107104	-4000	4000	3544
chr19	2973538	2981538	2980135	8000	2977538	-4000	4000	2597
chr19	4149631	4157631	4157085	8000	4153631	-4000	4000	3454
chr19	5451417	5459417	5456136	8000	5455417	-4000	4000	719
chr19	6461203	6469203	6468030	8000	6465203	-4000	4000	2827
chr19	6498848	6506848	6501519	8000	6502848	-4000	4000	-1329
chr19	7698146	7706146	7699784	8000	7702146	-4000	4000	-2362
chr19	8977342	8985342	8979851	8000	8981342	-4000	4000	-1491
chr19	9122950	9130950	9126660	8000	9126950	-4000	4000	-290
chr19	9122950	9130950	9126828	8000	9126950	-4000	4000	-122
chr19	11415328	11423328	11420813	8000	11419328	-4000	4000	1485
chr19	17867945	17875945	17872676	8000	17871945	-4000	4000	731
chr19	18540077	18548077	18541899	8000	18544077	-4000	4000	-2178
chr19	19258804	19266804	19266592	8000	19262804	-4000	4000	3788
chr19	32865767	32873767	32868461	8000	32869767	-4000	4000	-1306
chr19	34960229	34968229	34960332	8000	34964229	-4000	4000	-3897
chr19	39494895	39502895	39498926	8000	39498895	-4000	4000	31
chr19	39700481	39708481	39707215	8000	39704481	-4000	4000	2734
chr19	39734029	39742029	39734408	8000	39738029	-4000	4000	-3621
chr19	41879173	41887173	41879578	8000	41883173	-4000	4000	-3595
chr19	45688403	45696403	45692137	8000	45692403	-4000	4000	-266
chr19	46467563	46475563	46470604	8000	46471563	-4000	4000	-959
chr19	48040079	48048079	48040723	8000	48044079	-4000	4000	-3356
chr19	48832510	48840510	48837541	8000	48836510	-4000	4000	1031
chr19	48961309	48969309	48966708	8000	48965309	-4000	4000	1399
chr19	50850915	50858915	50858213	8000	50854915	-4000	4000	3298
chr19	50907395	50915395	50908217	8000	50911395	-4000	4000	-3178
chr19	51120906	51128906	51125274	8000	51124906	-4000	4000	368
chr19	51413803	51421803	51415278	8000	51417803	-4000	4000	-2525
chr19	51454456	51462456	51457470	8000	51458456	-4000	4000	-986
chr19	51886950	51894950	51890570	8000	51890950	-4000	4000	-380
chr19	51886950	51894950	51891810	8000	51890950	-4000	4000	860
chr19	52026240	52034240	52033745	8000	52030240	-4000	4000	3505
chr19	52449553	52457553	52451633	8000	52453553	-4000	4000	-1920
chr19	52449553	52457553	52451829	8000	52453553	-4000	4000	-1724
chr19	53628056	53636056	53634590	8000	53632056	-4000	4000	2534
chr19	54185938	54193938	54188496	8000	54189938	-4000	4000	-1442
chr19	54589582	54597582	54594786	8000	54593582	-4000	4000	1204
chr19	54589582	54597582	54595746	8000	54593582	-4000	4000	2164
chr19	54734513	54742513	54735323	8000	54738513	-4000	4000	-3190
chr19	54734513	54742513	54742101	8000	54738513	-4000	4000	3588
chr19	54812468	54820468	54814218	8000	54816468	-4000	4000	-2250
chr19	54812468	54820468	54818386	8000	54816468	-4000	4000	1918
chr19	55162722	55170722	55166516	8000	55166722	-4000	4000	-206
chr19	57453140	57461140	57456267	8000	57457140	-4000	4000	-873
chr19	57473570	57481570	57473944	8000	57477570	-4000	4000	-3626
chr19	58447611	58455611	58453763	8000	58451611	-4000	4000	2152
chr19	7503052	7511052	7505387	8000	7507052	-4000	4000	-1665
chr19	17330920	17338920	17338729	8000	17334920	-4000	4000	3809
chr19	33076899	33084899	33081263	8000	33080899	-4000	4000	364
chr19	49068699	49076699	49070754	8000	49072699	-4000	4000	-1945
chr19	53263723	53271723	53267112	8000	53267723	-4000	4000	-611
chr19	57227009	57235009	57232109	8000	57231009	-4000	4000	1100
chr19	35288125	35296125	35295902	8000	35292125	-4000	4000	3777
chr19	50766464	50774464	50770705	8000	50770464	-4000	4000	241
chr19	4275266	4283266	4283132	8000	4279266	-4000	4000	3866
chr19	54589582	54597582	54595911	8000	54593582	-4000	4000	2329
chr19	7759210	7767210	7766339	8000	7763210	-4000	4000	3129
chr19	11292139	11300139	11296291	8000	11296139	-4000	4000	152
chr19	48360367	48368367	48363928	8000	48364367	-4000	4000	-439
chr19	49661142	49669142	49665881	8000	49665142	-4000	4000	739
chr19	15445956	15453956	15451897	8000	15449956	-4000	4000	1941
chr19	39700481	39708481	39706003	8000	39704481	-4000	4000	1522
chr19	405147	413147	407162	8000	409147	-4000	4000	-1985
chr19	9243344	9251344	9251175	8000	9247344	-4000	4000	3831
chr19	49039848	49047848	49044185	8000	49043848	-4000	4000	337
chr19	23754891	23762891	23758890	8000	23758891	-4000	4000	-1
chr19	51024039	51032039	51029226	8000	51028039	-4000	4000	1187
chr19	54799611	54807611	54806222	8000	54803611	-4000	4000	2611
chr19	57999349	58007349	58002409	8000	58003349	-4000	4000	-940
chr19	13902201	13910201	13904884	8000	13906201	-4000	4000	-1317
chr19	45366918	45374918	45370228	8000	45370918	-4000	4000	-690
chr19	45366918	45374918	45370229	8000	45370918	-4000	4000	-689
chr19	50715802	50723802	50723535	8000	50719802	-4000	4000	3733
chr19	11921075	11929075	11925155	8000	11925075	-4000	4000	80
chr19	53263723	53271723	53267183	8000	53267723	-4000	4000	-540
chr19	15724024	15732024	15728641	8000	15728024	-4000	4000	617
chr19	54568920	54576920	54576051	8000	54572920	-4000	4000	3131
chr19	54812468	54820468	54814275	8000	54816468	-4000	4000	-2193
chr19	12662742	12670742	12668410	8000	12666742	-4000	4000	1668
chr19	35754079	35762079	35754133	8000	35758079	-4000	4000	-3946
chr19	42309309	42317309	42316688	8000	42313309	-4000	4000	3379
chr19	23754891	23762891	23758891	8000	23758891	-4000	4000	0
chr19	49954391	49962391	49958325	8000	49958391	-4000	4000	-66
chr19	8977342	8985342	8981324	8000	8981342	-4000	4000	-18
chr19	55145206	55153206	55148023	8000	55149206	-4000	4000	-1183
chr19	49814282	49822282	49819204	8000	49818282	-4000	4000	922
chr19	8977342	8985342	8979551	8000	8981342	-4000	4000	-1791
chr19	41436717	41444717	41438246	8000	41440717	-4000	4000	-2471
chr19	6478557	6486557	6480052	8000	6482557	-4000	4000	-2505
chr19	50428892	50436892	50435801	8000	50432892	-4000	4000	2909
chr19	41084451	41092451	41088972	8000	41088451	-4000	4000	521
chr19	48950815	48958815	48955789	8000	48954815	-4000	4000	974
chr19	51120906	51128906	51125847	8000	51124906	-4000	4000	941
chr19	49016523	49024523	49022985	8000	49020523	-4000	4000	2462
chr19	49954391	49962391	49960349	8000	49958391	-4000	4000	1958
chr19	50850915	50858915	50858591	8000	50854915	-4000	4000	3676
chr19	8977342	8985342	8980837	8000	8981342	-4000	4000	-505
chr19	54799611	54807611	54803614	8000	54803611	-4000	4000	3
chr19	8510167	8518167	8512415	8000	8514167	-4000	4000	-1752
chr19	18200042	18208042	18202699	8000	18204042	-4000	4000	-1343
chr19	35354460	35362460	35358923	8000	35358460	-4000	4000	463
chr19	35741678	35749678	35746845	8000	35745678	-4000	4000	1167
chr19	43349686	43357686	43355722	8000	43353686	-4000	4000	2036
chr19	48751390	48759390	48756331	8000	48755390	-4000	4000	941
chr19	54589582	54597582	54595936	8000	54593582	-4000	4000	2354
chr19	54799611	54807611	54805965	8000	54803611	-4000	4000	2354
chr19	11193791	11201791	11200929	8000	11197791	-4000	4000	3138
chr19	39241250	39249250	39244885	8000	39245250	-4000	4000	-365
chr19	46409564	46417564	46412571	8000	46413564	-4000	4000	-993
chr19	54734513	54742513	54736486	8000	54738513	-4000	4000	-2027
chr19	15724024	15732024	15728089	8000	15728024	-4000	4000	65
chr19	40746637	40754637	40751386	8000	40750637	-4000	4000	749
chr19	46409564	46417564	46411032	8000	46413564	-4000	4000	-2532
chr19	58463056	58471056	58469210	8000	58467056	-4000	4000	2154
chr19	19258804	19266804	19266568	8000	19262804	-4000	4000	3764
chr19	10583315	10591315	10587276	8000	10587315	-4000	4000	-39
chr19	55533133	55541133	55536290	8000	55537133	-4000	4000	-843
chr19	14027762	14035762	14031931	8000	14031762	-4000	4000	169
chr19	51138299	51146299	51144563	8000	51142299	-4000	4000	2264
chr19	23754891	23762891	23754893	8000	23758891	-4000	4000	-3998
chr19	48989562	48997562	48991424	8000	48993562	-4000	4000	-2138
chr19	51031230	51039230	51031918	8000	51035230	-4000	4000	-3312
chr19	51138299	51146299	51146077	8000	51142299	-4000	4000	3778
chr19	55153773	55161773	55159217	8000	55157773	-4000	4000	1444
chr19	56389538	56397538	56390426	8000	56393538	-4000	4000	-3112
chr19	43712076	43720076	43719696	8000	43716076	-4000	4000	3620
chr19	48360367	48368367	48365837	8000	48364367	-4000	4000	1470
chr19	4531224	4539224	4538455	8000	4535224	-4000	4000	3231
chr19	21763579	21771579	21767509	8000	21767579	-4000	4000	-70
chr19	54309166	54317166	54312143	8000	54313166	-4000	4000	-1023
chr19	51005581	51013581	51009276	8000	51009581	-4000	4000	-305
chr19	18787305	18795305	18787509	8000	18791305	-4000	4000	-3796
chr19	8498640	8506640	8499649	8000	8502640	-4000	4000	-2991
chr19	45402349	45410349	45409517	8000	45406349	-4000	4000	3168
chr19	43182536	43190536	43186346	8000	43186536	-4000	4000	-190
chr19	43500935	43508935	43502231	8000	43504935	-4000	4000	-2704
chr19	46409564	46417564	46411348	8000	46413564	-4000	4000	-2216
chr19	287403	295403	287568	8000	291403	-4000	4000	-3835
chr19	4275266	4283266	4280125	8000	4279266	-4000	4000	859
chr19	46409564	46417564	46411242	8000	46413564	-4000	4000	-2322
chr19	629537	637537	630130	8000	633537	-4000	4000	-3407
chr19	54846443	54854443	54852222	8000	54850443	-4000	4000	1779
chr19	40572853	40580853	40575631	8000	40576853	-4000	4000	-1222
chr19	15018990	15026990	15020569	8000	15022990	-4000	4000	-2421
chr19	46632541	46640541	46637555	8000	46636541	-4000	4000	1014
chr19	35809299	35817299	35812777	8000	35813299	-4000	4000	-522
chr19	54720442	54728442	54727647	8000	54724442	-4000	4000	3205
chr19	847014	855014	853386	8000	851014	-4000	4000	2372
chr19	35625030	35633030	35631558	8000	35629030	-4000	4000	2528
chr19	38874275	38882275	38879629	8000	38878275	-4000	4000	1354
chr19	49954391	49962391	49960636	8000	49958391	-4000	4000	2245
chr19	42736481	42744481	42738776	8000	42740481	-4000	4000	-1705
chr19	45402349	45410349	45409519	8000	45406349	-4000	4000	3170
chr19	12136355	12144355	12140266	8000	12140355	-4000	4000	-89
chr19	46409564	46417564	46411577	8000	46413564	-4000	4000	-1987
chr19	5451417	5459417	5456792	8000	5455417	-4000	4000	1375
chr19	17456804	17464804	17460904	8000	17460804	-4000	4000	100
chr19	49358457	49366457	49365601	8000	49362457	-4000	4000	3144
chr19	54277184	54285184	54278293	8000	54281184	-4000	4000	-2891
chr19	51413803	51421803	51415250	8000	51417803	-4000	4000	-2553
chr19	7676833	7684833	7678388	8000	7680833	-4000	4000	-2445
chr19	35150730	35158730	35153967	8000	35154730	-4000	4000	-763
chr19	51024039	51032039	51029442	8000	51028039	-4000	4000	1403
chr19	51138299	51146299	51144535	8000	51142299	-4000	4000	2236
chr19	57678045	57686045	57679132	8000	57682045	-4000	4000	-2913
chr19	372026	380026	373480	8000	376026	-4000	4000	-2546
chr19	15445956	15453956	15452741	8000	15449956	-4000	4000	2785
chr19	45910778	45918778	45914358	8000	45914778	-4000	4000	-420
chr19	8977342	8985342	8980200	8000	8981342	-4000	4000	-1142
chr19	41702976	41710976	41709704	8000	41706976	-4000	4000	2728
chr19	22048430	22056430	22052471	8000	22052430	-4000	4000	41
chr19	39408669	39416669	39408710	8000	39412669	-4000	4000	-3959
chr19	18787305	18795305	18791255	8000	18791305	-4000	4000	-50
chr19	8694795	8702795	8697530	8000	8698795	-4000	4000	-1265
chr19	56389538	56397538	56391822	8000	56393538	-4000	4000	-1716
chr19	51413803	51421803	51416223	8000	51417803	-4000	4000	-1580
chr19	46467563	46475563	46470615	8000	46471563	-4000	4000	-948
chr19	6389981	6397981	6396546	8000	6393981	-4000	4000	2565
chr19	54309166	54317166	54311614	8000	54313166	-4000	4000	-1552
chr19	35367068	35375068	35371944	8000	35371068	-4000	4000	876
chr19	35524351	35532351	35526854	8000	35528351	-4000	4000	-1497
chr19	1379527	1387527	1383593	8000	1383527	-4000	4000	66
chr19	23754891	23762891	23758823	8000	23758891	-4000	4000	-68
chr19	8694795	8702795	8697746	8000	8698795	-4000	4000	-1049
chr19	54846443	54854443	54852066	8000	54850443	-4000	4000	1623
chr19	54309166	54317166	54311930	8000	54313166	-4000	4000	-1236
chr19	43182536	43190536	43183440	8000	43186536	-4000	4000	-3096
chr19	51474622	51482622	51478589	8000	51478622	-4000	4000	-33
chr19	6429779	6437779	6432149	8000	6433779	-4000	4000	-1630
chr19	17330920	17338920	17333144	8000	17334920	-4000	4000	-1776
chr19	35224739	35232739	35224889	8000	35228739	-4000	4000	-3850
chr19	42933207	42941207	42935463	8000	42937207	-4000	4000	-1744
chr19	56389538	56397538	56391825	8000	56393538	-4000	4000	-1713
chr19	35559658	35567658	35563431	8000	35563658	-4000	4000	-227
chr19	51016175	51024175	51023827	8000	51020175	-4000	4000	3652
chr19	35354460	35362460	35359043	8000	35358460	-4000	4000	583
chr19	14027762	14035762	14032392	8000	14031762	-4000	4000	630
chr19	57678045	57686045	57679047	8000	57682045	-4000	4000	-2998
chr19	4531224	4539224	4538646	8000	4535224	-4000	4000	3422
chr19	16063021	16071021	16067513	8000	16067021	-4000	4000	492
chr19	21078159	21086159	21082264	8000	21082159	-4000	4000	105
chr19	44496524	44504524	44497362	8000	44500524	-4000	4000	-3162
chr19	35559658	35567658	35560377	8000	35563658	-4000	4000	-3281
chr19	48509935	48517935	48511565	8000	48513935	-4000	4000	-2370
chr19	19258804	19266804	19260922	8000	19262804	-4000	4000	-1882
chr19	57473570	57481570	57474265	8000	57477570	-4000	4000	-3305
chr19	42875822	42883822	42878114	8000	42879822	-4000	4000	-1708
chr19	54765793	54773793	54769830	8000	54769793	-4000	4000	37
chr19	57227009	57235009	57232225	8000	57231009	-4000	4000	1216
chr19	54812468	54820468	54813280	8000	54816468	-4000	4000	-3188
chr19	41084451	41092451	41090099	8000	41088451	-4000	4000	1648
chr19	18787305	18795305	18788864	8000	18791305	-4000	4000	-2441
chr19	48989562	48997562	48993789	8000	48993562	-4000	4000	227
chr19	53254292	53262292	53258617	8000	53258292	-4000	4000	325
chr19	57678045	57686045	57678826	8000	57682045	-4000	4000	-3219
chr19	50819787	50827787	50825431	8000	50823787	-4000	4000	1644
chr19	54902148	54910148	54906657	8000	54906148	-4000	4000	509
chr19	3768228	3776228	3771700	8000	3772228	-4000	4000	-528
chr19	49763001	49771001	49763167	8000	49767001	-4000	4000	-3834
chr19	33128090	33136090	33130362	8000	33132090	-4000	4000	-1728
chr19	41084451	41092451	41090070	8000	41088451	-4000	4000	1619
chr19	42309309	42317309	42315205	8000	42313309	-4000	4000	1896
chr19	43461608	43469608	43465587	8000	43465608	-4000	4000	-21
chr19	43963862	43971862	43967155	8000	43967862	-4000	4000	-707
chr19	46409564	46417564	46412107	8000	46413564	-4000	4000	-1457
chr19	49032895	49040895	49032962	8000	49036895	-4000	4000	-3933
chr19	49358457	49366457	49359478	8000	49362457	-4000	4000	-2979
chr19	51454456	51462456	51457516	8000	51458456	-4000	4000	-940
chr19	40721784	40729784	40729240	8000	40725784	-4000	4000	3456
chr19	42309309	42317309	42310368	8000	42313309	-4000	4000	-2941
chr19	54589582	54597582	54595786	8000	54593582	-4000	4000	2204
chr19	50766464	50774464	50771389	8000	50770464	-4000	4000	925
chr19	4149631	4157631	4157068	8000	4153631	-4000	4000	3437
chr19	39241250	39249250	39243695	8000	39245250	-4000	4000	-1555
chr19	9243344	9251344	9251136	8000	9247344	-4000	4000	3792
chr19	29807991	29815991	29812659	8000	29811991	-4000	4000	668
chr19	40421992	40429992	40422975	8000	40425992	-4000	4000	-3017
chr19	42309309	42317309	42314323	8000	42313309	-4000	4000	1014
chr19	42423388	42431388	42428963	8000	42427388	-4000	4000	1575
chr19	49524003	49532003	49525326	8000	49528003	-4000	4000	-2677
chr19	49814282	49822282	49818423	8000	49818282	-4000	4000	141
chr19	51886950	51894950	51891370	8000	51890950	-4000	4000	420
chr19	56172008	56180008	56177156	8000	56176008	-4000	4000	1148
chr19	57316472	57324472	57323753	8000	57320472	-4000	4000	3281
chr19	46467563	46475563	46469802	8000	46471563	-4000	4000	-1761
chr20	31633912	31641912	31640098	8000	31637912	-4000	4000	2186
chr20	45877227	45885227	45884746	8000	45881227	-4000	4000	3519
chr20	63976008	63984008	63981233	8000	63980008	-4000	4000	1225
chr20	50955140	50963140	50958995	8000	50959140	-4000	4000	-145
chr20	2660219	2668219	2663701	8000	2664219	-4000	4000	-518
chr20	31601283	31609283	31606051	8000	31605283	-4000	4000	768
chr20	45203033	45211033	45207553	8000	45207033	-4000	4000	520
chr20	57491366	57499366	57498671	8000	57495366	-4000	4000	3305
chr20	49808713	49816713	49815113	8000	49812713	-4000	4000	2400
chr20	23747268	23755268	23747872	8000	23751268	-4000	4000	-3396
chr20	59296443	59304443	59301613	8000	59300443	-4000	4000	1170
chr20	23487101	23495101	23491535	8000	23491101	-4000	4000	434
chr20	46004908	46012908	46008941	8000	46008908	-4000	4000	33
chr20	33670463	33678463	33676943	8000	33674463	-4000	4000	2480
chr20	20048514	20056514	20055952	8000	20052514	-4000	4000	3438
chr20	45853614	45861614	45857701	8000	45857614	-4000	4000	87
chr20	56244732	56252732	56249510	8000	56248732	-4000	4000	778
chr20	45170902	45178902	45176030	8000	45174902	-4000	4000	1128
chr20	912334	920334	916166	8000	916334	-4000	4000	-168
chr20	63268694	63276694	63276635	8000	63272694	-4000	4000	3941
chr20	23031312	23039312	23035861	8000	23035312	-4000	4000	549
chr20	38720486	38728486	38728381	8000	38724486	-4000	4000	3895
chr20	2796627	2804627	2798232	8000	2800627	-4000	4000	-2395
chr20	23031312	23039312	23035855	8000	23035312	-4000	4000	543
chr20	56244732	56252732	56248792	8000	56248732	-4000	4000	60
chr20	23875748	23883748	23879493	8000	23879748	-4000	4000	-255
chr20	1222044	1230044	1228493	8000	1226044	-4000	4000	2449
chr20	45701019	45709019	45705019	8000	45705019	-4000	4000	0
chr20	57521652	57529652	57523871	8000	57525652	-4000	4000	-1781
chr20	912334	920334	915904	8000	916334	-4000	4000	-430
chr20	50186830	50194830	50192415	8000	50190830	-4000	4000	1585
chr20	23031312	23039312	23036296	8000	23035312	-4000	4000	984
chr20	23875748	23883748	23877595	8000	23879748	-4000	4000	-2153
chr20	23601917	23609917	23603556	8000	23605917	-4000	4000	-2361
chr20	56244732	56252732	56249513	8000	56248732	-4000	4000	781
chr20	4245287	4253287	4248523	8000	4249287	-4000	4000	-764
chr20	35288425	35296425	35288496	8000	35292425	-4000	4000	-3929
chr20	23082324	23090324	23084749	8000	23086324	-4000	4000	-1575
chr20	342782	350782	349807	8000	346782	-4000	4000	3025
chr20	2796627	2804627	2798440	8000	2800627	-4000	4000	-2187
chr20	35274131	35282131	35280717	8000	35278131	-4000	4000	2586
chr20	35538038	35546038	35544581	8000	35542038	-4000	4000	2543
chr20	36769818	36777818	36771040	8000	36773818	-4000	4000	-2778
chr20	38577195	38585195	38581270	8000	38581195	-4000	4000	75
chr20	50955140	50963140	50959456	8000	50959140	-4000	4000	316
chr20	35738312	35746312	35740880	8000	35742312	-4000	4000	-1432
chr20	4245287	4253287	4248430	8000	4249287	-4000	4000	-857
chr20	23031312	23039312	23035882	8000	23035312	-4000	4000	570
chr20	23031312	23039312	23036559	8000	23035312	-4000	4000	1247
chr20	35280985	35288985	35287815	8000	35284985	-4000	4000	2830
chr20	44710844	44718844	44715295	8000	44714844	-4000	4000	451
chr20	45217373	45225373	45222256	8000	45221373	-4000	4000	883
chr20	45877227	45885227	45883463	8000	45881227	-4000	4000	2236
chr20	50955140	50963140	50959320	8000	50959140	-4000	4000	180
chr20	57521652	57529652	57523887	8000	57525652	-4000	4000	-1765
chr20	62118461	62126461	62124660	8000	62122461	-4000	4000	2199
chr20	45787954	45795954	45788975	8000	45791954	-4000	4000	-2979
chr20	31472757	31480757	31476638	8000	31476757	-4000	4000	-119
chr20	62704836	62712836	62709615	8000	62708836	-4000	4000	779
chr20	23747268	23755268	23750753	8000	23751268	-4000	4000	-515
chr20	31472757	31480757	31476781	8000	31476757	-4000	4000	24
chr20	57521652	57529652	57523979	8000	57525652	-4000	4000	-1673
chr20	62118461	62126461	62124643	8000	62122461	-4000	4000	2182
chr20	33670463	33678463	33677256	8000	33674463	-4000	4000	2793
chr20	23487101	23495101	23493000	8000	23491101	-4000	4000	1899
chr20	45170902	45178902	45176031	8000	45174902	-4000	4000	1129
chr20	185711	193711	189585	8000	189711	-4000	4000	-126
chr20	4717909	4725909	4725336	8000	4721909	-4000	4000	3427
chr20	38744460	38752460	38752281	8000	38748460	-4000	4000	3821
chr20	38300150	38308150	38307571	8000	38304150	-4000	4000	3421
chr20	23984779	23992779	23985775	8000	23988779	-4000	4000	-3004
chr20	25078141	25086141	25079482	8000	25082141	-4000	4000	-2659
chr20	45808576	45816576	45811251	8000	45812576	-4000	4000	-1325
chr20	45883622	45891622	45887139	8000	45887622	-4000	4000	-483
chr20	912334	920334	915988	8000	916334	-4000	4000	-346
chr20	25403673	25411673	25407894	8000	25407673	-4000	4000	221
chr20	45359200	45367200	45363600	8000	45363200	-4000	4000	400
chr20	153454	161454	158816	8000	157454	-4000	4000	1362
chr20	20048514	20056514	20052417	8000	20052514	-4000	4000	-97
chr20	63268694	63276694	63276559	8000	63272694	-4000	4000	3865
chr20	31815308	31823308	31821680	8000	31819308	-4000	4000	2372
chr20	17222107	17230107	17227338	8000	17226107	-4000	4000	1231
chr20	22581455	22589455	22582278	8000	22585455	-4000	4000	-3177
chr20	63965930	63973930	63966606	8000	63969930	-4000	4000	-3324
chr20	62383103	62391103	62390236	8000	62387103	-4000	4000	3133
chr20	56408112	56416112	56412481	8000	56412112	-4000	4000	369
chr20	23031312	23039312	23036565	8000	23035312	-4000	4000	1253
chr20	45217373	45225373	45222429	8000	45221373	-4000	4000	1056
chr20	253724	261724	259145	8000	257724	-4000	4000	1421
chr20	35538038	35546038	35542892	8000	35542038	-4000	4000	854
chr20	31719989	31727989	31721772	8000	31723989	-4000	4000	-2217
chr20	62704836	62712836	62709649	8000	62708836	-4000	4000	813
chr20	45203033	45211033	45208250	8000	45207033	-4000	4000	1217
chr20	46004908	46012908	46009878	8000	46008908	-4000	4000	970
chr20	45829745	45837745	45834847	8000	45833745	-4000	4000	1102
chr20	46680467	46688467	46686445	8000	46684467	-4000	4000	1978
chr20	31386590	31394590	31389150	8000	31390590	-4000	4000	-1440
chr20	7936458	7944458	7940355	8000	7940458	-4000	4000	-103
chr20	223258	231258	229545	8000	227258	-4000	4000	2287
chr20	45217373	45225373	45222605	8000	45221373	-4000	4000	1232
chr20	63543891	63551891	63544266	8000	63547891	-4000	4000	-3625
chr20	2097827	2105827	2103256	8000	2101827	-4000	4000	1429
chr20	20048514	20056514	20052413	8000	20052514	-4000	4000	-101
chr20	32581333	32589333	32584646	8000	32585333	-4000	4000	-687
chr20	35950564	35958564	35954599	8000	35954564	-4000	4000	35
chr20	43723002	43731002	43726271	8000	43727002	-4000	4000	-731
chr20	43723002	43731002	43726272	8000	43727002	-4000	4000	-730
chr20	45877227	45885227	45882787	8000	45881227	-4000	4000	1560
chr20	56388371	56396371	56395576	8000	56392371	-4000	4000	3205
chr20	25403673	25411673	25407746	8000	25407673	-4000	4000	73
chr20	25403673	25411673	25407747	8000	25407673	-4000	4000	74
chr20	912334	920334	916117	8000	916334	-4000	4000	-217
chr20	23082324	23090324	23085102	8000	23086324	-4000	4000	-1222
chr20	21701659	21709659	21706664	8000	21705659	-4000	4000	1005
chr20	57557080	57565080	57563708	8000	57561080	-4000	4000	2628
chr20	54169986	54177986	54172907	8000	54173986	-4000	4000	-1079
chr20	45511622	45519622	45512752	8000	45515622	-4000	4000	-2870
chr20	56001519	56009519	56003883	8000	56005519	-4000	4000	-1636
chr20	23346791	23354791	23354037	8000	23350791	-4000	4000	3246
chr20	2796627	2804627	2797194	8000	2800627	-4000	4000	-3433
chr20	63231883	63239883	63236286	8000	63235883	-4000	4000	403
chr20	63976008	63984008	63977022	8000	63980008	-4000	4000	-2986
chr20	21510064	21518064	21512331	8000	21514064	-4000	4000	-1733
chr20	45877227	45885227	45877544	8000	45881227	-4000	4000	-3683
chr20	44206771	44214771	44206955	8000	44210771	-4000	4000	-3816
chr20	47352889	47360889	47356699	8000	47356889	-4000	4000	-190
chr20	4717909	4725909	4724548	8000	4721909	-4000	4000	2639
chr20	45217373	45225373	45222255	8000	45221373	-4000	4000	882
chr20	57557080	57565080	57562873	8000	57561080	-4000	4000	1793
chr20	23487101	23495101	23491896	8000	23491101	-4000	4000	795
chr20	63704864	63712864	63706357	8000	63708864	-4000	4000	-2507
chr20	33670463	33678463	33677213	8000	33674463	-4000	4000	2750
chr20	22581455	22589455	22584221	8000	22585455	-4000	4000	-1234
chr20	45511622	45519622	45512674	8000	45515622	-4000	4000	-2948
chr20	4717909	4725909	4724742	8000	4721909	-4000	4000	2833
chr20	20048514	20056514	20052492	8000	20052514	-4000	4000	-22
chr20	63231883	63239883	63236303	8000	63235883	-4000	4000	420
chr20	9510358	9518358	9518088	8000	9514358	-4000	4000	3730
chr20	23031312	23039312	23036504	8000	23035312	-4000	4000	1192
chr20	13781007	13789007	13788593	8000	13785007	-4000	4000	3586
chr20	56001519	56009519	56003951	8000	56005519	-4000	4000	-1568
chr20	31815308	31823308	31820461	8000	31819308	-4000	4000	1153
chr20	18493225	18501225	18493964	8000	18497225	-4000	4000	-3261
chr20	2097827	2105827	2102909	8000	2101827	-4000	4000	1082
chr20	31815308	31823308	31820304	8000	31819308	-4000	4000	996
chr20	64098394	64106394	64098951	8000	64102394	-4000	4000	-3443
chr20	50955140	50963140	50960807	8000	50959140	-4000	4000	1667
chr20	31386590	31394590	31389075	8000	31390590	-4000	4000	-1515
chr20	31633912	31641912	31640089	8000	31637912	-4000	4000	2177
chr20	59296443	59304443	59301462	8000	59300443	-4000	4000	1019
chr20	18493225	18501225	18497235	8000	18497225	-4000	4000	10
chr20	57387396	57395396	57392773	8000	57391396	-4000	4000	1377
chr20	31866634	31874634	31870909	8000	31870634	-4000	4000	275
chr20	45217373	45225373	45222507	8000	45221373	-4000	4000	1134
chr20	54169986	54177986	54173074	8000	54173986	-4000	4000	-912
chr20	63655300	63663300	63661917	8000	63659300	-4000	4000	2617
chr20	45877227	45885227	45877938	8000	45881227	-4000	4000	-3289
chr20	23082324	23090324	23085127	8000	23086324	-4000	4000	-1197
chr20	57557080	57565080	57562810	8000	57561080	-4000	4000	1730
chr20	56244732	56252732	56249092	8000	56248732	-4000	4000	360
chr20	50927437	50935437	50935120	8000	50931437	-4000	4000	3683
chr20	62227922	62235922	62233419	8000	62231922	-4000	4000	1497
chr20	185711	193711	188002	8000	189711	-4000	4000	-1709
chr20	23082324	23090324	23084441	8000	23086324	-4000	4000	-1883
chr20	54471593	54479593	54475980	8000	54475593	-4000	4000	387
chr20	4717909	4725909	4724801	8000	4721909	-4000	4000	2892
chr20	46004908	46012908	46011246	8000	46008908	-4000	4000	2338
chr20	61248261	61256261	61254841	8000	61252261	-4000	4000	2580
chr20	23346791	23354791	23354134	8000	23350791	-4000	4000	3343
chr20	40685236	40693236	40688823	8000	40689236	-4000	4000	-413
chr20	45304529	45312529	45305520	8000	45308529	-4000	4000	-3009
chr20	45877227	45885227	45877969	8000	45881227	-4000	4000	-3258
chr20	63704864	63712864	63706732	8000	63708864	-4000	4000	-2132
chr20	63704864	63712864	63706733	8000	63708864	-4000	4000	-2131
chr20	45250564	45258564	45252404	8000	45254564	-4000	4000	-2160
chr20	44518085	44526085	44521974	8000	44522085	-4000	4000	-111
chr20	46004908	46012908	46011651	8000	46008908	-4000	4000	2743
chr20	40685236	40693236	40687876	8000	40689236	-4000	4000	-1360
chr20	45359200	45367200	45367067	8000	45363200	-4000	4000	3867
chr20	31386590	31394590	31390497	8000	31390590	-4000	4000	-93
chr20	35280985	35288985	35287365	8000	35284985	-4000	4000	2380
chr20	35288425	35296425	35288800	8000	35292425	-4000	4000	-3625
chr20	321552	329552	329193	8000	325552	-4000	4000	3641
chr20	3235559	3243559	3238090	8000	3239559	-4000	4000	-1469
chr20	3816524	3824524	3822135	8000	3820524	-4000	4000	1611
chr20	35280985	35288985	35287423	8000	35284985	-4000	4000	2438
chr20	43454054	43462054	43460990	8000	43458054	-4000	4000	2936
chr20	62934147	62942147	62941505	8000	62938147	-4000	4000	3358
chr20	57557080	57565080	57563720	8000	57561080	-4000	4000	2640
chr20	18493225	18501225	18494014	8000	18497225	-4000	4000	-3211
chr20	9510358	9518358	9514803	8000	9514358	-4000	4000	445
chr20	17222107	17230107	17227196	8000	17226107	-4000	4000	1089
chr20	31964151	31972151	31968463	8000	31968151	-4000	4000	312
chr20	3816524	3824524	3824332	8000	3820524	-4000	4000	3808
chr20	45170902	45178902	45174961	8000	45174902	-4000	4000	59
chr20	57387396	57395396	57391744	8000	57391396	-4000	4000	348
chr20	44333043	44341043	44337287	8000	44337043	-4000	4000	244
chr20	2532573	2540573	2537271	8000	2536573	-4000	4000	698
chr20	3816524	3824524	3824282	8000	3820524	-4000	4000	3758
chr20	23082324	23090324	23085593	8000	23086324	-4000	4000	-731
chr20	45111172	45119172	45115022	8000	45115172	-4000	4000	-150
chr20	45877227	45885227	45877733	8000	45881227	-4000	4000	-3494
chr20	23417519	23425519	23421413	8000	23421519	-4000	4000	-106
chr20	31253664	31261664	31259577	8000	31257664	-4000	4000	1913
chr20	20048514	20056514	20052544	8000	20052514	-4000	4000	30
chr20	45170902	45178902	45176105	8000	45174902	-4000	4000	1203
chr20	44333043	44341043	44337378	8000	44337043	-4000	4000	335
chr20	64098394	64106394	64098780	8000	64102394	-4000	4000	-3614
chr20	23031312	23039312	23036455	8000	23035312	-4000	4000	1143
chr20	35525652	35533652	35528470	8000	35529652	-4000	4000	-1182
chr20	45203033	45211033	45207509	8000	45207033	-4000	4000	476
chr20	31815308	31823308	31819607	8000	31819308	-4000	4000	299
chr20	35280985	35288985	35287069	8000	35284985	-4000	4000	2084
chr20	22581455	22589455	22582687	8000	22585455	-4000	4000	-2768
chr20	57387396	57395396	57392701	8000	57391396	-4000	4000	1305
chr20	62216278	62224278	62219801	8000	62220278	-4000	4000	-477
chr20	17222107	17230107	17227471	8000	17226107	-4000	4000	1364
chr20	23822729	23830729	23826447	8000	23826729	-4000	4000	-282
chr20	23601917	23609917	23603473	8000	23605917	-4000	4000	-2444
chr20	62179028	62187028	62181557	8000	62183028	-4000	4000	-1471
chr20	50927437	50935437	50935034	8000	50931437	-4000	4000	3597
chr20	45304529	45312529	45312227	8000	45308529	-4000	4000	3698
chr20	31472757	31480757	31476489	8000	31476757	-4000	4000	-268
chr20	31472757	31480757	31476415	8000	31476757	-4000	4000	-342
chr20	45575326	45583326	45579287	8000	45579326	-4000	4000	-39
chr20	62383103	62391103	62388332	8000	62387103	-4000	4000	1229
chr20	31719989	31727989	31722147	8000	31723989	-4000	4000	-1842
chr20	44518085	44526085	44522018	8000	44522085	-4000	4000	-67
chr20	35538038	35546038	35544651	8000	35542038	-4000	4000	2613
chr20	23822729	23830729	23826447	8000	23826729	-4000	4000	-282
chr20	1616009	1624009	1619890	8000	1620009	-4000	4000	-119
chr20	23031312	23039312	23035606	8000	23035312	-4000	4000	294
chr20	31472757	31480757	31476383	8000	31476757	-4000	4000	-374
chr20	45203033	45211033	45208485	8000	45207033	-4000	4000	1452
chr20	45877227	45885227	45883686	8000	45881227	-4000	4000	2459
chr20	23031312	23039312	23036203	8000	23035312	-4000	4000	891
chr20	5109103	5117103	5115114	8000	5113103	-4000	4000	2011
chr20	54169986	54177986	54173364	8000	54173986	-4000	4000	-622
chr20	23082324	23090324	23085678	8000	23086324	-4000	4000	-646
chr20	31866634	31874634	31870139	8000	31870634	-4000	4000	-495
chr20	223258	231258	229846	8000	227258	-4000	4000	2588
chr20	2812302	2820302	2815431	8000	2816302	-4000	4000	-871
chr20	2812302	2820302	2815804	8000	2816302	-4000	4000	-498
chr20	3777448	3785448	3778450	8000	3781448	-4000	4000	-2998
chr20	6050060	6058060	6050981	8000	6054060	-4000	4000	-3079
chr20	6119030	6127030	6119485	8000	6123030	-4000	4000	-3545
chr20	21510064	21518064	21512315	8000	21514064	-4000	4000	-1749
chr20	23984779	23992779	23986097	8000	23988779	-4000	4000	-2682
chr20	31719989	31727989	31721927	8000	31723989	-4000	4000	-2062
chr20	32006438	32014438	32010481	8000	32010438	-4000	4000	43
chr20	32203880	32211880	32208021	8000	32207880	-4000	4000	141
chr20	35950564	35958564	35954169	8000	35954564	-4000	4000	-395
chr20	43723002	43731002	43726434	8000	43727002	-4000	4000	-568
chr20	45120465	45128465	45124168	8000	45124465	-4000	4000	-297
chr20	45543662	45551662	45545628	8000	45547662	-4000	4000	-2034
chr20	56244732	56252732	56248970	8000	56248732	-4000	4000	238
chr20	57491366	57499366	57498606	8000	57495366	-4000	4000	3240
chr20	57521652	57529652	57524125	8000	57525652	-4000	4000	-1527
chr20	57557080	57565080	57563106	8000	57561080	-4000	4000	2026
chr20	63212139	63220139	63213921	8000	63216139	-4000	4000	-2218
chr20	45701019	45709019	45702150	8000	45705019	-4000	4000	-2869
chr20	5312954	5320954	5314028	8000	5316954	-4000	4000	-2926
chr20	57557080	57565080	57563067	8000	57561080	-4000	4000	1987
chr20	45877227	45885227	45877479	8000	45881227	-4000	4000	-3748
chr20	13004972	13012972	13009211	8000	13008972	-4000	4000	239
chr20	18493225	18501225	18494055	8000	18497225	-4000	4000	-3170
chr20	33231995	33239995	33238081	8000	33235995	-4000	4000	2086
chr20	40685236	40693236	40687815	8000	40689236	-4000	4000	-1421
chr20	59015429	59023429	59022919	8000	59019429	-4000	4000	3490
chr20	56244732	56252732	56249272	8000	56248732	-4000	4000	540
chr20	57557080	57565080	57563132	8000	57561080	-4000	4000	2052
chr20	63965930	63973930	63967457	8000	63969930	-4000	4000	-2473
chr20	223258	231258	229804	8000	227258	-4000	4000	2546
chr20	2097827	2105827	2103217	8000	2101827	-4000	4000	1390
chr20	2796627	2804627	2797055	8000	2800627	-4000	4000	-3572
chr20	16744358	16752358	16748494	8000	16748358	-4000	4000	136
chr20	23448876	23456876	23450561	8000	23452876	-4000	4000	-2315
chr20	23634473	23642473	23635344	8000	23638473	-4000	4000	-3129
chr20	31386590	31394590	31389013	8000	31390590	-4000	4000	-1577
chr20	31601283	31609283	31605670	8000	31605283	-4000	4000	387
chr20	31719989	31727989	31722087	8000	31723989	-4000	4000	-1902
chr20	31815308	31823308	31821592	8000	31819308	-4000	4000	2284
chr20	33051424	33059424	33055512	8000	33055424	-4000	4000	88
chr20	38300150	38308150	38304159	8000	38304150	-4000	4000	9
chr20	38720486	38728486	38728081	8000	38724486	-4000	4000	3595
chr20	45120465	45128465	45124432	8000	45124465	-4000	4000	-33
chr20	45217373	45225373	45222031	8000	45221373	-4000	4000	658
chr20	45217373	45225373	45222307	8000	45221373	-4000	4000	934
chr20	45877227	45885227	45878407	8000	45881227	-4000	4000	-2820
chr20	49480297	49488297	49481992	8000	49484297	-4000	4000	-2305
chr20	49709878	49717878	49713623	8000	49713878	-4000	4000	-255
chr20	57557080	57565080	57562215	8000	57561080	-4000	4000	1135
chr20	20048514	20056514	20050511	8000	20052514	-4000	4000	-2003
chr20	33051424	33059424	33056685	8000	33055424	-4000	4000	1261
chr20	62934147	62942147	62941601	8000	62938147	-4000	4000	3454
chr20	45575326	45583326	45579259	8000	45579326	-4000	4000	-67
chr20	44333043	44341043	44337345	8000	44337043	-4000	4000	302
chr20	23685038	23693038	23685771	8000	23689038	-4000	4000	-3267
chr20	31601283	31609283	31606358	8000	31605283	-4000	4000	1075
chr20	49274426	49282426	49278687	8000	49278426	-4000	4000	261
chr20	54169986	54177986	54171706	8000	54173986	-4000	4000	-2280
chr20	56244732	56252732	56249160	8000	56248732	-4000	4000	428
chr20	293570	301570	298727	8000	297570	-4000	4000	1157
chr20	21701659	21709659	21706434	8000	21705659	-4000	4000	775
chr20	31841604	31849604	31848409	8000	31845604	-4000	4000	2805
chr20	57491366	57499366	57498431	8000	57495366	-4000	4000	3065
chr20	63231883	63239883	63239573	8000	63235883	-4000	4000	3690
chr20	23822729	23830729	23826503	8000	23826729	-4000	4000	-226
chr20	23031312	23039312	23035829	8000	23035312	-4000	4000	517
chr20	23031312	23039312	23035830	8000	23035312	-4000	4000	518
chr20	23747268	23755268	23749063	8000	23751268	-4000	4000	-2205
chr20	4717909	4725909	4724892	8000	4721909	-4000	4000	2983
chr20	20048514	20056514	20052392	8000	20052514	-4000	4000	-122
chr20	38720486	38728486	38724874	8000	38724486	-4000	4000	388
chr20	31472757	31480757	31476400	8000	31476757	-4000	4000	-357
chr20	18809783	18817783	18813920	8000	18813783	-4000	4000	137
chr20	35525652	35533652	35528701	8000	35529652	-4000	4000	-951
chr20	63965930	63973930	63967429	8000	63969930	-4000	4000	-2501
chr20	4717909	4725909	4724620	8000	4721909	-4000	4000	2711
chr20	56244732	56252732	56249535	8000	56248732	-4000	4000	803
chr20	38720486	38728486	38727676	8000	38724486	-4000	4000	3190
chr20	23984779	23992779	23985743	8000	23988779	-4000	4000	-3036
chr20	21299331	21307331	21303387	8000	21303331	-4000	4000	56
chr20	63231883	63239883	63237962	8000	63235883	-4000	4000	2079
chr20	45304529	45312529	45309603	8000	45308529	-4000	4000	1074
chr20	45543662	45551662	45545550	8000	45547662	-4000	4000	-2112
chr20	56244732	56252732	56248731	8000	56248732	-4000	4000	-1
chr20	7936458	7944458	7940331	8000	7940458	-4000	4000	-127
chr20	45359200	45367200	45365644	8000	45363200	-4000	4000	2444
chr20	57557080	57565080	57564387	8000	57561080	-4000	4000	3307
chr20	23685038	23693038	23688955	8000	23689038	-4000	4000	-83
chr20	38342482	38350482	38349600	8000	38346482	-4000	4000	3118
chr20	38577195	38585195	38578829	8000	38581195	-4000	4000	-2366
chr20	45203033	45211033	45208366	8000	45207033	-4000	4000	1333
chr20	33670463	33678463	33677512	8000	33674463	-4000	4000	3049
chr20	18809783	18817783	18814237	8000	18813783	-4000	4000	454
chr20	45217373	45225373	45222503	8000	45221373	-4000	4000	1130
chr20	46004908	46012908	46011234	8000	46008908	-4000	4000	2326
chr20	57521652	57529652	57524228	8000	57525652	-4000	4000	-1424
chr20	49480297	49488297	49482182	8000	49484297	-4000	4000	-2115
chr20	45877227	45885227	45877397	8000	45881227	-4000	4000	-3830
chr20	35280985	35288985	35287340	8000	35284985	-4000	4000	2355
chr20	58835718	58843718	58840687	8000	58839718	-4000	4000	969
chr20	2660219	2668219	2663996	8000	2664219	-4000	4000	-223
chr20	62383103	62391103	62390139	8000	62387103	-4000	4000	3036
chr20	45217373	45225373	45222257	8000	45221373	-4000	4000	884
chr20	45412084	45420084	45416566	8000	45416084	-4000	4000	482
chr20	50955140	50963140	50958504	8000	50959140	-4000	4000	-636
chr20	2796627	2804627	2798787	8000	2800627	-4000	4000	-1840
chr20	63704864	63712864	63706374	8000	63708864	-4000	4000	-2490
chr20	22581455	22589455	22581719	8000	22585455	-4000	4000	-3736
chr20	23747268	23755268	23747787	8000	23751268	-4000	4000	-3481
chr20	52968358	52976358	52973192	8000	52972358	-4000	4000	834
chr20	62118461	62126461	62126244	8000	62122461	-4000	4000	3783
chr20	45217373	45225373	45223250	8000	45221373	-4000	4000	1877
chr20	2796627	2804627	2797967	8000	2800627	-4000	4000	-2660
chr20	22581455	22589455	22584375	8000	22585455	-4000	4000	-1080
chr20	5109103	5117103	5109423	8000	5113103	-4000	4000	-3680
chr20	31386590	31394590	31390590	8000	31390590	-4000	4000	0
chr20	33670463	33678463	33678330	8000	33674463	-4000	4000	3867
chr20	36947893	36955893	36951763	8000	36951893	-4000	4000	-130
chr20	45250564	45258564	45252332	8000	45254564	-4000	4000	-2232
chr20	63704864	63712864	63705696	8000	63708864	-4000	4000	-3168
chr20	63977132	63985132	63985015	8000	63981132	-4000	4000	3883
chr20	18055188	18063188	18057747	8000	18059188	-4000	4000	-1441
chr20	18463389	18471389	18467403	8000	18467389	-4000	4000	14
chr20	40685236	40693236	40688770	8000	40689236	-4000	4000	-466
chr21	33066141	33074141	33071821	8000	33070141	-4000	4000	1680
chr21	14212130	14220130	14216238	8000	14216130	-4000	4000	108
chr21	30426230	30434230	30430388	8000	30430230	-4000	4000	158
chr21	46282342	46290342	46287021	8000	46286342	-4000	4000	679
chr21	30212097	30220097	30215491	8000	30216097	-4000	4000	-606
chr21	32389012	32397012	32393307	8000	32393012	-4000	4000	295
chr21	26963088	26971088	26966117	8000	26967088	-4000	4000	-971
chr21	46282342	46290342	46283652	8000	46286342	-4000	4000	-2690
chr21	37002150	37010150	37008222	8000	37006150	-4000	4000	2072
chr21	39863438	39871438	39867495	8000	39867438	-4000	4000	57
chr21	14212130	14220130	14216189	8000	14216130	-4000	4000	59
chr21	42346997	42354997	42349915	8000	42350997	-4000	4000	-1082
chr21	42195689	42203689	42201714	8000	42199689	-4000	4000	2025
chr21	44296051	44304051	44297702	8000	44300051	-4000	4000	-2349
chr21	44281838	44289838	44287518	8000	44285838	-4000	4000	1680
chr21	30609930	30617930	30613824	8000	30613930	-4000	4000	-106
chr21	42311409	42319409	42312217	8000	42315409	-4000	4000	-3192
chr21	33487716	33495716	33488330	8000	33491716	-4000	4000	-3386
chr21	30877580	30885580	30881105	8000	30881580	-4000	4000	-475
chr21	33487716	33495716	33488577	8000	33491716	-4000	4000	-3139
chr21	33487716	33495716	33489376	8000	33491716	-4000	4000	-2340
chr21	30421968	30429968	30425490	8000	30425968	-4000	4000	-478
chr21	30285514	30293514	30289344	8000	30289514	-4000	4000	-170
chr21	42399447	42407447	42406344	8000	42403447	-4000	4000	2897
chr21	45977770	45985770	45984401	8000	45981770	-4000	4000	2631
chr21	46631595	46639595	46636921	8000	46635595	-4000	4000	1326
chr21	30638864	30646864	30642896	8000	30642864	-4000	4000	32
chr21	30162805	30170805	30165980	8000	30166805	-4000	4000	-825
chr21	44451510	44459510	44457595	8000	44455510	-4000	4000	2085
chr21	46151579	46159579	46155562	8000	46155579	-4000	4000	-17
chr21	33066141	33074141	33072127	8000	33070141	-4000	4000	1986
chr21	45977770	45985770	45982678	8000	45981770	-4000	4000	908
chr21	32608865	32616865	32612192	8000	32612865	-4000	4000	-673
chr21	31034476	31042476	31038185	8000	31038476	-4000	4000	-291
chr21	33539491	33547491	33546355	8000	33543491	-4000	4000	2864
chr21	30476367	30484367	30480208	8000	30480367	-4000	4000	-159
chr21	36131079	36139079	36132510	8000	36135079	-4000	4000	-2569
chr21	29015360	29023360	29019224	8000	29019360	-4000	4000	-136
chr21	30368271	30376271	30371515	8000	30372271	-4000	4000	-756
chr21	30586397	30594397	30592692	8000	30590397	-4000	4000	2295
chr21	46282342	46290342	46287113	8000	46286342	-4000	4000	771
chr21	30426230	30434230	30430418	8000	30430230	-4000	4000	188
chr21	42346997	42354997	42350991	8000	42350997	-4000	4000	-6
chr21	42346997	42354997	42347619	8000	42350997	-4000	4000	-3378
chr21	30609930	30617930	30616609	8000	30613930	-4000	4000	2679
chr21	26841409	26849409	26842459	8000	26845409	-4000	4000	-2950
chr21	30483436	30491436	30487315	8000	30487436	-4000	4000	-121
chr21	30493165	30501165	30497014	8000	30497165	-4000	4000	-151
chr21	30638864	30646864	30642924	8000	30642864	-4000	4000	60
chr21	30212097	30220097	30214889	8000	30216097	-4000	4000	-1208
chr21	30421968	30429968	30425423	8000	30425968	-4000	4000	-545
chr21	30631206	30639206	30635278	8000	30635206	-4000	4000	72
chr21	30436275	30444275	30440581	8000	30440275	-4000	4000	306
chr21	34664994	34672994	34670640	8000	34668994	-4000	4000	1646
chr21	30162805	30170805	30166042	8000	30166805	-4000	4000	-763
chr21	38117345	38125345	38121324	8000	38121345	-4000	4000	-21
chr21	46319875	46327875	46326425	8000	46323875	-4000	4000	2550
chr21	46319875	46327875	46322814	8000	46323875	-4000	4000	-1061
chr21	17815386	17823386	17818261	8000	17819386	-4000	4000	-1125
chr21	32389012	32397012	32393423	8000	32393012	-4000	4000	411
chr21	29069797	29077797	29073680	8000	29073797	-4000	4000	-117
chr21	30333694	30341694	30337154	8000	30337694	-4000	4000	-540
chr21	44451510	44459510	44458002	8000	44455510	-4000	4000	2492
chr21	30162805	30170805	30166519	8000	30166805	-4000	4000	-286
chr21	30212097	30220097	30215347	8000	30216097	-4000	4000	-750
chr21	30537864	30545864	30541664	8000	30541864	-4000	4000	-200
chr21	32389012	32397012	32393263	8000	32393012	-4000	4000	251
chr21	26963088	26971088	26965452	8000	26967088	-4000	4000	-1636
chr21	41357999	41365999	41363775	8000	41361999	-4000	4000	1776
chr21	30162805	30170805	30166025	8000	30166805	-4000	4000	-780
chr21	30368271	30376271	30371906	8000	30372271	-4000	4000	-365
chr21	38117345	38125345	38121238	8000	38121345	-4000	4000	-107
chr21	30616627	30624627	30620842	8000	30620627	-4000	4000	215
chr21	30751428	30759428	30755158	8000	30755428	-4000	4000	-270
chr21	30809274	30817274	30813037	8000	30813274	-4000	4000	-237
chr21	30333694	30341694	30337362	8000	30337694	-4000	4000	-332
chr21	46319875	46327875	46326560	8000	46323875	-4000	4000	2685
chr21	30285514	30293514	30289397	8000	30289514	-4000	4000	-117
chr21	46601208	46609208	46602314	8000	46605208	-4000	4000	-2894
chr21	30162805	30170805	30166436	8000	30166805	-4000	4000	-369
chr21	44451510	44459510	44457122	8000	44455510	-4000	4000	1612
chr21	29069797	29077797	29073553	8000	29073797	-4000	4000	-244
chr21	32724040	32732040	32726872	8000	32728040	-4000	4000	-1168
chr21	14212130	14220130	14216157	8000	14216130	-4000	4000	27
chr21	30493165	30501165	30496902	8000	30497165	-4000	4000	-263
chr21	26841409	26849409	26842584	8000	26845409	-4000	4000	-2825
chr21	43785513	43793513	43793397	8000	43789513	-4000	4000	3884
chr21	30278950	30286950	30281996	8000	30282950	-4000	4000	-954
chr21	14212130	14220130	14216238	8000	14216130	-4000	4000	108
chr21	30212097	30220097	30215554	8000	30216097	-4000	4000	-543
chr21	30212097	30220097	30215821	8000	30216097	-4000	4000	-276
chr21	30809274	30817274	30812925	8000	30813274	-4000	4000	-349
chr21	32389012	32397012	32393423	8000	32393012	-4000	4000	411
chr21	46282342	46290342	46283802	8000	46286342	-4000	4000	-2540
chr21	30436275	30444275	30440535	8000	30440275	-4000	4000	260
chr21	26569286	26577286	26572968	8000	26573286	-4000	4000	-318
chr21	30278950	30286950	30282244	8000	30282950	-4000	4000	-706
chr21	30278950	30286950	30282841	8000	30282950	-4000	4000	-109
chr21	43785513	43793513	43792727	8000	43789513	-4000	4000	3214
chr21	30212097	30220097	30215542	8000	30216097	-4000	4000	-555
chr21	30426230	30434230	30430620	8000	30430230	-4000	4000	390
chr21	30751428	30759428	30755185	8000	30755428	-4000	4000	-243
chr21	30609930	30617930	30613874	8000	30613930	-4000	4000	-56
chr21	30344606	30352606	30348539	8000	30348606	-4000	4000	-67
chr21	31728118	31736118	31731916	8000	31732118	-4000	4000	-202
chr21	44346163	44354163	44353587	8000	44350163	-4000	4000	3424
chr21	32389012	32397012	32393204	8000	32393012	-4000	4000	192
chr21	43785513	43793513	43789543	8000	43789513	-4000	4000	30
chr21	46601208	46609208	46602394	8000	46605208	-4000	4000	-2814
chr21	30586397	30594397	30592559	8000	30590397	-4000	4000	2162
chr21	30316315	30324315	30319964	8000	30320315	-4000	4000	-351
chr21	33487716	33495716	33488824	8000	33491716	-4000	4000	-2892
chr21	30537864	30545864	30541779	8000	30541864	-4000	4000	-85
chr21	30537864	30545864	30541773	8000	30541864	-4000	4000	-91
chr21	17509043	17517043	17513057	8000	17513043	-4000	4000	14
chr21	30631206	30639206	30635310	8000	30635206	-4000	4000	104
chr21	30586397	30594397	30592908	8000	30590397	-4000	4000	2511
chr21	28988956	28996956	28992827	8000	28992956	-4000	4000	-129
chr21	30421968	30429968	30425751	8000	30425968	-4000	4000	-217
chr21	30609930	30617930	30613720	8000	30613930	-4000	4000	-210
chr21	41763089	41771089	41766977	8000	41767089	-4000	4000	-112
chr21	33487716	33495716	33488547	8000	33491716	-4000	4000	-3169
chr21	30476367	30484367	30480066	8000	30480367	-4000	4000	-301
chr21	30631206	30639206	30635326	8000	30635206	-4000	4000	120
chr21	30278950	30286950	30282883	8000	30282950	-4000	4000	-67
chr21	26569286	26577286	26572875	8000	26573286	-4000	4000	-411
chr21	42492008	42500008	42496130	8000	42496008	-4000	4000	122
chr21	29069797	29077797	29073634	8000	29073797	-4000	4000	-163
chr21	30483436	30491436	30487349	8000	30487436	-4000	4000	-87
chr21	30743259	30751259	30747039	8000	30747259	-4000	4000	-220
chr21	42311409	42319409	42312223	8000	42315409	-4000	4000	-3186
chr22	46259343	46267343	46259828	8000	46263343	-4000	4000	-3515
chr22	46259343	46267343	46262017	8000	46263343	-4000	4000	-1326
chr22	22240780	22248780	22244957	8000	22244780	-4000	4000	177
chr22	37671636	37679636	37678652	8000	37675636	-4000	4000	3016
chr22	29434583	29442583	29437749	8000	29438583	-4000	4000	-834
chr22	16588810	16596810	16591644	8000	16592810	-4000	4000	-1166
chr22	31288534	31296534	31289318	8000	31292534	-4000	4000	-3216
chr22	31288534	31296534	31289261	8000	31292534	-4000	4000	-3273
chr22	29434583	29442583	29438904	8000	29438583	-4000	4000	321
chr22	32251347	32259347	32255232	8000	32255347	-4000	4000	-115
chr22	21028840	21036840	21030916	8000	21032840	-4000	4000	-1924
chr22	17004222	17012222	17008063	8000	17008222	-4000	4000	-159
chr22	42075691	42083691	42083251	8000	42079691	-4000	4000	3560
chr22	15686026	15694026	15690115	8000	15690026	-4000	4000	89
chr22	42549617	42557617	42554947	8000	42553617	-4000	4000	1330
chr22	23782931	23790931	23787148	8000	23786931	-4000	4000	217
chr22	15524192	15532192	15529076	8000	15528192	-4000	4000	884
chr22	29057831	29065831	29059045	8000	29061831	-4000	4000	-2786
chr22	31136508	31144508	31140094	8000	31140508	-4000	4000	-414
chr22	46259343	46267343	46262569	8000	46263343	-4000	4000	-774
chr22	31208239	31216239	31212383	8000	31212239	-4000	4000	144
chr22	30322947	30330947	30326724	8000	30326947	-4000	4000	-223
chr22	35633951	35641951	35634970	8000	35637951	-4000	4000	-2981
chr22	37515542	37523542	37516128	8000	37519542	-4000	4000	-3414
chr22	50477543	50485543	50483310	8000	50481543	-4000	4000	1767
chr22	19443450	19451450	19450854	8000	19447450	-4000	4000	3404
chr22	32039261	32047261	32039701	8000	32043261	-4000	4000	-3560
chr22	21041960	21049960	21048167	8000	21045960	-4000	4000	2207
chr22	30689782	30697782	30694237	8000	30693782	-4000	4000	455
chr22	20390115	20398115	20394642	8000	20394115	-4000	4000	527
chr22	41994725	42002725	41997898	8000	41998725	-4000	4000	-827
chr22	36200840	36208840	36201742	8000	36204840	-4000	4000	-3098
chr22	20390115	20398115	20395372	8000	20394115	-4000	4000	1257
chr22	22240780	22248780	22245046	8000	22244780	-4000	4000	266
chr22	45280949	45288949	45286090	8000	45284949	-4000	4000	1141
chr22	37948607	37956607	37953799	8000	37952607	-4000	4000	1192
chr22	38697556	38705556	38700014	8000	38701556	-4000	4000	-1542
chr22	21005808	21013808	21009173	8000	21009808	-4000	4000	-635
chr22	21005808	21013808	21009529	8000	21009808	-4000	4000	-279
chr22	29434583	29442583	29437815	8000	29438583	-4000	4000	-768
chr22	26479837	26487837	26481802	8000	26483837	-4000	4000	-2035
chr22	37671636	37679636	37677038	8000	37675636	-4000	4000	1402
chr22	46259343	46267343	46259806	8000	46263343	-4000	4000	-3537
chr22	29834304	29842304	29834543	8000	29838304	-4000	4000	-3761
chr22	46326875	46334875	46330697	8000	46330875	-4000	4000	-178
chr22	29434583	29442583	29441635	8000	29438583	-4000	4000	3052
chr22	42070248	42078248	42070305	8000	42074248	-4000	4000	-3943
chr22	22640614	22648614	22647638	8000	22644614	-4000	4000	3024
chr22	29763369	29771369	29767510	8000	29767369	-4000	4000	141
chr22	41943152	41951152	41946472	8000	41947152	-4000	4000	-680
chr22	41088592	41096592	41093022	8000	41092592	-4000	4000	430
chr22	39036604	39044604	39044100	8000	39040604	-4000	4000	3496
chr22	40675273	40683273	40679432	8000	40679273	-4000	4000	159
chr22	43139398	43147398	43141165	8000	43143398	-4000	4000	-2233
chr22	31288534	31296534	31289348	8000	31292534	-4000	4000	-3186
chr22	50266767	50274767	50266794	8000	50270767	-4000	4000	-3973
chr22	27797756	27805756	27799045	8000	27801756	-4000	4000	-2711
chr22	27797756	27805756	27799795	8000	27801756	-4000	4000	-1961
chr22	40342529	40350529	40350013	8000	40346529	-4000	4000	3484
chr22	15686026	15694026	15690627	8000	15690026	-4000	4000	601
chr22	18607919	18615919	18608921	8000	18611919	-4000	4000	-2998
chr22	31288534	31296534	31289614	8000	31292534	-4000	4000	-2920
chr22	36503221	36511221	36504669	8000	36507221	-4000	4000	-2552
chr22	19850939	19858939	19851979	8000	19854939	-4000	4000	-2960
chr22	30468017	30476017	30468517	8000	30472017	-4000	4000	-3500
chr22	43888013	43896013	43891295	8000	43892013	-4000	4000	-718
chr22	46259343	46267343	46260434	8000	46263343	-4000	4000	-2909
chr22	23858188	23866188	23862167	8000	23862188	-4000	4000	-21
chr22	41686504	41694504	41690635	8000	41690504	-4000	4000	131
chr22	28738422	28746422	28745947	8000	28742422	-4000	4000	3525
chr22	35713872	35721872	35720588	8000	35717872	-4000	4000	2716
chr22	50597455	50605455	50603192	8000	50601455	-4000	4000	1737
chr22	21028840	21036840	21031419	8000	21032840	-4000	4000	-1421
chr22	16588810	16596810	16590990	8000	16592810	-4000	4000	-1820
chr22	15524192	15532192	15529031	8000	15528192	-4000	4000	839
chr22	29434583	29442583	29437656	8000	29438583	-4000	4000	-927
chr22	29434583	29442583	29437940	8000	29438583	-4000	4000	-643
chr22	38107015	38115015	38113502	8000	38111015	-4000	4000	2487
chr22	38107015	38115015	38110568	8000	38111015	-4000	4000	-447
chr22	17624855	17632855	17628782	8000	17628855	-4000	4000	-73
chr22	50624173	50632173	50625401	8000	50628173	-4000	4000	-2772
chr22	38566204	38574204	38568302	8000	38570204	-4000	4000	-1902
chr22	16821411	16829411	16827485	8000	16825411	-4000	4000	2074
chr22	25195858	25203858	25202758	8000	25199858	-4000	4000	2900
chr22	32408248	32416248	32414315	8000	32412248	-4000	4000	2067
chr22	41994725	42002725	41997210	8000	41998725	-4000	4000	-1515
chr22	29434583	29442583	29439429	8000	29438583	-4000	4000	846
chr22	29763369	29771369	29767507	8000	29767369	-4000	4000	138
chr22	17117367	17125367	17119282	8000	17121367	-4000	4000	-2085
chr22	29434583	29442583	29441228	8000	29438583	-4000	4000	2645
chr22	23628321	23636321	23632124	8000	23632321	-4000	4000	-197
chr22	21462423	21470423	21469718	8000	21466423	-4000	4000	3295
chr22	23782931	23790931	23787036	8000	23786931	-4000	4000	105
chr22	29763369	29771369	29767510	8000	29767369	-4000	4000	141
chr22	35376361	35384361	35383223	8000	35380361	-4000	4000	2862
chr22	36815479	36823479	36817000	8000	36819479	-4000	4000	-2479
chr22	19443450	19451450	19450798	8000	19447450	-4000	4000	3348
chr22	37635693	37643693	37642997	8000	37639693	-4000	4000	3304
chr22	50624173	50632173	50625391	8000	50628173	-4000	4000	-2782
chr22	38107015	38115015	38110571	8000	38111015	-4000	4000	-444
chr22	31118731	31126731	31126405	8000	31122731	-4000	4000	3674
chr22	32251347	32259347	32251793	8000	32255347	-4000	4000	-3554
chr22	18607919	18615919	18608217	8000	18611919	-4000	4000	-3702
chr22	41943152	41951152	41945205	8000	41947152	-4000	4000	-1947
chr22	29434583	29442583	29441851	8000	29438583	-4000	4000	3268
chr22	37578616	37586616	37580004	8000	37582616	-4000	4000	-2612
chr22	38052311	38060311	38057836	8000	38056311	-4000	4000	1525
chr22	50597455	50605455	50603241	8000	50601455	-4000	4000	1786
chr22	19523545	19531545	19524096	8000	19527545	-4000	4000	-3449
chr22	22640614	22648614	22646375	8000	22644614	-4000	4000	1761
chr22	37278027	37286027	37282452	8000	37282027	-4000	4000	425
chr22	39036604	39044604	39043031	8000	39040604	-4000	4000	2427
chr22	50624173	50632173	50625664	8000	50628173	-4000	4000	-2509
chr22	29057831	29065831	29061861	8000	29061831	-4000	4000	30
chr22	36235954	36243954	36237146	8000	36239954	-4000	4000	-2808
chr22	40040817	40048817	40044952	8000	40044817	-4000	4000	135
chr22	41994725	42002725	41994838	8000	41998725	-4000	4000	-3887
chr22	50779667	50787667	50782261	8000	50783667	-4000	4000	-1406
chr22	31136508	31144508	31136983	8000	31140508	-4000	4000	-3525
chr22	29434583	29442583	29437569	8000	29438583	-4000	4000	-1014
chr22	32350885	32358885	32358250	8000	32354885	-4000	4000	3365
chr22	21628716	21636716	21636597	8000	21632716	-4000	4000	3881
chr22	29763369	29771369	29767543	8000	29767369	-4000	4000	174
chr22	35396134	35404134	35400451	8000	35400134	-4000	4000	317
chr22	24001453	24009453	24005165	8000	24005453	-4000	4000	-288
chr22	50734196	50742196	50740208	8000	50738196	-4000	4000	2012
chr22	22640614	22648614	22647228	8000	22644614	-4000	4000	2614
chr22	50734196	50742196	50739464	8000	50738196	-4000	4000	1268
chr22	36200840	36208840	36201913	8000	36204840	-4000	4000	-2927
chr22	39073067	39081067	39079000	8000	39077067	-4000	4000	1933
chr22	21005808	21013808	21009091	8000	21009808	-4000	4000	-717
chr22	21005808	21013808	21009421	8000	21009808	-4000	4000	-387
chr22	21628716	21636716	21635084	8000	21632716	-4000	4000	2368
chr22	22555361	22563361	22556964	8000	22559361	-4000	4000	-2397
chr22	29434583	29442583	29438694	8000	29438583	-4000	4000	111
chr22	30468017	30476017	30470209	8000	30472017	-4000	4000	-1808
chr22	35062136	35070136	35067235	8000	35066136	-4000	4000	1099
chr22	36503221	36511221	36506219	8000	36507221	-4000	4000	-1002
chr22	36815479	36823479	36816985	8000	36819479	-4000	4000	-2494
chr22	38107015	38115015	38109145	8000	38111015	-4000	4000	-1870
chr22	41796679	41804679	41799420	8000	41800679	-4000	4000	-1259
chr22	41943152	41951152	41946550	8000	41947152	-4000	4000	-602
chr22	41994725	42002725	41996929	8000	41998725	-4000	4000	-1796
chr22	41994725	42002725	41997083	8000	41998725	-4000	4000	-1642
chr22	45409619	45417619	45413865	8000	45413619	-4000	4000	246
chr22	46533620	46541620	46534699	8000	46537620	-4000	4000	-2921
chr22	50541899	50549899	50548338	8000	50545899	-4000	4000	2439
chr22	32039261	32047261	32039799	8000	32043261	-4000	4000	-3462
chr22	50541899	50549899	50549498	8000	50545899	-4000	4000	3599
chr22	26617963	26625963	26625538	8000	26621963	-4000	4000	3575
chr22	37948607	37956607	37953103	8000	37952607	-4000	4000	496
chr22	16588810	16596810	16590928	8000	16592810	-4000	4000	-1882
chr22	16821411	16829411	16828047	8000	16825411	-4000	4000	2636
chr22	20978269	20986269	20979575	8000	20982269	-4000	4000	-2694
chr22	21028840	21036840	21031059	8000	21032840	-4000	4000	-1781
chr22	21028840	21036840	21031498	8000	21032840	-4000	4000	-1342
chr22	22640614	22648614	22647778	8000	22644614	-4000	4000	3164
chr22	29763369	29771369	29767506	8000	29767369	-4000	4000	137
chr22	30468017	30476017	30468807	8000	30472017	-4000	4000	-3210
chr22	32039261	32047261	32043368	8000	32043261	-4000	4000	107
chr22	39073067	39081067	39078965	8000	39077067	-4000	4000	1898
chr22	46259343	46267343	46259347	8000	46263343	-4000	4000	-3996
chr22	46259343	46267343	46259613	8000	46263343	-4000	4000	-3730
chr22	46259343	46267343	46260559	8000	46263343	-4000	4000	-2784
chr22	15686026	15694026	15690500	8000	15690026	-4000	4000	474
chr22	50624173	50632173	50626231	8000	50628173	-4000	4000	-1942
chr22	18607919	18615919	18608013	8000	18611919	-4000	4000	-3906
chr22	29434583	29442583	29441470	8000	29438583	-4000	4000	2887
chr22	41617043	41625043	41622035	8000	41621043	-4000	4000	992
chr22	37803905	37811905	37810084	8000	37807905	-4000	4000	2179
chr22	18607919	18615919	18608209	8000	18611919	-4000	4000	-3710
chr22	15524192	15532192	15528924	8000	15528192	-4000	4000	732
chr22	22640614	22648614	22647713	8000	22644614	-4000	4000	3099
chr22	26508505	26516505	26510062	8000	26512505	-4000	4000	-2443
chr22	30468017	30476017	30471957	8000	30472017	-4000	4000	-60
chr22	31136508	31144508	31140391	8000	31140508	-4000	4000	-117
chr22	15686026	15694026	15690339	8000	15690026	-4000	4000	313
chr22	50477543	50485543	50483272	8000	50481543	-4000	4000	1729
chr22	39515695	39523695	39522687	8000	39519695	-4000	4000	2992
chr22	42070248	42078248	42070449	8000	42074248	-4000	4000	-3799
chr22	38677957	38685957	38683777	8000	38681957	-4000	4000	1820
chr22	15686026	15694026	15690557	8000	15690026	-4000	4000	531
chr22	46259343	46267343	46262639	8000	46263343	-4000	4000	-704
chr22	19146292	19154292	19148992	8000	19150292	-4000	4000	-1300
chr22	29434583	29442583	29438528	8000	29438583	-4000	4000	-55
chr22	35376361	35384361	35383130	8000	35380361	-4000	4000	2769
chr22	50504224	50512224	50506796	8000	50508224	-4000	4000	-1428
chr22	19140684	19148684	19142744	8000	19144684	-4000	4000	-1940
chr22	32350885	32358885	32358325	8000	32354885	-4000	4000	3440
chr22	37803905	37811905	37810077	8000	37807905	-4000	4000	2172
chr22	31208239	31216239	31212303	8000	31212239	-4000	4000	64
chr22	15524192	15532192	15528966	8000	15528192	-4000	4000	774
chr22	40675273	40683273	40681008	8000	40679273	-4000	4000	1735
chr22	39010363	39018363	39018286	8000	39014363	-4000	4000	3923
chr22	46259343	46267343	46261466	8000	46263343	-4000	4000	-1877
chr22	40852639	40860639	40857212	8000	40856639	-4000	4000	573
chr22	21041960	21049960	21049031	8000	21045960	-4000	4000	3071
chr22	29434583	29442583	29439025	8000	29438583	-4000	4000	442
chr22	31118731	31126731	31126482	8000	31122731	-4000	4000	3751
chr22	46533620	46541620	46534093	8000	46537620	-4000	4000	-3527
chr22	16588810	16596810	16591070	8000	16592810	-4000	4000	-1740
chr22	36235954	36243954	36237079	8000	36239954	-4000	4000	-2875
chrX	71140821	71148821	71148044	8000	71144821	-4000	4000	3223
chrX	112450500	112458500	112455506	8000	112454500	-4000	4000	1006
chrX	24310069	24318069	24312238	8000	24314069	-4000	4000	-1831
chrX	26134343	26142343	26139556	8000	26138343	-4000	4000	1213
chrX	30239715	30247715	30243004	8000	30243715	-4000	4000	-711
chrX	49691984	49699984	49694768	8000	49695984	-4000	4000	-1216
chrX	112450500	112458500	112455631	8000	112454500	-4000	4000	1131
chrX	120626054	120634054	120626515	8000	120630054	-4000	4000	-3539
chrX	55071030	55079030	55076100	8000	55075030	-4000	4000	1070
chrX	120111913	120119913	120115619	8000	120115913	-4000	4000	-294
chrX	154830662	154838662	154837639	8000	154834662	-4000	4000	2977
chrX	34938796	34946796	34943145	8000	34942796	-4000	4000	349
chrX	47655180	47663180	47658970	8000	47659180	-4000	4000	-210
chrX	71114543	71122543	71121118	8000	71118543	-4000	4000	2575
chrX	126162289	126170289	126164666	8000	126166289	-4000	4000	-1623
chrX	34128314	34136314	34130016	8000	34132314	-4000	4000	-2298
chrX	48466260	48474260	48467735	8000	48470260	-4000	4000	-2525
chrX	34938796	34946796	34944264	8000	34942796	-4000	4000	1468
chrX	55485848	55493848	55488017	8000	55489848	-4000	4000	-1831
chrX	56991827	56999827	56994476	8000	56995827	-4000	4000	-1351
chrX	57117548	57125548	57119774	8000	57121548	-4000	4000	-1774
chrX	70045938	70053938	70049896	8000	70049938	-4000	4000	-42
chrX	71107575	71115575	71108665	8000	71111575	-4000	4000	-2910
chrX	83504290	83512290	83509454	8000	83508290	-4000	4000	1164
chrX	103307007	103315007	103309949	8000	103311007	-4000	4000	-1058
chrX	103372395	103380395	103377640	8000	103376395	-4000	4000	1245
chrX	116166744	116174744	116172993	8000	116170744	-4000	4000	2249
chrX	120246752	120254752	120254369	8000	120250752	-4000	4000	3617
chrX	149877141	149885141	149884454	8000	149881141	-4000	4000	3313
chrX	23779173	23787173	23783848	8000	23783173	-4000	4000	675
chrX	104250933	104258933	104254781	8000	104254933	-4000	4000	-152
chrX	155993696	156001696	155997645	8000	155997696	-4000	4000	-51
chrX	120154613	120162613	120159056	8000	120158613	-4000	4000	443
chrX	57282706	57290706	57286764	8000	57286706	-4000	4000	58
chrX	104250933	104258933	104254443	8000	104254933	-4000	4000	-490
chrX	137029995	137037995	137030765	8000	137033995	-4000	4000	-3230
chrX	40643561	40651561	40647031	8000	40647561	-4000	4000	-530
chrX	121043610	121051610	121047916	8000	121047610	-4000	4000	306
chrX	34128314	34136314	34131996	8000	34132314	-4000	4000	-318
chrX	101344742	101352742	101348585	8000	101348742	-4000	4000	-157
chrX	40643561	40651561	40647039	8000	40647561	-4000	4000	-522
chrX	48998264	49006264	48999284	8000	49002264	-4000	4000	-2980
chrX	153760196	153768196	153766242	8000	153764196	-4000	4000	2046
chrX	48967844	48975844	48969767	8000	48971844	-4000	4000	-2077
chrX	135028355	135036355	135032977	8000	135032355	-4000	4000	622
chrX	107773342	107781342	107775322	8000	107777342	-4000	4000	-2020
chrX	48998264	49006264	49002266	8000	49002264	-4000	4000	2
chrX	116458976	116466976	116459237	8000	116462976	-4000	4000	-3739
chrX	126548814	126556814	126551549	8000	126552814	-4000	4000	-1265
chrX	100406273	100414273	100408132	8000	100410273	-4000	4000	-2141
chrX	141173129	141181129	141176692	8000	141177129	-4000	4000	-437
chrX	55448127	55456127	55453106	8000	55452127	-4000	4000	979
chrX	137562127	137570127	137567649	8000	137566127	-4000	4000	1522
chrX	137029995	137037995	137030394	8000	137033995	-4000	4000	-3601
chrX	137029995	137037995	137031622	8000	137033995	-4000	4000	-2373
chrX	27459341	27467341	27462114	8000	27463341	-4000	4000	-1227
chrX	57588011	57596011	57594630	8000	57592011	-4000	4000	2619
chrX	69161521	69169521	69163218	8000	69165521	-4000	4000	-2303
chrX	72710319	72718319	72714035	8000	72714319	-4000	4000	-284
chrX	3342652	3350652	3343708	8000	3346652	-4000	4000	-2944
chrX	26188440	26196440	26195026	8000	26192440	-4000	4000	2586
chrX	46833043	46841043	46836985	8000	46837043	-4000	4000	-58
chrX	115285715	115293715	115289768	8000	115289715	-4000	4000	53
chrX	101546547	101554547	101554245	8000	101550547	-4000	4000	3698
chrX	48504959	48512959	48509829	8000	48508959	-4000	4000	870
chrX	11754159	11762159	11761511	8000	11758159	-4000	4000	3352
chrX	100406273	100414273	100408463	8000	100410273	-4000	4000	-1810
chrX	101655850	101663850	101655967	8000	101659850	-4000	4000	-3883
chrX	120358085	120366085	120362221	8000	120362085	-4000	4000	136
chrX	120871866	120879866	120875352	8000	120875866	-4000	4000	-514
chrX	110516312	110524312	110521151	8000	110520312	-4000	4000	839
chrX	71529104	71537104	71529923	8000	71533104	-4000	4000	-3181
chrX	23779173	23787173	23783865	8000	23783173	-4000	4000	692
chrX	6531118	6539118	6534150	8000	6535118	-4000	4000	-968
chrX	149545924	149553924	149546788	8000	149549924	-4000	4000	-3136
chrX	155260491	155268491	155264210	8000	155264491	-4000	4000	-281
chrX	149877141	149885141	149884673	8000	149881141	-4000	4000	3532
chrX	30305390	30313390	30308429	8000	30309390	-4000	4000	-961
chrX	67540021	67548021	67546228	8000	67544021	-4000	4000	2207
chrX	132957395	132965395	132958708	8000	132961395	-4000	4000	-2687
chrX	153052409	153060409	153058535	8000	153056409	-4000	4000	2126
chrX	48352707	48360707	48354630	8000	48356707	-4000	4000	-2077
chrX	83504290	83512290	83508868	8000	83508290	-4000	4000	578
chrX	104009708	104017708	104013429	8000	104013708	-4000	4000	-279
chrX	108732563	108740563	108735044	8000	108736563	-4000	4000	-1519
chrX	120626054	120634054	120626396	8000	120630054	-4000	4000	-3658
chrX	86144451	86152451	86148885	8000	86148451	-4000	4000	434
chrX	22028325	22036325	22033044	8000	22032325	-4000	4000	719
chrX	27459341	27467341	27462939	8000	27463341	-4000	4000	-402
chrX	55619400	55627400	55624159	8000	55623400	-4000	4000	759
chrX	76423710	76431710	76430128	8000	76427710	-4000	4000	2418
chrX	101387011	101395011	101392160	8000	101391011	-4000	4000	1149
chrX	151172584	151180584	151180164	8000	151176584	-4000	4000	3580
chrX	50466825	50474825	50470257	8000	50470825	-4000	4000	-568
chrX	154454281	154462281	154461267	8000	154458281	-4000	4000	2986
chrX	137029995	137037995	137031171	8000	137033995	-4000	4000	-2824
chrX	46755118	46763118	46758805	8000	46759118	-4000	4000	-313
chrX	51739442	51747442	51744801	8000	51743442	-4000	4000	1359
chrX	129519500	129527500	129523245	8000	129523500	-4000	4000	-255
chrX	13316053	13324053	13319576	8000	13320053	-4000	4000	-477
chrX	71091851	71099851	71096954	8000	71095851	-4000	4000	1103
chrX	108732563	108740563	108736268	8000	108736563	-4000	4000	-295
chrX	126548814	126556814	126552237	8000	126552814	-4000	4000	-577
chrX	142201290	142209290	142203954	8000	142205290	-4000	4000	-1336
chrX	108732563	108740563	108733595	8000	108736563	-4000	4000	-2968
chrX	55216346	55224346	55224027	8000	55220346	-4000	4000	3681
chrX	154486690	154494690	154487669	8000	154490690	-4000	4000	-3021
chrX	1611059	1619059	1615226	8000	1615059	-4000	4000	167
chrX	31068041	31076041	31071644	8000	31072041	-4000	4000	-397
chrX	100406273	100414273	100407742	8000	100410273	-4000	4000	-2531
chrX	51739442	51747442	51745257	8000	51743442	-4000	4000	1815
chrX	70419031	70427031	70426883	8000	70423031	-4000	4000	3852
chrX	102933272	102941272	102937717	8000	102937272	-4000	4000	445
chrX	126548814	126556814	126551487	8000	126552814	-4000	4000	-1327
chrX	140501069	140509069	140504644	8000	140505069	-4000	4000	-425
chrX	89917908	89925908	89922123	8000	89921908	-4000	4000	215
chrX	104035956	104043956	104040127	8000	104039956	-4000	4000	171
chrX	12787355	12795355	12791506	8000	12791355	-4000	4000	151
chrX	12863072	12871072	12867524	8000	12867072	-4000	4000	452
chrX	47615857	47623857	47619776	8000	47619857	-4000	4000	-81
chrX	48472021	48480021	48478070	8000	48476021	-4000	4000	2049
chrX	76423710	76431710	76429147	8000	76427710	-4000	4000	1437
chrX	104009708	104017708	104013618	8000	104013708	-4000	4000	-90
chrX	119689370	119697370	119693174	8000	119693370	-4000	4000	-196
chrX	121043610	121051610	121049458	8000	121047610	-4000	4000	1848
chrX	126815729	126823729	126821076	8000	126819729	-4000	4000	1347
chrX	137562127	137570127	137566640	8000	137566127	-4000	4000	513
chrX	137562127	137570127	137566876	8000	137566127	-4000	4000	749
chrX	118819824	118827824	118825479	8000	118823824	-4000	4000	1655
chrX	152694767	152702767	152701363	8000	152698767	-4000	4000	2596
chrX	41329348	41337348	41333554	8000	41333348	-4000	4000	206
chrX	91430595	91438595	91435650	8000	91434595	-4000	4000	1055
chrX	120871866	120879866	120875304	8000	120875866	-4000	4000	-562
chrX	126162289	126170289	126164585	8000	126166289	-4000	4000	-1704
chrX	34128314	34136314	34131267	8000	34132314	-4000	4000	-1047
chrX	152134578	152142578	152135459	8000	152138578	-4000	4000	-3119
chrX	67540021	67548021	67546712	8000	67544021	-4000	4000	2691
chrX	18216886	18224886	18220901	8000	18220886	-4000	4000	15
chrX	34128314	34136314	34130819	8000	34132314	-4000	4000	-1495
chrX	48967844	48975844	48969157	8000	48971844	-4000	4000	-2687
chrX	49158564	49166564	49165298	8000	49162564	-4000	4000	2734
chrX	49229371	49237371	49231679	8000	49233371	-4000	4000	-1692
chrX	51739442	51747442	51744906	8000	51743442	-4000	4000	1464
chrX	54916462	54924462	54922233	8000	54920462	-4000	4000	1771
chrX	70278093	70286093	70283574	8000	70282093	-4000	4000	1481
chrX	72710319	72718319	72714033	8000	72714319	-4000	4000	-286
chrX	83504290	83512290	83508656	8000	83508290	-4000	4000	366
chrX	83504290	83512290	83509170	8000	83508290	-4000	4000	880
chrX	120111913	120119913	120115690	8000	120115913	-4000	4000	-223
chrX	152990116	152998116	152990659	8000	152994116	-4000	4000	-3457
chrX	154454281	154462281	154460504	8000	154458281	-4000	4000	2223
chrX	153052409	153060409	153058535	8000	153056409	-4000	4000	2126
chrX	51492592	51500592	51496100	8000	51496592	-4000	4000	-492
chrX	1388113	1396113	1389512	8000	1392113	-4000	4000	-2601
chrX	48466260	48474260	48467242	8000	48470260	-4000	4000	-3018
chrX	128048403	128056403	128051540	8000	128052403	-4000	4000	-863
chrX	26188440	26196440	26194448	8000	26192440	-4000	4000	2008
chrX	8797383	8805383	8798983	8000	8801383	-4000	4000	-2400
chrX	102138970	102146970	102140500	8000	102142970	-4000	4000	-2470
chrX	57282706	57290706	57286853	8000	57286706	-4000	4000	147
chrX	106689794	106697794	106693989	8000	106693794	-4000	4000	195
chrX	70230655	70238655	70234691	8000	70234655	-4000	4000	36
chrX	57588011	57596011	57594447	8000	57592011	-4000	4000	2436
chrX	70230655	70238655	70237073	8000	70234655	-4000	4000	2418
chrX	30239715	30247715	30242709	8000	30243715	-4000	4000	-1006
chrX	154649579	154657579	154653324	8000	154653579	-4000	4000	-255
chrX	52807287	52815287	52813148	8000	52811287	-4000	4000	1861
chrX	102512739	102520739	102513987	8000	102516739	-4000	4000	-2752
chrX	102708495	102716495	102715697	8000	102712495	-4000	4000	3202
chrX	34938796	34946796	34944461	8000	34942796	-4000	4000	1665
chrX	22028325	22036325	22032978	8000	22032325	-4000	4000	653
chrX	48915024	48923024	48917795	8000	48919024	-4000	4000	-1229
chrX	30239715	30247715	30242759	8000	30243715	-4000	4000	-956
chrX	120871866	120879866	120873871	8000	120875866	-4000	4000	-1995
chrX	1587604	1595604	1594061	8000	1591604	-4000	4000	2457
chrX	136483947	136491947	136488169	8000	136487947	-4000	4000	222
chrX	26188440	26196440	26194798	8000	26192440	-4000	4000	2358
chrX	108732563	108740563	108735548	8000	108736563	-4000	4000	-1015
chrX	73210851	73218851	73213941	8000	73214851	-4000	4000	-910
chrX	102512739	102520739	102514122	8000	102516739	-4000	4000	-2617
chrX	51739442	51747442	51744596	8000	51743442	-4000	4000	1154
chrX	147977337	147985337	147981618	8000	147981337	-4000	4000	281
chrX	11661920	11669920	11664430	8000	11665920	-4000	4000	-1490
chrX	34128314	34136314	34131780	8000	34132314	-4000	4000	-534
chrX	101344742	101352742	101348786	8000	101348742	-4000	4000	44
chrX	101614001	101622001	101616491	8000	101618001	-4000	4000	-1510
chrX	151970680	151978680	151974675	8000	151974680	-4000	4000	-5
chrX	152729757	152737757	152737164	8000	152733757	-4000	4000	3407
chrX	153052409	153060409	153057885	8000	153056409	-4000	4000	1476
chrX	155330657	155338657	155334409	8000	155334657	-4000	4000	-248
chrX	44840021	44848021	44844467	8000	44844021	-4000	4000	446
chrX	34128314	34136314	34131740	8000	34132314	-4000	4000	-574
chrX	152826967	152834967	152827705	8000	152830967	-4000	4000	-3262
chrX	50906735	50914735	50910804	8000	50910735	-4000	4000	69
chrX	26134343	26142343	26139463	8000	26138343	-4000	4000	1120
chrX	153068454	153076454	153073694	8000	153072454	-4000	4000	1240
chrX	34938796	34946796	34943398	8000	34942796	-4000	4000	602
chrX	152694767	152702767	152701953	8000	152698767	-4000	4000	3186
chrX	152765716	152773716	152766530	8000	152769716	-4000	4000	-3186
chrX	46569765	46577765	46574574	8000	46573765	-4000	4000	809
chrX	106607930	106615930	106612242	8000	106611930	-4000	4000	312
chrX	23779173	23787173	23785782	8000	23783173	-4000	4000	2609
chrX	26188440	26196440	26193818	8000	26192440	-4000	4000	1378
chrX	54994534	55002534	55001581	8000	54998534	-4000	4000	3047
chrX	76423710	76431710	76429120	8000	76427710	-4000	4000	1410
chrX	141899894	141907894	141905714	8000	141903894	-4000	4000	1820
chrX	27977449	27985449	27980399	8000	27981449	-4000	4000	-1050
chrX	102933272	102941272	102938058	8000	102937272	-4000	4000	786
chrX	135048196	135056196	135052047	8000	135052196	-4000	4000	-149
chrX	110516312	110524312	110521641	8000	110520312	-4000	4000	1329
chrX	135028355	135036355	135033462	8000	135032355	-4000	4000	1107
chrX	123180153	123188153	123185842	8000	123184153	-4000	4000	1689
chrX	151690607	151698607	151698560	8000	151694607	-4000	4000	3953
chrX	153720565	153728565	153720902	8000	153724565	-4000	4000	-3663
chrX	27977449	27985449	27980907	8000	27981449	-4000	4000	-542
chrX	119068960	119076960	119073993	8000	119072960	-4000	4000	1033
chrX	23330849	23338849	23335071	8000	23334849	-4000	4000	222
chrX	121043610	121051610	121048552	8000	121047610	-4000	4000	942
chrX	149591314	149599314	149597961	8000	149595314	-4000	4000	2647
chrX	140780366	140788366	140783887	8000	140784366	-4000	4000	-479
chrX	142201290	142209290	142202945	8000	142205290	-4000	4000	-2345
chrX	110516312	110524312	110521570	8000	110520312	-4000	4000	1258
chrX	126162289	126170289	126164788	8000	126166289	-4000	4000	-1501
chrX	141694739	141702739	141697643	8000	141698739	-4000	4000	-1096
chrX	142201290	142209290	142203770	8000	142205290	-4000	4000	-1520
chrX	57588011	57596011	57593657	8000	57592011	-4000	4000	1646
chrX	141173129	141181129	141176833	8000	141177129	-4000	4000	-296
chrX	55619400	55627400	55624502	8000	55623400	-4000	4000	1102
chrX	70058457	70066457	70063244	8000	70062457	-4000	4000	787
chrX	128048403	128056403	128051913	8000	128052403	-4000	4000	-490
chrX	133214354	133222354	133217050	8000	133218354	-4000	4000	-1304
chrX	133214354	133222354	133217051	8000	133218354	-4000	4000	-1303
chrX	110791819	110799819	110792088	8000	110795819	-4000	4000	-3731
chrX	103307007	103315007	103309509	8000	103311007	-4000	4000	-1498
chrX	118819824	118827824	118825274	8000	118823824	-4000	4000	1450
chrX	120600074	120608074	120604149	8000	120604074	-4000	4000	75
chrX	30649359	30657359	30653548	8000	30653359	-4000	4000	189
chrX	48466260	48474260	48467716	8000	48470260	-4000	4000	-2544
chrX	70278093	70286093	70284630	8000	70282093	-4000	4000	2537
chrX	102708495	102716495	102716346	8000	102712495	-4000	4000	3851
chrX	152729757	152737757	152736849	8000	152733757	-4000	4000	3092
chrX	24356639	24364639	24363449	8000	24360639	-4000	4000	2810
chrX	103211108	103219108	103216470	8000	103215108	-4000	4000	1362
chrX	34938796	34946796	34943685	8000	34942796	-4000	4000	889
chrX	121043610	121051610	121048882	8000	121047610	-4000	4000	1272
chrX	142201290	142209290	142203120	8000	142205290	-4000	4000	-2170
chrX	26134343	26142343	26139736	8000	26138343	-4000	4000	1393
chrX	51402948	51410948	51406955	8000	51406948	-4000	4000	7
chrX	51402948	51410948	51408199	8000	51406948	-4000	4000	1251
chrX	151172584	151180584	151180580	8000	151176584	-4000	4000	3996
chrX	48967844	48975844	48969157	8000	48971844	-4000	4000	-2687
chrX	23330849	23338849	23335046	8000	23334849	-4000	4000	197
chrX	73210851	73218851	73213455	8000	73214851	-4000	4000	-1396
chrX	55260916	55268916	55263268	8000	55264916	-4000	4000	-1648
chrX	70256204	70264204	70259416	8000	70260204	-4000	4000	-788
chrX	31068041	31076041	31071781	8000	31072041	-4000	4000	-260
chrX	151172584	151180584	151180160	8000	151176584	-4000	4000	3576
chrX	75781254	75789254	75784267	8000	75785254	-4000	4000	-987
chrX	47366578	47374578	47370733	8000	47370578	-4000	4000	155
chrX	51402948	51410948	51408340	8000	51406948	-4000	4000	1392
chrX	73559197	73567197	73563274	8000	73563197	-4000	4000	77
chrX	75519502	75527502	75522996	8000	75523502	-4000	4000	-506
chrX	110791819	110799819	110795837	8000	110795819	-4000	4000	18
chrX	140998594	141006594	141002675	8000	141002594	-4000	4000	81
chrX	13316053	13324053	13319871	8000	13320053	-4000	4000	-182
chrX	134986991	134994991	134992080	8000	134990991	-4000	4000	1089
chrX	153760196	153768196	153767286	8000	153764196	-4000	4000	3090
chrX	57906458	57914458	57908881	8000	57910458	-4000	4000	-1577
chrX	108732563	108740563	108733848	8000	108736563	-4000	4000	-2715
chrX	3342652	3350652	3343770	8000	3346652	-4000	4000	-2882
chrX	121043610	121051610	121049559	8000	121047610	-4000	4000	1949
chrX	15331554	15339554	15331779	8000	15335554	-4000	4000	-3775
chrX	103352489	103360489	103357944	8000	103356489	-4000	4000	1455
chrX	34938796	34946796	34943558	8000	34942796	-4000	4000	762
chrX	26156601	26164601	26161275	8000	26160601	-4000	4000	674
chrX	34938796	34946796	34943297	8000	34942796	-4000	4000	501
chrX	102708495	102716495	102715888	8000	102712495	-4000	4000	3393
chrX	69161521	69169521	69162704	8000	69165521	-4000	4000	-2817
chrX	126548814	126556814	126550970	8000	126552814	-4000	4000	-1844
chrX	153068454	153076454	153074809	8000	153072454	-4000	4000	2355
chrX	155260491	155268491	155261071	8000	155264491	-4000	4000	-3420
chrX	49229371	49237371	49237179	8000	49233371	-4000	4000	3808
chrX	104250933	104258933	104254236	8000	104254933	-4000	4000	-697
chrX	55619400	55627400	55624286	8000	55623400	-4000	4000	886
chrX	56228356	56236356	56233280	8000	56232356	-4000	4000	924
chrX	102708495	102716495	102714993	8000	102712495	-4000	4000	2498
chrX	152729757	152737757	152736753	8000	152733757	-4000	4000	2996
chrX	48967844	48975844	48969370	8000	48971844	-4000	4000	-2474
chrX	108087668	108095668	108091485	8000	108091668	-4000	4000	-183
chrX	126815729	126823729	126821286	8000	126819729	-4000	4000	1557
chrX	152729757	152737757	152737250	8000	152733757	-4000	4000	3493
chrX	1587604	1595604	1593896	8000	1591604	-4000	4000	2292
chrX	152765716	152773716	152766608	8000	152769716	-4000	4000	-3108
chrX	130335888	130343888	130340352	8000	130339888	-4000	4000	464
chrX	11754159	11762159	11760440	8000	11758159	-4000	4000	2281
chrX	93670013	93678013	93671718	8000	93674013	-4000	4000	-2295
chrX	102933272	102941272	102938080	8000	102937272	-4000	4000	808
chrX	106607930	106615930	106612147	8000	106611930	-4000	4000	217
chrX	149877141	149885141	149884761	8000	149881141	-4000	4000	3620
chrX	47213860	47221860	47214584	8000	47217860	-4000	4000	-3276
chrX	102708495	102716495	102715848	8000	102712495	-4000	4000	3353
chrX	128048403	128056403	128051887	8000	128052403	-4000	4000	-516
chrX	37004366	37012366	37008734	8000	37008366	-4000	4000	368
chrX	102138970	102146970	102141162	8000	102142970	-4000	4000	-1808
chrX	155260491	155268491	155264103	8000	155264491	-4000	4000	-388
chrX	103211108	103219108	103216855	8000	103215108	-4000	4000	1747
chrX	83504290	83512290	83509238	8000	83508290	-4000	4000	948
chrX	141899894	141907894	141907694	8000	141903894	-4000	4000	3800
chrX	35794342	35802342	35802161	8000	35798342	-4000	4000	3819
chrX	51739442	51747442	51745665	8000	51743442	-4000	4000	2223
chrX	100406273	100414273	100407074	8000	100410273	-4000	4000	-3199
chrX	101655850	101663850	101655896	8000	101659850	-4000	4000	-3954
chrX	101655850	101663850	101656544	8000	101659850	-4000	4000	-3306
chrX	47213860	47221860	47214809	8000	47217860	-4000	4000	-3051
chrX	135048196	135056196	135052061	8000	135052196	-4000	4000	-135
chrX	140998594	141006594	141003705	8000	141002594	-4000	4000	1111
chrX	52793427	52801427	52796503	8000	52797427	-4000	4000	-924
chrX	100580936	100588936	100585234	8000	100584936	-4000	4000	298
chrX	86144451	86152451	86149048	8000	86148451	-4000	4000	597
chrX	6531118	6539118	6533946	8000	6535118	-4000	4000	-1172
chrX	103211108	103219108	103216559	8000	103215108	-4000	4000	1451
chrX	118819824	118827824	118826073	8000	118823824	-4000	4000	2249
chrX	51739442	51747442	51744680	8000	51743442	-4000	4000	1238
chrX	140780366	140788366	140784142	8000	140784366	-4000	4000	-224
chrX	152826967	152834967	152827914	8000	152830967	-4000	4000	-3053
chrX	154291795	154299795	154295862	8000	154295795	-4000	4000	67
chrX	13565601	13573601	13569823	8000	13569601	-4000	4000	222
chrX	26156601	26164601	26161516	8000	26160601	-4000	4000	915
chrX	26188440	26196440	26194486	8000	26192440	-4000	4000	2046
chrX	70927125	70935125	70927804	8000	70931125	-4000	4000	-3321
chrX	71091851	71099851	71096774	8000	71095851	-4000	4000	923
chrX	71114543	71122543	71121075	8000	71118543	-4000	4000	2532
chrX	91430595	91438595	91436256	8000	91434595	-4000	4000	1661
chrX	102933272	102941272	102937507	8000	102937272	-4000	4000	235
chrX	120871866	120879866	120875391	8000	120875866	-4000	4000	-475
chrX	149877141	149885141	149884681	8000	149881141	-4000	4000	3540
chrX	37004366	37012366	37009869	8000	37008366	-4000	4000	1503
chrX	26156601	26164601	26161732	8000	26160601	-4000	4000	1131
chrX	126548814	126556814	126551990	8000	126552814	-4000	4000	-824
chrX	52650900	52658900	52652327	8000	52654900	-4000	4000	-2573
chrX	68494562	68502562	68499111	8000	68498562	-4000	4000	549
chrX	152729757	152737757	152736987	8000	152733757	-4000	4000	3230
chrX	57906458	57914458	57909745	8000	57910458	-4000	4000	-713
chrX	27977449	27985449	27981152	8000	27981449	-4000	4000	-297
chrX	152990116	152998116	152990814	8000	152994116	-4000	4000	-3302
chrX	70256204	70264204	70258701	8000	70260204	-4000	4000	-1503
chrX	152633895	152641895	152640439	8000	152637895	-4000	4000	2544
chrX	93670013	93678013	93672935	8000	93674013	-4000	4000	-1078
chrX	137562127	137570127	137569052	8000	137566127	-4000	4000	2925
chrX	64391452	64399452	64395419	8000	64395452	-4000	4000	-33
chrX	149770068	149778068	149774785	8000	149774068	-4000	4000	717
chrX	129839909	129847909	129841863	8000	129843909	-4000	4000	-2046
chrX	137562127	137570127	137566940	8000	137566127	-4000	4000	813
chrX	153052409	153060409	153059798	8000	153056409	-4000	4000	3389
chrX	30211563	30219563	30218974	8000	30215563	-4000	4000	3411
chrX	49158564	49166564	49165049	8000	49162564	-4000	4000	2485
chrX	74300180	74308180	74304261	8000	74304180	-4000	4000	81
chrX	48886197	48894197	48893938	8000	48890197	-4000	4000	3741
chrX	101546547	101554547	101552938	8000	101550547	-4000	4000	2391
chrX	140780366	140788366	140784008	8000	140784366	-4000	4000	-358
chrX	1587604	1595604	1593734	8000	1591604	-4000	4000	2130
chrX	37004366	37012366	37009534	8000	37008366	-4000	4000	1168
chrX	56559627	56567627	56565577	8000	56563627	-4000	4000	1950
chrX	101655850	101663850	101656002	8000	101659850	-4000	4000	-3848
chrX	118819824	118827824	118826566	8000	118823824	-4000	4000	2742
chrX	149684228	149692228	149688837	8000	149688228	-4000	4000	609
chrX	69161521	69169521	69163068	8000	69165521	-4000	4000	-2453
chrX	71114543	71122543	71121682	8000	71118543	-4000	4000	3139
chrX	116458976	116466976	116461983	8000	116462976	-4000	4000	-993
chrX	152729757	152737757	152736242	8000	152733757	-4000	4000	2485
chrX	49229371	49237371	49233274	8000	49233371	-4000	4000	-97
chrX	137562127	137570127	137570098	8000	137566127	-4000	4000	3971
chrX	34128314	34136314	34131378	8000	34132314	-4000	4000	-936
chrX	47832902	47840902	47836085	8000	47836902	-4000	4000	-817
chrX	149770068	149778068	149775040	8000	149774068	-4000	4000	972
chrX	153052409	153060409	153057208	8000	153056409	-4000	4000	799
chrX	8460830	8468830	8466351	8000	8464830	-4000	4000	1521
chrX	54916462	54924462	54923506	8000	54920462	-4000	4000	3044
chrX	55085018	55093018	55091393	8000	55089018	-4000	4000	2375
chrX	49196218	49204218	49197758	8000	49200218	-4000	4000	-2460
chrX	141899894	141907894	141907075	8000	141903894	-4000	4000	3181
chrX	48915024	48923024	48918610	8000	48919024	-4000	4000	-414
chrX	85239911	85247911	85247437	8000	85243911	-4000	4000	3526
chrX	27977449	27985449	27979573	8000	27981449	-4000	4000	-1876
chrX	51328231	51336231	51333209	8000	51332231	-4000	4000	978
chrX	57906458	57914458	57908039	8000	57910458	-4000	4000	-2419
chrX	106607930	106615930	106612600	8000	106611930	-4000	4000	670
chrX	108732563	108740563	108735534	8000	108736563	-4000	4000	-1029
chrX	141899894	141907894	141905516	8000	141903894	-4000	4000	1622
chrX	126162289	126170289	126164887	8000	126166289	-4000	4000	-1402
chrX	27977449	27985449	27979587	8000	27981449	-4000	4000	-1862
chrX	87513409	87521409	87517965	8000	87517409	-4000	4000	556
chrX	152729757	152737757	152736875	8000	152733757	-4000	4000	3118
chrX	103307007	103315007	103310406	8000	103311007	-4000	4000	-601
chrX	55216346	55224346	55221802	8000	55220346	-4000	4000	1456
chrX	70230655	70238655	70238313	8000	70234655	-4000	4000	3658
chrX	78655328	78663328	78658073	8000	78659328	-4000	4000	-1255
chrX	21835617	21843617	21839659	8000	21839617	-4000	4000	42
chrX	48352707	48360707	48355181	8000	48356707	-4000	4000	-1526
chrX	55485848	55493848	55487548	8000	55489848	-4000	4000	-2300
chrX	91430595	91438595	91435559	8000	91434595	-4000	4000	964
chrX	107773342	107781342	107775146	8000	107777342	-4000	4000	-2196
chrX	154830662	154838662	154837543	8000	154834662	-4000	4000	2881
chrX	48472021	48480021	48478668	8000	48476021	-4000	4000	2647
chrX	75152388	75160388	75156271	8000	75156388	-4000	4000	-117
chrX	30649359	30657359	30653514	8000	30653359	-4000	4000	155
chrX	51402948	51410948	51408546	8000	51406948	-4000	4000	1598
chrX	37004366	37012366	37010197	8000	37008366	-4000	4000	1831
chrX	79363667	79371667	79367192	8000	79367667	-4000	4000	-475
chrX	120600074	120608074	120604833	8000	120604074	-4000	4000	759
chrX	13316053	13324053	13319780	8000	13320053	-4000	4000	-273
chrX	73075512	73083512	73077850	8000	73079512	-4000	4000	-1662
chrX	112450500	112458500	112457124	8000	112454500	-4000	4000	2624
chrX	152765716	152773716	152767066	8000	152769716	-4000	4000	-2650
chrX	78655328	78663328	78657141	8000	78659328	-4000	4000	-2187
chrX	91430595	91438595	91435699	8000	91434595	-4000	4000	1104
chrX	53430370	53438370	53433813	8000	53434370	-4000	4000	-557
chrX	154440141	154448141	154446511	8000	154444141	-4000	4000	2370
chrX	101655850	101663850	101657120	8000	101659850	-4000	4000	-2730
chrX	34128314	34136314	34130648	8000	34132314	-4000	4000	-1666
chrX	126815729	126823729	126821328	8000	126819729	-4000	4000	1599
chrX	75519502	75527502	75522984	8000	75523502	-4000	4000	-518
chrX	8460830	8468830	8465353	8000	8464830	-4000	4000	523
chrX	3002546	3010546	3010046	8000	3006546	-4000	4000	3500
chrX	13316053	13324053	13318893	8000	13320053	-4000	4000	-1160
chrX	37004366	37012366	37009509	8000	37008366	-4000	4000	1143
chrX	112450500	112458500	112455364	8000	112454500	-4000	4000	864
chrX	34128314	34136314	34132111	8000	34132314	-4000	4000	-203
chrX	137562127	137570127	137570003	8000	137566127	-4000	4000	3876
chrX	48517806	48525806	48520412	8000	48521806	-4000	4000	-1394
chrX	55448127	55456127	55453020	8000	55452127	-4000	4000	893
chrX	135028355	135036355	135032656	8000	135032355	-4000	4000	301
chrX	102595168	102603168	102602578	8000	102599168	-4000	4000	3410
chrX	152729757	152737757	152736811	8000	152733757	-4000	4000	3054
chrX	116458976	116466976	116458980	8000	116462976	-4000	4000	-3996
chrX	75152388	75160388	75156258	8000	75156388	-4000	4000	-130
chrX	13316053	13324053	13319991	8000	13320053	-4000	4000	-62
chrX	37004366	37012366	37009149	8000	37008366	-4000	4000	783
chrX	48915024	48923024	48915095	8000	48919024	-4000	4000	-3929
chrX	78655328	78663328	78658386	8000	78659328	-4000	4000	-942
chrX	135167398	135175398	135171103	8000	135171398	-4000	4000	-295
chrX	37004366	37012366	37010562	8000	37008366	-4000	4000	2196
chrX	44840021	44848021	44844223	8000	44844021	-4000	4000	202
chrX	48954386	48962386	48962121	8000	48958386	-4000	4000	3735
chrX	52365021	52373021	52370080	8000	52369021	-4000	4000	1059
chrX	75152388	75160388	75156279	8000	75156388	-4000	4000	-109
chrX	80805877	80813877	80808548	8000	80809877	-4000	4000	-1329
chrX	89917908	89925908	89922797	8000	89921908	-4000	4000	889
chrX	101094188	101102188	101096305	8000	101098188	-4000	4000	-1883
chrX	128048403	128056403	128051447	8000	128052403	-4000	4000	-956
chrX	48797377	48805377	48802985	8000	48801377	-4000	4000	1608
chrX	57588011	57596011	57594951	8000	57592011	-4000	4000	2940
chrX	103307007	103315007	103309523	8000	103311007	-4000	4000	-1484
chrX	140501069	140509069	140504607	8000	140505069	-4000	4000	-462
chrX	136644158	136652158	136650279	8000	136648158	-4000	4000	2121
chrX	108732563	108740563	108734917	8000	108736563	-4000	4000	-1646
chrX	109998631	110006631	110003552	8000	110002631	-4000	4000	921
chrX	51739442	51747442	51745402	8000	51743442	-4000	4000	1960
chrX	69161521	69169521	69162294	8000	69165521	-4000	4000	-3227
chrX	16715612	16723612	16719742	8000	16719612	-4000	4000	130
chrX	152729757	152737757	152737223	8000	152733757	-4000	4000	3466
chrX	30305390	30313390	30308746	8000	30309390	-4000	4000	-644
chrX	27459341	27467341	27460819	8000	27463341	-4000	4000	-2522
chrX	70230655	70238655	70238273	8000	70234655	-4000	4000	3618
chrX	102708495	102716495	102715918	8000	102712495	-4000	4000	3423
chrX	102708495	102716495	102715919	8000	102712495	-4000	4000	3424
chrX	110516312	110524312	110521974	8000	110520312	-4000	4000	1662
chrX	22995960	23003960	23000541	8000	22999960	-4000	4000	581
chrX	120154613	120162613	120159120	8000	120158613	-4000	4000	507
chrX	49318037	49326037	49323226	8000	49322037	-4000	4000	1189
chrX	55085018	55093018	55090512	8000	55089018	-4000	4000	1494
chrX	71114543	71122543	71121369	8000	71118543	-4000	4000	2826
chrX	106034727	106042727	106037281	8000	106038727	-4000	4000	-1446
chrX	136528215	136536215	136536032	8000	136532215	-4000	4000	3817
chrX	152729757	152737757	152736662	8000	152733757	-4000	4000	2905
chrX	22995960	23003960	23001656	8000	22999960	-4000	4000	1696
chrX	101387011	101395011	101391925	8000	101391011	-4000	4000	914
chrX	102121679	102129679	102127302	8000	102125679	-4000	4000	1623
chrX	108732563	108740563	108735949	8000	108736563	-4000	4000	-614
chrX	1388113	1396113	1391922	8000	1392113	-4000	4000	-191
chrX	6531118	6539118	6534104	8000	6535118	-4000	4000	-1014
chrX	7838262	7846262	7843597	8000	7842262	-4000	4000	1335
chrX	8167267	8175267	8170250	8000	8171267	-4000	4000	-1017
chrX	35915734	35923734	35919788	8000	35919734	-4000	4000	54
chrX	46569765	46577765	46574067	8000	46573765	-4000	4000	302
chrX	49337192	49345192	49342913	8000	49341192	-4000	4000	1721
chrX	51402948	51410948	51407094	8000	51406948	-4000	4000	146
chrX	51739442	51747442	51743468	8000	51743442	-4000	4000	26
chrX	57588011	57596011	57593543	8000	57592011	-4000	4000	1532
chrX	69161521	69169521	69161885	8000	69165521	-4000	4000	-3636
chrX	70058457	70066457	70063145	8000	70062457	-4000	4000	688
chrX	71529104	71537104	71529901	8000	71533104	-4000	4000	-3203
chrX	101344742	101352742	101346409	8000	101348742	-4000	4000	-2333
chrX	101344742	101352742	101348703	8000	101348742	-4000	4000	-39
chrX	102708495	102716495	102716307	8000	102712495	-4000	4000	3812
chrX	108732563	108740563	108736113	8000	108736563	-4000	4000	-450
chrX	126548814	126556814	126551974	8000	126552814	-4000	4000	-840
chrX	152765716	152773716	152766471	8000	152769716	-4000	4000	-3245
chrX	155993696	156001696	156001480	8000	155997696	-4000	4000	3784
chrX	50906735	50914735	50911112	8000	50910735	-4000	4000	377
chrX	37004366	37012366	37011456	8000	37008366	-4000	4000	3090
chrX	104250933	104258933	104254226	8000	104254933	-4000	4000	-707
chrX	152729757	152737757	152736824	8000	152733757	-4000	4000	3067
chrX	69161521	69169521	69163214	8000	69165521	-4000	4000	-2307
chrX	120073690	120081690	120077019	8000	120077690	-4000	4000	-671
chrX	48192795	48200795	48194203	8000	48196795	-4000	4000	-2592
chrX	108732563	108740563	108734976	8000	108736563	-4000	4000	-1587
chrX	153175284	153183284	153183225	8000	153179284	-4000	4000	3941
chrX	27977449	27985449	27980964	8000	27981449	-4000	4000	-485
chrX	70286104	70294104	70290513	8000	70290104	-4000	4000	409
chrX	102708495	102716495	102716133	8000	102712495	-4000	4000	3638
chrX	34128314	34136314	34131062	8000	34132314	-4000	4000	-1252
chrX	101387011	101395011	101391815	8000	101391011	-4000	4000	804
chrX	101655850	101663850	101657609	8000	101659850	-4000	4000	-2241
chrX	149877141	149885141	149884994	8000	149881141	-4000	4000	3853
chrX	2824822	2832822	2830103	8000	2828822	-4000	4000	1281
chrX	15380413	15388413	15384040	8000	15384413	-4000	4000	-373
chrX	73210851	73218851	73213883	8000	73214851	-4000	4000	-968
chrX	153052409	153060409	153057434	8000	153056409	-4000	4000	1025
chrX	154454281	154462281	154461142	8000	154458281	-4000	4000	2861
chrX	71297750	71305750	71297888	8000	71301750	-4000	4000	-3862
chrX	73559197	73567197	73563345	8000	73563197	-4000	4000	148
chrX	1388113	1396113	1389626	8000	1392113	-4000	4000	-2487
chrX	1587604	1595604	1595410	8000	1591604	-4000	4000	3806
chrX	34128314	34136314	34131459	8000	34132314	-4000	4000	-855
chrX	34938796	34946796	34943803	8000	34942796	-4000	4000	1007
chrX	41329348	41337348	41334210	8000	41333348	-4000	4000	862
chrX	52864083	52872083	52867265	8000	52868083	-4000	4000	-818
chrX	63347332	63355332	63350450	8000	63351332	-4000	4000	-882
chrX	68494562	68502562	68499094	8000	68498562	-4000	4000	532
chrX	74300180	74308180	74304375	8000	74304180	-4000	4000	195
chrX	74300180	74308180	74304630	8000	74304180	-4000	4000	450
chrX	93670013	93678013	93671718	8000	93674013	-4000	4000	-2295
chrX	103060171	103068171	103062987	8000	103064171	-4000	4000	-1184
chrX	106607930	106615930	106612374	8000	106611930	-4000	4000	444
chrX	110791819	110799819	110795785	8000	110795819	-4000	4000	-34
chrX	112450500	112458500	112455352	8000	112454500	-4000	4000	852
chrX	119754588	119762588	119759796	8000	119758588	-4000	4000	1208
chrX	135028355	135036355	135033202	8000	135032355	-4000	4000	847
chrX	152134578	152142578	152135560	8000	152138578	-4000	4000	-3018
chrX	152729757	152737757	152737250	8000	152733757	-4000	4000	3493
chrX	47213860	47221860	47214548	8000	47217860	-4000	4000	-3312
chrX	49158564	49166564	49164880	8000	49162564	-4000	4000	2316
chrX	24356639	24364639	24363868	8000	24360639	-4000	4000	3229
chrX	26188440	26196440	26195160	8000	26192440	-4000	4000	2720
chrX	30239715	30247715	30242595	8000	30243715	-4000	4000	-1120
chrX	37004366	37012366	37008449	8000	37008366	-4000	4000	83
chrX	69161521	69169521	69163277	8000	69165521	-4000	4000	-2244
chrX	102933272	102941272	102937997	8000	102937272	-4000	4000	725
chrX	136483947	136491947	136488464	8000	136487947	-4000	4000	517
chrX	153052409	153060409	153057311	8000	153056409	-4000	4000	902
chrX	154424633	154432633	154428986	8000	154428633	-4000	4000	353
chrX	154486690	154494690	154488864	8000	154490690	-4000	4000	-1826
chrX	152990116	152998116	152991687	8000	152994116	-4000	4000	-2429
chrX	153940687	153948687	153941500	8000	153944687	-4000	4000	-3187
chrX	100406273	100414273	100407742	8000	100410273	-4000	4000	-2531
chrX	101614001	101622001	101616721	8000	101618001	-4000	4000	-1280
chrX	153720565	153728565	153720873	8000	153724565	-4000	4000	-3692
chrX	54803599	54811599	54810839	8000	54807599	-4000	4000	3240
chrX	55619400	55627400	55623553	8000	55623400	-4000	4000	153
chrX	143717423	143725423	143720604	8000	143721423	-4000	4000	-819
chrX	155993696	156001696	155997784	8000	155997696	-4000	4000	88
chrX	103272750	103280750	103274048	8000	103276750	-4000	4000	-2702
chrX	126548814	126556814	126551721	8000	126552814	-4000	4000	-1093
chrX	149591314	149599314	149598126	8000	149595314	-4000	4000	2812
chrX	30239715	30247715	30242610	8000	30243715	-4000	4000	-1105
chrX	101387011	101395011	101392160	8000	101391011	-4000	4000	1149
chrX	47626305	47634305	47629878	8000	47630305	-4000	4000	-427
chrX	83504290	83512290	83508498	8000	83508290	-4000	4000	208
chrX	142201290	142209290	142203247	8000	142205290	-4000	4000	-2043
chrX	55216346	55224346	55221792	8000	55220346	-4000	4000	1446
chrX	55619400	55627400	55624652	8000	55623400	-4000	4000	1252
chrX	70058457	70066457	70063165	8000	70062457	-4000	4000	708
chrX	34128314	34136314	34130758	8000	34132314	-4000	4000	-1556
chrX	15311640	15319640	15314497	8000	15315640	-4000	4000	-1143
chrX	74300180	74308180	74304596	8000	74304180	-4000	4000	416
chrX	78655328	78663328	78657472	8000	78659328	-4000	4000	-1856
chrX	27977449	27985449	27978762	8000	27981449	-4000	4000	-2687
chrX	48352707	48360707	48354718	8000	48356707	-4000	4000	-1989
chrX	100406273	100414273	100408203	8000	100410273	-4000	4000	-2070
chrX	35915734	35923734	35919828	8000	35919734	-4000	4000	94
chrX	71250814	71258814	71252830	8000	71254814	-4000	4000	-1984
chrX	71297750	71305750	71303473	8000	71301750	-4000	4000	1723
chrX	51402948	51410948	51408334	8000	51406948	-4000	4000	1386
chrX	107978370	107986370	107981500	8000	107982370	-4000	4000	-870
chrX	149770068	149778068	149774603	8000	149774068	-4000	4000	535
chrX	135340109	135348109	135347080	8000	135344109	-4000	4000	2971
chrX	51402948	51410948	51407242	8000	51406948	-4000	4000	294
chrX	126162289	126170289	126164673	8000	126166289	-4000	4000	-1616
chrX	137029995	137037995	137031447	8000	137033995	-4000	4000	-2548
chrX	46833043	46841043	46837144	8000	46837043	-4000	4000	101
chrX	76423710	76431710	76430665	8000	76427710	-4000	4000	2955
chrX	110791819	110799819	110792097	8000	110795819	-4000	4000	-3722
chrX	71529104	71537104	71530122	8000	71533104	-4000	4000	-2982
chrX	118819824	118827824	118826331	8000	118823824	-4000	4000	2507
chrX	75781254	75789254	75784285	8000	75785254	-4000	4000	-969
chrX	133214354	133222354	133217229	8000	133218354	-4000	4000	-1125
chrX	48967844	48975844	48970024	8000	48971844	-4000	4000	-1820
chrX	70278093	70286093	70281707	8000	70282093	-4000	4000	-386
chrX	1587604	1595604	1594062	8000	1591604	-4000	4000	2458
chrX	106689794	106697794	106694018	8000	106693794	-4000	4000	224
chrX	70129447	70137447	70133976	8000	70133447	-4000	4000	529
chrX	149877141	149885141	149885064	8000	149881141	-4000	4000	3923
chrX	24310069	24318069	24311343	8000	24314069	-4000	4000	-2726
chrX	37004366	37012366	37011276	8000	37008366	-4000	4000	2910
chrX	137029995	137037995	137030693	8000	137033995	-4000	4000	-3302
chrX	23330849	23338849	23335009	8000	23334849	-4000	4000	160
chrX	101614001	101622001	101616504	8000	101618001	-4000	4000	-1497
chrX	101655850	101663850	101657466	8000	101659850	-4000	4000	-2384
chrX	101655850	101663850	101657468	8000	101659850	-4000	4000	-2382
chrX	154407524	154415524	154414182	8000	154411524	-4000	4000	2658
chrX	49119735	49127735	49122710	8000	49123735	-4000	4000	-1025
chrX	107978370	107986370	107981008	8000	107982370	-4000	4000	-1362
chrX	101074879	101082879	101078947	8000	101078879	-4000	4000	68
chrX	34128314	34136314	34130724	8000	34132314	-4000	4000	-1590
chrX	108732563	108740563	108733788	8000	108736563	-4000	4000	-2775
chrX	8797383	8805383	8798392	8000	8801383	-4000	4000	-2991
chrX	109531781	109539781	109536990	8000	109535781	-4000	4000	1209
chrX	26188440	26196440	26193816	8000	26192440	-4000	4000	1376
chrX	52365021	52373021	52370638	8000	52369021	-4000	4000	1617
chrX	52807287	52815287	52813211	8000	52811287	-4000	4000	1924
chrX	103706909	103714909	103713636	8000	103710909	-4000	4000	2727
chrX	154486690	154494690	154487604	8000	154490690	-4000	4000	-3086
chrX	57588011	57596011	57594267	8000	57592011	-4000	4000	2256
chrX	107114823	107122823	107116055	8000	107118823	-4000	4000	-2768
chrX	41443343	41451343	41447725	8000	41447343	-4000	4000	382
chrX	101344742	101352742	101346603	8000	101348742	-4000	4000	-2139
chrX	152729757	152737757	152736432	8000	152733757	-4000	4000	2675
chrX	154291795	154299795	154295788	8000	154295795	-4000	4000	-7
chrX	57588011	57596011	57594422	8000	57592011	-4000	4000	2411
chrX	71114543	71122543	71120987	8000	71118543	-4000	4000	2444
chrX	78655328	78663328	78657677	8000	78659328	-4000	4000	-1651
chrX	102121679	102129679	102126936	8000	102125679	-4000	4000	1257
chrX	24310069	24318069	24312331	8000	24314069	-4000	4000	-1738
chrX	49119735	49127735	49123654	8000	49123735	-4000	4000	-81
chrX	35794342	35802342	35802257	8000	35798342	-4000	4000	3915
chrX	103706909	103714909	103713705	8000	103710909	-4000	4000	2796
chrX	119232245	119240245	119236433	8000	119236245	-4000	4000	188
chrX	46833043	46841043	46837050	8000	46837043	-4000	4000	7
chrX	85239911	85247911	85247630	8000	85243911	-4000	4000	3719
chrX	134986991	134994991	134991248	8000	134990991	-4000	4000	257
chrX	108732563	108740563	108734772	8000	108736563	-4000	4000	-1791
chrX	69612067	69620067	69616632	8000	69616067	-4000	4000	565
chrX	126162289	126170289	126164915	8000	126166289	-4000	4000	-1374
chrX	154486690	154494690	154487575	8000	154490690	-4000	4000	-3115
chrX	55085018	55093018	55091337	8000	55089018	-4000	4000	2319
chrX	137562127	137570127	137566571	8000	137566127	-4000	4000	444
chrX	103211108	103219108	103216310	8000	103215108	-4000	4000	1202
chrX	154424633	154432633	154429142	8000	154428633	-4000	4000	509
chrX	27977449	27985449	27980248	8000	27981449	-4000	4000	-1201
chrX	130167962	130175962	130171999	8000	130171962	-4000	4000	37
chrX	128048403	128056403	128052111	8000	128052403	-4000	4000	-292
chrX	126162289	126170289	126165427	8000	126166289	-4000	4000	-862
chrX	48967844	48975844	48969581	8000	48971844	-4000	4000	-2263
chrX	108732563	108740563	108734141	8000	108736563	-4000	4000	-2422
chrX	128048403	128056403	128051348	8000	128052403	-4000	4000	-1055
chrX	70927125	70935125	70929851	8000	70931125	-4000	4000	-1274
chrX	22995960	23003960	23001249	8000	22999960	-4000	4000	1289
chrX	34128314	34136314	34130979	8000	34132314	-4000	4000	-1335
chrX	55485848	55493848	55487483	8000	55489848	-4000	4000	-2365
chrX	53078367	53086367	53083075	8000	53082367	-4000	4000	708
chrX	57117548	57125548	57119939	8000	57121548	-4000	4000	-1609
chrX	140780366	140788366	140783702	8000	140784366	-4000	4000	-664
chrX	142201290	142209290	142203494	8000	142205290	-4000	4000	-1796
chrX	20137838	20145838	20138614	8000	20141838	-4000	4000	-3224
chrX	51739442	51747442	51745761	8000	51743442	-4000	4000	2319
chrX	34938796	34946796	34943297	8000	34942796	-4000	4000	501
chrX	71114543	71122543	71120139	8000	71118543	-4000	4000	1596
chrX	48251392	48259392	48257773	8000	48255392	-4000	4000	2381
chrX	48251392	48259392	48257774	8000	48255392	-4000	4000	2382
chrX	30211563	30219563	30218598	8000	30215563	-4000	4000	3035
chrX	57588011	57596011	57593174	8000	57592011	-4000	4000	1163
chrX	83504290	83512290	83508341	8000	83508290	-4000	4000	51
chrX	149591314	149599314	149598096	8000	149595314	-4000	4000	2782
chrX	135048196	135056196	135051926	8000	135052196	-4000	4000	-270
chrX	70419031	70427031	70419760	8000	70423031	-4000	4000	-3271
chrX	103089143	103097143	103093069	8000	103093143	-4000	4000	-74
chrX	137029995	137037995	137030221	8000	137033995	-4000	4000	-3774
chrX	152990116	152998116	152990513	8000	152994116	-4000	4000	-3603
chrX	13040682	13048682	13043138	8000	13044682	-4000	4000	-1544
chrX	24310069	24318069	24312883	8000	24314069	-4000	4000	-1186
chrX	37004366	37012366	37010794	8000	37008366	-4000	4000	2428
chrX	47141221	47149221	47142250	8000	47145221	-4000	4000	-2971
chrX	48504959	48512959	48512340	8000	48508959	-4000	4000	3381
chrX	52793427	52801427	52797332	8000	52797427	-4000	4000	-95
chrX	52807287	52815287	52815145	8000	52811287	-4000	4000	3858
chrX	53078367	53086367	53083218	8000	53082367	-4000	4000	851
chrX	54803599	54811599	54811082	8000	54807599	-4000	4000	3483
chrX	54994534	55002534	55002381	8000	54998534	-4000	4000	3847
chrX	55260916	55268916	55263272	8000	55264916	-4000	4000	-1644
chrX	55485848	55493848	55487640	8000	55489848	-4000	4000	-2208
chrX	57588011	57596011	57594257	8000	57592011	-4000	4000	2246
chrX	75781254	75789254	75783624	8000	75785254	-4000	4000	-1630
chrX	79363667	79371667	79367173	8000	79367667	-4000	4000	-494
chrX	93670013	93678013	93672782	8000	93674013	-4000	4000	-1231
chrX	101094188	101102188	101094783	8000	101098188	-4000	4000	-3405
chrX	101546547	101554547	101553054	8000	101550547	-4000	4000	2507
chrX	102647092	102655092	102653821	8000	102651092	-4000	4000	2729
chrX	102647092	102655092	102655013	8000	102651092	-4000	4000	3921
chrX	104162453	104170453	104166867	8000	104166453	-4000	4000	414
chrX	108040970	108048970	108045046	8000	108044970	-4000	4000	76
chrX	108435838	108443838	108439949	8000	108439838	-4000	4000	111
chrX	120871866	120879866	120875034	8000	120875866	-4000	4000	-832
chrX	133214354	133222354	133217866	8000	133218354	-4000	4000	-488
chrX	135340109	135348109	135347074	8000	135344109	-4000	4000	2965
chrX	135340109	135348109	135347521	8000	135344109	-4000	4000	3412
chrX	141173129	141181129	141176983	8000	141177129	-4000	4000	-146
chrX	141899894	141907894	141906855	8000	141903894	-4000	4000	2961
chrX	141899894	141907894	141907064	8000	141903894	-4000	4000	3170
chrX	142201290	142209290	142202934	8000	142205290	-4000	4000	-2356
chrX	142201290	142209290	142203229	8000	142205290	-4000	4000	-2061
chrX	152729757	152737757	152736743	8000	152733757	-4000	4000	2986
chrX	152765716	152773716	152766532	8000	152769716	-4000	4000	-3184
chrX	153905223	153913223	153909773	8000	153909223	-4000	4000	550
chrX	153940687	153948687	153942954	8000	153944687	-4000	4000	-1733
chrX	140998594	141006594	141002726	8000	141002594	-4000	4000	132
chrX	34938796	34946796	34943844	8000	34942796	-4000	4000	1048
chrX	71107575	71115575	71110900	8000	71111575	-4000	4000	-675
chrX	152134578	152142578	152134594	8000	152138578	-4000	4000	-3984
chrX	152990116	152998116	152991331	8000	152994116	-4000	4000	-2785
chrX	18671909	18679909	18672069	8000	18675909	-4000	4000	-3840
chrX	30305390	30313390	30308620	8000	30309390	-4000	4000	-770
chrX	49229371	49237371	49231764	8000	49233371	-4000	4000	-1607
chrX	79363667	79371667	79367245	8000	79367667	-4000	4000	-422
chrX	100635991	100643991	100636793	8000	100639991	-4000	4000	-3198
chrX	22995960	23003960	23000611	8000	22999960	-4000	4000	651
chrX	136483947	136491947	136488493	8000	136487947	-4000	4000	546
chrX	48691554	48699554	48699015	8000	48695554	-4000	4000	3461
chrX	103326229	103334229	103332046	8000	103330229	-4000	4000	1817
chrX	73443053	73451053	73447325	8000	73447053	-4000	4000	272
chrX	55485848	55493848	55488057	8000	55489848	-4000	4000	-1791
chrX	15380413	15388413	15384873	8000	15384413	-4000	4000	460
chrX	126548814	126556814	126551759	8000	126552814	-4000	4000	-1055
chrX	23779173	23787173	23783216	8000	23783173	-4000	4000	43
chrX	48822513	48830513	48829986	8000	48826513	-4000	4000	3473
chrX	93670013	93678013	93673471	8000	93674013	-4000	4000	-542
chrX	152765716	152773716	152767347	8000	152769716	-4000	4000	-2369
chrX	100406273	100414273	100406927	8000	100410273	-4000	4000	-3346
chrX	141899894	141907894	141907681	8000	141903894	-4000	4000	3787
chrX	132124020	132132020	132127940	8000	132128020	-4000	4000	-80
chrX	152694767	152702767	152701546	8000	152698767	-4000	4000	2779
chrX	15331554	15339554	15331726	8000	15335554	-4000	4000	-3828
chrX	16119565	16127565	16124337	8000	16123565	-4000	4000	772
chrX	22995960	23003960	23000208	8000	22999960	-4000	4000	248
chrX	22995960	23003960	23001701	8000	22999960	-4000	4000	1741
chrX	26134343	26142343	26138993	8000	26138343	-4000	4000	650
chrX	26188440	26196440	26194523	8000	26192440	-4000	4000	2083
chrX	26188440	26196440	26194606	8000	26192440	-4000	4000	2166
chrX	27977449	27985449	27981022	8000	27981449	-4000	4000	-427
chrX	30239715	30247715	30242302	8000	30243715	-4000	4000	-1413
chrX	30239715	30247715	30242946	8000	30243715	-4000	4000	-769
chrX	30649359	30657359	30653602	8000	30653359	-4000	4000	243
chrX	31068041	31076041	31071278	8000	31072041	-4000	4000	-763
chrX	33335609	33343609	33339378	8000	33339609	-4000	4000	-231
chrX	34938796	34946796	34943351	8000	34942796	-4000	4000	555
chrX	47213860	47221860	47214339	8000	47217860	-4000	4000	-3521
chrX	47655180	47663180	47657811	8000	47659180	-4000	4000	-1369
chrX	48504959	48512959	48511427	8000	48508959	-4000	4000	2468
chrX	49196218	49204218	49199029	8000	49200218	-4000	4000	-1189
chrX	51402948	51410948	51408162	8000	51406948	-4000	4000	1214
chrX	51492592	51500592	51496079	8000	51496592	-4000	4000	-513
chrX	53418728	53426728	53426340	8000	53422728	-4000	4000	3612
chrX	54916462	54924462	54922748	8000	54920462	-4000	4000	2286
chrX	56559627	56567627	56564937	8000	56563627	-4000	4000	1310
chrX	66158671	66166671	66162877	8000	66162671	-4000	4000	206
chrX	69161521	69169521	69161906	8000	69165521	-4000	4000	-3615
chrX	69161521	69169521	69162110	8000	69165521	-4000	4000	-3411
chrX	69161521	69169521	69162213	8000	69165521	-4000	4000	-3308
chrX	69161521	69169521	69162833	8000	69165521	-4000	4000	-2688
chrX	70256204	70264204	70259201	8000	70260204	-4000	4000	-1003
chrX	70278093	70286093	70282822	8000	70282093	-4000	4000	729
chrX	71091851	71099851	71096885	8000	71095851	-4000	4000	1034
chrX	83504290	83512290	83509278	8000	83508290	-4000	4000	988
chrX	100406273	100414273	100407739	8000	100410273	-4000	4000	-2534
chrX	101094188	101102188	101101187	8000	101098188	-4000	4000	2999
chrX	101289057	101297057	101292889	8000	101293057	-4000	4000	-168
chrX	101546547	101554547	101553708	8000	101550547	-4000	4000	3161
chrX	101546547	101554547	101553850	8000	101550547	-4000	4000	3303
chrX	101614001	101622001	101616334	8000	101618001	-4000	4000	-1667
chrX	102121679	102129679	102126936	8000	102125679	-4000	4000	1257
chrX	102512739	102520739	102513937	8000	102516739	-4000	4000	-2802
chrX	102647092	102655092	102653926	8000	102651092	-4000	4000	2834
chrX	103272750	103280750	103274580	8000	103276750	-4000	4000	-2170
chrX	103326229	103334229	103331777	8000	103330229	-4000	4000	1548
chrX	103706909	103714909	103713798	8000	103710909	-4000	4000	2889
chrX	104250933	104258933	104254891	8000	104254933	-4000	4000	-42
chrX	106034727	106042727	106036621	8000	106038727	-4000	4000	-2106
chrX	107773342	107781342	107775275	8000	107777342	-4000	4000	-2067
chrX	108732563	108740563	108735148	8000	108736563	-4000	4000	-1415
chrX	115285715	115293715	115289767	8000	115289715	-4000	4000	52
chrX	116166744	116174744	116172372	8000	116170744	-4000	4000	1628
chrX	116458976	116466976	116459110	8000	116462976	-4000	4000	-3866
chrX	120600074	120608074	120605473	8000	120604074	-4000	4000	1399
chrX	120626054	120634054	120627005	8000	120630054	-4000	4000	-3049
chrX	121043610	121051610	121048267	8000	121047610	-4000	4000	657
chrX	130381674	130389674	130384498	8000	130385674	-4000	4000	-1176
chrX	130397987	130405987	130402340	8000	130401987	-4000	4000	353
chrX	135340109	135348109	135347482	8000	135344109	-4000	4000	3373
chrX	143717423	143725423	143720601	8000	143721423	-4000	4000	-822
chrX	152694767	152702767	152701945	8000	152698767	-4000	4000	3178
chrX	152826967	152834967	152828606	8000	152830967	-4000	4000	-2361
chrX	154454281	154462281	154461539	8000	154458281	-4000	4000	3258
chrX	15380413	15388413	15384980	8000	15384413	-4000	4000	567
chrX	63347332	63355332	63350066	8000	63351332	-4000	4000	-1266
chrX	69161521	69169521	69162658	8000	69165521	-4000	4000	-2863
chrX	70419031	70427031	70420264	8000	70423031	-4000	4000	-2767
chrX	75781254	75789254	75783794	8000	75785254	-4000	4000	-1460
chrX	87513409	87521409	87518198	8000	87517409	-4000	4000	789
chrX	89917908	89925908	89922817	8000	89921908	-4000	4000	909
chrX	120073690	120081690	120077038	8000	120077690	-4000	4000	-652
chrX	133214354	133222354	133217593	8000	133218354	-4000	4000	-761
chrX	152729757	152737757	152736488	8000	152733757	-4000	4000	2731
chrX	153052409	153060409	153058673	8000	153056409	-4000	4000	2264
chrX	136776932	136784932	136781102	8000	136780932	-4000	4000	170
chrX	135969841	135977841	135971104	8000	135973841	-4000	4000	-2737
chrX	48517806	48525806	48523979	8000	48521806	-4000	4000	2173
chrX	69161521	69169521	69161626	8000	69165521	-4000	4000	-3895
chrX	100406273	100414273	100407859	8000	100410273	-4000	4000	-2414
chrX	37004366	37012366	37009335	8000	37008366	-4000	4000	969
chrX	30239715	30247715	30242801	8000	30243715	-4000	4000	-914
chrX	100816359	100824359	100823993	8000	100820359	-4000	4000	3634
chrX	73210851	73218851	73213398	8000	73214851	-4000	4000	-1453
chrX	53430370	53438370	53430617	8000	53434370	-4000	4000	-3753
chrX	70419031	70427031	70425790	8000	70423031	-4000	4000	2759
chrX	21835617	21843617	21839782	8000	21839617	-4000	4000	165
chrX	27977449	27985449	27980827	8000	27981449	-4000	4000	-622
chrX	49158564	49166564	49164810	8000	49162564	-4000	4000	2246
chrX	70286104	70294104	70289309	8000	70290104	-4000	4000	-795
chrX	100870359	100878359	100874169	8000	100874359	-4000	4000	-190
chrX	129535849	129543849	129540788	8000	129539849	-4000	4000	939
chrX	129650956	129658956	129654584	8000	129654956	-4000	4000	-372
chrX	71250814	71258814	71252981	8000	71254814	-4000	4000	-1833
chrX	34653285	34661285	34657124	8000	34657285	-4000	4000	-161
chrX	108087549	108095549	108087595	8000	108091549	-4000	4000	-3954
chrX	53418728	53426728	53426341	8000	53422728	-4000	4000	3613
chrX	118819824	118827824	118825588	8000	118823824	-4000	4000	1764
chrX	47626305	47634305	47629782	8000	47630305	-4000	4000	-523
chrX	70286104	70294104	70290500	8000	70290104	-4000	4000	396
chrX	115285715	115293715	115289768	8000	115289715	-4000	4000	53
chrX	37004366	37012366	37009928	8000	37008366	-4000	4000	1562
chrX	137562127	137570127	137566608	8000	137566127	-4000	4000	481
chrX	34938796	34946796	34942859	8000	34942796	-4000	4000	63
chrX	22995960	23003960	23001637	8000	22999960	-4000	4000	1677
chrX	37004366	37012366	37010302	8000	37008366	-4000	4000	1936
chrX	69500326	69508326	69506014	8000	69504326	-4000	4000	1688
chrX	70173483	70181483	70177642	8000	70177483	-4000	4000	159
chrX	78655328	78663328	78657771	8000	78659328	-4000	4000	-1557
chrX	126548814	126556814	126551673	8000	126552814	-4000	4000	-1141
chrX	21368801	21376801	21374948	8000	21372801	-4000	4000	2147
chrX	24356639	24364639	24363569	8000	24360639	-4000	4000	2930
chrX	70419031	70427031	70419697	8000	70423031	-4000	4000	-3334
chrX	13565601	13573601	13569845	8000	13569601	-4000	4000	244
chrX	153905223	153913223	153909519	8000	153909223	-4000	4000	296
chrX	76423710	76431710	76428924	8000	76427710	-4000	4000	1214
chrX	121043610	121051610	121048112	8000	121047610	-4000	4000	502
chrX	51739442	51747442	51743621	8000	51743442	-4000	4000	179
chrX	51739442	51747442	51745418	8000	51743442	-4000	4000	1976
chrX	85375717	85383717	85379251	8000	85379717	-4000	4000	-466
chrX	56991827	56999827	56994712	8000	56995827	-4000	4000	-1115
chrX	153052409	153060409	153057109	8000	153056409	-4000	4000	700
chrX	27977449	27985449	27980821	8000	27981449	-4000	4000	-628
chrX	47626305	47634305	47628202	8000	47630305	-4000	4000	-2103
chrX	152729757	152737757	152736537	8000	152733757	-4000	4000	2780
chrX	153720565	153728565	153726014	8000	153724565	-4000	4000	1449
chrX	120600074	120608074	120604858	8000	120604074	-4000	4000	784
chrX	149545924	149553924	149546788	8000	149549924	-4000	4000	-3136
chrX	154649579	154657579	154653318	8000	154653579	-4000	4000	-261
chrX	73210851	73218851	73213352	8000	73214851	-4000	4000	-1499
chrX	70927125	70935125	70929992	8000	70931125	-4000	4000	-1133
chrX	52793427	52801427	52796356	8000	52797427	-4000	4000	-1071
chrX	153905223	153913223	153909520	8000	153909223	-4000	4000	297
chrX	101655850	101663850	101656438	8000	101659850	-4000	4000	-3412
chrX	8460830	8468830	8466386	8000	8464830	-4000	4000	1556
chrX	13040682	13048682	13043210	8000	13044682	-4000	4000	-1472
chrX	26134343	26142343	26139498	8000	26138343	-4000	4000	1155
chrX	30239715	30247715	30242179	8000	30243715	-4000	4000	-1536
chrX	44840021	44848021	44844364	8000	44844021	-4000	4000	343
chrX	49158564	49166564	49164655	8000	49162564	-4000	4000	2091
chrX	51739442	51747442	51745331	8000	51743442	-4000	4000	1889
chrX	71140821	71148821	71147966	8000	71144821	-4000	4000	3145
chrX	71297750	71305750	71300162	8000	71301750	-4000	4000	-1588
chrX	71297750	71305750	71305277	8000	71301750	-4000	4000	3527
chrX	75781254	75789254	75783315	8000	75785254	-4000	4000	-1939
chrX	85375717	85383717	85379286	8000	85379717	-4000	4000	-431
chrX	91430595	91438595	91436599	8000	91434595	-4000	4000	2004
chrX	104035956	104043956	104040248	8000	104039956	-4000	4000	292
chrX	116166744	116174744	116172958	8000	116170744	-4000	4000	2214
chrX	140501069	140509069	140504467	8000	140505069	-4000	4000	-602
chrX	153052409	153060409	153057537	8000	153056409	-4000	4000	1128
chrX	85239911	85247911	85247584	8000	85243911	-4000	4000	3673
chrX	37004366	37012366	37008565	8000	37008366	-4000	4000	199
chrX	23779173	23787173	23783952	8000	23783173	-4000	4000	779
chrX	24356639	24364639	24364432	8000	24360639	-4000	4000	3793
chrX	34128314	34136314	34131780	8000	34132314	-4000	4000	-534
chrX	100406273	100414273	100408208	8000	100410273	-4000	4000	-2065
chrX	100580936	100588936	100585061	8000	100584936	-4000	4000	125
chrX	134986991	134994991	134991248	8000	134990991	-4000	4000	257
chrX	152729757	152737757	152737090	8000	152733757	-4000	4000	3333
chrX	102595168	102603168	102603078	8000	102599168	-4000	4000	3910
chrX	135048196	135056196	135051322	8000	135052196	-4000	4000	-874
chrX	152134578	152142578	152134779	8000	152138578	-4000	4000	-3799
chrX	49119735	49127735	49122423	8000	49123735	-4000	4000	-1312
chrX	51739442	51747442	51743924	8000	51743442	-4000	4000	482
chrX	135028355	135036355	135033058	8000	135032355	-4000	4000	703
chrX	54803599	54811599	54809751	8000	54807599	-4000	4000	2152
chrX	55071030	55079030	55077413	8000	55075030	-4000	4000	2383
chrX	104035956	104043956	104040041	8000	104039956	-4000	4000	85
chrX	27459341	27467341	27461484	8000	27463341	-4000	4000	-1857
chrX	47655180	47663180	47657569	8000	47659180	-4000	4000	-1611
chrX	55085018	55093018	55091412	8000	55089018	-4000	4000	2394
chrX	116166744	116174744	116173216	8000	116170744	-4000	4000	2472
chrX	121043610	121051610	121048759	8000	121047610	-4000	4000	1149
chrX	116166744	116174744	116173731	8000	116170744	-4000	4000	2987
chrX	83504290	83512290	83508887	8000	83508290	-4000	4000	597
chrX	100406273	100414273	100408127	8000	100410273	-4000	4000	-2146
chrX	128048403	128056403	128052095	8000	128052403	-4000	4000	-308
chrX	26188440	26196440	26195268	8000	26192440	-4000	4000	2828
chrX	120154613	120162613	120159175	8000	120158613	-4000	4000	562
chrX	22995960	23003960	23000078	8000	22999960	-4000	4000	118
chrX	47626305	47634305	47626423	8000	47630305	-4000	4000	-3882
chrX	18216886	18224886	18220796	8000	18220886	-4000	4000	-90
chrX	49691984	49699984	49694775	8000	49695984	-4000	4000	-1209
chrX	24310069	24318069	24312505	8000	24314069	-4000	4000	-1564
chrX	47626305	47634305	47626364	8000	47630305	-4000	4000	-3941
chrX	70927125	70935125	70928499	8000	70931125	-4000	4000	-2626
chrX	30239715	30247715	30242603	8000	30243715	-4000	4000	-1112
chrX	34128314	34136314	34130578	8000	34132314	-4000	4000	-1736
chrX	34128314	34136314	34132083	8000	34132314	-4000	4000	-231
chrX	69161521	69169521	69162985	8000	69165521	-4000	4000	-2536
chrX	81198102	81206102	81202238	8000	81202102	-4000	4000	136
chrX	137029995	137037995	137031098	8000	137033995	-4000	4000	-2897
chrX	70927125	70935125	70929724	8000	70931125	-4000	4000	-1401
chrX	120600074	120608074	120604214	8000	120604074	-4000	4000	140
chrX	118819824	118827824	118826449	8000	118823824	-4000	4000	2625
chrX	37004366	37012366	37008571	8000	37008366	-4000	4000	205
chrX	57133523	57141523	57136303	8000	57137523	-4000	4000	-1220
chrX	71297750	71305750	71304587	8000	71301750	-4000	4000	2837
chrX	100406273	100414273	100407060	8000	100410273	-4000	4000	-3213
chrX	27977449	27985449	27979488	8000	27981449	-4000	4000	-1961
chrX	16119565	16127565	16123978	8000	16123565	-4000	4000	413
chrX	26156601	26164601	26161271	8000	26160601	-4000	4000	670
chrX	108732563	108740563	108732884	8000	108736563	-4000	4000	-3679
chrX	119146579	119154579	119150501	8000	119150579	-4000	4000	-78
chrX	153760196	153768196	153767052	8000	153764196	-4000	4000	2856
chrX	110516312	110524312	110521682	8000	110520312	-4000	4000	1370
chrX	141834316	141842316	141838318	8000	141838316	-4000	4000	2
chrX	141899894	141907894	141906479	8000	141903894	-4000	4000	2585
chrX	76423710	76431710	76428249	8000	76427710	-4000	4000	539
chrX	130335888	130343888	130340339	8000	130339888	-4000	4000	451
chrX	34938796	34946796	34943722	8000	34942796	-4000	4000	926
chrX	34938796	34946796	34943560	8000	34942796	-4000	4000	764
chrX	51402948	51410948	51407555	8000	51406948	-4000	4000	607
chrX	71529104	71537104	71529914	8000	71533104	-4000	4000	-3190
chrX	78655328	78663328	78656818	8000	78659328	-4000	4000	-2510
chrX	15380413	15388413	15384061	8000	15384413	-4000	4000	-352
chrX	51739442	51747442	51745601	8000	51743442	-4000	4000	2159
chrX	93670013	93678013	93672870	8000	93674013	-4000	4000	-1143
chrX	100925433	100933433	100928280	8000	100929433	-4000	4000	-1153
chrX	154454281	154462281	154461210	8000	154458281	-4000	4000	2929
chrX	27459341	27467341	27461287	8000	27463341	-4000	4000	-2054
chrX	52807287	52815287	52815149	8000	52811287	-4000	4000	3862
chrX	57906458	57914458	57908214	8000	57910458	-4000	4000	-2244
chrX	103706909	103714909	103707345	8000	103710909	-4000	4000	-3564
chrX	103307007	103315007	103309717	8000	103311007	-4000	4000	-1290
chrX	81198102	81206102	81201972	8000	81202102	-4000	4000	-130
chrX	152694767	152702767	152701543	8000	152698767	-4000	4000	2776
chrX	126548814	126556814	126552131	8000	126552814	-4000	4000	-683
chrX	69500326	69508326	69506044	8000	69504326	-4000	4000	1718
chrX	22995960	23003960	23000537	8000	22999960	-4000	4000	577
chrX	53430370	53438370	53433881	8000	53434370	-4000	4000	-489
chrX	152729757	152737757	152736244	8000	152733757	-4000	4000	2487
chrX	26134343	26142343	26139970	8000	26138343	-4000	4000	1627
chrX	11754159	11762159	11759685	8000	11758159	-4000	4000	1526
chrX	101655850	101663850	101657425	8000	101659850	-4000	4000	-2425
chrX	135028355	135036355	135033402	8000	135032355	-4000	4000	1047
chrX	24310069	24318069	24312357	8000	24314069	-4000	4000	-1712
chrX	47626305	47634305	47626357	8000	47630305	-4000	4000	-3948
chrX	76423710	76431710	76428217	8000	76427710	-4000	4000	507
chrX	70058457	70066457	70063744	8000	70062457	-4000	4000	1287
chrX	152729757	152737757	152737242	8000	152733757	-4000	4000	3485
chrX	154482615	154490615	154485359	8000	154486615	-4000	4000	-1256
chrX	149591314	149599314	149594516	8000	149595314	-4000	4000	-798
chrX	46569765	46577765	46574568	8000	46573765	-4000	4000	803
chrX	30211563	30219563	30219055	8000	30215563	-4000	4000	3492
chrX	70256204	70264204	70259201	8000	70260204	-4000	4000	-1003
chrX	11754159	11762159	11760891	8000	11758159	-4000	4000	2732
chrX	34938796	34946796	34942924	8000	34942796	-4000	4000	128
chrX	55485848	55493848	55488307	8000	55489848	-4000	4000	-1541
chrX	69161521	69169521	69162959	8000	69165521	-4000	4000	-2562
chrX	75781254	75789254	75783253	8000	75785254	-4000	4000	-2001
chrX	75781254	75789254	75784566	8000	75785254	-4000	4000	-688
chrX	115285715	115293715	115289808	8000	115289715	-4000	4000	93
chrX	123180153	123188153	123184512	8000	123184153	-4000	4000	359
chrX	141899894	141907894	141907607	8000	141903894	-4000	4000	3713
chrX	67540021	67548021	67545239	8000	67544021	-4000	4000	1218
chrX	75781254	75789254	75784313	8000	75785254	-4000	4000	-941
chrX	74300180	74308180	74304252	8000	74304180	-4000	4000	72
chrX	119146579	119154579	119150317	8000	119150579	-4000	4000	-262
chrX	24310069	24318069	24311469	8000	24314069	-4000	4000	-2600
chrX	48915024	48923024	48917808	8000	48919024	-4000	4000	-1216
chrX	70419031	70427031	70419747	8000	70423031	-4000	4000	-3284
chrX	71107575	71115575	71111545	8000	71111575	-4000	4000	-30
chrX	71297750	71305750	71304584	8000	71301750	-4000	4000	2834
chrX	120154613	120162613	120159185	8000	120158613	-4000	4000	572
chrX	49691984	49699984	49694767	8000	49695984	-4000	4000	-1217
chrX	74300180	74308180	74304224	8000	74304180	-4000	4000	44
chrX	120871866	120879866	120875399	8000	120875866	-4000	4000	-467
chrX	52650900	52658900	52652273	8000	52654900	-4000	4000	-2627
chrX	49691984	49699984	49694761	8000	49695984	-4000	4000	-1223
chrX	126815729	126823729	126821407	8000	126819729	-4000	4000	1678
chrX	136493079	136501079	136500193	8000	136497079	-4000	4000	3114
chrX	55448127	55456127	55452475	8000	55452127	-4000	4000	348
chrX	133214354	133222354	133217070	8000	133218354	-4000	4000	-1284
chrX	152729757	152737757	152736428	8000	152733757	-4000	4000	2671
chrX	23903938	23911938	23910319	8000	23907938	-4000	4000	2381
chrX	110516312	110524312	110521105	8000	110520312	-4000	4000	793
chrX	34938796	34946796	34944527	8000	34942796	-4000	4000	1731
chrX	26134343	26142343	26139426	8000	26138343	-4000	4000	1083
chrX	24668677	24676677	24672646	8000	24672677	-4000	4000	-31
chrX	69500326	69508326	69505954	8000	69504326	-4000	4000	1628
chrX	100406273	100414273	100407818	8000	100410273	-4000	4000	-2455
chrX	120073690	120081690	120077089	8000	120077690	-4000	4000	-601
chrX	135048196	135056196	135051778	8000	135052196	-4000	4000	-418
chrX	141173129	141181129	141176601	8000	141177129	-4000	4000	-528
chrX	137029995	137037995	137031071	8000	137033995	-4000	4000	-2924
chrX	149770068	149778068	149774783	8000	149774068	-4000	4000	715
chrX	52650900	52658900	52652311	8000	52654900	-4000	4000	-2589
chrX	21835617	21843617	21839720	8000	21839617	-4000	4000	103
chrX	76423710	76431710	76430742	8000	76427710	-4000	4000	3032
chrX	100635991	100643991	100636726	8000	100639991	-4000	4000	-3265
chrX	34938796	34946796	34943138	8000	34942796	-4000	4000	342
chrX	57117548	57125548	57120513	8000	57121548	-4000	4000	-1035
chrX	120073690	120081690	120077058	8000	120077690	-4000	4000	-632
chrX	129734949	129742949	129739093	8000	129738949	-4000	4000	144
chrX	86144451	86152451	86148917	8000	86148451	-4000	4000	466
chrX	104009708	104017708	104013198	8000	104013708	-4000	4000	-510
chrX	108732563	108740563	108735278	8000	108736563	-4000	4000	-1285
chrX	106689794	106697794	106694292	8000	106693794	-4000	4000	498
chrX	71107575	71115575	71107607	8000	71111575	-4000	4000	-3968
chrX	1587604	1595604	1595459	8000	1591604	-4000	4000	3855
chrX	13730635	13738635	13734148	8000	13734635	-4000	4000	-487
chrX	14525298	14533298	14530109	8000	14529298	-4000	4000	811
chrX	37004366	37012366	37010244	8000	37008366	-4000	4000	1878
chrX	37004366	37012366	37010622	8000	37008366	-4000	4000	2256
chrX	49158564	49166564	49166290	8000	49162564	-4000	4000	3726
chrX	102121679	102129679	102127697	8000	102125679	-4000	4000	2018
chrX	136483947	136491947	136488085	8000	136487947	-4000	4000	138
chrX	152694767	152702767	152701250	8000	152698767	-4000	4000	2483
chrX	57906458	57914458	57909110	8000	57910458	-4000	4000	-1348
chrX	100406273	100414273	100407748	8000	100410273	-4000	4000	-2525
chrY	18021787	18029787	18026214	8000	18025787	-4000	4000	427
