Chr	Start	End	Name	Score	Strand	Length
chr7	117287120	117715971	CFTR	0	+	428851
chr7	121325367	121341104	WNT16	0	+	15737
chr7	43112629	43566001	HECW1	0	+	453372
chr6	110424687	110476641	SLC22A16	0	-	51954
chr7	20615667	20777038	ABCB5	0	+	161371
chr17	44248390	44268141	SLC4A1	0	-	19751
chr7	93424486	93574730	CALCR	0	-	150244
chr17	58269855	58280935	MPO	0	-	11080
chr7	95297676	95324532	PON1	0	-	26856
chr17	44372180	44389649	ITGA2B	0	-	17469
chr7	95478444	95540233	ASB4	0	+	61789
chr17	41346092	41350828	KRT33A	0	-	4736
chr16	24256335	24362412	CACNG3	0	+	106077
chr7	97732084	97740472	TAC1	0	+	8388
chr7	97005553	97011040	DLX6	0	+	5487
chr7	75769533	75789896	CCL26	0	-	20363
chr11	17493895	17544416	USH1C	0	-	50521
chr19	39704481	39709444	LGALS14	0	+	4963
chr17	10300865	10373130	MYH13	0	-	72265
chr2	157876702	158136154	UPP2	0	+	259452
chr17	11598470	11969748	DNAH9	0	+	371278
chr19	41673303	41706976	CEACAM7	0	-	33673
chrX	154295795	154330350	TKTL1	0	+	34555
chrX	100843324	100874359	NOX1	0	-	31035
chr1	209583714	209613939	CAMK1G	0	+	30225
chr6	50713526	50773033	TFAP2D	0	+	59507
chr3	42692663	42702824	HHATL	0	-	10161
chr12	220621	262873	SLC6A13	0	-	42252
chr9	33750679	33799231	PRSS3	0	+	48552
chr19	38211006	38229714	DPF1	0	-	18708
chr19	35704558	35717038	ZBTB32	0	+	12480
chrX	152166234	152451315	GABRA3	0	-	285081
chr12	100473708	100564414	NR1H4	0	+	90706
chrY	19703865	19744939	KDM5D	0	-	41074
chr8	27235308	27258420	STMN4	0	-	23112
chr5	51383448	51394730	ISL1	0	+	11282
chr1	86468368	86500259	CLCA1	0	+	31891
chr1	86547078	86580754	CLCA4	0	+	33676
chr7	99828013	99866093	CYP3A43	0	+	38080
chr19	32830509	32869767	SLC7A9	0	-	39258
chr1	56929207	56966140	C8B	0	-	36933
chr9	110668779	110806558	MUSK	0	+	137779
chr1	69567922	70151945	LRRC7	0	+	584023
chr8	48710789	48735311	EFCAB1	0	-	24522
chr14	99684298	99727301	CYP46A1	0	+	43003
chr8	20144855	20183206	SLC18A1	0	-	38351
chr3	122183668	122291629	CASR	0	+	107961
chr5	157625679	157671480	SOX30	0	-	45801
chr19	12751702	12758458	BEST2	0	+	6756
chr5	24487100	24644978	CDH10	0	-	157878
chr1	215622891	216423448	USH2A	0	-	800557
chr7	49850421	50121329	ZPBP	0	-	270908
chr1	42153410	42155820	GUCA2B	0	+	2410
chr6	42155406	42181338	GUCA1A	0	+	25932
chr4	121131408	121227466	TNIP3	0	-	96058
chr6	110243940	110358349	METTL24	0	-	114409
chr20	57329803	57343994	SPO11	0	+	14191
chr20	55997357	56005519	CBLN4	0	-	8162
chr3	52777595	52792068	ITIH1	0	+	14473
chr4	72031902	72148305	NPFFR2	0	+	116403
chr1	75796882	75913242	MSH4	0	+	116360
chr19	4153631	4173054	CREB3L3	0	+	19423
chr12	130396133	130768228	RIMBP2	0	-	372095
chr5	138083990	138092365	WNT8A	0	+	8375
chrX	3041471	3112727	ARSF	0	+	71256
chr15	41503637	41513887	LTK	0	-	10250
chr22	19146993	19150292	GSC2	0	-	3299
chr11	2301997	2318204	TSPAN32	0	+	16207
chr9	976655	991732	DMRT3	0	+	15077
chr3	87259404	87276584	POU1F1	0	-	17180
chr17	9822206	9892099	GLP2R	0	+	69893
chr6	83552880	83709691	SNAP91	0	-	156811
chr2	79185231	80648861	CTNNA2	0	+	1463630
chr3	137998735	138033655	CLDN18	0	+	34920
chr16	20536226	20576427	ACSM2B	0	-	40201
chrY	12904108	12920478	DDX3Y	0	+	16370
chrY	2935281	2982506	ZFY	0	+	47225
chrX	153517642	153582939	ATP2B3	0	+	65297
chrX	49687447	49695984	PAGE1	0	-	8537
chr5	136212745	136365545	TRPC7	0	-	152800
chr8	24440930	24526970	ADAM7	0	+	86040
chr11	637269	640706	DRD4	0	+	3437
chr16	14672548	14694308	PLA2G10	0	-	21760
chr12	14612632	14696599	GUCY2C	0	-	83967
chr11	626309	627181	SCT	0	-	872
chr19	639879	644373	FGF22	0	+	4494
chr16	57882340	57971128	CNGB1	0	-	88788
chr10	49609095	49667942	CHAT	0	+	58847
chr5	150219491	150290093	CAMK2A	0	-	70602
chr16	56865207	56915850	SLC12A3	0	+	50643
chr11	2404515	2423045	TRPM5	0	-	18530
chr11	60492778	60507430	MS4A12	0	+	14652
chr2	237566574	237567175	PRLH	0	+	601
chr2	234050679	234077134	SPP2	0	+	26455
chr2	219514170	219538772	ASIC4	0	+	24602
chrX	111768011	112082776	TRPC5	0	-	314765
chr12	72087266	72670758	TRHDE	0	+	583492
chr7	983181	989640	CYP2W1	0	+	6459
chr22	50089879	50161690	MOV10L1	0	+	71811
chr17	44758988	44781846	ADAM11	0	+	22858
chr2	168915498	169031324	ABCB11	0	-	115826
chr1	157830911	157898256	CD5L	0	-	67345
chr5	176542511	176595974	CDHR2	0	+	53463
chr5	176620082	176630556	SNCB	0	-	10474
chr6	155395368	155455839	NOX3	0	-	60471
chr4	48066393	48134250	TXK	0	-	67857
chr20	63400208	63472677	KCNQ2	0	-	72469
chr10	100463009	100483744	WNT8B	0	+	20735
chr17	66835117	66894751	CACNG5	0	+	59634
chr13	24680408	24712472	ATP12A	0	+	32064
chr19	3933069	3942416	NMRK2	0	+	9347
chr7	100643097	100656448	ACTL6B	0	-	13351
chr11	89177875	89295759	TYR	0	+	117884
chr11	90131515	90192894	NAALAD2	0	+	61379
chr7	73328161	73358637	FKBP6	0	+	30476
chr16	5239802	7713340	RBFOX1	0	+	2473538
chr8	16992181	17002345	FGF20	0	-	10164
chr8	94127162	94217303	CDH17	0	-	90141
chr4	73481745	73504001	AFM	0	+	22256
chr13	94436811	94479682	DCT	0	-	42871
chr3	96814581	97761532	EPHA6	0	+	946951
chr2	119439843	119525301	SCTR	0	-	85458
chr19	10013249	10022279	RDH8	0	+	9030
chrX	107206611	107244247	DNAAF6	0	+	37636
chr13	46053186	46105033	CPB2	0	-	51847
chr5	114055926	114496500	KCNN2	0	+	440574
chr1	196943738	196959622	CFHR2	0	+	15884
chr3	101222546	101320575	IMPG2	0	-	98029
chr1	201039512	201112451	CACNA1S	0	-	72939
chr7	123113531	123199972	SLC13A1	0	-	86441
chr2	201644870	201698694	MPP4	0	-	53824
chr6	69866556	70212468	COL19A1	0	+	345912
chr8	53225724	53251637	OPRK1	0	-	25913
chr9	70529060	71446904	TRPM3	0	-	917844
chr12	95972662	95996365	HAL	0	-	23703
chr12	21264600	21419594	SLCO1A2	0	-	154994
chr2	21001429	21044073	APOB	0	-	42644
chr2	27496839	27523684	GCKR	0	+	26845
chr16	180459	181179	HBQ1	0	+	720
chr19	50432892	50466321	MYBPC2	0	+	33429
chr16	56589074	56591088	MT3	0	+	2014
chr20	59577509	59847711	PHACTR3	0	+	270202
chr19	55013705	55038264	GP6	0	-	24559
chr20	157454	159163	DEFB127	0	+	1709
chr4	186266189	186289681	F11	0	+	23492
chr12	113462033	113472280	LHX5	0	-	10247
chr12	112570380	112898881	RPH3A	0	+	328501
chr12	117208142	117452170	NOS1	0	-	244028
chr17	42156891	42181142	KCNH4	0	-	24251
chr3	164978898	165078496	SI	0	-	99598
chr3	186635969	186653141	FETUB	0	+	17172
chr19	39498895	39508481	DLL3	0	+	9586
chr7	108023548	108130361	LAMB4	0	-	106813
chr3	3066324	3126613	IL5RA	0	-	60289
chrX	21705978	21758116	SMPX	0	-	52138
chr17	66212033	66256525	APOH	0	-	44492
chr11	22338381	22379503	SLC17A6	0	+	41122
chr7	130380339	130388114	CPA1	0	+	7775
chr14	24505353	24508265	CMA1	0	-	2912
chr14	23568038	23578790	JPH4	0	-	10752
chr14	23117306	23119255	CEBPE	0	-	1949
chr14	21280083	21351301	RPGRIP1	0	+	71218
chr3	16586792	16670306	DAZL	0	-	83514
chrY	6910686	7101970	TBL1Y	0	+	191284
chr6	132722787	132736935	VNN3	0	-	14148
chr19	15082211	15092970	OR1I1	0	+	10759
chr17	41393721	41397608	KRT31	0	-	3887
chr11	114521645	114559895	NXPE1	0	-	38250
chr10	93612537	93666010	PDE6C	0	+	53473
chr19	55364382	55370463	IL11	0	-	6081
chr10	25934229	26212532	MYO3A	0	+	278303
chr19	3473986	3480525	SMIM24	0	-	6539
chr6	39314698	39322968	KCNK16	0	-	8270
chr6	41335608	41350889	NCR2	0	+	15281
chr6	33794673	33804003	MLN	0	-	9330
chrX	30215563	30220089	MAGEB2	0	+	4526
chr19	1285873	1301431	EFNA2	0	+	15558
chrY	5000226	5742224	PCDH11Y	0	+	741998
chr11	616577	626078	CDHR5	0	-	9501
chr19	489176	505343	MADCAM1	0	+	16167
chr22	21009808	21028013	P2RX6	0	+	18205
chr22	30447959	30472017	SEC14L3	0	-	24058
chr22	24494107	24528390	UPB1	0	+	34283
chr22	25199858	25207359	CRYBB3	0	+	7501
chr22	26599278	26618027	CRYBB1	0	-	18749
chr22	38078134	38084184	SLC16A8	0	-	6050
chr22	32218464	32255347	SLC5A4	0	-	36883
chr22	38518948	38570204	DMC1	0	-	51256
chr22	29058672	29061831	C22orf31	0	-	3159
chr22	50486784	50490648	MIOX	0	+	3864
chr22	29312933	29319679	RASL10A	0	-	6746
chr22	39097224	39104067	APOBEC3H	0	+	6843
chr22	50738196	50745339	ACR	0	+	7143
chr22	43879678	43892013	PNPLA5	0	-	12335
chr14	88180103	88326907	KCNK10	0	-	146804
chr14	57469300	57493867	CCDC198	0	-	24567
chr14	76826372	76870304	LRRC74A	0	+	43932
chr14	77474394	77498816	ISM2	0	-	24422
chr14	69775416	69797241	SLC10A1	0	-	21825
chr14	70044215	70189070	SLC8A3	0	-	144855
chr14	24070837	24078100	CPNE6	0	+	7263
chr20	25070885	25082141	VSX1	0	-	11256
chr20	44337043	44351238	R3HDML	0	+	14195
chr20	44355700	44432845	HNF4A	0	+	77145
chr20	62214960	62220278	HRH3	0	-	5318
chr20	62708836	62762771	NTSR1	0	+	53935
chr20	63235883	63240495	BIRC7	0	+	4612
chr20	63240784	63272694	NKAIN4	0	-	31910
chr20	3082556	3084724	AVP	0	-	2168
chr20	63293186	63334851	COL20A1	0	+	41665
chr20	63343223	63378401	CHRNA4	0	-	35178
chr20	869900	916334	ANGPT4	0	-	46434
chr20	5299218	5316954	PROKR2	0	-	17736
chr20	31819308	31834689	MYLK2	0	+	15381
chr20	7882985	7940458	HAO1	0	-	57473
chr20	1978757	1994285	PDYN	0	-	15528
chr20	9537370	9839076	PAK5	0	-	301706
chr20	3071620	3072517	OXT	0	+	897
chr20	23564732	23568484	CST9L	0	-	3752
chr20	38724486	38729372	SLC32A1	0	+	4886
chr20	34194569	34269344	ASIP	0	+	74775
chr20	45512461	45515622	SPINT3	0	-	3161
chr20	45823214	45833745	TNNC2	0	-	10531
chr18	61333430	61555779	CDH20	0	+	222349
chr18	46667821	46759257	ST8SIA5	0	-	91436
chr18	33851100	34224952	NOL4	0	-	373852
chrX	104039956	104042454	H2BW2	0	+	2498
chrX	120109051	120115913	RHOXF1	0	-	6862
chrX	109372906	109482086	GUCY2F	0	-	109180
chrX	120362085	120383249	ATP1B4	0	+	21164
chrX	49829260	49834264	PAGE4	0	+	5004
chrX	14529298	14731812	GLRA2	0	+	202514
chrX	139581770	139708227	MCF2	0	-	126457
chrX	139530739	139563459	F9	0	+	32720
chrX	115289715	115307563	LUZP4	0	+	17848
chrX	64268081	64395452	MTMR8	0	-	127371
chrX	42777366	42778163	PPP1R2C	0	-	797
chrX	154144243	154159032	OPN1LW	0	+	14789
chrX	102937272	102938300	RAB40AL	0	+	1028
chrX	48786562	48794311	GATA1	0	+	7749
chrX	151176584	151181465	GPR50	0	+	4881
chrX	24558087	24672677	PCYT1B	0	-	114590
chrX	136487947	136493780	BRS3	0	+	5833
chrX	87517409	87670050	KLHL4	0	+	152641
chrX	91779261	92623230	PCDH11X	0	+	843969
chrX	101268253	101293057	TAF7L	0	-	24804
chr13	46831546	46897076	HTR2A	0	-	65530
chr13	49220338	49222377	MLNR	0	+	2039
chr13	21671073	21704498	FGF9	0	+	33425
chr13	76948511	76958638	ACOD1	0	+	10127
chr16	49277917	49281838	CBLN1	0	-	3921
chr16	57404767	57416063	CCL17	0	+	11296
chr16	83968244	84002776	NECAB2	0	+	34532
chr16	86510527	86515422	FOXF1	0	+	4895
chr16	21197450	21214510	ZP2	0	-	17060
chr16	3242027	3256633	MEFV	0	-	14606
chr16	25215731	25228932	AQP8	0	+	13201
chr16	55655988	55707645	SLC6A2	0	+	51657
chr15	27754875	28099315	OCA2	0	-	344440
chr8	90058608	90095475	CALB1	0	-	36867
chr8	42374063	42377229	DKK4	0	-	3166
chr8	142834247	142916506	GML	0	+	82259
chr8	123680794	123737402	ANXA13	0	-	56608
chr8	24913758	24919098	NEFM	0	+	5340
chr8	39743735	39838227	ADAM2	0	-	94492
chr19	48880967	48898744	TULP2	0	-	17777
chr19	48933699	48944969	DHDH	0	+	11270
chr19	49015980	49017091	LHB	0	-	1111
chr19	49067397	49072699	KCNA7	0	-	5302
chr19	49429401	49442360	SLC17A7	0	-	12959
chr19	7669049	7670455	RETN	0	+	1406
chr19	7763210	7769605	CLEC4M	0	+	6395
chr19	45795713	45815308	RSPH6A	0	-	19595
chr19	57231009	57235548	AURKC	0	+	4539
chr19	39602524	39607474	LGALS13	0	+	4950
chr19	39731255	39738029	CLC	0	-	6774
chr19	4279266	4290722	SHD	0	+	11456
chr19	4304598	4323843	FSD1	0	+	19245
chr19	36111143	36113711	OVOL3	0	+	2568
chr19	3804024	3869038	ZFR2	0	-	65014
chr19	41619015	41627074	CEACAM4	0	-	8059
chr19	51379909	51387974	LIM2	0	-	8065
chr19	10286955	10288522	ICAM4	0	+	1567
chr19	10289952	10296778	ICAM5	0	+	6826
chr19	47819779	47843330	CRX	0	+	23551
chr19	47870467	47886315	SULT2A1	0	-	15848
chr19	5455417	5456856	ZNRF4	0	+	1439
chr19	48364367	48376377	SYNGR4	0	+	12010
chr19	51517819	51531856	SIGLEC6	0	-	14037
chr19	48029383	48044079	CABP5	0	-	14696
chr19	51713112	51723991	HAS1	0	-	10879
chr19	361747	376026	THEG	0	-	14279
chr19	48755524	48758333	FGF21	0	+	2809
chr19	53909278	53943950	CACNG7	0	+	34672
chr19	12884422	12887201	KLF1	0	-	2779
chr19	17871945	17895174	SLC5A5	0	+	23229
chr19	17951293	18000085	KCNN1	0	+	48792
chr19	35641745	35644871	ETV2	0	+	3126
chr19	35550031	35563658	ATP4A	0	-	13627
chr7	25224570	25228486	NPVF	0	-	3916
chr7	27092993	27096000	HOXA1	0	-	3007
chr7	27100354	27102686	HOXA2	0	-	2332
chr7	118214669	118496171	ANKRD7	0	+	281502
chr7	27193503	27200091	HOXA13	0	-	6588
chr7	27242700	27250493	EVX1	0	+	7793
chr7	30938669	30993254	GHRHR	0	+	54585
chr7	75810825	75823356	CCL24	0	-	12531
chr7	123828983	123877481	HYAL4	0	+	48498
chr7	123925237	123971414	SPAM1	0	+	46177
chr7	127610292	127618142	PAX4	0	-	7850
chr7	100583982	100601117	FBXO24	0	+	17135
chr7	31687215	31708455	PPP1R17	0	+	21240
chr7	101195007	101201038	MOGAT3	0	-	6031
chr7	144397240	144410227	NOBOX	0	-	12987
chr7	101613330	101629296	MYL10	0	-	15966
chr7	38977909	39493095	POU6F2	0	+	515186
chr7	44138864	44141332	MYL7	0	-	2468
chr7	44143213	44198170	GCK	0	-	54957
chr7	151956379	152019929	GALNTL5	0	+	63550
chr9	124001670	124033301	LHX2	0	+	31631
chr9	5334930	5339876	RLN1	0	-	4946
chr9	135702185	135795508	KCNT1	0	+	93323
chr9	136196250	136205128	LHX3	0	-	8878
chr9	17579066	17797124	SH3GL2	0	+	218058
chr10	96304409	96338564	DNTT	0	+	34155
chr10	100288149	100330264	PKD2L1	0	-	42115
chr10	101770109	101780371	FGF8	0	-	10262
chr10	102230186	102241512	PITX3	0	-	11326
chr10	93757840	93806272	LGI1	0	+	48432
chr17	29246859	29254494	CRYBA1	0	+	7635
chr17	40015361	40017813	CSF3	0	+	2452
chr17	41420547	41424585	KRT37	0	-	4038
chr17	33013087	34174964	ASIC2	0	-	1161877
chr17	34270221	34272242	CCL7	0	+	2021
chr17	34360328	34363233	CCL1	0	-	2905
chr17	41459513	41467386	KRT32	0	-	7873
chr17	50164214	50175928	SGCA	0	+	11714
chr17	43940804	43942476	PPY	0	-	1672
chr17	9896320	9905271	RCVRN	0	-	8951
chr17	10492307	10518542	MYH1	0	-	26235
chr4	41744082	41748725	PHOX2B	0	-	4643
chr4	46918900	46993581	GABRA4	0	-	74681
chr4	67737118	67754388	GNRHR	0	-	17270
chr4	68815994	68832023	UGT2B10	0	+	16029
chr4	73853296	73854483	PF4V1	0	+	1187
chr4	122451470	122456725	IL2	0	-	5255
chr4	168092537	168187736	ANXA10	0	+	95199
chr4	10486395	10684768	CLNK	0	-	198373
chr4	3441968	3449486	HGFAC	0	+	7518
chr11	125903348	125943702	DDX25	0	+	40354
chr11	20156155	20160475	DBX1	0	-	4320
chr11	57338352	57372396	P2RX3	0	+	34044
chr11	6259806	6272127	CCKBR	0	+	12321
chr11	72114869	72139892	FOLR3	0	+	25023
chr11	116789367	116792420	APOA5	0	-	3053
chr11	116820700	116823304	APOA4	0	-	2604
chr11	116829706	116833072	APOC3	0	+	3366
chr11	118925164	118958559	UPK2	0	+	33395
chr11	107591091	107666779	ELMOD1	0	+	75688
chr11	18727928	18792721	PTPN5	0	-	64793
chr12	108858932	108901043	DAO	0	+	42111
chr12	56334174	56340410	IL23A	0	+	6236
chr12	33374238	33439819	SYT10	0	-	65581
chr12	80707634	80709474	MYF6	0	+	1840
chr12	80716912	80719671	MYF5	0	+	2759
chr12	3381349	3593973	PRMT8	0	+	212624
chr12	4428155	4445815	FGF6	0	-	17660
chr12	110910819	110921443	MYL2	0	-	10624
chr12	4909905	4918256	KCNA1	0	+	8351
chr12	12940775	12952147	GPRC5D	0	-	11372
chr12	47709734	47725567	ENDOU	0	-	15833
chr12	68201349	68225810	IL26	0	-	24461
chr12	68154768	68159740	IFNG	0	-	4972
chr12	7649400	7665908	APOBEC1	0	-	16508
chr12	7787794	7799146	NANOG	0	+	11352
chr12	8602170	8612867	AICDA	0	-	10697
chr12	106583004	106762803	RFX4	0	+	179799
chr6	89254464	89315299	GABRR2	0	-	60835
chr6	35497874	35512896	TULP1	0	-	15022
chr6	35943516	36024868	SLC26A8	0	-	81352
chr6	49605175	49636839	RHAG	0	-	31664
chr6	52186375	52190638	IL17A	0	+	4263
chr6	52236681	52244500	IL17F	0	-	7819
chr6	39048781	39091303	GLP1R	0	+	42522
chr6	41189749	41201149	TREML2	0	-	11400
chr6	61679961	62286225	KHDRBS2	0	-	606264
chr6	99606774	99615578	PRDM13	0	+	8804
chr6	22569566	22571666	HDGFL1	0	+	2100
chr6	108166022	108188805	NR2E1	0	+	22783
chr6	25912754	25930691	SLC17A2	0	-	17937
chr6	167271169	167316014	UNC93A	0	+	44845
chr6	160171061	160277638	SLC22A2	0	-	106577
chr6	165279664	165309605	C6orf118	0	-	29941
chr6	42183284	42194956	GUCA1B	0	-	11672
chr6	42696598	42722597	PRPH2	0	-	25999
chr6	75921114	76072678	IMPG1	0	-	151564
chr6	46793389	46839778	MEP1A	0	+	46389
chr5	140360194	140375141	SLC4A9	0	+	14947
chr5	26880597	27121150	CDH9	0	-	240553
chr5	154474972	154478227	HAND1	0	-	3255
chr5	157029413	157059119	HAVCR1	0	-	29706
chr5	178977587	178996206	GRM6	0	-	18619
chr5	159314780	159330487	IL12B	0	-	15707
chr5	180899077	180950906	BTNL8	0	+	51829
chr5	162000057	162162977	GABRG2	0	+	162920
chr5	34998101	35048135	AGXT2	0	-	50034
chr5	132673986	132682678	IL4	0	+	8692
chr5	150166778	150184558	CDX1	0	+	17780
chr3	186717348	186744410	KNG1	0	+	27062
chr3	186660216	186678234	HRG	0	+	18018
chr3	190322541	190412138	CLDN16	0	+	89597
chr3	139452884	139480747	RBP2	0	-	27863
chr3	50191610	50197696	GNAT1	0	+	6086
chrY	12537650	12860839	USP9Y	0	+	323189
chr3	108296490	108378285	HHLA2	0	+	81795
chr3	108958248	109118134	MORC1	0	-	159886
chr3	151814073	151828488	AADAC	0	+	14415
chr3	52451100	52454041	TNNC1	0	-	2941
chr2	112773925	112784493	IL1A	0	-	10568
chr2	25160853	25168903	POMC	0	-	8050
chr2	26457203	26558756	OTOF	0	-	101553
chr2	27253684	27275817	SLC30A3	0	-	22133
chr2	162142882	162152404	GCG	0	-	9522
chr2	74513463	74517148	TLX2	0	+	3685
chr2	210187126	210225447	ACADL	0	-	38321
chr2	79120362	79123409	REG1A	0	+	3047
chr2	233032672	233035057	NEU2	0	+	2385
chr2	218822383	218832086	PRKAG3	0	-	9703
chr2	88067825	88113384	SMYD1	0	+	45559
chr2	102418689	102452565	IL18RAP	0	+	33876
chr2	107986523	108013994	SLC5A7	0	+	27471
chr2	127418427	127429242	PROC	0	+	10815
chr2	135787850	135837184	LCT	0	-	49334
chr1	176463171	176845601	PAPPA2	0	+	382430
chr1	6101787	6180321	CHD5	0	-	78534
chr1	34865436	34929650	DLGAP3	0	-	64214
chr1	186443566	186461114	PDC	0	-	17548
chr1	12791397	12796628	PRAMEF1	0	+	5231
chr1	12773738	12777906	PRAMEF12	0	+	4168
chr1	68428822	68449954	RPE65	0	-	21132
chr1	114673090	114695618	AMPD1	0	-	22528
chr1	196774813	196795407	CFHR3	0	+	20594
chr1	39651229	39672107	NT5C1A	0	-	20878
chr1	39678648	39691485	HPCAL4	0	-	12837
chr1	237877864	237890922	ZP4	0	-	13058
chr1	43337818	43354466	MPL	0	+	16648
chr1	169394870	169460669	CCDC181	0	-	65799
chr1	170935526	171064765	MROH9	0	+	129239
chr1	98890245	99005032	PLPPR5	0	-	114787
chr1	173903800	173917327	SERPINC1	0	-	13527
chr1	48222685	48248644	SLC5A9	0	+	25959
chr15	78624111	78727754	CHRNB4	0	-	103643
chr2	3594832	3644644	COLEC11	0	+	49812
chr3	138123713	138132390	A4GNT	0	-	8677
chr11	102711796	102727050	MMP8	0	-	15254
chr11	116835751	116837622	APOA1	0	-	1871
chr2	208121607	208124524	CRYGD	0	-	2917
chr2	216859458	216860064	TNP1	0	-	606
chr18	31557009	31598833	TTR	0	+	41824
chr5	160563120	160852214	ATP10B	0	-	289094
chr6	88047841	88066838	SPACA1	0	+	18997
chr6	146598967	146815462	ADGB	0	+	216495
chr6	134917393	134950115	ALDH8A1	0	-	32722
chr6	131470832	131584332	ARG1	0	+	113500
chr6	133889113	133895553	TCF21	0	+	6440
chr20	37251086	37261819	GHRH	0	-	10733
chr9	74722495	74888094	TRPM6	0	-	165599
chr9	72114595	72257193	GDA	0	+	142598
chr14	74239449	74262738	VSX2	0	+	23289
chr14	76310712	76501837	ESRRB	0	+	191125
chr10	112283400	112305038	TECTB	0	+	21638
chr10	102226299	102229589	ELOVL3	0	+	3290
chr10	99532942	99536524	NKX2-3	0	+	3582
chr10	118589997	118595648	PRLHR	0	-	5651
chr10	104353833	104455102	CFAP58	0	+	101269
chr10	100042193	100081869	CPN1	0	-	39676
chr10	97766751	97771999	SFRP5	0	-	5248
chr17	48528526	48531011	HOXB1	0	-	2485
chr9	27284654	27297150	EQTN	0	-	12496
chr9	5231419	5235304	INSL4	0	+	3885
chr9	21349835	21351378	IFNA6	0	-	1543
chr9	21409117	21410185	IFNA8	0	+	1068
chr1	173039202	173050941	TNFSF18	0	-	11739
chr6	167325071	167359503	TTLL2	0	+	34432
chr11	128934731	128943399	TP53AIP1	0	-	8668
chrX	70528940	70908711	TEX11	0	-	379771
chrX	70268305	70281840	ARR3	0	+	13535
chr10	29289061	29318328	LYZL1	0	+	29267
chr5	137867858	137887851	MYOT	0	+	19993
chr8	27459756	27479883	CHRNA2	0	-	20127
chr8	26748150	26867278	ADRA1A	0	-	119128
chr1	11857464	11858945	NPPB	0	-	1481
chr1	12857086	12861909	PRAMEF2	0	+	4823
chr17	58192726	58205174	EPX	0	+	12448
chr17	61452404	61485110	TBX4	0	+	32706
chr12	10806051	10807286	TAS2R8	0	-	1235
chr12	11391540	11501041	PRB2	0	-	109501
chr12	10801532	10802627	TAS2R7	0	-	1095
chr12	10809094	10810168	TAS2R9	0	-	1074
chr1	182409192	182560599	RGSL1	0	+	151407
chr3	109326144	109337546	DPPA4	0	-	11402
chr1	147902795	147909269	GJA8	0	+	6474
chr13	20138255	20161052	GJA3	0	-	22797
chr3	172443291	172448456	GHSR	0	-	5165
chr3	165186720	165197109	SLITRK3	0	-	10389
chr5	76083383	76353939	SV2C	0	+	270556
chrX	129738949	129769536	XPNPEP2	0	+	30587
chr9	135561756	135566955	PAEP	0	+	5199
chrX	80014753	80031774	TBX22	0	+	17021
chr1	203083129	203086012	MYOG	0	-	2883
chr6	160702238	160754097	PLG	0	+	51859
chr1	160830160	160862887	CD244	0	-	32727
chr7	5879827	5886363	OCM	0	+	6536
chr7	24284188	24291862	NPY	0	+	7674
chr9	33218365	33248567	SPINK4	0	+	30202
chr9	34957608	34982544	PHF24	0	+	24936
chr7	138002324	138118305	AKR1D1	0	+	115981
chr10	79610939	79615455	SFTPA1	0	+	4516
chr10	69571698	69573422	NEUROG3	0	-	1724
chrX	128050962	128052403	ACTRT1	0	-	1441
chr13	51861969	51866232	CCDC70	0	+	4263
chr12	55019974	55030017	NEUROD4	0	+	10043
chr9	133636363	133659329	DBH	0	+	22966
chrX	115003975	115019977	IL13RA2	0	-	16002
chrX	106032435	106038727	SERPINA7	0	-	6292
chrX	104011147	104013708	H2BW1	0	-	2561
chrX	104250038	104254933	ESX1	0	-	4895
chrX	149781930	149787737	MAGEA9	0	+	5807
chrX	13318647	13320053	ATXN3L	0	-	1406
chr1	207088860	207099993	C4BPB	0	+	11133
chr11	94377316	94401419	GPR83	0	-	24103
chr2	227871054	227924344	DAW1	0	+	53290
chr2	222671658	222709930	MOGAT1	0	+	38272
chr20	56248732	56249815	MC3R	0	+	1083
chr20	57495966	57525652	CTCFL	0	-	29686
chr20	45747944	45791932	WFDC3	0	-	43988
chr20	45091214	45101127	KCNS1	0	-	9913
chr20	45221373	45224458	SEMG2	0	+	3085
chr20	45293445	45308529	MATN4	0	-	15084
chr20	44247099	44280947	GDAP1L1	0	+	33848
chr20	43726164	43727002	GTSF1L	0	-	838
chr20	59958423	60034011	CDH26	0	+	75588
chr20	58218495	58228653	ANKRD60	0	-	10158
chr20	45207033	45209768	SEMG1	0	+	2735
chrX	152133310	152138578	MAGEA10	0	-	5268
chrX	155997696	156010817	IL9R	0	+	13121
chrY	57184216	57197337	IL9R	0	+	13121
chr16	88638572	88640468	IL17C	0	+	1896
chr19	43716076	43720021	IRGC	0	+	3945
chr19	42752686	42855691	PSG8	0	-	103005
chr19	42580243	42595055	CEACAM8	0	-	14812
chr6	49692358	49713590	CRISP2	0	-	21232
chr6	25833066	25882286	SLC17A3	0	-	49220
chr6	25782915	25832052	SLC17A1	0	-	49137
chr6	26017032	26017787	H1-1	0	-	755
chr6	27957241	27958182	OR2B6	0	+	941
chr6	35118071	35148610	TCP11	0	-	30539
chr6	38715311	39030792	DNAH8	0	+	315481
chr6	49834257	49877096	CRISP1	0	-	42839
chr6	47781982	47832780	OPN5	0	+	50798
chr4	73836640	73849064	CXCL6	0	+	12424
chr11	55883297	55891810	TRIM51	0	+	8513
chr3	8619386	8745040	SSUH2	0	-	125654
chr12	48978322	48982620	WNT1	0	+	4298
chr12	130337887	130372637	PIWIL1	0	+	34750
chr13	103043998	103066417	SLC10A2	0	-	22419
chr13	94709622	94712545	SOX21	0	-	2923
chr6	167996241	168045091	KIF25	0	+	48850
chr17	15303811	15341632	TEKT3	0	-	37821
chr9	132582606	132590252	BARHL1	0	+	7646
chr19	54769793	54784322	KIR2DL1	0	+	14529
chr20	63547891	63556695	FNDC11	0	+	8804
chr20	63005927	63007035	BHLHE23	0	-	1108
chr2	112911165	112918882	IL37	0	+	7717
chr19	6583183	6604103	CD70	0	-	20920
chr20	3043622	3045747	GNRH2	0	+	2125
chr20	142590	145751	DEFB126	0	+	3161
chr20	22580998	22585455	FOXA2	0	-	4457
chr20	21705659	21718481	PAX1	0	+	12822
chr20	23491101	23496010	CST8	0	+	4909
chr20	21395365	21397526	NKX2-4	0	-	2161
chr20	23426104	23444930	CSTL1	0	+	18826
chr20	23450403	23452876	CST11	0	-	2473
chr20	3659248	3663399	GFRA4	0	-	4151
chr20	6040546	6054060	LRRN4	0	-	13514
chr20	604257	610309	TCF15	0	-	6052
chr20	16748358	16770062	OTOR	0	+	21704
chr20	17693672	17735871	BANF2	0	+	42199
chr20	227258	229886	DEFB129	0	+	2628
chr20	35523186	35529652	C20orf173	0	-	6466
chr20	35285731	35292425	FAM83C	0	-	6694
chr13	113158648	113172386	PROZ	0	+	13738
chr8	142740949	142742406	SLURP1	0	-	1457
chr19	35371068	35372962	GPR42	0	+	1894
chr19	35351552	35353862	FFAR1	0	+	2310
chr17	41486136	41492546	KRT36	0	-	6410
chr19	49739753	49763306	TSKS	0	-	23553
chr4	69995966	70002570	STATH	0	+	6604
chr4	70050438	70058848	HTN1	0	+	8410
chr19	53879190	53907652	PRKCG	0	+	28462
chrX	86148451	86832604	DACH2	0	+	684153
chrX	48255392	48267444	SSX1	0	+	12052
chr16	90056566	90092072	PRDM7	0	-	35506
chrX	154651972	154653579	CTAG2	0	-	1607
chrX	101078879	101096367	TMEM35A	0	+	17488
chr1	192636138	192660311	RGS13	0	+	24173
chr3	187217282	187291980	MASP1	0	-	74698
chr12	68248242	68253604	IL22	0	-	5362
chr12	69643360	69699476	BEST3	0	-	56116
chr7	141790217	141791367	TAS2R5	0	+	1150
chr7	151428832	151440813	CRYGN	0	-	11981
chr7	142908101	142933746	TRPV5	0	-	25645
chr1	20028179	20091911	PLA2G5	0	+	63732
chr19	14840466	14848922	OR7A10	0	-	8456
chr19	14941489	14942448	OR7C2	0	+	959
chr19	14789260	14835376	OR7C1	0	-	46116
chr5	149371324	149404202	IL17B	0	-	32878
chr17	3432870	3433841	OR1E2	0	-	971
chr7	93591573	93911265	GNGT1	0	+	319692
chr4	56809860	56821742	SPINK2	0	-	11882
chr22	23752743	23754425	VPREB3	0	-	1682
chr22	30554635	30574665	GAL3ST1	0	-	20030
chr22	29438583	29442455	RFPL1	0	+	3872
chr22	32190435	32205073	RFPL2	0	-	14638
chr22	32354885	32361161	RFPL3	0	+	6276
chr22	37823382	37825485	GALR3	0	+	2103
chr22	35717872	35729483	APOL5	0	+	11611
chr22	23573125	23580302	IGLL1	0	-	7177
chr17	19411125	19417276	RNF112	0	+	6151
chr7	122994704	122995700	TAS2R16	0	-	996
chr7	122301303	122310691	FEZF1	0	-	9388
chr2	176188668	176190907	HOXD1	0	+	2239
chr2	176092721	176095944	HOXD13	0	+	3223
chr11	17719571	17722136	MYOD1	0	+	2565
chr11	19182030	19210571	CSRP3	0	-	28541
chr17	6393693	6435199	AIPL1	0	-	41506
chr17	76453351	76470117	AANAT	0	+	16766
chr11	3645128	3664416	ART1	0	+	19288
chrY	14056227	14056958	VCY1B	0	+	731
chrY	13985772	13986473	VCY	0	-	701
chrY	17878260	17880220	CDY2B	0	-	1960
chr16	89171748	89195492	CDH15	0	+	23744
chrX	151694607	151705924	PRRG3	0	+	11317
chr12	5043879	5046788	KCNA5	0	+	2909
chrX	70423031	70433390	GDPD2	0	+	10359
chr19	11296139	11326996	TSPAN16	0	+	30857
chr16	3088890	3099295	ZSCAN10	0	-	10405
chr7	153887097	154894285	DPP6	0	+	1007188
chr6	159890988	159917447	MAS1	0	+	26459
chrX	50910735	50916641	BMP15	0	+	5906
chr11	8391868	8594289	STK33	0	-	202421
chr7	100720468	100723700	EPO	0	+	3232
chr22	15528192	15529139	OR11H1	0	+	947
chr2	233307816	233347055	SAG	0	+	39239
chr9	130664594	130682986	PRDM12	0	+	18392
chr12	122774526	122827528	CCDC62	0	+	53002
chr22	46255663	46263343	PKDREJ	0	-	7680
chr9	94318198	94328644	NUTM2F	0	-	10446
chr9	94558720	94593824	FBP2	0	-	35104
chr6	150061053	150069121	ULBP3	0	-	8068
chr20	33161768	33181412	BPIFA2	0	+	19644
chr20	33217310	33227806	BPIFA3	0	+	10496
chr20	31368601	31373923	DEFB118	0	+	5322
chr17	43952733	44004469	PYY	0	-	51736
chr19	43401496	43418597	TEX101	0	+	17101
chr19	8052318	8062660	CCL25	0	+	10342
chr5	177379235	177398848	SLC34A1	0	+	19613
chrX	73447053	73455171	CDX4	0	+	8118
chr19	14619117	14690027	ADGRE3	0	-	70910
chr3	14675141	14773036	C3orf20	0	+	97895
chr19	50516892	50568435	LRRC4B	0	-	51543
chr17	42844580	42850707	AOC2	0	+	6127
chr17	42900797	42914438	G6PC1	0	+	13641
chrX	120158613	120165630	RHOXF2	0	+	7017
chr17	41377669	41382306	KRT34	0	-	4637
chr17	41363498	41369813	KRT33B	0	-	6315
chr11	30231014	30235261	FSHB	0	+	4247
chr19	57119138	57131926	USP29	0	+	12788
chr14	59919713	60063559	LRRC9	0	+	143846
chr11	6234765	6244479	CNGA4	0	+	9714
chr6	105157900	105180014	POPDC3	0	-	22114
chrX	31071233	31072041	FTHL17	0	-	808
chr17	8002615	8020342	GUCY2D	0	+	17727
chr20	18813783	18814378	SCP2D1	0	+	595
chr20	23035312	23039237	SSTR4	0	+	3925
chr1	159712289	159714589	CRP	0	-	2300
chr1	156619331	156625725	HAPLN2	0	+	6394
chr1	159587826	159588865	APCS	0	+	1039
chr1	157745733	157777132	FCRL2	0	-	31399
chr18	45212995	45683688	SLC14A2	0	+	470693
chr5	152391546	152433368	NMUR2	0	-	41822
chr5	149857953	149944793	PDE6A	0	-	86840
chr13	28820339	29505947	MTUS2	0	+	685608
chr13	19422877	19536762	TPTE2	0	-	113885
chr13	24764169	24879921	RNF17	0	+	115752
chr17	10390322	10421950	MYH8	0	-	31628
chr1	203167811	203175826	MYBPH	0	-	8015
chr13	31739526	31803389	RXFP2	0	+	63863
chr13	37632063	37869802	TRPC4	0	-	237739
chr13	38965925	38990859	STOML3	0	-	24934
chr22	30488902	30505711	SEC14L4	0	-	16809
chr10	80344745	80368073	DYDC2	0	+	23328
chr8	30831544	30913008	TEX15	0	-	81464
chr8	33591330	33600023	DUSP26	0	-	8693
chr14	93333219	93707876	UNC79	0	+	374657
chr14	74303069	74360008	VRTN	0	+	56939
chr14	70522358	70535015	ADAM20	0	-	12657
chr3	1092658	1404217	CNTN6	0	+	311559
chr15	31001061	31161273	TRPM1	0	-	160212
chr1	109603091	109619929	GNAT2	0	-	16838
chr1	119794017	119811580	REG4	0	-	17563
chr1	115029826	115034302	TSHB	0	+	4476
chr1	114089291	114153880	SYT6	0	-	64589
chr1	111290851	111320566	CHIA	0	+	29715
chr1	119893533	119896515	ADAM30	0	-	2982
chr1	115285904	115338770	NGF	0	-	52866
chr1	196888014	196918713	CFHR4	0	+	30699
chr1	197268204	197478455	CRB1	0	+	210251
chr1	196977556	197009678	CFHR5	0	+	32122
chr16	23690310	23713226	ERN2	0	-	22916
chr18	59267035	59274086	RAX	0	-	7051
chr18	24460637	24479961	HRH4	0	+	19324
chr12	21131194	21239796	SLCO1B1	0	+	108602
chr12	10442264	10454685	KLRC1	0	-	12421
chr11	47331406	47352702	MYBPC3	0	-	21296
chrX	133023168	133097109	USP26	0	-	73941
chrX	130171962	130184870	RAB33A	0	+	12908
chrX	140502985	140505069	SOX3	0	-	2084
chr11	92969651	92985066	MTNR1B	0	+	15415
chr18	31129236	31162856	DSC1	0	-	33620
chr11	59829273	59845499	CBLIF	0	-	16226
chr7	97984684	97991169	OCM2	0	-	6485
chr4	68928463	68951804	UGT2A3	0	-	23341
chr7	128709061	128731743	FAM71F1	0	+	22682
chr6	68635282	69390571	ADGRB3	0	+	755289
chr6	77460924	77463491	HTR1B	0	-	2567
chr6	89894469	89921760	GJA10	0	+	27291
chr12	53423855	53431672	AMHR2	0	+	7817
chr12	52360006	52367481	KRT85	0	-	7475
chr6	132588592	132589741	TAAR5	0	-	1149
chr6	142058330	142147122	NMBR	0	-	88792
chr2	73290929	73293701	EGR4	0	-	2772
chr16	81238689	81291142	BCO1	0	+	52453
chr1	182641816	182684576	RGS8	0	-	42760
chr2	230907318	230961066	GPR55	0	-	53748
chr2	232525993	232536667	CHRND	0	+	10674
chr2	222199887	222298998	PAX3	0	-	99111
chr2	108894471	108989372	EDAR	0	-	94901
chr2	105241743	105243467	GPR45	0	+	1724
chr12	103587273	103766719	STAB2	0	+	179446
chr12	95516560	95551476	USP44	0	-	34916
chr13	52842889	52848641	PCDH8	0	-	5752
chr13	52703264	52739820	CNMD	0	-	36556
chr7	43997897	44010124	SPDYE1	0	+	12227
chr7	14145049	14974777	DGKB	0	-	829728
chr7	4905989	4959213	MMD2	0	-	53224
chr14	36580004	36582614	NKX2-8	0	-	2610
chr17	63880215	63881944	GH2	0	-	1729
chr17	63894909	63896661	CSH1	0	-	1752
chr2	112973203	112985658	IL36G	0	+	12455
chr2	113005459	113008044	IL36A	0	+	2585
chr2	113058638	113065382	IL36RN	0	+	6744
chr2	113022089	113052867	IL36B	0	-	30778
chr2	113067970	113075843	IL1F10	0	+	7873
chr2	130592165	130599575	CFC1	0	-	7410
chr10	26216665	26304558	GAD2	0	+	87893
chr9	122476958	122477926	OR1J1	0	-	968
chr9	104617248	104618204	OR13C9	0	-	956
chr9	101420560	101449664	ALDOB	0	-	29104
chr9	101354182	101385400	BAAT	0	-	31218
chr9	97926791	97944856	HEMGN	0	-	18065
chr9	124481236	124507420	NR5A1	0	-	26184
chr9	122723990	122724925	OR1L4	0	+	935
chr9	21165637	21166660	IFNA21	0	-	1023
chr9	841690	969090	DMRT1	0	+	127400
chr9	38406528	38424454	IGFBPL1	0	-	17926
chr6	43295694	43305538	SLC22A7	0	+	9844
chr6	54307859	54390142	TINAG	0	+	82283
chr6	55106460	55282617	HCRTR2	0	+	176157
chr6	53126961	53148841	GCM1	0	-	21880
chr6	10671418	10694797	C6orf52	0	-	23379
chr4	146706617	146945882	TTC29	0	-	239265
chr8	63048553	63086053	TTPA	0	-	37500
chr11	114570591	114595786	NXPE4	0	-	25195
chr11	102576832	102625332	MMP20	0	-	48500
chr11	102691487	102705769	MMP27	0	-	14282
chr11	111467526	111514367	BTG4	0	-	46841
chr11	104994235	105023168	CASP5	0	-	28933
chr15	53978201	54628707	UNC13C	0	+	650506
chr15	45252234	45277846	SLC28A2	0	+	25612
chr15	51208057	51338601	CYP19A1	0	-	130544
chr15	52109263	52112775	BCL2L10	0	-	3512
chr1	91949343	92014426	BRDT	0	+	65083
chr1	84398484	84415018	DNASE2B	0	+	16534
chr2	37167820	37196598	SULT6B1	0	-	28778
chr2	27282429	27307439	TRIM54	0	+	25010
chr10	94938658	94990091	CYP2C9	0	+	51433
chr10	95036772	95069497	CYP2C8	0	-	32725
chr10	101226994	101229463	LBX1	0	-	2469
chr10	122271296	122338159	BTBD16	0	+	66863
chr10	72934762	72954806	PLA2G12B	0	-	20044
chr10	72893584	72933036	OIT3	0	+	39452
chr10	68087897	68212017	MYPN	0	+	124120
chr3	108907792	108953879	GUCA1C	0	-	46087
chr3	107377439	107378635	CCDC54	0	+	1196
chr15	73319859	73368958	HCN4	0	-	49099
chr4	122610108	122621066	IL21	0	-	10958
chr4	121874481	121952060	TRPC3	0	-	77579
chr4	75576496	75630716	CDKL2	0	-	54220
chr4	99511012	99542303	C4orf17	0	+	31291
chr4	99564081	99623997	MTTP	0	+	59916
chr22	50015123	50056935	TTLL8	0	-	41812
chr12	14973042	14981865	PDE6H	0	+	8823
chr12	18683169	18738100	PLCZ1	0	-	54931
chr12	20695332	20753386	SLCO1C1	0	+	58054
chr12	46764761	46832408	SLC38A4	0	-	67647
chr12	48472559	48473622	ANP32D	0	+	1063
chr12	57452323	57459280	INHBE	0	+	6957
chr12	125186386	125662377	TMEM132B	0	+	475991
chr12	109277978	109309284	FOXN4	0	-	31306
chr13	27920000	27926313	PDX1	0	+	6313
chr12	49086656	49094801	DHH	0	-	8145
chr12	51328442	51346679	CELA1	0	-	18237
chr12	52543909	52553145	KRT71	0	-	9236
chr13	44143150	44161257	SMIM2	0	-	18107
chr12	118981541	119163051	SRRM4	0	+	181510
chr13	102685747	102695044	METTL21C	0	-	9297
chr13	99962964	99971767	ZIC5	0	-	8803
chr14	38207904	38213067	SSTR1	0	+	5163
chr14	46839629	47675605	MDGA2	0	-	835976
chr14	61811974	62112550	SYT16	0	+	300576
chr14	70417107	70460427	ADAM21	0	+	43320
chr14	62699464	63102037	KCNH5	0	-	402573
chr14	93918894	93929608	FAM181A	0	+	10714
chr14	92322581	92501481	SLC24A4	0	+	178900
chr14	94280460	94293268	SERPINA10	0	-	12808
chr14	100323339	100330421	SLC25A47	0	+	7082
chr15	45092650	45114172	DUOX2	0	-	21522
chr15	74337759	74367646	CYP11A1	0	-	29887
chr15	74719542	74725536	CYP1A1	0	-	5994
chr15	75282835	75295807	GOLGA6D	0	+	12972
chr15	74202705	74336472	CCDC33	0	+	133767
chr15	74748845	74756607	CYP1A2	0	+	7762
chr15	74812716	74825757	LMAN1L	0	+	13041
chr15	89209869	89221614	RLBP1	0	-	11745
chr15	83447228	83618743	SH3GL3	0	+	171515
chr16	4777606	4788398	SEPTIN12	0	-	10792
chr16	46702282	46790407	MYLK3	0	-	88125
chr16	74408631	74421478	CLEC18B	0	-	12847
chr16	66579448	66588275	CMTM2	0	+	8827
chr16	84191138	84197168	ADAD2	0	+	6030
chr16	1943974	1957606	RPL3L	0	-	13632
chr17	12665890	12768949	MYOCD	0	+	103059
chr16	67975663	67980549	DPEP3	0	-	4886
chr17	35147817	35189345	UNC45B	0	+	41528
chr17	58148384	58159585	OR4D1	0	+	11201
chr17	53822927	53825193	KIF2B	0	+	2266
chr17	3440019	3513852	SPATA22	0	-	73833
chr17	32970376	32997877	SPACA3	0	+	27501
chr18	33578219	33751195	ASXL3	0	+	172976
chr18	31759584	31760880	SLC25A52	0	-	1296
chr17	7173431	7179564	ASGR1	0	-	6133
chr17	39156894	39167484	ARL5C	0	-	10590
chr19	57134096	57145202	ZIM3	0	-	11106
chr19	16161368	16173525	CIB3	0	-	12157
chr19	41844743	41852333	DMRTC2	0	+	7590
chr21	44246339	44262216	DNMT3L	0	-	15877
chr1	206770764	206842981	IL19	0	+	72217
chr19	48661407	48673081	NTN5	0	-	11674
chr5	1392794	1445440	SLC6A3	0	-	52646
chr19	53793741	53824394	NLRP12	0	-	30653
chr19	53962937	53990215	CACNG8	0	+	27278
chr17	4771884	4783213	TM4SF5	0	+	11329
chr19	50770464	50771732	GPR32	0	+	1268
chr19	49422419	49423441	PTH2	0	-	1022
chr19	51311644	51330891	IGLON5	0	+	19247
chr1	1921951	2003837	CFAP74	0	-	81886
chr1	17205128	17246007	PADI1	0	+	40879
chr1	24119771	24143140	IL22RA1	0	-	23369
chr1	34166883	34219131	C1orf94	0	+	52248
chr1	50417550	50423443	DMRTA2	0	-	5893
chr1	22001657	22012542	CELA3A	0	+	10885
chr1	44783585	44788170	BEST4	0	-	4585
chr1	53459399	53467488	DMRTB1	0	+	8089
chr1	109466546	109482134	SYPL2	0	+	15588
chr1	90711539	90717302	BARHL2	0	-	5763
chr1	110517217	110519175	KCNA10	0	-	1958
chr1	108712908	108742749	FNDC7	0	+	29841
chr1	110451149	110457358	PROK1	0	+	6209
chr1	167052836	167166479	GPA33	0	-	113643
chr1	165400922	165445355	RXRG	0	-	44433
chr1	168576605	168582069	XCL1	0	+	5464
chr1	168540768	168543997	XCL2	0	-	3229
chr1	167809386	167914215	ADCY10	0	-	104829
chr1	197038741	197067260	F13B	0	-	28519
chr1	179743291	179816198	FAM163A	0	+	72907
chr1	197911902	197935478	LHX9	0	+	23576
chr1	209900923	210171389	SYT14	0	+	270466
chr1	152348735	152360006	FLG2	0	-	11271
chr1	152409243	152414263	CRNN	0	-	5020
chr1	153992685	154155116	NUP210L	0	-	162431
chr1	154321090	154325325	AQP10	0	+	4235
chr1	155289293	155301438	PKLR	0	-	12145
chr1	204154819	204190324	REN	0	-	35505
chr2	20667144	20679243	GDF7	0	+	12099
chr2	43831942	43882988	ABCG8	0	+	51046
chr2	79025686	79028505	REG3G	0	+	2819
chr2	95477164	95484731	TRIM43B	0	-	7567
chr2	95592001	95599778	TRIM43	0	+	7777
chr2	70978380	70985499	ANKRD53	0	+	7119
chr2	73640723	73642422	NAT8	0	-	1699
chr2	119156243	119158751	C1QL2	0	-	2508
chr2	98346188	98398601	CNGA3	0	+	52413
chr2	138669157	138780390	NXPH2	0	-	111233
chr2	191949043	192194933	TMEFF2	0	-	245890
chr2	209771832	209999300	UNC80	0	+	227468
chr2	206939518	206969474	CPO	0	+	29956
chr2	225399710	225654018	NYAP2	0	+	254308
chr2	238100340	238133287	ESPNL	0	+	32947
chr3	9703826	9729908	CPNE9	0	+	26082
chr2	216257865	216372483	MARCHF4	0	-	114618
chr3	30726197	30894661	GADL1	0	-	168464
chr3	38282294	38318575	SLC22A14	0	+	36281
chr3	100609601	100695479	ADGRG7	0	+	85878
chr3	108380368	108529322	MYH15	0	-	148954
chr3	111998739	112013887	TAGLN3	0	+	15148
chr3	118900557	119146068	IGSF11	0	-	245511
chr3	172889357	173141235	SPATA16	0	-	251878
chr3	120908072	121424761	STXBP5L	0	+	516689
chr3	186613060	186621318	AHSG	0	+	8258
chr4	65319563	65670495	EPHA5	0	-	350932
chr4	48483343	48489526	SLC10A4	0	+	6183
chr4	86823468	86849384	SLC10A6	0	-	25916
chr4	70334981	70337116	CABS1	0	+	2135
chr4	71741696	71804041	GC	0	-	62345
chr4	119317250	119322138	FABP2	0	-	4888
chr4	153710160	153760024	RNF175	0	-	49864
chr5	19471296	20575873	CDH18	0	-	1104577
chr5	35951006	36001028	UGT3A1	0	-	50022
chr5	75068275	75236911	ANKRD31	0	-	168636
chr5	76953045	76981158	CRHBP	0	+	28113
chr5	97091867	97142753	LIX1	0	-	50886
chr5	95652181	95698711	SPATA9	0	-	46530
chr5	111070062	111078026	TSLP	0	+	7964
chr5	135922279	135954983	LECT2	0	-	32704
chr5	135892246	135895841	IL9	0	-	3595
chr5	156919292	156963226	TIMD4	0	-	43934
chr5	148312419	148315922	SPINK7	0	+	3503
chr5	151822513	151924851	GLRA1	0	-	102338
chr5	139795808	139844466	PSD2	0	+	48658
chr6	25754699	25781199	SLC17A4	0	+	26500
chr6	25726777	25727345	H2BC1	0	+	568
chr5	180100795	180209211	RASGEF1C	0	-	108416
chr6	53929982	54266280	MLIP	0	+	336298
chr6	63275951	63319983	LGSN	0	-	44032
chr6	43243481	43288258	TTBK1	0	+	44777
chr6	83512534	83525704	PRSS35	0	+	13170
chr6	89177504	89231278	GABRR1	0	-	53774
chr6	109978256	109980720	GPR6	0	+	2464
chr6	132617022	132624275	TAAR2	0	-	7253
chr6	132570322	132571359	TAAR6	0	+	1037
chr6	132552693	132553721	TAAR8	0	+	1028
chr6	132643312	132659182	TAAR1	0	-	15870
chr6	152750797	152759765	VIP	0	+	8968
chr7	19144782	19145421	FERD3L	0	-	639
chr7	45888360	45893660	IGFBP1	0	+	5300
chr7	73312536	73328082	TRIM50	0	-	15546
chr7	123567010	123639481	ASB15	0	+	72471
chr7	100733595	100797797	ZAN	0	+	64202
chr7	135231979	135258663	STRA8	0	+	26684
chr7	151175698	151187832	ASB10	0	-	12134
chrX	50190777	50201007	AKAP4	0	-	10230
chrX	47370578	47414498	ZNF157	0	+	43920
chrX	70282093	70285002	RAB41	0	+	2909
chrX	79144688	79175318	GPR174	0	+	30630
chrX	78747709	78758714	LPAR4	0	+	11005
chrX	70040542	70049938	AWAT2	0	-	9396
chrX	71301750	71305371	ITGB1BP2	0	+	3621
chrX	71578437	71613583	GCNA	0	+	35146
chrX	88747225	88754785	CPXCR1	0	+	7560
chrX	103075810	103093143	NXF3	0	-	17333
chrX	114584078	114910061	HTR2C	0	+	325983
chrX	130379449	130385674	GPR119	0	-	6225
chrX	151716035	151723194	FATE1	0	+	7159
chr8	42697366	42737407	CHRNB3	0	+	40041
chr8	42752620	42796392	CHRNA6	0	-	43772
chr8	49909789	50796692	SNTG1	0	+	886903
chr8	52110838	52460959	ST18	0	-	350121
chr8	53851795	53959303	RGS20	0	+	107508
chr8	66021553	66101245	DNAJC5B	0	+	79692
chr8	66176376	66178464	CRH	0	-	2088
chr8	66126896	66175485	TRIM55	0	+	48589
chr8	81440326	81447439	PMP2	0	-	7113
chr8	70051651	70071693	PRDM14	0	-	20042
chr8	104330324	104467055	DPYS	0	-	136731
chr8	107899316	108083642	RSPO2	0	-	184326
chr9	14719724	14722733	CER1	0	-	3009
chr9	21304326	21305313	IFNA5	0	-	987
chr9	21216373	21217311	IFNA16	0	-	938
chr9	101028727	101325135	PLPPR1	0	+	296408
chr9	104526253	104527209	OR13C4	0	-	956
chr9	108854588	108855986	ACTL7B	0	-	1398
chr9	122788933	122789895	OR5C1	0	+	962
chr9	135663309	135666961	LCN9	0	+	3652
chr9	137877782	138124624	CACNA1B	0	+	246842
chr10	17951839	18043292	SLC39A12	0	+	91453
chr10	17752201	17800868	TMEM236	0	+	48667
chr10	50799409	50885675	A1CF	0	-	86266
chr10	84230666	84259960	RGR	0	+	29294
chr10	90912096	90921087	ANKRD1	0	-	8991
chr10	90740823	90858039	HTR7	0	-	117216
chr10	117128521	117138301	VAX1	0	-	9780
chr10	70247329	70284004	NPFFR1	0	-	36675
chr11	26667020	26723427	SLC5A12	0	-	56407
chr11	62405103	62423195	SCGB1A1	0	+	18092
chr11	58640426	58731974	GLYAT	0	-	91548
chr11	55993681	55994625	OR5F1	0	-	944
chr11	86374736	86423109	CCDC81	0	+	48373
chr11	113904796	113949079	HTR3B	0	+	44283
chr20	23985050	23988779	GGTLC1	0	-	3729
chr11	62989154	63015841	SLC22A8	0	-	26687
chr20	2536573	2643580	TMC2	0	+	107007
chr11	60867542	60875693	ZP1	0	+	8151
chr11	60040409	60048044	OOSP2	0	+	7635
chr11	60056587	60071115	MS4A3	0	+	14528
chr11	126423358	127003460	KIRREL3	0	-	580102
chr11	118162806	118176639	SCN2B	0	-	13833
chr20	45886491	45887622	SPATA25	0	-	1131
chr20	46540946	46550654	OCSTAMP	0	-	9708
chr20	45722347	45725830	SPINT4	0	+	3483
chr20	46173739	46308498	CDH22	0	-	134759
chr11	63369785	63410294	SLC22A9	0	+	40509
chr11	99020949	100358885	CNTN5	0	+	1337936
chr12	9827481	9845007	KLRF1	0	+	17526
chr10	43371636	43376335	FXYD4	0	+	4699
chr11	55262155	55271114	TRIM48	0	+	8959
chr11	56346039	56346998	OR8K1	0	+	959
chr10	53802771	55627942	PCDH15	0	-	1825171
chr16	61647242	62037035	CDH8	0	-	389793
chr4	176184579	176195585	SPATA4	0	-	11006
chr18	74534500	74587212	CNDP1	0	+	52712
chr11	85855101	85920021	CCDC83	0	+	64920
chr2	181954241	182131398	PPP1R1C	0	+	177157
chr11	111245725	111286401	C11orf53	0	+	40676
chr4	163471095	163473754	TKTL2	0	-	2659
chr10	24981979	25062279	ENKUR	0	-	80300
chr10	30611779	30629762	LYZL2	0	-	17983
chr2	3658200	3702671	ALLC	0	+	44471
chr2	17816460	17817798	MSGN1	0	+	1338
chr1	198523222	198540945	ATP6V1G3	0	-	17723
chr4	127730400	127774292	SLC25A31	0	+	43892
chr12	100717526	101128641	ANO4	0	+	411115
chr3	114127580	114199407	DRD3	0	-	71827
chr4	146638893	146642474	POU4F2	0	+	3581
chr10	133237855	133241928	VENTX	0	+	4073
chr11	128836315	128867373	KCNJ1	0	-	31058
chr14	57563920	57982194	SLC35F4	0	-	418274
chr4	46243548	46475230	GABRA2	0	-	231682
chr12	128853427	128984968	GLT1D1	0	+	131541
chr12	129071725	129904025	TMEM132D	0	-	832300
chr4	154781213	154828813	RBM46	0	+	47600
chr6	99918519	99994247	MCHR2	0	-	75728
chr2	130521197	130528604	CFC1B	0	+	7407
chr13	78598362	78603552	POU4F1	0	-	5190
chr4	92303966	93810157	GRID2	0	+	1506191
chr18	42743227	43115691	RIT2	0	-	372464
chr11	13492054	13496181	PTH	0	-	4127
chr2	85418714	85437029	SH2D6	0	+	18315
chr2	197726879	197786762	BOLL	0	-	59883
chr10	15032227	15073853	OLAH	0	+	41626
chr19	58034025	58054631	ZSCAN1	0	+	20606
chr4	87608529	87616873	DSPP	0	+	8344
chr4	87650280	87664361	DMP1	0	+	14081
chr4	87821398	87846814	MEPE	0	+	25416
chr2	70808643	70820599	CLEC4F	0	-	11956
chr1	66752459	66779047	DYNLT5	0	+	26588
chr10	89430299	89556641	SLC16A12	0	-	126342
chr4	81030708	81057627	BMP3	0	+	26919
chr6	146027646	146437601	GRM1	0	+	409955
chr12	25409307	25648579	LMNTD1	0	-	239272
chr6	24126186	24154900	NRSN1	0	+	28714
chr16	10627501	10694930	TEKT5	0	-	67429
chr2	110732539	111120610	ACOXL	0	+	388071
chr1	247738615	247739559	OR14K1	0	+	944
chr3	62369681	62374324	FEZF2	0	-	4643
chr6	47685864	47722021	ADGRF4	0	+	36157
chr6	168053095	168101511	FRMD1	0	-	48416
chr5	95391366	95450454	FAM81B	0	+	59088
chr13	111316184	111344249	TEX29	0	+	28065
chr13	112376355	112434689	SPACA7	0	+	58334
chr15	28378621	28392021	GOLGA8F	0	+	13400
chrX	89921908	89922883	TGIF2LX	0	+	975
chr16	85098358	85112472	CIBAR2	0	-	14114
chr4	67820876	67884002	TMPRSS11D	0	-	63126
chr2	227979955	228181687	SPHKAP	0	-	201732
chr17	55882301	56517016	ANKFN1	0	+	634715
chr1	75918873	75932404	ASB17	0	-	13531
chr11	124611428	124620356	PANX3	0	+	8928
chr5	21750673	22853344	CDH12	0	-	1102671
chr15	100400395	100544995	CERS3	0	-	144600
chr2	241776822	241804287	GAL3ST2	0	+	27465
chr1	228006998	228061271	WNT3A	0	+	54273
chr7	113876777	114075920	PPP1R3A	0	-	199143
chr2	169645425	169694405	CCDC173	0	-	48980
chr10	126424997	126798708	C10orf90	0	-	373711
chr18	26133852	26193355	PSMA8	0	+	59503
chrY	13703899	13706024	TMSB4Y	0	+	2125
chr21	18269116	18485879	TMPRSS15	0	-	216763
chr3	13816258	13880071	WNT7A	0	-	63813
chr17	51630313	52160017	CA10	0	-	529704
chr7	55793540	55862755	SEPTIN14	0	-	69215
chr2	124025287	124921219	CNTNAP5	0	+	895932
chr8	102551589	102561018	ODF1	0	+	9429
chr14	19930917	19936757	OR4K1	0	+	5840
chr7	72959485	72969466	TRIM74	0	-	9981
chrX	141903894	141909374	MAGEC1	0	+	5480
chrX	52369021	52375680	XAGE2	0	+	6659
chr16	21983865	22001116	PDZD9	0	-	17251
chr16	21663968	21761935	OTOA	0	+	97967
chr2	201288271	201357398	FLACC1	0	-	69127
chr2	201487421	201619178	C2CD6	0	-	131757
chr1	240014348	240475187	FMN2	0	+	460839
chr9	102995311	103018488	CYLC2	0	+	23177
chr3	140678064	140701150	TRIM42	0	+	23086
chr8	130780301	131040909	ADCY8	0	-	260608
chr6	150018334	150025532	RAET1L	0	-	7198
chr8	18391282	18401218	NAT2	0	+	9936
chrX	149881141	149885835	MAGEA8	0	+	4694
chr1	109539872	109548406	GPR61	0	+	8534
chr4	75859864	75902571	PPEF2	0	-	42707
chr15	81007033	81149179	CFAP161	0	+	142146
chr15	84884654	84945798	SLC28A1	0	+	61144
chr4	79225694	79326061	NAA11	0	-	100367
chr21	30165565	30166805	CLDN17	0	-	1240
chr10	104641290	105265242	SORCS3	0	+	623952
chr8	96142333	96160806	GDF6	0	-	18473
chr5	146580742	147084784	PPP2R2B	0	-	504042
chr10	69220332	69267552	HKDC1	0	+	47220
chr6	40391591	40587364	LRFN2	0	-	195773
chr10	70431936	70447951	NODAL	0	-	16015
chr11	57376769	57381150	PRG3	0	-	4381
chr8	35235475	35796550	UNC5D	0	+	561075
chr16	31427731	31428360	COX6A2	0	-	629
chr16	31393335	31426505	ITGAD	0	+	33170
chrX	136300963	136416890	ADGRG4	0	+	115927
chrX	137566127	137577691	ZIC3	0	+	11564
chr3	9498361	9553822	LHFPL4	0	-	55461
chr3	187668912	187670394	SST	0	-	1482
chr1	182899865	182953525	SHCBP1L	0	-	53660
chr3	42397083	42410610	LYZL4	0	-	13527
chr5	73120569	73131809	TMEM171	0	+	11240
chr3	42685537	42692544	KLHL40	0	+	7007
chr1	56854797	56918223	C8A	0	+	63426
chr7	155070324	155087392	HTR5A	0	+	17068
chr16	69950705	69964452	CLEC18A	0	+	13747
chr1	12746200	12763699	C1orf158	0	+	17499
chr16	70173322	70187361	CLEC18C	0	+	14039
chr6	35737032	35749079	ARMC12	0	+	12047
chr12	120640626	120667324	CABP1	0	+	26698
chr2	26401920	26456711	DRC1	0	+	54791
chr2	26581205	26641366	CIB4	0	-	60161
chr15	65895079	66253756	MEGF11	0	-	358677
chr1	26051301	26068436	TRIM63	0	-	17135
chr11	7020479	7071526	NLRP14	0	+	51047
chr12	122167738	122203471	LRRC43	0	+	35733
chr2	218356857	218368099	CATIP	0	+	11242
chr1	158327951	158331531	CD1B	0	-	3580
chr16	20933111	21159441	DNAH3	0	-	226330
chr5	143812161	143820716	HMHB1	0	+	8555
chr7	130266863	130289798	CPA2	0	+	22935
chr7	130344816	130368730	CPA5	0	+	23914
chr6	27285903	27312273	POM121L2	0	-	26370
chrX	55009055	55030977	ALAS2	0	-	21922
chrX	55220346	55224108	PAGE5	0	+	3762
chr1	19664875	19680966	HTR6	0	+	16091
chr1	160945025	160954809	ITLN2	0	-	9784
chr1	20139323	20150381	PLA2G2F	0	+	11058
chr8	22024125	22036897	NPM2	0	+	12772
chr8	22042398	22048809	FGF17	0	+	6411
chr1	20290875	20359518	VWA5B1	0	+	68643
chr16	24845841	24911628	SLC5A11	0	+	65787
chr1	161222292	161223631	APOA2	0	-	1339
chr20	45551153	45579326	WFDC8	0	-	28173
chr17	46833201	46886730	WNT9B	0	+	53529
chr17	48721719	48722518	PRAC1	0	-	799
chr21	34364006	34371381	KCNE2	0	+	7375
chr17	48997385	49056145	IGF2BP1	0	+	58760
chr17	48958554	48968596	GIP	0	-	10042
chr15	34751032	34754998	GJD2	0	-	3966
chr15	34790230	34795549	ACTC1	0	-	5319
chr21	36460621	36576569	CLDN14	0	-	115948
chr15	74069857	74082550	GOLGA6A	0	-	12693
chr15	42067009	42094562	PLA2G4D	0	-	27553
chr1	17308195	17364004	PADI4	0	+	55809
chr16	55846154	55956031	CES5A	0	-	109877
chr1	152106317	152115444	TCHH	0	-	9127
chr1	152686123	152687397	LCE2B	0	+	1274
chr15	43276271	43302255	TGM7	0	-	25984
chr1	153149582	153150890	SPRR2G	0	-	1308
chr1	153297116	153312952	PGLYRP3	0	-	15836
chr15	76336773	76342475	ISL2	0	+	5702
chr1	45620044	45624057	CCDC17	0	-	4013
chr16	57694793	57731805	DRC7	0	+	37012
chr16	57976435	57988116	TEPP	0	+	11681
chr3	126481166	126517773	UROC1	0	-	36607
chr16	67326798	67385204	LRRC36	0	+	58406
chr16	67482571	67483547	AGRP	0	-	976
chr17	3411370	3424070	OR3A3	0	+	12700
chr21	42346357	42350997	TFF2	0	-	4640
chr21	43169008	43172805	CRYAA	0	+	3797
chr21	44285838	44298648	AIRE	0	+	12810
chr21	46136160	46155579	FTCD	0	-	19419
chr19	51367098	51369003	CLDND2	0	-	1905
chr9	134880810	134887523	FCN2	0	+	6713
chr9	135521438	135526540	LCN1	0	+	5102
chr19	55376826	55378246	TMEM190	0	+	1420
chr3	46835111	46882172	MYL3	0	-	47061
chr1	156920632	156933094	LRRC71	0	+	12462
chr7	99756960	99784248	CYP3A4	0	-	27288
chr19	14472466	14475354	PTGER1	0	-	2888
chr22	21632716	21637329	CCDC116	0	+	4613
chr19	35825372	35869287	NPHS1	0	-	43915
chr17	41835685	41848384	KLHL10	0	+	12699
chr19	49388219	49417990	KASH5	0	+	29771
chr17	42184060	42185452	HCRT	0	-	1392
chr19	50152548	50163281	IZUMO2	0	-	10733
chr19	50659255	50719802	SHANK1	0	-	60547
chr19	9114828	9115763	OR7G1	0	-	935
chr12	52377812	52385652	KRT84	0	-	7840
chr12	52393931	52406335	KRT82	0	-	12404
chr6	33721662	33746905	IP6K3	0	-	25243
chr6	41149337	41154347	TREML1	0	-	5010
chr17	7101322	7115700	ASGR2	0	-	14378
chr17	8729935	8745219	CCDC42	0	-	15284
chr16	560394	565529	PRR35	0	+	5135
chr16	769428	783370	MSLNL	0	-	13942
chr16	1072747	1081454	SSTR5	0	+	8707
chr16	1833986	1884294	MEIOB	0	-	50308
chr16	1911475	1918415	HS3ST6	0	-	6940
chr16	2471297	2474145	NTN3	0	+	2848
chr3	52794768	52809009	ITIH3	0	+	14241
chr11	69698238	69704022	FGF19	0	-	5784
chr1	47137435	47149727	CYP4A22	0	+	12292
chr1	50024029	50203772	ELAVL4	0	+	179743
chr1	53087179	53142638	SLC1A7	0	-	55459
chr1	54806063	54842252	LEXM	0	+	36189
chr1	54998933	55017172	BSND	0	+	18239
chr1	15438442	15449242	CTRC	0	+	10800
chr1	46545641	46551647	KNCN	0	-	6006
chr1	15742499	15747982	TMEM82	0	+	5483
chr1	15736258	15741392	SLC25A34	0	+	5134
chr1	13474973	13514003	LRRC38	0	-	39030
chr1	30711277	30723585	MATN1	0	-	12308
chr1	1173880	1197936	TTLL10	0	+	24056
chr1	3746460	3771645	CCDC27	0	+	25185
chr1	59987269	60073770	C1orf87	0	-	86501
chr1	75128434	75161533	LHX8	0	+	33099
chr1	108815898	108963484	AKNAD1	0	-	147586
chr1	84999147	85133138	DNAI3	0	+	133991
chr1	91260766	91404856	HFM1	0	-	144090
chr1	196225779	196609225	KCNT2	0	-	383446
chr1	159951492	159954237	SLAMF9	0	-	2745
chr1	248145148	248146086	OR2M5	0	+	938
chr1	160081538	160090563	KCNJ9	0	+	9025
chr1	173500460	173603072	SLC9C2	0	-	102612
chr1	165201867	165356715	LMX1A	0	-	154848
chr1	165544000	165563957	LRRC52	0	+	19957
chr1	212624474	212626775	FAM71A	0	+	2301
chr1	179365720	179554735	AXDND1	0	+	189015
chr1	241652278	241802777	WDR64	0	+	150499
chr1	205828025	205850132	PM20D1	0	-	22107
chr1	206957965	206970625	FCAMR	0	-	12660
chr2	186827475	186849208	ZSWIM2	0	-	21733
chr2	132147591	132257969	ANKRD30BL	0	-	110378
chr2	94871430	94876823	TEKT4	0	+	5393
chr2	166888480	167259753	XIRP2	0	+	371273
chr4	95840093	95841464	PDHA2	0	+	1371
chr4	97184093	98143476	STPG2	0	-	959383
chr1	152579381	152580516	LCE3D	0	-	1135
chr1	152878322	152885047	SMCP	0	+	6725
chr1	153039732	153041931	SPRR2D	0	-	2199
chr2	68860909	68871397	BMP10	0	-	10488
chr1	153330120	153348841	PGLYRP4	0	-	18721
chr1	153373711	153375621	S100A12	0	-	1910
chr1	154502219	154548147	TDRD10	0	+	45928
chr2	208128137	208129828	CRYGC	0	-	1691
chr1	154199085	154206333	C1orf189	0	-	7248
chr2	231921809	231926396	NPPC	0	-	4587
chr2	232378724	232382889	ALPP	0	+	4165
chr4	46035769	46124054	GABRG1	0	-	88285
chr2	232406844	232410714	ALPG	0	+	3870
chr4	46993723	47426447	GABRB1	0	+	432724
chr2	232456125	232460753	ALPI	0	+	4628
chr1	154993586	154994315	LENEP	0	+	729
chr3	68731766	68953297	TAFA4	0	-	221531
chr4	26481396	26490484	CCKAR	0	-	9088
chr1	201190824	201228952	IGFN1	0	+	38128
chr3	71771655	71785206	PROK2	0	-	13551
chr4	55556519	55592245	PDCL2	0	-	35726
chr2	216081866	216102783	TMEM169	0	+	20917
chr2	218162841	218166962	CXCR1	0	-	4121
chr2	218981087	218985184	FEV	0	-	4097
chr2	218990189	218993422	CRYBA2	0	-	3233
chr2	219054424	219060921	IHH	0	-	6497
chr3	108743424	108757410	RETNLB	0	-	13986
chr1	157573747	157598085	FCRL4	0	-	24338
chr3	109293788	109316517	DPPA2	0	-	22729
chr1	157794403	157820120	FCRL1	0	-	25717
chr1	158610704	158686715	SPTA1	0	-	76011
chr3	19879472	19947025	EFHB	0	-	67553
chr3	170996347	171026743	SLC2A2	0	-	30396
chr2	88122982	88128062	FABP1	0	-	5080
chr3	63228315	63616924	SYNPR	0	+	388609
chr3	150659885	150703971	ERICH6	0	-	44086
chr3	57197838	57227606	HESX1	0	-	29768
chr3	36712421	36764553	DCLK3	0	-	52132
chr4	74036589	74038807	CXCL3	0	-	2218
chr3	146391421	146495991	PLSCR2	0	-	104570
chr2	27149004	27156974	TCF23	0	+	7970
chr3	46494611	46500950	RTP3	0	+	6339
chr3	46515385	46606948	LRRC2	0	-	91563
chr3	121593379	121630295	FBXO40	0	+	36916
chr3	126394909	126436556	CFAP100	0	+	41647
chr3	129528639	129535344	RHO	0	+	6705
chr3	196197452	196211437	ZDHHC19	0	-	13985
chr4	4188726	4226929	OTOP1	0	-	38203
chr1	42733093	42740254	CLDN19	0	-	7161
chr3	48372219	48401259	FBXW12	0	+	29040
chr3	49857988	49869935	CAMKV	0	-	11947
chr3	51707068	51718613	GRM2	0	+	11545
chr4	108742048	108763054	ETNPPL	0	-	21006
chr4	118033618	118258634	NDST3	0	+	225016
chr4	121758881	121765427	SMIM43	0	-	6546
chr4	122378966	122429802	ADAD1	0	+	50836
chr4	176213673	176277571	ASB5	0	-	63898
chr4	158893134	159038760	C4orf45	0	-	145626
chr5	33944623	33984693	SLC45A2	0	-	40070
chr5	23443586	23528093	PRDM9	0	+	84507
chr5	147824572	147831671	SPINK1	0	-	7099
chr5	148451032	148677235	HTR4	0	-	226203
chr5	80319625	80321842	SPZ1	0	+	2217
chr4	184088706	184221230	ENPP6	0	-	132524
chr5	73173193	73175143	TMEM174	0	+	1950
chr5	1253147	1295068	TERT	0	-	41921
chr5	1225381	1246189	SLC6A18	0	+	20808
chr5	132060655	132063204	IL3	0	+	2549
chr5	132073789	132076170	CSF2	0	+	2381
chr6	100962701	102081622	GRIK2	0	+	1118921
chr5	171309248	171312139	TLX3	0	+	2891
chr6	166157656	166168700	TBXT	0	-	11044
chr6	137143820	137173648	IL22RA2	0	-	29828
chr6	168292830	168319777	DACT2	0	-	26947
chr6	25726063	25726562	H2AC1	0	-	499
chr5	55851357	55922854	IL31RA	0	+	71497
chr5	56099680	56233330	ANKRD55	0	-	133650
chr7	35202430	35254100	TBX20	0	-	51670
chr5	45254948	45696498	HCN1	0	-	441550
chr7	31337465	31340726	NEUROD6	0	-	3261
chr7	20782279	20786886	SP8	0	-	4607
chr7	123452193	123535077	IQUB	0	-	82884
chr7	155799980	155812463	SHH	0	-	12483
chr17	35192520	35194393	SLC35G3	0	-	1873
chr7	47987148	48029119	SUN3	0	-	41971
chr7	48035511	48061304	C7orf57	0	+	25793
chr7	155458129	155464831	EN2	0	+	6702
chr8	109963636	109975771	KCNV1	0	-	12135
chr8	7055304	7056739	DEFA5	0	-	1435
chr8	6935820	6938306	DEFA4	0	-	2486
chr8	6924697	6926076	DEFA6	0	-	1379
chr8	108606850	108787594	TMEM74	0	-	180744
chr7	1232872	1237326	UNCX	0	+	4454
chr8	7442684	7463674	SPAG11B	0	-	20990
chr8	86214063	86321146	SLC7A13	0	-	107083
chr7	151148009	151174745	GBX1	0	-	26736
chr9	34379019	34397828	C9orf24	0	-	18809
chr9	90609832	90642862	DIRAS2	0	-	33030
chr9	69012504	69014113	PRKACG	0	-	1609
chr8	41645177	41650817	NKX6-3	0	-	5640
chr7	141836300	141841487	PRSS37	0	-	5187
chr9	72521608	72838297	TMC1	0	+	316689
chr7	142939343	142940868	LLCFC1	0	+	1525
chrX	35919734	36385317	CFAP47	0	+	465583
chr9	111686171	111795008	SHOC1	0	-	108837
chrX	23908006	23939509	CXorf58	0	+	31503
chrX	15281697	15315640	ASB11	0	-	33943
chrX	15345596	15384413	VEGFD	0	-	38817
chr9	122614738	122615682	OR1Q1	0	+	944
chrY	14522573	14845654	NLGN4Y	0	+	323081
chr11	93329971	93438487	DEUP1	0	+	108516
chrX	70925579	70931125	SLC7A3	0	-	5546
chrX	137023929	137033995	GPR101	0	-	10066
chr14	41606876	41904549	LRFN5	0	+	297673
chr10	52765380	52772784	MBL2	0	-	7404
chr11	124919205	124936412	HEPACAM	0	-	17207
chr14	46651010	46651781	RPL10L	0	-	771
chrX	141838316	141897832	MAGEC3	0	+	59516
chr14	77265483	77271206	NGB	0	-	5723
chr14	77394021	77423523	NOXRED1	0	-	29502
chr13	27960918	27969315	CDX2	0	-	8397
chr13	25161679	25172288	AMER2	0	-	10609
chrX	48186220	48196795	SSX5	0	-	10575
chrX	48346427	48356707	SSX3	0	-	10280
chr14	56799905	56816693	OTX2	0	-	16788
chr10	49364066	49396089	DRGX	0	-	32023
chr10	13221766	13234374	UCMA	0	-	12608
chrX	132076990	132128020	FRMD7	0	-	51030
chr14	19875142	19883932	OR4K2	0	+	8790
chr14	20999255	21001871	SLC39A2	0	+	2616
chr12	87980035	88034037	C12orf50	0	-	54002
chr10	97572499	97583884	ANKRD2	0	+	11385
chr12	80099537	80380880	OTOGL	0	+	281343
chr11	47437764	47449143	RAPSN	0	-	11379
chr12	27466810	27502185	SMCO2	0	+	35375
chr14	94487274	94517844	SERPINA12	0	-	30570
chr11	20599594	20659285	SLC6A5	0	+	59691
chr12	95867048	95942635	CCDC38	0	-	75587
chrX	151563675	151676739	PASD1	0	+	113064
chr15	37921939	37967724	TMCO5A	0	+	45785
chr14	23372809	23376403	IL25	0	+	3594
chr14	23376773	23379772	CMTM5	0	+	2999
chr11	134274245	134319564	GLB1L3	0	+	45319
chr12	108907741	109021068	SVOP	0	-	113327
chr11	133840631	133845538	SPATA19	0	-	4907
chr15	40815451	40828709	PPP1R14D	0	-	13258
chr16	49373804	49399431	C16orf78	0	+	25627
chr12	100203669	100267079	DEPDC4	0	-	63410
chrX	154219756	154233286	OPN1MW2	0	+	13530
chr14	104085686	104115582	ASPG	0	+	29896
chr12	101475336	101486997	SPIC	0	+	11661
chr10	70771238	70785401	TBATA	0	-	14163
chr11	108308519	108467531	C11orf65	0	-	159012
chr17	57744495	57745299	CCDC182	0	-	804
chr18	72742314	72868146	NETO1	0	-	125832
chr21	13609777	13645823	POTED	0	+	36046
chr19	33132090	33175799	WDR88	0	+	43709
chr11	6845683	6846636	OR10A5	0	+	953
chr11	6891574	6892500	OR2D2	0	-	926
chr11	8224309	8268716	LMO1	0	-	44407
chr12	8509475	8522366	CLEC4D	0	+	12891
chr16	84009667	84042795	SLC38A8	0	-	33128
chr18	59275156	59318649	CPLX4	0	-	43493
chr18	77249848	77277900	GALR1	0	+	28052
chr16	66908122	66918917	CDH16	0	-	10795
chr17	9576627	9643447	CFAP52	0	+	66820
chr18	60371062	60372775	MC4R	0	-	1713
chr18	63542369	63569329	SERPINB12	0	+	26960
chr15	30360566	30393849	CHRFAM7A	0	-	33283
chr11	113687547	113706373	TMPRSS5	0	-	18826
chr11	113975075	113990313	HTR3A	0	+	15238
chr11	18412318	18452063	LDHC	0	+	39745
chr12	56994492	56998447	GPR182	0	+	3955
chr22	36560857	36703752	CACNG2	0	-	142895
chr12	57028517	57051198	MYO1A	0	-	22681
chr16	23755026	23758935	CHP2	0	+	3909
chr11	59456961	59457905	OR4D6	0	+	944
chr7	100483927	100494802	NYAP1	0	+	10875
chr11	60327255	60396596	MS4A6E	0	+	69341
chr11	60429572	60455214	MS4A5	0	+	25642
chr20	2380901	2432753	TGM6	0	+	51852
chr18	32937402	33441101	CCDC178	0	-	503699
chr6	167146414	167196913	TCP10L2	0	+	50499
chr7	101170496	101180293	NAT16	0	-	9797
chr15	44956687	44979229	TERB2	0	+	22542
chr20	32983773	33004433	SUN5	0	-	20660
chr20	33031648	33044047	BPIFB6	0	+	12399
chr17	50761029	50767557	ANKRD40CL	0	-	6528
chr15	73873564	73889214	TBC1D21	0	+	15650
chr15	75258334	75273455	GOLGA6C	0	+	15121
chr18	46476972	46657220	LOXHD1	0	-	180248
chr17	79089345	79611051	RBFOX3	0	-	521706
chr11	3638512	3642316	ART5	0	-	3804
chr11	4680171	4697854	OR51E2	0	-	17683
chr11	4704784	4992431	MMP26	0	+	287647
chr19	46633953	46636541	GNG8	0	-	2588
chr17	60149942	60170899	CA4	0	+	20957
chr12	49950737	49958878	AQP2	0	+	8141
chr12	51888009	51891727	ANKRD33	0	+	3718
chr19	54497879	54510687	LAIR2	0	+	12808
chr19	54816468	54830778	KIR3DL1	0	+	14310
chr19	3879864	3928082	ATCAY	0	+	48218
chr19	4292232	4302431	TMIGD2	0	-	10199
chr19	50861568	50880567	KLK2	0	+	18999
chr19	6306142	6333612	ACER1	0	-	27470
chr12	53103486	53124535	SOAT2	0	+	21049
chr11	67518912	67524517	CABP2	0	-	5605
chr11	56134721	56140201	OR8J3	0	-	5480
chr11	55935456	55936400	OR5I1	0	-	944
chr17	6789133	6831761	TEKT1	0	-	42628
chr8	58490178	58500163	CYP7A1	0	-	9985
chr17	39953263	39977768	GSDMA	0	+	24505
chr17	40697991	40703752	KRT24	0	-	5761
chr17	43753738	43758791	SOST	0	-	5053
chr11	61258286	61295316	VWCE	0	-	37030
chr11	64555690	64572875	SLC22A11	0	+	17185
chr11	64937517	64972108	MAJIN	0	-	34591
chr8	28316986	28343355	PNOC	0	+	26369
chr16	3204247	3205188	OR1F1	0	+	941
chr6	27911185	27912396	OR2B2	0	-	1211
chr22	38426327	38455199	KCNJ4	0	-	28872
chr1	228424845	228425360	H3-4	0	-	515
chr16	3355889	3357306	OR2C1	0	+	1417
chr14	52267698	52276724	PTGDR	0	+	9026
chr10	23192312	23194245	PTF1A	0	+	1933
chr3	39467198	39529479	MOBP	0	+	62281
chr8	49054311	49076093	PPDPFL	0	+	21782
chr14	35534164	35537054	INSM2	0	+	2890
chr3	38845764	39052157	SCN11A	0	-	206393
chr16	84218657	84240012	KCNG4	0	-	21355
chr2	238138668	238152947	KLHL30	0	+	14279
chr18	9885766	9889275	TXNDC2	0	+	3509
chr8	22146830	22157084	LGI3	0	-	10254
chr2	236165236	236168386	GBX2	0	-	3150
chr1	146017468	146036746	HJV	0	-	19278
chr11	62190216	62193539	SCGB1D1	0	+	3323
chr2	210290150	210315174	MYL1	0	-	25024
chr2	208160740	208163589	CRYGA	0	-	2849
chr4	174829668	174978180	ADAM29	0	+	148512
chr8	39584489	39730065	ADAM18	0	+	145576
chr2	98087116	98313299	VWA3B	0	+	226183
chr16	67289428	67326760	KCTD19	0	-	37332
chr20	45123425	45124465	WFDC12	0	-	1040
chrY	6246223	6249019	TSPY2	0	+	2796
chr3	159988835	159996019	IL12A	0	+	7184
chr9	35869463	35870401	OR13J1	0	-	938
chr6	86937528	87016679	HTR1E	0	+	79151
chr4	161383897	162164004	FSTL5	0	-	780107
chr3	137764315	137766334	SOX14	0	+	2019
chr2	85657314	85668741	SFTPB	0	-	11427
chr5	180988846	181006727	BTNL3	0	+	17881
chr16	75218988	75226338	CTRB1	0	+	7350
chr16	75204103	75207161	CTRB2	0	-	3058
chr11	89797655	89808575	TRIM49	0	-	10920
chr2	227362038	227381995	TM4SF20	0	-	19957
chr11	88504576	89065982	GRM5	0	-	561406
chr2	11658178	11670195	NTSR2	0	-	12017
chr2	227164624	227314792	COL4A3	0	+	150168
chrX	6533618	6535118	VCX3A	0	-	1500
chr3	167239843	167407874	ZBBX	0	-	168031
chr5	57480018	57482811	ACTBL2	0	-	2793
chr16	27787528	28063714	GSG1L	0	-	276186
chr5	132656263	132661110	IL13	0	+	4847
chr14	21568520	21580076	OR10G3	0	-	11556
chr1	247507058	247577690	GCSAML	0	+	70632
chr5	54455699	54456377	HSPB3	0	+	678
chrX	30304206	30309390	NR0B1	0	-	5184
chrX	28587446	29956718	IL1RAPL1	0	+	1369272
chr22	23762990	23765863	C22orf15	0	+	2873
chr14	21148370	21159060	OR5AU1	0	-	10690
chr16	20359175	20404737	PDILT	0	-	45562
chr16	20333051	20356301	UMOD	0	-	23250
chr14	20955487	20956436	RNASE2	0	+	949
chr19	47994632	48025154	ELSPBP1	0	+	30522
chr14	20891385	20892348	RNASE3	0	+	963
chr8	139600838	139704109	KCNK9	0	-	103271
chr2	166195185	166376001	SCN9A	0	-	180816
chr1	152985231	152985500	SPRR1A	0	+	269
chr14	20014143	20019307	OR4K14	0	-	5164
chr14	19975591	19976565	OR4K15	0	+	974
chr8	38974228	38988663	HTRA4	0	+	14435
chr1	152514482	152516008	CRCT1	0	+	1526
chr22	22513736	22520270	ZNF280A	0	-	6534
chrX	135156540	135171398	CT55	0	-	14858
chr22	22244780	22245515	VPREB1	0	+	735
chr2	68974573	68980980	GKN1	0	+	6407
chr16	56651886	56653204	MT1B	0	+	1318
chr3	129060779	129062406	GP9	0	+	1627
chr1	3021467	3022903	ACTRT2	0	+	1436
chr3	173396284	174286644	NLGN1	0	+	890360
chrY	23681440	23694579	PRYP3	0	-	13139
chr5	9627347	9712378	TAS2R1	0	-	85031
chrY	22490397	22514637	PRY	0	+	24240
chrY	22168542	22182982	RBMY1F	0	-	14440
chrY	22071756	22096007	PRY2	0	-	24251
chr4	103586031	103719985	TACR3	0	-	133954
chr13	27792483	27794768	GSX1	0	+	2285
chr15	52755053	52791078	ONECUT1	0	-	36025
chr7	101020072	101058859	MUC17	0	+	38787
chr16	31527900	31528803	AHSP	0	+	903
chr12	48965340	48971735	WNT10B	0	-	6395
chr1	1915108	1917296	CALML6	0	+	2188
chr3	149474697	149503394	TM4SF4	0	+	28697
chrX	11822423	12724523	FRMPD4	0	+	902100
chrY	18731440	18773735	HSFY2	0	-	42295
chr4	152769354	152779730	TIGD4	0	-	10376
chr2	127535683	127637729	MYO7B	0	+	102046
chr14	94462717	94479689	SERPINA9	0	-	16972
chr5	177707981	177783398	FAM153A	0	-	75417
chr7	75492320	75504316	SPDYE5	0	+	11996
chr9	116231	118417	FOXD4	0	-	2186
chr1	200872981	200874178	GPR25	0	+	1197
chr6	117265558	117273565	VGLL2	0	+	8007
chr2	176099795	176102489	HOXD12	0	+	2694
chr4	144109303	144140751	GYPA	0	-	31448
chr11	113387779	113400416	ANKK1	0	+	12637
chr5	159865080	159973012	ADRA1B	0	+	107932
chr5	160187367	160238735	FABP6	0	+	51368
chr11	18933499	18939414	MRGPRX1	0	-	5915
chr7	148590766	148615860	C7orf33	0	+	25094
chr8	86553977	86743675	CNGB3	0	-	189698
chr11	107707378	107719693	SLN	0	-	12315
chr10	48153088	48274696	FRMPD2	0	-	121608
chr12	53326575	53345315	SP7	0	-	18740
chr2	184598529	184939492	ZNF804A	0	+	340963
chr12	52837804	52849092	KRT78	0	-	11288
chr12	56923133	56934408	SDR9C7	0	-	11275
chr12	52565782	52573843	KRT74	0	-	8061
chr12	52585589	52601538	KRT72	0	-	15949
chr1	204190341	204196491	KISS1	0	-	6150
chr4	87303789	87322886	HSD17B13	0	-	19097
chr4	46734827	46909245	COX7B2	0	-	174418
chr12	55126406	55132750	OR9K2	0	+	6344
chr19	45863989	45873797	FOXA3	0	+	9808
chr7	103352730	103446207	SLC26A5	0	-	93477
chr9	100578079	100588389	CAVIN4	0	+	10310
chr11	7937171	7941708	OR10A3	0	-	4537
chr17	48762234	48817229	TTLL6	0	-	54995
chr11	7088998	7091148	RBMXL2	0	+	2150
chr9	6328375	6331891	TPD52L3	0	+	3516
chr11	6876625	6877619	OR10A4	0	+	994
chr11	6863057	6874717	OR10A2	0	+	11660
chr7	123655866	123664290	LMOD2	0	+	8424
chr3	133400056	133475222	BFSP2	0	+	75166
chr2	48962157	49154527	FSHR	0	-	192370
chr19	42902086	42919563	PSG6	0	-	17477
chr12	120322115	120327779	PLA2G1B	0	-	5664
chr4	5014586	5019458	CYTL1	0	-	4872
chr19	9126012	9126950	OR7G3	0	-	938
chr19	9100407	9107475	OR7G2	0	-	7068
chrX	107980864	107982370	TEX13B	0	-	1506
chr6	51615299	52087613	PKHD1	0	-	472314
chr19	9087061	9095669	OR1M1	0	+	8608
chr19	8832377	8843340	MBD3L1	0	+	10963
chr6	49785660	49787285	PGK2	0	-	1625
chr11	124539635	124545333	OR8B12	0	-	5698
chr19	41796587	41811554	CEACAM3	0	+	14967
chr11	123939617	123940573	OR4D5	0	+	956
chr8	10896045	11201833	XKR6	0	-	305788
chr11	125746279	125749867	PATE1	0	+	3588
chr2	29192774	29921586	ALK	0	-	728812
chrX	149774068	149776867	HSFX1	0	+	2799
chr2	42442017	42493982	KCNG3	0	-	51965
chr9	111327229	111330224	OR2K2	0	-	2995
chr19	14028148	14031551	RLN3	0	+	3403
chr1	248231417	248244679	OR2M4	0	+	13262
chr6	155264013	155276548	CLDN20	0	+	12535
chr4	69051363	69112987	UGT2B7	0	+	61624
chr17	41436154	41440983	KRT38	0	-	4829
chr17	41159649	41160748	KRTAP4-4	0	-	1099
chrX	52862525	52868083	XAGE3	0	-	5558
chr17	41565836	41572059	KRT9	0	-	6223
chrX	52811287	52818301	XAGE5	0	+	7014
chrX	48761747	48773648	GLOD5	0	+	11901
chr17	40776808	40782550	KRT27	0	-	5742
chr2	218959666	218962155	CDK5R2	0	+	2489
chr9	122742303	122750783	OR1L6	0	+	8480
chrX	48130626	48132620	SPACA5B	0	+	1994
chr9	122675130	122676104	OR1L3	0	+	974
chrX	48004336	48009733	SPACA5	0	+	5397
chr5	40998017	41071342	MROH2B	0	-	73325
chr9	122567117	122583384	OR1L8	0	-	16267
chr9	122553112	122555173	OR1N2	0	+	2061
chr9	122526358	122527296	OR1N1	0	-	938
chr4	158315311	158653372	RXFP1	0	+	338061
chr17	39603536	39609777	NEUROD2	0	-	6241
chr5	77628712	77638713	OTP	0	-	10001
chr11	75081753	75096876	OR2AT4	0	-	15123
chr21	40010999	40847158	DSCAM	0	-	836159
chr17	74274234	74314884	DNAI2	0	+	40650
chr2	231523187	231530445	NMUR1	0	-	7258
chr6	42915989	42925838	PTCRA	0	+	9849
chr5	76850001	76921650	S100Z	0	+	71649
chr8	7894677	7896716	DEFB4A	0	+	2039
chr1	162373203	162376854	SPATA46	0	-	3651
chr19	38801671	38812945	LGALS4	0	-	11274
chr1	160367071	160372846	NHLH1	0	+	5775
chr1	41015589	41023237	SLFNL1	0	-	7648
chr10	133230217	133231558	UTF1	0	+	1341
chr19	37884823	37906677	WDR87	0	-	21854
chr5	141051374	141059346	PCDHB1	0	+	7972
chr9	21077104	21077942	IFNB1	0	-	838
chr1	44118821	44135140	KLF17	0	+	16319
chr20	4220630	4249287	ADRA1D	0	-	28657
chr17	18744026	18779349	FBXW10	0	+	35323
chr19	15737985	15742343	OR10H3	0	+	4358
chr19	15728024	15729052	OR10H2	0	+	1028
chr11	5128776	5138356	OR52A5	0	-	9580
chr15	60004234	60061730	FOXB1	0	+	57496
chr19	2867335	2883445	ZNF556	0	+	16110
chr9	64369394	64413142	ANKRD20A4P	0	+	43748
chr2	79157003	79159753	REG3A	0	-	2750
chr3	115623510	115721490	GAP43	0	+	97980
chr2	79085023	79088019	REG1B	0	-	2996
chr2	88524649	88529585	TEX37	0	+	4936
chr3	112140898	112294227	SLC9C1	0	-	153329
chr17	3207539	3218896	OR1A1	0	+	11357
chr17	3197519	3198448	OR1A2	0	+	929
chr11	56093308	56094240	OR8I2	0	+	932
chr1	152796721	152798181	LCE1D	0	+	1460
chr6	22287244	22302826	PRL	0	-	15582
chr11	55602360	55607645	OR4C11	0	-	5285
chr11	56375624	56376553	OR8U1	0	+	929
chr11	48245104	48246015	OR4X2	0	+	911
chr19	825097	832018	AZU1	0	+	6921
chr4	93828753	93830964	ATOH1	0	+	2211
chr11	47589667	47594411	C1QTNF4	0	-	4744
chrY	25622162	25624902	CDY1	0	+	2740
chr2	167293001	167874045	B3GALT1	0	+	581044
chr11	59436469	59451380	OR5A1	0	+	14911
chr11	59416969	59426413	OR5A2	0	-	9444
chr11	119149052	119162653	ABCG4	0	+	13601
chrY	24045229	24048019	CDY1B	0	-	2790
chr11	58438994	58442236	OR5B12	0	-	3242
chr11	58421238	58428121	OR5B2	0	-	6883
chr11	119185457	119190223	PDZD3	0	+	4766
chr4	119135832	119187789	MYOZ2	0	+	51957
chr1	66797740	66801276	INSL5	0	-	3536
chr17	62343941	62416480	EFCAB3	0	+	72539
chr11	56741223	56748697	OR9G4	0	-	7474
chr11	56663686	56664618	OR5AR1	0	+	932
chr11	56641489	56642439	OR5AP2	0	-	950
chrY	18546691	18588963	HSFY1	0	+	42272
chrX	103499130	103519489	RAB40A	0	-	20359
chr2	240868824	240880502	AGXT	0	+	11678
chr11	56354291	56361511	OR8J1	0	+	7220
chr11	56252254	56253222	OR5T3	0	+	968
chr5	81329996	81394179	ACOT12	0	-	64183
chr19	15787661	15800357	OR10H5	0	+	12696
chr10	49131154	49134021	FAM170B	0	-	2867
chr2	950849	1367613	SNTG2	0	+	416764
chr12	48202339	48203292	OR10AD1	0	-	953
chr8	56112942	56113982	MOS	0	-	1040
chr11	60785333	60801305	MS4A10	0	+	15972
chr8	30995802	31033715	PURG	0	-	37913
chr11	59511368	59520703	OR4D9	0	+	9335
chr3	130345516	130484844	COL6A5	0	+	139328
chr11	58402464	58406874	OR5B3	0	-	4410
chr11	58266792	58268260	OR10W1	0	-	1468
chr17	74877302	74893781	FADS6	0	-	16479
chr12	52644558	52652211	KRT2	0	-	7653
chr5	115962454	116027619	LVRN	0	+	65165
chr11	68980021	68980986	MRGPRD	0	-	965
chr3	38265812	38278757	SLC22A13	0	+	12945
chr4	99202638	99219537	ADH6	0	-	16899
chr22	16783412	16825411	XKR3	0	-	41999
chr3	75664328	75667220	FRG2C	0	+	2892
chr10	98457077	99235862	HPSE2	0	-	778785
chr3	35638945	35794496	ARPP21	0	+	155551
chr1	155941638	155943087	RXFP4	0	+	1449
chr12	110846769	110907535	CCDC63	0	+	60766
chr10	95194200	95228928	ACSM6	0	+	34728
chr12	43353866	43552203	ADAMTS20	0	-	198337
chr1	116111399	116138149	MAB21L3	0	+	26750
chr18	47221	49615	TUBB8B	0	-	2394
chr11	66975277	66977009	C11orf86	0	+	1732
chr5	146513144	146516190	GPR151	0	-	3046
chr9	1049858	1057552	DMRT2	0	+	7694
chr5	146084313	146105577	PLAC8L1	0	-	21264
chr1	158461574	158470857	OR10K1	0	+	9283
chr2	130729070	130730336	GPR148	0	+	1266
chr11	65592836	65595996	KCNK7	0	-	3160
chr3	51894876	51903353	IQCF1	0	-	8477
chr3	49198428	49258106	IHO1	0	+	59678
chr7	19719315	19773617	TMEM196	0	-	54302
chr2	26562585	26579532	FAM166C	0	+	16947
chr19	55891699	55932336	NLRP13	0	-	40637
chr4	69588417	69653249	UGT2A1	0	-	64832
chr6	116792085	116829083	GPRC6A	0	-	36998
chr6	116494989	116545684	TRAPPC3L	0	-	50695
chr1	6555307	6579755	TAS1R1	0	+	24448
chr1	6244179	6245578	HES3	0	+	1399
chr9	122661566	122662648	OR1L1	0	+	1082
chr2	230990324	231025055	SPATA3	0	+	34731
chr17	50834650	50842353	WFIKKN2	0	+	7703
chr1	244352635	244389663	C1orf100	0	+	37028
chr3	44241886	44332098	TOPAZ1	0	+	90212
chr11	65354751	65357613	TIGD3	0	+	2862
chr17	63523334	63548977	KCNH6	0	+	25643
chr17	62701314	62808344	MARCHF10	0	-	107030
chr17	49223366	49230787	PHOSPHO1	0	-	7421
chr17	40792196	40799959	KRT28	0	-	7763
chr5	102233986	102296284	SLCO4C1	0	-	62298
chr19	3769089	3772228	RAX2	0	-	3139
chr13	46211940	46277366	LRRC63	0	+	65426
chr13	45702320	45714559	CBY2	0	+	12239
chrX	80335504	80445311	TENT5D	0	+	109807
chr9	35041095	35045986	C9orf131	0	+	4891
chr4	37244743	37449463	NWD2	0	+	204720
chr6	52896639	52909698	GSTA3	0	-	13059
chrX	100969708	100990831	ARL13A	0	+	21123
chr8	100572889	100663415	SNX31	0	-	90526
chr12	27696447	27697596	REP15	0	+	1149
chr3	114234631	114237578	ZNF80	0	-	2947
chr2	176077472	176083962	EVX2	0	-	6490
chr17	7041621	7044092	SLC16A11	0	-	2471
chr1	53506237	53739164	GLIS1	0	-	232927
chr5	180739123	180740058	OR2Y1	0	-	935
chr5	1201595	1225111	SLC6A19	0	+	23516
chr8	109086585	109121565	TRHR	0	+	34980
chr8	106759483	106770244	ABRA	0	-	10761
chr18	54324358	54357964	STARD6	0	-	33606
chr15	23439038	23447243	GOLGA6L2	0	-	8205
chr2	214411054	214578976	VWC2L	0	+	167922
chrX	118823824	118826968	ZCCHC12	0	+	3144
chr4	171812254	173041559	GALNTL6	0	+	1229305
chr9	27948078	28670286	LINGO2	0	-	722208
chr19	40216058	40218384	TTC9B	0	-	2326
chr12	109347903	109455523	MYO1H	0	+	107620
chr19	50825289	50837213	KLK15	0	-	11924
chr11	66421004	66426707	NPAS4	0	+	5703
chr3	134599923	134651636	KY	0	-	51713
chr19	9210276	9219589	OR7D4	0	-	9313
chr3	167478684	167653983	WDR49	0	-	175299
chr4	75556048	75565871	ODAPH	0	+	9823
chr3	57293699	57544344	DNAH12	0	-	250645
chr11	278407	285388	NLRP6	0	+	6981
chr19	5720637	5778734	CATSPERD	0	+	58097
chr11	56699095	56703884	OR9G1	0	+	4789
chr3	154334943	154430190	GPR149	0	-	95247
chr11	56176618	56177556	OR5J2	0	+	938
chr11	55965755	55969945	OR10AG1	0	-	4190
chr11	55648327	55652854	OR4S2	0	+	4527
chr16	87881546	87936580	CA5A	0	-	55034
chr16	29778256	29782973	ZG16	0	+	4717
chr6	160121815	160158718	SLC22A1	0	+	36903
chr10	125576522	125683163	TEX36	0	-	106641
chr18	31376777	31414912	DSG4	0	+	38135
chr3	187197486	187201462	RTP1	0	+	3976
chr3	141051347	141148611	SPSB4	0	+	97264
chr20	45109452	45115172	WFDC5	0	-	5720
chr1	248403048	248408020	OR2T1	0	+	4972
chr12	57434784	57452062	INHBC	0	+	17278
chr11	66040765	66049161	GAL3ST3	0	-	8396
chr1	10946471	10982037	C1orf127	0	-	35566
chr16	22092538	22156964	VWA3A	0	+	64426
chr11	66016752	66026479	CATSPER1	0	-	9727
chr5	177992235	177996242	PROP1	0	-	4007
chr22	35066136	35087387	ISX	0	+	21251
chr12	56360568	56362857	APOF	0	-	2289
chr12	55636892	55637833	OR10P1	0	+	941
chr11	6199224	6200186	OR52W1	0	+	962
chr2	114442299	115845780	DPP10	0	+	1403481
chr11	65945445	65959963	TSGA10IP	0	+	14518
chr10	116545931	116567855	PNLIP	0	+	21924
chr11	48216810	48217739	OR4B1	0	+	929
chr13	30932656	30975500	TEX26	0	+	42844
chr14	93987225	94008863	CCDC197	0	+	21638
chr5	176630618	176646644	EIF4E1B	0	+	16026
chr13	102729367	102759072	CCDC168	0	-	29705
chr11	14904997	15082342	CALCB	0	+	177345
chr2	101345550	101387503	CREG2	0	-	41953
chr7	73861159	73865890	TMEM270	0	+	4731
chr21	44497893	44711572	TSPEAR	0	-	213679
chr11	8937578	8943016	ASCL3	0	-	5438
chr11	8920076	8933006	C11orf16	0	-	12930
chr3	112034843	112081269	TMPRSS7	0	+	46426
chr18	13824149	13827323	MC5R	0	+	3174
chr17	58420167	58488408	HSF5	0	-	68241
chr14	28766787	28770277	FOXG1	0	+	3490
chr22	39743044	39893864	ENTHD1	0	-	150820
chr14	20239286	20244349	OR11H4	0	+	5063
chr11	59503576	59504511	OR4D11	0	+	935
chr2	76747685	77593319	LRRTM4	0	-	845634
chr14	20223710	20224702	OR11H6	0	+	992
chr14	20110739	20122199	OR4K17	0	+	11460
chr19	15944299	15950350	OR10H4	0	+	6051
chr14	20060045	20060983	OR4L1	0	+	938
chr14	20029399	20036038	OR4K13	0	-	6639
chr8	166086	167024	OR4F21	0	-	938
chr14	19920607	19921578	OR4K5	0	+	971
chr14	19719015	19830253	OR4N2	0	+	111238
chr11	118971712	118981287	FOXR1	0	+	9575
chr17	49838300	49848069	TAC4	0	-	9769
chr6	166305300	166308448	PRR18	0	-	3148
chr11	59358895	59371714	OR5AN1	0	+	12819
chr11	48365485	48366465	OR4C5	0	-	980
chr11	48324920	48325955	OR4C3	0	+	1035
chr11	48306223	48307152	OR4S1	0	+	929
chr8	87870747	87874015	DCAF4L2	0	-	3268
chr11	48263861	48264778	OR4X1	0	+	917
chr8	86866415	87615219	CNBD1	0	+	748804
chr2	134964485	135047468	MAP3K19	0	-	82983
chr22	30080464	30177075	HORMAD2	0	+	96611
chrY	3579067	3580041	TGIF2LY	0	+	974
chr19	107104	117102	OR4F17	0	+	9998
chr11	5199735	5200682	OR51V1	0	-	947
chrX	26192440	26195646	MAGEB6	0	+	3206
chr10	131092391	131311721	TCERG1L	0	-	219330
chrX	26138343	26140736	MAGEB18	0	+	2393
chr8	7836436	7841242	DEFB104A	0	+	4806
chr11	5058650	5059627	OR52E2	0	-	977
chr8	7881392	7882663	DEFB103A	0	+	1271
chr11	4994851	5005536	OR51L1	0	+	10685
chr9	136945185	136946975	C8G	0	+	1790
chr8	143157914	143160711	LY6H	0	-	2797
chr4	165016458	165041749	TRIM60	0	+	25291
chrX	147981337	148026665	FMR1NB	0	+	45328
chr8	7470308	7475082	DEFB104B	0	-	4774
chr9	21140632	21141832	IFNW1	0	-	1200
chrX	9024232	9295682	FAM9B	0	-	271450
chr18	580380	582114	CETN1	0	+	1734
chr1	248636356	248645278	OR2T35	0	-	8922
chr1	248348775	248349713	OR14C36	0	+	938
chr1	248323630	248324568	OR2M7	0	-	938
chr1	248290139	248303424	OR2T12	0	-	13285
chr1	248269917	248277976	OR2T33	0	-	8059
chr8	7428888	7430348	DEFB103B	0	-	1460
chr8	7414855	7416863	DEFB4B	0	-	2008
chr1	247924889	247935339	OR2AJ1	0	+	10450
chr10	35605341	35608935	GJD4	0	+	3594
chr1	110519837	110631474	KCNA2	0	-	111637
chrX	18162931	18220886	BEND2	0	-	57955
chr10	49299170	49327492	C10orf71	0	+	28322
chr1	64203623	64267368	UBE2U	0	+	63745
chr5	43192071	43280850	NIM1K	0	+	88779
chr8	98064522	98093610	ERICH5	0	+	29088
chr1	247920252	247923152	OR2T8	0	+	2900
chr6	137492199	137494394	OLIG3	0	-	2195
chr1	247605586	247606515	OR2G3	0	+	929
chr1	247588360	247589313	OR2G2	0	+	953
chrX	8169944	8171267	VCX2	0	-	1323
chr18	57352557	57371731	ST8SIA3	0	+	19174
chr2	153477338	153478762	RPRM	0	-	1424
chr1	247449118	247458105	OR2B11	0	-	8987
chr1	115836377	115843917	NHLH2	0	-	7540
chr19	35224800	35228739	FAM187B	0	-	3939
chr12	48482498	48496524	C12orf54	0	+	14026
chr2	231592864	231594276	TEX44	0	+	1412
chr6	49960249	49964164	DEFB114	0	-	3915
chrX	27807990	27823014	MAGEB10	0	+	15024
chr15	101922042	101923113	OR4F4	0	-	1071
chr8	11331012	11332360	SLC35G5	0	+	1348
chr4	44622088	44678556	YIPF7	0	-	56468
chr9	88129305	88138475	SPATA31C2	0	-	9170
chr12	18738119	18739188	CAPZA3	0	+	1069
chr9	136759634	136766255	LCN15	0	-	6621
chr9	87882877	87888903	SPATA31E1	0	+	6026
chr2	54330034	54383742	C2orf73	0	+	53708
chr5	95620087	95622142	GPR150	0	+	2055
chr3	184053047	184060673	HTR3C	0	+	7626
chr15	30552050	30565684	GOLGA8Q	0	+	13634
chr19	48270081	48287608	ZNF114	0	+	17527
chr2	130755540	130768134	AMER3	0	+	12594
chr5	148202794	148215137	SPINK6	0	+	12343
chr5	178941191	178966433	ZNF454	0	+	25242
chr10	80537902	80646560	SH2D4B	0	+	108658
chr8	7847876	7868867	SPAG11A	0	+	20991
chr18	79797938	79900184	KCNG2	0	+	102246
chr4	42397488	42402487	SHISA3	0	+	4999
chr11	6921002	6921994	OR2D3	0	+	992
chr5	63957874	63962507	HTR1A	0	-	4633
chr1	223393415	223395465	CCDC185	0	+	2050
chr4	112513516	112516180	NEUROG2	0	-	2664
chr4	70592256	70607288	AMBN	0	+	15032
chr2	240045077	240047027	OR6B3	0	-	1950
chr20	87250	97094	DEFB125	0	+	9844
chr2	240139026	240144562	OTOS	0	-	5536
chr10	49679651	49710261	C10orf53	0	+	30610
chr18	54587757	54599493	DYNAP	0	+	11736
chr3	194394821	194399266	GP5	0	-	4445
chr2	238158970	238168900	ERFE	0	+	9930
chr3	194339768	194351328	CPN2	0	-	11560
chr17	74521174	74531475	CD300LB	0	-	10301
chr11	77216558	77301687	GDPD4	0	-	85129
chr1	151710433	151729805	RIIAD1	0	+	19372
chr3	129543175	129551467	H1-8	0	+	8292
chr1	19814029	19815283	RNF186	0	-	1254
chr9	97853226	97856717	FOXE1	0	+	3491
chr19	47801243	47819051	TPRX1	0	-	17808
chr15	41182725	41230757	EXD1	0	-	48032
chr1	18839599	18859682	TAS1R2	0	-	20083
chr4	188091272	188109603	TRIML2	0	-	18331
chr9	104694518	104695462	OR13D1	0	+	944
chr4	187995771	188005046	ZFP42	0	+	9275
chr11	85683848	85686195	CCDC89	0	-	2347
chrX	93674013	93712274	FAM133A	0	+	38261
chr12	103237591	103495978	C12orf42	0	-	258387
chr3	87792706	87993839	HTR1F	0	+	201133
chr17	8120592	8124106	HES7	0	-	3514
chr10	23202696	23344845	C10orf67	0	-	142149
chr6	36390551	36442854	PXT1	0	-	52303
chr19	38384267	38388082	GGN	0	-	3815
chr19	51246348	51269330	SIGLECL1	0	+	22982
chr2	29060976	29074523	PCARE	0	-	13547
chr19	12965159	12974760	DAND5	0	+	9601
chr11	66291894	66296664	TMEM151A	0	+	4770
chrX	78656068	78659328	RTL3	0	-	3260
chr11	107928448	107963482	RAB39A	0	+	35034
chrX	103710909	103714032	TMEM31	0	+	3123
chr1	244454377	244641177	CATSPERE	0	+	186800
chr13	91398621	92873682	GPC5	0	+	1475061
chr3	128462437	128466968	DNAJB8	0	-	4531
chr1	13163914	13165631	HNRNPCL4	0	-	1717
chr7	143026200	143027132	OR9A2	0	-	932
chr17	8072636	8087716	ALOX12B	0	-	15080
chr12	100357074	100422055	SLC17A8	0	+	64981
chr16	1966823	1968975	RNF151	0	+	2152
chr14	63312835	63318935	GPHB5	0	-	6100
chr7	126438598	127253093	GRM8	0	-	814495
chr12	55572468	55575612	OR2AP1	0	+	3144
chr12	55549602	55555832	OR6C4	0	+	6230
chr3	160677160	160678448	ARL14	0	+	1288
chr12	55444069	55453347	OR6C2	0	+	9278
chr19	55947832	55988629	NLRP8	0	+	40797
chr19	39202825	39204263	SYCN	0	-	1438
chr10	68230595	68232113	ATOH7	0	-	1518
chr3	26622806	26717537	LRRC3B	0	+	94731
chr13	42781550	42791549	FAM216B	0	+	9999
chr11	18172837	18174280	MRGPRX4	0	+	1443
chr11	18120955	18138488	MRGPRX3	0	+	17533
chr19	55785397	55836800	NLRP11	0	-	51403
chr1	160876540	160885180	ITLN1	0	-	8640
chr12	55221025	55221975	OR10A7	0	+	950
chr2	218259496	218263861	GPBAR1	0	+	4365
chr1	182054570	182061712	ZNF648	0	-	7142
chr3	39329709	39333680	CCR8	0	+	3971
chr15	30082955	30096690	GOLGA8J	0	+	13735
chr17	3397104	3398410	OR1E1	0	-	1306
chr19	55354908	55363260	FAM71E2	0	-	8352
chr8	23701740	23706756	NKX2-6	0	-	5016
chr19	55312801	55334048	TMEM150B	0	-	21247
chr20	45648563	45670270	WFDC11	0	-	21707
chr11	2163929	2171815	TH	0	-	7886
chr20	45607939	45631284	WFDC9	0	-	23345
chr16	30370934	30377991	MYLPF	0	+	7057
chr11	46719196	46739506	F2	0	+	20310
chr2	102473226	102533972	SLC9A4	0	+	60746
chr9	124451425	124478589	ADGRD2	0	+	27164
chr16	20028239	20073890	GPR139	0	-	45651
chr1	242082986	242524697	PLD5	0	-	441711
chr6	36243203	36313955	PNPLA1	0	+	70752
chr12	85280220	85301784	ALX1	0	+	21564
chr20	31465471	31476757	DEFB124	0	-	11286
chr17	41275659	41276697	KRTAP9-7	0	+	1038
chr20	31440632	31450257	DEFB123	0	+	9625
chr13	36674020	36697839	SERTM1	0	+	23819
chr11	58227882	58228918	OR10Q1	0	-	1036
chr20	31377164	31390590	DEFB119	0	-	13426
chr19	57668935	57679152	ZSCAN4	0	+	10217
chr17	19678288	19718979	SLC47A2	0	-	40691
chr3	126526999	126558965	C3orf22	0	-	31966
chr1	158418210	158426237	OR10K2	0	-	8027
chr11	46383789	46391776	CHRM4	0	-	7987
chr10	127877841	127892941	CLRN3	0	-	15100
chrX	116170744	116174974	AGTR2	0	+	4230
chr2	218125289	218137251	CXCR2	0	+	11962
chr6	50042099	50049929	DEFB112	0	-	7830
chr11	6205557	6211135	C11orf42	0	+	5578
chr11	6107684	6108835	OR56B4	0	+	1151
chr11	6019336	6034338	OR56A1	0	-	15002
chr11	5880629	5887079	OR52E4	0	+	6450
chr11	5808924	5821483	OR52N2	0	+	12559
chr1	172420685	172468831	C1orf105	0	+	48146
chr11	5786471	5791265	OR52N1	0	-	4794
chr11	5776165	5783355	OR52N5	0	-	7190
chr11	5761153	5767465	OR56B2P	0	+	6312
chr7	136868652	137020255	CHRM2	0	+	151603
chr11	5754243	5755958	OR52N4	0	+	1715
chr4	5897373	6200555	C4orf50	0	-	303182
chr19	6426037	6433779	SLC25A41	0	-	7742
chr11	56988914	56989843	OR5AK2	0	+	929
chr17	7420324	7421632	SPEM1	0	+	1308
chr11	56490435	56491370	OR5M8	0	-	935
chr2	219002846	219041527	CFAP65	0	-	38681
chr17	82371765	82377458	UTS2R	0	+	5693
chr12	48995149	48999375	DDN	0	-	4226
chrX	135889205	135913062	SAGE1	0	+	23857
chr11	123942867	123943838	OR6T1	0	-	971
chr11	123902167	123909229	OR8D4	0	+	7062
chr14	20768404	20770948	EDDM3B	0	+	2544
chr14	20745887	20748380	EDDM3A	0	+	2493
chr3	46694528	46710886	TMIE	0	+	16358
chr18	12093843	12129764	ANKRD62	0	+	35921
chr11	56288462	56292254	OR8H1	0	-	3792
chr11	56274154	56276819	OR5T1	0	+	2665
chr11	56231282	56234255	OR5T2	0	-	2973
chr19	8721634	8732160	OR2Z1	0	+	10526
chr11	56159394	56160317	OR8K5	0	-	923
chr11	56122373	56123311	OR8H3	0	+	938
chr11	56103687	56107658	OR8H2	0	+	3971
chr1	27392622	27395814	GPR3	0	+	3192
chr9	68536580	68540883	TMEM252	0	-	4303
chr19	463346	474983	ODF3L2	0	-	11637
chr11	56027654	56038191	OR5AS1	0	+	10537
chr19	8697400	8698795	ACTL9	0	-	1395
chr14	20640696	20641691	OR6S1	0	-	995
chr5	121851882	121852833	FTMT	0	+	951
chr11	55662201	55666195	OR4C6	0	+	3994
chr11	55635113	55640309	OR4P4	0	+	5196
chr11	55554307	55555419	OR4C15	0	+	1112
chr11	55367974	55368918	OR4A15	0	+	944
chr11	55343201	55344187	OR4A16	0	+	986
chr11	4449295	4450361	OR52K2	0	+	1066
chr5	135534282	135535964	NEUROG1	0	-	1682
chr20	38581195	38588463	ADIG	0	+	7268
chr12	85955666	86838904	MGAT4C	0	-	883238
chr11	49027501	49038451	TRIM49B	0	+	10950
chr11	5146824	5154757	OR52A1	0	-	7933
chr2	240029491	240030429	OR6B2	0	-	938
chr7	57450177	57473559	ZNF716	0	+	23382
chr5	170353487	170736632	KCNIP1	0	+	383145
chr17	79730943	79742219	ENPP7	0	+	11276
chr11	3217944	3218813	MRGPRG	0	-	869
chr2	236193459	236264409	ASB18	0	-	70950
chr1	52633168	52669683	SHISAL2A	0	+	36515
chr2	208142573	208146158	CRYGB	0	-	3585
chr4	48490252	48494389	ZAR1	0	+	4137
chr11	30009730	30017030	KCNA4	0	-	7300
chr15	26971181	27541984	GABRG3	0	+	570803
chr11	7957537	7965447	NLRP10	0	-	7910
chr19	48740852	48746909	IZUMO1	0	-	6057
chr17	30316333	30334059	TMIGD1	0	-	17726
chr4	41981756	41986465	DCAF4L1	0	+	4709
chr19	7056207	7069665	MBD3L3	0	-	13458
chr17	4788964	4790589	GLTPD2	0	+	1625
chr2	202073255	202205188	KIAA2012	0	+	131933
chr1	13281035	13285174	PRAMEF8	0	-	4139
chr10	88664441	88678814	LIPF	0	+	14373
chr11	7824818	7830840	OR5P3	0	-	6022
chr13	105465867	105491034	DAOA	0	+	25167
chr7	88759700	89338528	ZNF804B	0	+	578828
chr19	39296407	39298673	IFNL1	0	+	2266
chrY	18025787	18027746	CDY2A	0	+	1959
chr3	161496808	161503942	OTOL1	0	+	7134
chr11	64291302	64300031	KCNK4	0	+	8729
chr17	82359247	82363775	TEX19	0	+	4528
chrX	100913445	100929433	XKRX	0	-	15988
chrX	112630648	112680054	LHFPL1	0	-	49406
chr14	55413541	55456726	TBPL2	0	-	43185
chr14	20505537	20511169	RNASE10	0	+	5632
chr17	4433940	4488208	SPNS3	0	+	54268
chrX	7842262	7844143	VCX	0	+	1881
chr4	74308470	74316789	EPGN	0	+	8319
chr21	30880644	30881580	KRTAP11-1	0	-	936
chr16	25691959	26137685	HS3ST4	0	+	445726
chr5	181147586	181159285	OR2V2	0	+	11699
chr5	33936386	33938918	RXFP3	0	+	2532
chr11	124036013	124041325	OR10G7	0	-	5312
chr10	116324448	116380029	CCDC172	0	+	55581
chr8	72537225	72938349	KCNB2	0	+	401124
chr17	81833492	81835050	PPP1R27	0	-	1558
chr17	76074781	76077537	GALR2	0	+	2756
chr2	219327407	219333177	RESP18	0	-	5770
chr6	136922301	136925660	SLC35D3	0	+	3359
chr8	143419182	143430732	MAFA	0	-	11550
chr1	248556912	248562772	OR2T29	0	-	5860
chr6	52831655	52840843	GSTA5	0	-	9188
chrX	16167481	16171464	MAGEB17	0	+	3983
chr21	30371390	30372271	KRTAP13-2	0	-	881
chr15	101812202	101820197	OR4F15	0	+	7995
chr12	132196372	132329589	GALNT9	0	-	133217
chr16	57668277	57689378	ADGRG3	0	+	21101
chr17	7355123	7357219	TMEM95	0	+	2096
chr1	152084141	152089064	TCHHL1	0	-	4923
chr1	240767636	241357374	RGS7	0	-	589738
chr20	45684651	45705019	WFDC10B	0	-	20368
chr17	74935898	74949992	OTOP3	0	+	14094
chr15	75724041	75727688	ODF3L1	0	+	3647
chr13	112067149	112071706	SOX1	0	+	4557
chr17	3126610	3127551	OR1G1	0	-	941
chr17	74922950	74933912	OTOP2	0	+	10962
chrX	83861126	83886699	CYLC1	0	+	25573
chr21	39745183	39802081	IGSF5	0	+	56898
chr5	173232109	173235311	NKX2-5	0	-	3202
chr4	143577302	143700675	FREM3	0	-	123373
chr1	20552573	20555020	FAM43B	0	+	2447
chr10	103472804	103479240	CALHM3	0	-	6436
chr9	40223285	40266845	ANKRD20A2P	0	+	43560
chr7	71779491	72447151	CALN1	0	-	667660
chr3	97986673	98035304	GABRR3	0	-	48631
chr10	65912457	67763637	CTNNA3	0	-	1851180
chr11	5856749	5857690	OR52E8	0	-	941
chr12	119334712	119541040	CCDC60	0	+	206328
chr11	7795974	7796942	OR5P2	0	-	968
chrX	8790795	8801383	FAM9A	0	-	10588
chrX	152714586	152718607	MAGEA2B	0	+	4021
chr1	248573801	248574757	OR2T34	0	-	956
chr11	5985892	5986985	OR52L1	0	-	1093
chr17	8747524	8758559	SPDYE4	0	-	11035
chr15	73443164	73560013	REC114	0	+	116849
chr1	89364059	89388160	GBP6	0	+	24101
chr11	7689437	7706477	OVCH2	0	-	17040
chr14	74405894	74426210	SYNDIG1L	0	-	20316
chr11	5999445	6006946	OR56A4	0	-	7501
chr3	48620759	48621769	TMEM89	0	-	1010
chr4	109848107	109872315	LRIT3	0	+	24208
chrX	133216662	133218354	TFDP3	0	-	1692
chr4	164954446	164977668	TRIM61	0	-	23222
chr13	27977717	27988693	URAD	0	-	10976
chr10	122697709	122699846	C10orf120	0	-	2137
chr11	94304580	94308146	IZUMO1R	0	+	3566
chr15	98968229	99007792	PGPEP1L	0	-	39563
chr1	149813225	149813693	H3C13	0	-	468
chr2	68945232	68952893	GKN2	0	-	7661
chr3	46130890	46266706	CCR3	0	+	135816
chr15	28519611	28533014	GOLGA8G	0	-	13403
chrX	126819729	126821786	PRR32	0	+	2057
chr16	32673528	32676732	TP53TG3	0	-	3204
chr8	10606349	10712187	RP1L1	0	-	105838
chr21	30812697	30813274	KRTAP8-1	0	-	577
chr11	111514778	111537043	HOATZ	0	+	22265
chr5	16067139	16180762	MARCHF11	0	-	113623
chr3	68004247	68545621	TAFA1	0	+	541374
chr19	43211791	43269530	PSG9	0	-	57739
chr17	56593699	56595611	NOG	0	+	1912
chr11	19054455	19060717	MRGPRX2	0	-	6262
chr19	39268396	39270188	IFNL2	0	+	1792
chr11	132414977	133532501	OPCML	0	-	1117524
chr2	70777310	70790643	FIGLA	0	-	13333
chr16	20451461	20487669	ACSM2A	0	+	36208
chrY	22973819	23005465	BPY2	0	+	31646
chr19	39083913	39111493	ACP7	0	+	27580
chr3	138944224	138947137	FOXL2	0	-	2913
chr5	144170873	144485686	KCTD16	0	+	314813
chr4	44173903	44448809	KCTD8	0	-	274906
chrY	24607560	24639207	BPY2B	0	+	31647
chr6	116752197	116765719	FAM162B	0	-	13522
chr1	173608336	173669851	ANKRD45	0	-	61515
chrX	151734746	151745564	CNGA2	0	+	10818
chr3	38548057	38649687	SCN5A	0	-	101630
chrY	13234577	13480673	UTY	0	-	246096
chr16	22162492	22192208	SDR42E2	0	+	29716
chr3	19148510	19535642	KCNH8	0	+	387132
chr1	248590487	248597700	OR2T10	0	-	7213
chr21	30635206	30635619	KRTAP20-2	0	+	413
chrX	154617609	154619282	CTAG1B	0	-	1673
chr4	188139441	188147743	TRIML1	0	+	8302
chr15	101803509	101806887	OR4F6	0	+	3378
chr1	152970648	152972574	SPRR4	0	+	1926
chr1	159535078	159536007	OR10J5	0	-	929
chr1	1242446	1246722	C1QTNF12	0	-	4276
chr17	3088484	3104422	OR1D2	0	-	15938
chrX	70177483	70205704	DGAT2L6	0	+	28221
chr21	33070141	33072413	OLIG1	0	+	2272
chr11	71833200	71837710	DEFB108B	0	+	4510
chr12	7689784	7695775	GDF3	0	-	5991
chr3	51861615	51863424	IQCF2	0	+	1809
chr11	3225030	3232417	MRGPRE	0	-	7387
chr21	30479706	30480367	KRTAP19-1	0	-	661
chr17	45254393	45262094	SPATA32	0	-	7701
chr8	118995452	119108455	COLEC10	0	+	113003
chrX	73002939	73006106	PABPC1L2B	0	+	3167
chr1	33306766	33321098	A3GALT2	0	-	14332
chr14	20138820	20145471	OR4N5	0	+	6651
chr22	32413845	32464484	BPIFC	0	-	50639
chr16	1088226	1096244	C1QTNF8	0	-	8018
chr11	5938751	5951347	OR56A3	0	+	12596
chr6	98834574	98839458	POU3F2	0	+	4884
chr2	113498665	113501155	FOXD4L1	0	+	2490
chr17	41712331	41715969	GAST	0	+	3638
chr15	34343315	34357737	NUTM1	0	+	14422
chr11	787115	790113	CEND1	0	-	2998
chr6	127519455	127591820	C6orf58	0	+	72365
chr17	9771434	9791592	DHRS7C	0	-	20158
chr17	7425616	7427568	SPEM2	0	+	1952
chr22	24719034	24774720	PIWIL3	0	-	55686
chr1	112718905	112727235	TAFA3	0	+	8330
chr2	162371407	162838767	KCNH7	0	-	467360
chr7	74904289	74915078	SPDYE12P	0	-	10789
chr17	8339840	8346048	ODF4	0	+	6208
chr9	65736555	65738784	FOXD4L4	0	+	2229
chr8	84182787	84921844	RALYL	0	+	739057
chr21	30613431	30613930	KRTAP6-1	0	-	499
chrX	22999960	23003589	DDX53	0	+	3629
chr5	175440036	175444182	DRD1	0	-	4146
chrY	2786855	2787682	SRY	0	-	827
chr1	16040252	16057311	CLCNKB	0	+	17059
chrX	72776890	72848803	DMRTC1B	0	+	71913
chr11	6791736	6799689	OR6A2	0	-	7953
chr2	240691866	240698483	AQP12A	0	+	6617
chr12	55469200	55470138	OR6C70	0	-	938
chr15	33968497	34067458	CHRM5	0	+	98961
chr9	21480839	21482313	IFNE	0	-	1474
chr11	63268022	63311783	SLC22A10	0	+	43761
chr6	116877212	116932161	RFX6	0	+	54949
chr5	191495	196334	LRRC14B	0	+	4839
chr2	233775679	233833423	MROH2A	0	+	57744
chr7	76531313	76543297	SPDYE16	0	-	11984
chr8	14084845	15238431	SGCZ	0	-	1153586
chr5	173973779	174006140	C5orf47	0	+	32361
chr12	52768155	52777345	KRT76	0	-	9190
chr6	27807479	27807929	H2BC13	0	-	450
chr1	226223618	226227060	MIXL1	0	+	3442
chr2	240676418	240682906	AQP12B	0	-	6488
chr7	57117676	57139864	ZNF479	0	-	22188
chr19	685546	695498	PRSS57	0	-	9952
chr18	13882044	13915707	MC2R	0	-	33663
chrX	149688228	149717268	MAGEA11	0	+	29040
chr22	36991120	37007851	TEX33	0	-	16731
chr17	81952507	81961840	NOTUM	0	-	9333
chr14	20425852	20436166	KLHL33	0	-	10314
chr17	45844881	45847067	SPPL2C	0	+	2186
chr12	64264762	64390758	C12orf56	0	-	125996
chr3	38696802	38816286	SCN10A	0	-	119484
chr5	181123122	181131169	OR2V1	0	-	8047
chr19	14878203	14886132	OR7A17	0	-	7929
chrX	34129752	34132314	FAM47A	0	-	2562
chr7	99173572	99250075	KPNA7	0	-	76503
chr1	16057769	16073651	FAM131C	0	-	15882
chr1	212830141	212847649	SPATA45	0	-	17508
chr17	81650459	81663112	PDE6G	0	-	12653
chr12	45014672	45051099	DBX2	0	-	36427
chr16	283164	287215	PDIA2	0	+	4051
chr12	5432108	5521536	NTF3	0	+	89428
chr5	171782432	171796126	SMIM23	0	+	13694
chr22	32507820	33058381	SYN3	0	-	550561
chr1	38043829	38046793	POU3F1	0	-	2964
chr9	122159908	122200088	MORN5	0	+	40180
chr10	1177313	1737525	ADARB2	0	-	560212
chr10	81875194	82987179	NRG3	0	+	1111985
chr16	4189374	4242080	SRL	0	-	52706
chr11	109422190	109429167	C11orf87	0	+	6977
chr4	183321764	183322426	CLDN24	0	-	662
chr9	42183659	42189887	SPATA31A6	0	+	6228
chr12	55426254	55427192	OR6C76	0	+	938
chr15	24675775	24683393	NPAP1	0	+	7618
chr1	162824458	162868761	CCDC190	0	-	44303
chr4	68226653	68245694	TMPRSS11B	0	-	19041
chr1	227815693	227846470	PRSS38	0	+	30777
chrY	25030901	25062548	BPY2C	0	-	31647
chr19	35358460	35360489	FFAR3	0	+	2029
chr7	143443453	143444409	TAS2R60	0	+	956
chr11	54603069	54603998	OR4C46	0	-	929
chr10	103453240	103458900	CALHM1	0	-	5660
chr11	1629775	1630707	KRTAP5-5	0	+	932
chr8	62248591	63014000	NKAIN3	0	+	765409
chrX	624344	659411	SHOX	0	+	35067
chrY	624344	659411	SHOX	0	+	35067
chr1	152622834	152623103	LCE3A	0	-	269
chr1	152565654	152566780	LCE3E	0	-	1126
chr9	36169388	36171334	CCIN	0	+	1946
chr13	113667219	113737736	GRK1	0	+	70517
chr20	187853	189711	DEFB128	0	-	1858
chrX	145817829	145829856	SLITRK2	0	+	12027
chr19	1508023	1536046	PLK5	0	+	28023
chr13	113648804	113658198	ATP4B	0	-	9394
chr3	184097064	184106995	HTR3E	0	+	9931
chr13	50519364	50843939	DLEU7	0	-	324575
chr12	52607570	52618559	KRT73	0	-	10989
chr9	105662457	105663124	TAL2	0	+	667
chr17	39868202	39877896	ZPBP2	0	+	9694
chr3	184031544	184039369	HTR3D	0	+	7825
chr1	65419	71585	OR4F5	0	+	6166
chr1	48532854	50023954	AGBL4	0	-	1491100
chr3	121567949	121590622	ARGFX	0	+	22673
chr11	55795556	55796500	OR5D14	0	+	944
chr19	15878023	15898077	CYP4F2	0	-	20054
chr11	55819630	55820571	OR5D18	0	+	941
chr12	11185993	11186937	TAS2R42	0	-	944
chr2	27136848	27139410	PRR30	0	-	2562
chr4	9444414	9450666	DEFB131A	0	+	6252
chr1	110112443	110113947	UBL4B	0	+	1504
chr20	33055424	33073628	BPIFB3	0	+	18204
chr20	33079643	33111751	BPIFB4	0	+	32108
chr1	152510803	152512177	LCE5A	0	+	1374
chr1	152786214	152788426	LCE1E	0	+	2212
chr6	96924620	97140754	KLHL32	0	+	216134
chrX	73077276	73079512	PABPC1L2A	0	-	2236
chr1	158398522	158399466	OR10T2	0	-	944
chr3	171843349	171938715	TMEM212	0	+	95366
chr5	151276358	151303766	SLC36A3	0	-	27408
chr5	151314972	151347590	SLC36A2	0	-	32618
chr5	129748094	129766732	MINAR2	0	+	18638
chr17	40766238	40772162	KRT26	0	-	5924
chr15	30400562	30414260	GOLGA8R	0	-	13698
chr19	54874235	54891420	FCAR	0	+	17185
chr6	123216339	123637093	TRDN	0	-	420754
chr1	158560606	158570580	OR6P1	0	-	9974
chr12	52789685	52796117	KRT3	0	-	6432
chr12	50842920	50887884	TMPRSS12	0	+	44964
chr2	24175053	24200849	FAM228A	0	+	25796
chr20	257724	261096	DEFB132	0	+	3372
chrX	119895837	119920716	AKAP14	0	+	24879
chr5	64506015	64612319	RGS7BP	0	+	106304
chr2	1789113	2331664	MYT1L	0	-	542551
chr11	58023881	58181616	OR9Q1	0	+	157735
chr1	16018875	16034050	CLCNKA	0	+	15175
chr11	58189070	58194053	OR9Q2	0	+	4983
chr8	7821004	7823880	DEFB105A	0	-	2876
chr8	7811720	7815716	DEFB107A	0	-	3996
chr8	7825139	7829053	DEFB106A	0	+	3914
chr8	7487679	7489593	DEFB105B	0	+	1914
chr7	77022306	77032361	SPDYE17	0	-	10055
chrX	75782987	75785254	MAGEE2	0	-	2267
chr19	15804549	15815664	OR10H1	0	-	11115
chr22	43411196	43507848	MPPED1	0	+	96652
chr10	127737185	127741183	FOXI2	0	+	3998
chr4	270675	305474	ZNF732	0	-	34799
chr9	81943500	81950093	SPATA31D3	0	+	6593
chr1	47416285	47418052	FOXE3	0	+	1767
chr10	117197489	117210299	KCNK18	0	+	12810
chr9	21206181	21207143	IFNA10	0	-	962
chr19	39515113	39520686	SELENOV	0	+	5573
chr1	152827473	152828097	LCE1A	0	+	624
chr17	41314912	41315710	KRTAP17-1	0	-	798
chr4	121328642	121381059	QRFPR	0	-	52417
chr9	104504263	104505222	OR13F1	0	+	959
chr11	55723776	55729621	OR5D3P	0	+	5845
chr11	69809968	69819416	FGF3	0	-	9448
chr12	49332409	49337188	C1QL4	0	-	4779
chrX	70258166	70260204	P2RY4	0	-	2038
chr21	30601087	30601382	KRTAP22-1	0	+	295
chr21	30541535	30541864	KRTAP19-6	0	-	329
chr21	30598590	30598902	KRTAP6-2	0	-	312
chr9	104569168	104570130	OR13C8	0	+	962
chr21	30487043	30487436	KRTAP19-2	0	-	393
chr21	30496824	30497165	KRTAP19-4	0	-	341
chr21	30440275	30440869	KRTAP15-1	0	+	594
chr21	30430230	30431026	KRTAP13-4	0	+	796
chr21	30501657	30502141	KRTAP19-5	0	-	484
chr21	30348399	30348606	KRTAP23-1	0	-	207
chr9	108862266	108863756	ACTL7A	0	+	1490
chr21	30755015	30755428	KRTAP21-1	0	-	413
chr10	116590385	116609175	PNLIPRP1	0	+	18790
chr21	30746794	30747259	KRTAP21-2	0	-	465
chr3	169911572	169939175	SAMD7	0	+	27603
chr1	46929177	46941484	CYP4A11	0	-	12307
chr4	67909395	67964140	TMPRSS11A	0	-	54745
chr1	247965233	247966386	OR2AK2	0	+	1153
chr8	7482504	7486400	DEFB106B	0	-	3896
chr3	42257825	42266185	CCK	0	-	8360
chr19	29525994	29564551	VSTM2B	0	+	38557
chr1	63322567	63325128	FOXD3	0	+	2561
chr12	48328980	48330279	H1-7	0	+	1299
chr1	152708160	152709434	LCE4A	0	+	1274
chr1	152698345	152699442	LCE2A	0	+	1097
chr1	152675279	152676569	LCE2C	0	+	1290
chrY	24763069	24813492	DAZ3	0	-	50423
chr1	152663380	152664659	LCE2D	0	+	1279
chr1	152613811	152614098	LCE3B	0	+	287
chr17	40861303	40867223	KRT12	0	-	5920
chr7	34658218	34878332	NPSR1	0	+	220114
chrX	13035617	13044682	FAM9C	0	-	9065
chr17	41237999	41239004	KRTAP9-8	0	+	1005
chr18	52340197	53535903	DCC	0	+	1195706
chr7	104328603	104908561	LHFPL3	0	+	579958
chr6	26107412	26108135	H1-6	0	-	723
chr3	49790732	49799873	CDHR4	0	-	9141
chr14	19402486	19434341	POTEG	0	-	31855
chr1	12892896	12898270	PRAMEF10	0	-	5374
chr7	15200317	15562015	AGMO	0	-	361698
chr19	55528611	55537133	SBK2	0	-	8522
chr10	93060798	93069540	CYP26C1	0	+	8742
chr19	13862063	13880757	NANOS3	0	+	18694
chr9	68302867	68305084	FOXD4L3	0	+	2217
chr12	7711433	7717559	DPPA3	0	+	6126
chr11	55913650	55914582	OR5W2	0	-	932
chr9	133514586	133528612	MYMK	0	-	14026
chr5	157671533	157680158	C5orf52	0	+	8625
chr19	19254756	19262804	HAPLN4	0	-	8048
chr3	55508311	56468467	ERC2	0	-	960156
chrX	48826513	48830138	ERAS	0	+	3625
chr4	70518569	70532743	AMTN	0	+	14174
chrX	51406948	51408843	EZHIP	0	+	1895
chr1	248649838	248655528	OR2T27	0	-	5690
chr11	73951026	73970366	DNAJB13	0	+	19340
chr9	86220265	86259657	C9orf153	0	-	39392
chrX	52644061	52654900	SSX7	0	-	10839
chr6	104936616	105083332	LIN28B	0	+	146716
chr18	74434775	74457944	DIPK1C	0	-	23169
chr10	44911316	44937010	TMEM72	0	+	25694
chr9	34889066	34895764	FAM205C	0	-	6698
chr15	72398302	72408367	TMEM202	0	+	10065
chrX	119758588	119760202	SOWAHD	0	+	1614
chr4	185018490	185020953	HELT	0	+	2463
chrX	112454500	112457112	RTL4	0	+	2612
chr2	73784189	73817147	C2orf78	0	+	32958
chr12	132618776	132622388	P2RX2	0	+	3612
chr12	107774704	107776644	ASCL4	0	+	1940
chr12	55362975	55369279	OR6C75	0	+	6304
chr1	156579723	156587719	TTC24	0	+	7996
chr6	55327469	55402493	GFRAL	0	+	75024
chr19	55428740	55443300	SHISA7	0	-	14560
chr22	21045960	21064168	LRRC74B	0	+	18208
chr19	14583084	14612035	CLEC17A	0	+	28951
chr2	196804417	196809355	C2orf66	0	-	4938
chr12	29412474	29497686	OVCH1	0	-	85212
chrX	74304180	74305034	ZCCHC13	0	+	854
chr1	20161253	20186518	PLA2G2C	0	-	25265
chr6	28431930	28443502	ZSCAN23	0	-	11572
chr17	78146385	78166297	C17orf99	0	+	19912
chr19	9178979	9188818	OR7D2	0	+	9839
chr2	241869600	241873823	RTP5	0	+	4223
chr19	14081624	14085875	C19orf67	0	-	4251
chr7	143316111	143352083	CLCN1	0	+	35972
chr16	67884885	67888855	NRN1L	0	+	3970
chr6	41228339	41238882	TREML4	0	+	10543
chr15	41981582	42051190	PLA2G4E	0	-	69608
chr10	87020294	87024730	FAM25A	0	+	4436
chrY	23129355	23199010	DAZ1	0	-	69655
chr11	6765626	6771976	OR2AG2	0	-	6350
chr9	32783540	32789201	TMEM215	0	+	5661
chr9	96928310	96940253	NUTM2G	0	+	11943
chr11	17547259	17647150	OTOG	0	+	99891
chr17	4583999	4608319	SMTNL2	0	+	24320
chr22	49994513	50012659	IL17REL	0	-	18146
chr19	46229742	46231243	IGFL1	0	+	1501
chr3	169812870	169837773	LRRIQ4	0	+	24903
chr12	55293988	55296569	OR6C6	0	-	2581
chr19	47968046	47992170	BSPH1	0	-	24124
chr1	158774222	158781204	OR6N2	0	-	6982
chr10	84173801	84185294	C10orf99	0	+	11493
chr9	21384255	21385398	IFNA2	0	-	1143
chr12	9898673	9932370	CLEC2A	0	-	33697
chrX	26216169	26218270	MAGEB5	0	+	2101
chr19	45913214	45914778	NANOS2	0	-	1564
chr11	15112424	15247208	INSC	0	+	134784
chr9	132410043	132573319	CFAP77	0	+	163276
chr1	248508073	248527337	OR2G6	0	+	19264
chr6	123803865	124825640	NKAIN2	0	+	1021775
chr17	41040541	41041450	KRTAP1-1	0	-	909
chr3	142949164	142963674	PAQR9	0	-	14510
chr10	123135970	123139423	HMX3	0	+	3453
chr19	46120067	46124688	IGFL3	0	-	4621
chr15	28698583	28738384	GOLGA8M	0	-	39801
chr10	95907603	96033745	CC2D2B	0	+	126142
chr14	20556093	20560931	RNASE9	0	-	4838
chr2	208165343	208190030	C2orf80	0	-	24687
chr8	39934614	40016397	IDO2	0	+	81783
chr11	5967177	5968494	OR56A5	0	-	1317
chr21	30281309	30282950	KRTAP24-1	0	-	1641
chr9	130892707	130896812	QRFP	0	-	4105
chr10	75037472	75073642	DUSP29	0	-	36170
chr3	191199241	191265615	OSTN	0	+	66374
chr1	113876816	113887581	BCL2L15	0	-	10765
chr1	203494153	203508949	OPTC	0	+	14796
chr15	67819704	67834582	SKOR1	0	+	14878
chr1	26190561	26202968	CATSPER4	0	+	12407
chr1	19920009	19923617	PLA2G2E	0	-	3608
chr1	40245947	40251684	TMCO2	0	+	5737
chr10	123148136	123150672	HMX2	0	+	2536
chr3	63652675	63679020	SNTN	0	+	26345
chr1	23870515	23913362	CNR2	0	-	42847
chr4	42110853	42152878	BEND4	0	-	42025
chr2	96122818	96138502	ASTL	0	-	15684
chr16	11359845	11527245	ENSG00000188897	0	-	167400
chr11	122977570	122981834	BSX	0	-	4264
chrX	41447343	41475710	NYX	0	+	28367
chr4	3244369	3271738	MSANTD1	0	+	27369
chr1	12716110	12728760	AADACL3	0	+	12650
chr12	16188485	16277685	SLC15A5	0	-	89200
chr21	14108813	14210955	LIPI	0	-	102142
chr4	51993652	52020363	LRRC66	0	-	26711
chr19	54803611	54814517	KIR2DL4	0	+	10906
chrX	35798342	35803735	MAGEB16	0	+	5393
chr1	156298624	156299307	VHLL	0	-	683
chrX	44844021	44844888	DUSP21	0	+	867
chr5	75611182	75681773	ANKDD1B	0	+	70591
chr17	8390702	8397827	RNF222	0	-	7125
chr19	49043848	49045311	CGB5	0	+	1463
chr19	54040825	54063953	VSTM1	0	-	23128
chr10	47487219	47491700	FAM25G	0	-	4481
chrX	104566199	105767829	IL1RAPL2	0	+	1201630
chr5	80556755	80570280	ANKRD34B	0	-	13525
chrX	34942796	34944915	FAM47B	0	+	2119
chr6	28259297	28260958	NKAPL	0	+	1661
chr14	44504149	44507283	FSCB	0	-	3134
chr17	19127535	19159187	GRAPL	0	+	31652
chr12	52689626	52703524	KRT77	0	-	13898
chrX	27590344	27749942	DCAF8L2	0	+	159598
chr8	28021964	28083936	NUGGC	0	-	61972
chrX	143508735	143517475	SPANXN3	0	-	8740
chr11	89869282	89876017	TRIM64B	0	-	6735
chr22	23608452	23632321	DRICH1	0	-	23869
chr2	279558	288851	ALKAL2	0	-	9293
chrX	55623400	55626192	FOXR2	0	+	2792
chr6	36315761	36336888	BNIP5	0	-	21127
chrX	143025918	143034702	SPANXN4	0	+	8784
chr2	28956611	29052230	TOGARAM2	0	+	95619
chr9	81928428	81934998	SPATA31D4	0	+	6570
chr17	18634247	18644427	TBC1D28	0	-	10180
chrX	70062457	70064179	OTUD6A	0	+	1722
chr1	20719731	20732837	SH2D5	0	-	13106
chr19	54906148	54916140	NCR1	0	+	9992
chr1	248095184	248101103	OR2L13	0	+	5919
chr3	98353854	98354819	OR5K4	0	+	965
chr11	123805408	123806349	OR6M1	0	-	941
chr4	166733384	167234796	SPOCK3	0	-	501412
chr11	124566660	124582942	OR8A1	0	+	16282
chr19	53258292	53261837	VN1R2	0	+	3545
chr17	41167231	41168221	KRTAP4-3	0	-	990
chr1	158699678	158700652	OR6K2	0	-	974
chr1	159437845	159443078	OR10J1	0	+	5233
chr1	206008535	206023909	CTSE	0	-	15374
chr11	1607565	1608463	KRTAP5-3	0	-	898
chr1	248445512	248455725	OR2T2	0	+	10213
chr11	123976661	123977781	OR10S1	0	-	1120
chr6	30931353	30955636	SFTA2	0	-	24283
chr3	6770001	7741533	GRM7	0	+	971532
chr1	241957767	241959062	BECN2	0	+	1295
chr7	23710203	23832513	STK31	0	+	122310
chr11	124302831	124315099	OR8D1	0	-	12268
chr4	99412261	99435510	ADH7	0	-	23249
chr19	22286441	22317176	ZNF729	0	+	30735
chr3	131533555	132285410	CPNE4	0	-	751855
chr6	117907264	118317676	SLC35F1	0	+	410412
chrX	141697411	141698739	SPANXD	0	-	1328
chr19	840999	848175	PRTN3	0	+	7176
chr1	153537147	153541765	S100A5	0	-	4618
chr22	26621963	26630669	CRYBA4	0	+	8706
chrX	1615059	1643081	ASMT	0	+	28022
chrY	1615059	1643081	ASMT	0	+	28022
chr2	101397359	101475112	RFX8	0	-	77753
chrX	77447389	77457278	FGF16	0	+	9889
chr4	79406361	79408228	GK2	0	-	1867
chr1	248473351	248474307	OR2T3	0	+	956
chr14	66411704	66498677	CCDC196	0	+	86973
chr5	177400109	177400661	PFN3	0	-	552
chr3	98087173	98088102	OR5AC2	0	+	929
chr19	7018969	7021432	MBD3L2B	0	-	2463
chr11	63158437	63243599	SLC22A25	0	-	85162
chr1	219685427	219958647	SLC30A10	0	-	273220
chr11	47586678	47589194	FAM180B	0	+	2516
chr8	52534037	52565430	ALKAL1	0	-	31393
chr1	152811971	152813108	LCE1B	0	+	1137
chrX	83508290	83512127	POU3F4	0	+	3837
chr1	247814660	247824119	OR14A16	0	-	9459
chr11	4482646	4493497	OR52K1	0	+	10851
chr5	148168546	148175619	SPINK14	0	+	7073
chr1	153070226	153071611	SPRR2B	0	-	1385
chr2	232539692	232548115	CHRNG	0	+	8423
chr14	20190896	20201075	OR11G2	0	+	10179
chr11	125776113	125778828	PATE2	0	-	2715
chr17	40958417	40966948	KRT39	0	-	8531
chr5	126631705	126636284	TEX43	0	+	4579
chr1	248361665	248362627	OR2T4	0	+	962
chr9	133577081	133609389	FAM163B	0	-	32308
chr4	36281616	36347511	DTHD1	0	+	65895
chr6	26103933	26104337	H4C3	0	+	404
chr17	41476710	41481151	KRT35	0	-	4441
chr1	152804832	152806651	LCE1C	0	-	1819
chr19	39243455	39245250	IFNL3	0	-	1795
chr7	64228474	64266931	ZNF679	0	+	38457
chr11	124437445	124445696	OR8B8	0	-	8251
chr10	133087924	133131675	ADGRA1	0	+	43751
chr19	56189570	56197920	ZSCAN5B	0	-	8350
chr9	122510802	122511743	OR1J2	0	+	941
chr1	9002973	9026423	SLC2A7	0	-	23450
chr16	28499362	28512051	IL27	0	-	12689
chr1	42162690	42164745	GUCA2A	0	-	2055
chr11	124183219	124188780	OR10D3	0	+	5561
chr8	142750150	142752532	LYPD2	0	-	2382
chr1	153437058	153439949	S100A7L2	0	-	2891
chr1	158747814	158772195	OR6N1	0	-	24381
chr8	81524981	81590139	FABP12	0	-	65158
chr11	4637477	4643060	OR51D1	0	+	5583
chr10	96343221	96359365	OPALIN	0	-	16144
chr1	247670812	247679739	OR13G1	0	-	8927
chr19	41114432	41128381	CYP2F1	0	+	13949
chr1	248013660	248024276	OR2L5	0	+	10616
chr4	143870864	143905563	GYPE	0	-	34699
chr19	56176008	56185775	GALP	0	+	9767
chr1	158544550	158554405	OR6Y1	0	-	9855
chr19	851014	856247	ELANE	0	+	5233
chr3	178272932	178844429	KCNMB2	0	+	571497
chr1	46489836	46516216	DMBX1	0	+	26380
chr1	247840928	247841896	OR11L1	0	-	968
chr14	23381982	23408273	MYH6	0	-	26291
chr18	63586989	63604639	SERPINB13	0	+	17650
chr12	90905622	90955176	CCER1	0	-	49554
chr11	63079940	63144221	SLC22A24	0	-	64281
chr21	30319124	30320315	KRTAP26-1	0	-	1191
chr12	55244609	55256625	OR6C74	0	+	12016
chr1	207645113	207738416	CR1L	0	+	93303
chr11	62296281	62299075	SCGB1D4	0	-	2794
chr9	137251261	137253483	STPG3	0	+	2222
chr1	241995490	241999098	MAP1LC3C	0	-	3608
chr11	58358124	58359069	OR5B17	0	-	945
chr11	4545191	4546144	OR52M1	0	+	953
chr4	80335730	80963750	CFAP299	0	+	628020
chr11	124241095	124254364	OR8G1	0	+	13269
chr12	11265914	11269707	PRB3	0	-	3793
chr11	58203202	58204142	OR1S2	0	-	940
chr10	14959388	14988050	MEIG1	0	+	28662
chr11	64590641	64602353	SLC22A12	0	+	11712
chr10	113588714	113664070	NRAP	0	-	75356
chr11	62936385	62984967	SLC22A6	0	-	48582
chr1	152212076	152224193	HRNR	0	-	12117
chr9	21440439	21441316	IFNA1	0	+	877
chr1	2528745	2530263	HES5	0	-	1518
chr3	98282505	98284070	OR5H2	0	+	1565
chr3	151733916	151761339	AADACL2	0	+	27423
chr12	10030678	10066031	CLEC9A	0	+	35353
chr7	142941114	142962363	KEL	0	-	21249
chr8	737628	1708476	DLGAP2	0	+	970848
chrX	141583674	141585011	SPANXA1	0	-	1337
chr19	9466355	9498616	ZNF560	0	-	32261
chr13	19173772	19181824	TUBA3C	0	-	8052
chr1	206106936	206117699	AVPR1B	0	-	10763
chr22	15690026	15721631	POTEH	0	+	31605
chr17	41255384	41256364	KRTAP9-9	0	+	980
chr17	41139433	41140487	KRTAP4-6	0	-	1054
chr4	68053198	68129869	TMPRSS11F	0	-	76671
chr4	99123657	99157792	ADH4	0	-	34135
chr1	248375746	248391811	OR2T6	0	+	16065
chr1	248046836	248063407	OR2L3	0	+	16571
chr8	7495911	7509311	DEFB107B	0	+	13400
chrX	37008366	37011664	FAM47C	0	+	3298
chr12	7729383	7751605	CLEC4C	0	-	22222
chr1	181317690	181808084	CACNA1E	0	+	490394
chr17	41148924	41149825	KRTAP4-5	0	-	901
chr11	58506807	58508105	OR5B21	0	-	1298
chr20	2816302	2820284	TMEM239	0	+	3982
chr17	47200446	47223679	MYL4	0	+	23233
chrX	126163499	126166289	DCAF12L2	0	-	2790
chr21	30396031	30396822	KRTAP13-1	0	+	791
chr3	190428655	190449901	TMEM207	0	-	21246
chr1	156815640	156881850	NTRK1	0	+	66210
chr17	41184100	41184911	KRTAP4-1	0	-	811
chr22	16590751	16592810	CCT8L2	0	-	2059
chr1	247617143	247622372	OR14L1P	0	+	5229
chr3	187698259	187702557	RTP2	0	-	4298
chr11	77034398	77041973	B3GNT6	0	+	7575
chr9	137230757	137236555	SLC34A3	0	+	5798
chr1	211476522	211492162	RD3	0	-	15640
chrX	141241463	141242517	SPANXC	0	-	1054
chr1	162395268	162412138	SH2D1B	0	-	16870
chr19	30228290	30713538	ZNF536	0	+	485248
chr1	248174821	248181067	OR2M2	0	+	6246
chr10	5195462	5218949	AKR1C4	0	+	23487
chr19	52429148	52452315	ZNF534	0	+	23167
chr6	160531482	160664275	LPA	0	-	132793
chr11	123994163	123995161	OR10G6	0	-	998
chr12	48559882	48562956	OR5BS1P	0	+	3074
chrY	20575776	20593154	EIF1AY	0	+	17378
chr6	28503296	28528215	GPX6	0	-	24919
chr1	39769523	39771348	OXCT2	0	-	1825
chr1	114854863	114995370	SYCP1	0	+	140507
chr9	101569352	101738647	GRIN3A	0	-	169295
chrX	30230657	30237495	MAGEB3	0	+	6838
chr12	69608564	69610907	LRRC10	0	-	2343
chr7	86643909	86864879	GRM3	0	+	220970
chr1	152719522	152720470	C1orf68	0	+	948
chrX	64224194	64230607	ASB12	0	-	6413
chrX	152988824	152994116	PNMA5	0	-	5292
chrX	126549383	126552814	DCAF12L1	0	-	3431
chr2	104853287	104858574	POU3F3	0	+	5287
chr1	158472220	158480936	OR10R2	0	+	8716
chr1	248488589	248491113	OR2T5	0	+	2524
chr1	248030070	248042305	OR2L2	0	+	12235
chr6	149916878	149923121	RAET1G	0	-	6243
chr1	182398117	182400667	TEDDM1	0	-	2550
chr6	138795911	138904070	ECT2L	0	+	108159
chr1	170145959	170168866	NTMT2	0	+	22907
chr6	129831244	129861547	TMEM244	0	-	30303
chr1	158716327	158720720	OR6K3	0	-	4393
chr1	153217584	153219310	PRR9	0	+	1726
chr1	153203430	153205120	LELP1	0	+	1690
chr1	153093135	153106184	SPRR2E	0	-	13049
chr1	152759561	152762052	KPRP	0	+	2491
chr10	122910610	122913111	FAM24A	0	+	2501
chr10	116427847	116477957	PNLIPRP3	0	+	50110
chr1	119507198	119515054	HSD3B1	0	+	7856
chr1	119414931	119423035	HSD3B2	0	+	8104
chrX	154823348	154834662	SMIM9	0	-	11314
chr6	83853360	83857515	RIPPLY2	0	+	4155
chr6	73368555	73395133	OOEP	0	-	26578
chr6	73362658	73364171	KHDC3L	0	+	1513
chr6	73353063	73354276	DPPA5	0	-	1213
chr1	92217915	92245813	C1orf146	0	+	27898
chrX	145247503	145256208	SPANXN1	0	+	8705
chrX	141589708	141590762	SPANXA2	0	+	1054
chrX	139955728	139965521	CXorf66	0	-	9793
chr1	67092165	67231853	C1orf141	0	-	139688
chr6	50009138	50021994	DEFB110	0	-	12856
chr6	49499923	49528078	GLYATL3	0	+	28155
chr1	54007298	54018186	LDLRAD1	0	-	10888
chrX	120072264	120077690	RHOXF2B	0	-	5426
chr9	136754386	136758543	LCN8	0	-	4157
chr9	136738167	136748453	ENSG00000204003	0	-	10286
chr1	51102221	51148086	C1orf185	0	+	45865
chr9	135623648	135639540	GLT6D1	0	-	15892
chr10	88759982	88779626	LIPN	0	+	19644
chr10	88706249	88752776	LIPK	0	+	46527
chr10	88586753	88606976	LIPJ	0	+	20223
chr10	84220571	84225544	LRIT2	0	-	4973
chrX	103273691	103276750	TCEAL5	0	-	3059
chr10	46461099	46465958	NPY4R	0	-	4859
chr9	110303476	110337884	TXNDC8	0	-	34408
chrX	70234655	70240659	AWAT1	0	+	6004
chr9	104535749	104536856	OR13C3	0	-	1107
chr17	78231310	78240987	TMEM235	0	+	9677
chrX	55258415	55264916	PAGE3	0	-	6501
chr6	32393339	32407181	BTNL2	0	-	13842
chr6	32288526	32371912	TSBP1	0	-	83386
chr11	123882920	123885670	TMEM225	0	-	2750
chr17	74579365	74592283	CD300LD	0	-	12918
chr17	74356416	74361868	BTBD17	0	-	5452
chr11	114678527	114707069	NXPE2	0	+	28542
chrX	52796144	52797427	SPANXN5	0	-	1283
chr17	63909597	63911341	CSHL1	0	-	1744
chr6	31718594	31726714	MPIG6B	0	+	8120
chr11	90031106	90042025	TRIM49C	0	+	10919
chr11	89968502	89974072	TRIM64	0	+	5570
chr6	31588895	31593006	NCR3	0	-	4111
chr1	13416351	13421328	PRAMEF20	0	+	4977
chr1	13389632	13392629	PRAMEF17	0	+	2997
chr1	13369067	13371900	PRAMEF19	0	-	2833
chr1	13341892	13347134	PRAMEF14	0	-	5242
chr1	13315581	13322598	PRAMEF15	0	+	7017
chr1	13171848	13179459	PRAMEF9	0	+	7611
chr1	12916610	12920482	PRAMEF7	0	+	3872
chr1	12644085	12667076	AADACL4	0	+	22991
chr6	31164337	31180731	POU5F1	0	-	16394
chr19	56202273	56209200	ZSCAN5C	0	+	6927
chr6	30983718	30989903	MUC21	0	+	6185
chr20	31404845	31412838	DEFB121	0	-	7993
chr11	71581855	71603353	KRTAP5-11	0	-	21498
chr11	71565563	71566735	KRTAP5-10	0	+	1172
chr12	132603150	132610582	LRCOL1	0	-	7432
chr19	53632056	53637009	DPRX	0	+	4953
chr6	30163206	30172693	TRIM15	0	+	9487
chr9	77019655	77020953	FOXB2	0	+	1298
chr6	30151943	30161211	TRIM10	0	-	9268
chr6	30136124	30148735	TRIM40	0	+	12611
chr6	30102897	30113090	TRIM31	0	-	10193
chr2	100470482	100483280	NMS	0	+	12798
chr19	50511600	50514690	ASPDH	0	-	3090
chr6	29657002	29672372	MOG	0	+	15370
chr9	72051376	72072721	C9orf57	0	-	21345
chr6	29486697	29487956	MAS1L	0	-	1259
chr6	29457155	29464328	OR2H1	0	+	7173
chr6	29301701	29313017	OR14J1	0	+	11316
chr6	29170907	29175811	OR2J2	0	+	4904
chr6	29108058	29114770	OR2J3	0	+	6712
chr6	29099490	29102701	OR2J1	0	+	3211
chr6	29086208	29087313	OR2B3	0	-	1105
chr6	29044213	29045175	OR2W1	0	-	962
chr9	69820817	69906227	C9orf135	0	+	85410
chr9	65282101	65285209	FOXD4L5	0	-	3108
chr9	39355669	39361962	SPATA31A1	0	+	6293
chr19	46039182	46077118	IGFL4	0	-	37936
chr17	41232449	41233454	KRTAP9-3	0	+	1005
chr17	41096981	41098142	KRTAP4-8	0	-	1161
chr8	141356470	141367286	GPR20	0	-	10816
chr17	41029351	41030195	KRTAP1-4	0	-	844
chr17	40977715	40987135	KRT40	0	-	9420
chr17	40748021	40755331	KRT25	0	-	7310
chr5	148321203	148339852	SPINK9	0	+	18649
chr17	39927732	39944999	LRRC3C	0	+	17267
chr19	43166256	43186536	PSG5	0	-	20280
chr17	38936432	38967403	FBXO47	0	-	30971
chr19	41443156	41444765	ERICH4	0	+	1609
chr11	60515392	60542721	MS4A13	0	+	27329
chr16	88863333	88866660	PABPN1L	0	-	3327
chr11	55838752	55839738	OR5D16	0	+	986
chr11	55827219	55828154	OR5L2	0	+	935
chr8	109362461	109537207	PKHD1L1	0	+	174746
chr7	128671693	128687877	FAM71F2	0	+	16184
chr1	1534778	1540624	TMEM240	0	-	5846
chr4	190024367	190027257	FRG2	0	-	2890
chr9	34723053	34729488	FAM205A	0	-	6435
chr2	39175646	39243957	CDKL4	0	-	68311
chr1	1425871	1430255	TMEM88B	0	+	4384
chr11	44047981	44059977	ACCSL	0	+	11996
chr9	34621074	34629045	ARID3C	0	-	7971
chr8	81458253	81461579	FABP9	0	-	3326
chr19	34590644	34677159	SCGB2B2	0	-	86515
chr7	100969565	101018939	MUC12	0	+	49374
chr5	127649082	127658630	CTXN3	0	+	9548
chr4	140442262	140498377	MGAT4D	0	-	56115
chr12	55492378	55493316	OR6C68	0	+	938
chr12	55400529	55401467	OR6C65	0	+	938
chr12	55330043	55332687	OR6C3	0	+	2644
chr12	55314343	55322364	OR6C1	0	+	8021
chr16	56669814	56671129	MT1H	0	+	1315
chr5	102371774	102499016	SLCO6A1	0	-	127242
chr11	5840928	5841952	OR52E6	0	-	1024
chr14	103094725	103110559	EXOC3L4	0	+	15834
chr9	24542952	24545946	IZUMO3	0	-	2994
chr16	32252719	32255922	TP53TG3D	0	+	3203
chr16	33193659	33196858	TP53TG3C	0	+	3199
chr7	77050391	77062558	SPDYE18	0	-	12167
chr11	5046526	5047461	OR52J3	0	+	935
chrX	8464830	8466510	VCX3B	0	+	1680
chr4	70028455	70036538	HTN3	0	+	8083
chrX	3006546	3034111	ARSH	0	+	27565
chr14	73610945	73619888	ACOT6	0	+	8943
chr4	64275257	64409468	TECRL	0	-	134211
chr14	72609034	72894101	DPF3	0	-	285067
chr22	41952174	41958933	LINC00634	0	+	6759
chr19	7037749	7040179	MBD3L4	0	-	2430
chrX	1187549	1212723	CRLF2	0	-	25174
chrY	1187549	1212723	CRLF2	0	-	25174
chr19	4890437	4902896	ARRDC5	0	-	12459
chr16	4556340	4600758	C16orf96	0	+	44418
chr3	190852737	190892429	GMNC	0	-	39692
chr12	8455962	8478330	CLEC6A	0	+	22368
chr22	32149006	32159322	C22orf42	0	-	10316
chr12	7765216	7774121	NANOGNB	0	+	8905
chr7	16526825	16581568	LRRC72	0	+	54743
chr11	1697195	1697755	KRTAP5-6	0	+	560
chr11	1584342	1585283	KRTAP5-1	0	-	941
chr8	11993174	11996312	DEFB134	0	-	3138
chr8	11982256	11984590	DEFB135	0	+	2334
chr8	11973937	11974599	DEFB136	0	-	662
chr17	1270444	1271815	BHLHA9	0	+	1371
chrY	24833843	24907040	DAZ4	0	+	73197
chr19	1753506	1780988	ONECUT3	0	+	27482
chr21	33025935	33029196	OLIG2	0	+	3261
chr21	32790673	32813743	C21orf62	0	-	23070
chrY	23219447	23291356	DAZ2	0	+	71909
chr11	298200	299526	IFITM5	0	-	1326
chr18	75409476	75427703	SMIM21	0	-	18227
chr18	74315839	74359189	C18orf63	0	+	43350
chr8	6977649	6980092	DEFA1	0	-	2443
chr22	24935098	24946695	TMEM211	0	-	11597
chr18	63647579	63726432	SERPINB11	0	+	78853
chr21	31038159	31038476	KRTAP19-8	0	-	317
chr21	30642864	30643136	KRTAP20-3	0	+	272
chr21	30620627	30620850	KRTAP20-4	0	+	223
chr21	30590105	30590397	KRTAP22-2	0	-	292
chr21	30337013	30337694	KRTAP27-1	0	-	681
chr15	32441914	32455634	GOLGA8O	0	-	13720
chr16	153892	166764	HBM	0	+	12872
chr3	138947217	138953990	FOXL2NB	0	+	6773
chr18	7231089	7232044	LRRC30	0	+	955
chr6	29439306	29440977	OR10C1	0	+	1671
chr3	112815709	112846864	CD200R1L	0	-	31155
chr3	98390666	98391631	OR5K3	0	+	965
chr3	46712115	46812574	ENSG00000206549	0	-	100459
chr3	32817997	32897824	TRIM71	0	+	79827
chr8	55102028	55542054	XKR4	0	+	440026
chr17	41307700	41309309	KRTAP16-1	0	-	1609
chr17	41301826	41302851	KRTAP29-1	0	-	1025
chr17	41265339	41266641	KRTAP9-6	0	+	1302
chr17	41117181	41118373	KRTAP4-11	0	-	1192
chr17	41105332	41106488	KRTAP4-9	0	+	1156
chr17	41059240	41060114	KRTAP2-3	0	-	874
chr17	41046541	41047316	KRTAP2-1	0	-	775
chr7	144228244	144239605	OR2A42	0	-	11361
chr17	40993430	40994164	KRTAP3-3	0	-	734
chr17	40999193	40999906	KRTAP3-2	0	-	713
chr17	41008521	41019324	KRTAP3-1	0	-	10803
chr21	30592440	30593075	KRTAP6-3	0	+	635
chr19	50621307	50639881	SYT3	0	-	18574
chr19	49047638	49049111	CGB8	0	-	1473
chr7	143954844	143997312	OR2F1	0	+	42468
chr17	63872012	63873766	CSH2	0	-	1754
chr14	95686426	95692628	TCL1B	0	+	6202
chr17	41123091	41124182	KRTAP4-12	0	-	1091
chr17	41065116	41065879	KRTAP2-4	0	-	763
chr15	74826627	74831802	CPLX3	0	+	5175
chr20	56533246	56536520	FAM209B	0	+	3274
chr19	52904415	52923470	ZNF888	0	-	19055
chr19	51478622	51490952	CEACAM18	0	+	12330
chr19	44699151	44710718	CEACAM16	0	+	11567
chr19	39776595	39786291	LEUTX	0	+	9696
chr19	22752183	22784151	ZNF99	0	-	31968
chr19	19264364	19273391	TM6SF2	0	-	9027
chr9	21201469	21202205	IFNA7	0	-	736
chr3	196506879	196515346	SMCO1	0	-	8467
chr7	141708353	141731271	WEE2	0	+	22918
chrX	30243715	30252040	MAGEB1	0	+	8325
chr10	127549309	127553540	NPS	0	+	4231
chr3	127193131	127198185	C3orf56	0	+	5054
chr2	88446787	88452693	FOXI3	0	-	5906
chr5	172194172	172203454	EFCAB9	0	+	9282
chr11	89710299	89717872	TRIM77	0	+	7573
chr22	30522799	30546741	SEC14L6	0	-	23942
chr5	148268180	148286255	SPINK13	0	+	18075
chr12	50953922	50970506	HIGD1C	0	+	16584
chr2	73202574	73212513	NOTO	0	+	9939
chr17	41054498	41055230	KRTAP2-2	0	-	732
chr11	71814045	71821548	ZNF705E	0	-	7503
chr6	49968677	49969625	DEFB113	0	-	948
chr7	64045434	64085339	ZNF727	0	+	39905
chr3	51873721	51875601	IQCF5	0	-	1880
chr3	51778561	51779241	IQCF6	0	-	680
chr12	27081057	27082578	C12orf71	0	-	1521
chr2	31173056	31233858	CAPN14	0	-	60802
chr11	60729304	60744212	MS4A18	0	+	14908
chr8	123851987	124120061	FER1L6	0	+	268074
chr17	20579724	20580911	CDRT15L2	0	+	1187
chr2	17510579	17518440	RAD51AP2	0	-	7861
chr17	18377778	18389647	EVPLL	0	+	11869
chr2	3703575	3848008	DCDC2C	0	+	144433
chr11	57537595	57550272	SMTNL1	0	+	12677
chr11	49053714	49059112	TRIM64C	0	-	5398
chrX	153395639	153401392	PNMA6E	0	-	5753
chr9	81988772	81995253	SPATA31D1	0	+	6481
chr14	31482875	31488039	GPR33	0	-	5164
chr17	9800608	9822079	GSG1L2	0	-	21471
chr12	7304072	7328719	ACSM4	0	+	24647
chr7	6496778	6551461	GRID2IP	0	-	54683
chrX	71763349	71767204	CXorf49B	0	+	3855
chrX	71714371	71718285	CXorf49	0	-	3914
chr16	3493484	3495489	C16orf90	0	-	2005
chr16	2798470	2805304	PRSS41	0	+	6834
chrX	57677067	57680260	NLRP2B	0	-	3193
chr15	72654697	72669599	GOLGA6B	0	+	14902
chr4	42892713	43030658	GRXCR1	0	+	137945
chr8	36784324	36936125	KCNU1	0	+	151801
chrX	49570400	49577754	GAGE12G	0	+	7354
chrX	49303646	49319841	GAGE10	0	+	16195
chr14	23185316	23273477	RNF212B	0	+	88161
chr8	12104389	12115516	ZNF705D	0	+	11127
chr8	7926337	7952413	ZNF705B	0	+	26076
chr8	7355517	7385558	ZNF705G	0	-	30041
chr18	47206169	47251660	SKOR2	0	-	45491
chr13	45777242	45851753	SIAH3	0	-	74511
chr20	32858923	32961845	EFCAB8	0	+	102922
chr20	31303212	31308585	DEFB116	0	-	5373
chr20	31257664	31259632	DEFB115	0	+	1968
chr22	16961936	17008222	GAB4	0	-	46286
chr20	1203454	1209076	C20orf202	0	+	5622
chr4	8846076	8871839	HMX1	0	-	25763
chr17	81804132	81814008	GCGR	0	+	9876
chr1	152153595	152159228	RPTN	0	-	5633
chr1	22953043	22965338	LACTBL1	0	-	12295
chr19	44613563	44636781	IGSF23	0	+	23218
chr2	241893988	241902551	FAM240C	0	-	8563
chr2	174334954	174338500	SP9	0	+	3546
chr22	50551112	50562919	SYCE3	0	-	11807
chr7	48924547	48927454	CDC14C	0	+	2907
chr2	21123968	21144368	TDRD15	0	+	20400
chr1	21977022	21998642	CELA3B	0	+	21620
chr11	64300358	64304770	CATSPERZ	0	+	4412
chr11	48975324	48983826	TRIM51GP	0	-	8502
chr7	144000320	144008793	OR6B1	0	+	8473
chr19	42721638	42740481	PSG3	0	-	18843
chr7	144048948	144058845	OR2A5	0	+	9897
chr11	54706832	54707902	OR4A5	0	+	1070
chr17	41026026	41027208	KRTAP1-5	0	-	1182
chr7	143477873	143478796	TAS2R41	0	+	923
chr7	144086278	144098953	OR2A12	0	+	12675
chr19	42924132	42937207	PSG7	0	-	13075
chr17	41033884	41034874	KRTAP1-3	0	-	990
chr17	3276942	3386317	OR3A2	0	-	109375
chr1	247754846	247760556	OR1C1	0	-	5710
chr7	53035633	53036925	POM121L12	0	+	1292
chr7	143935233	143936186	OR2F2	0	+	953
chr11	123753580	123754518	OR6X1	0	-	938
chr7	144069811	144075870	OR2A25	0	+	6059
chr7	143222037	143223079	TAS2R40	0	+	1042
chr7	144123176	144131188	OR2A14	0	+	8012
chr19	35143250	35154302	FXYD7	0	+	11052
chr11	49981473	49982535	OR4C12	0	-	1062
chr7	144312419	144322737	OR2A1	0	+	10318
chr14	21653835	21667642	OR4E2	0	+	13807
chr1	109292365	109307011	MYBPHL	0	-	14646
chr7	144109583	144110539	OR2A2	0	+	956
chr11	4367263	4368386	OR52B4	0	-	1123
chr14	23042212	23044060	PSMB11	0	+	1848
chr14	18967434	19003752	POTEM	0	+	36318
chr11	89911111	89922245	TRIM49D1	0	-	11134
chr8	12136435	12138849	USP17L2	0	-	2414
chr17	14235673	14236862	CDRT15	0	-	1189
chr4	9234385	9236046	USP17L15	0	+	1661
chrX	51710512	51712131	CENPVL1	0	+	1619
chr10	22208475	22218015	EBLN1	0	-	9540
chr11	5232678	5243657	HBD	0	-	10979
chrX	24308210	24314069	SUPT20HL2	0	-	5859
chr7	64207090	64220508	ZNF735	0	+	13418
chr19	55759097	55763421	RFPL4A	0	+	4324
chrX	24360639	24367839	SUPT20HL1	0	+	7200
chrX	120938701	120942023	CT47A10	0	-	3322
chrX	135118955	135120526	ETDB	0	-	1571
chrX	51617020	51618912	CENPVL3	0	-	1892
chrX	146814106	146814744	CXorf51A	0	-	638
chrX	49322037	49329384	GAGE12J	0	+	7347
chrX	49579949	49587301	GAGE12H	0	+	7352
chr7	128350325	128361685	PRRT4	0	-	11360
chrX	27460207	27463341	PPP4R3C	0	-	3134
chr12	119593774	119643075	TMEM233	0	+	49301
chrX	153317680	153321767	PNMA6F	0	-	4087
chr17	81165507	81183166	PVALEF	0	+	17659
chr8	7976393	7977985	USP17L3	0	-	1592
chrX	110520312	110523021	TDGF1P3	0	+	2709
chr7	143052341	143053282	OR6V1	0	+	941
chr10	133623895	133626795	FRG2B	0	-	2900
chrX	120958165	120961487	CT47A6	0	-	3322
chr11	4581743	4593340	OR52I2	0	+	11597
chr6	28161769	28169594	ZKSCAN8P1	0	+	7825
chr2	240906330	240993311	CROCC2	0	+	86981
chrX	27977992	27981449	DCAF8L1	0	-	3457
chr8	12132417	12134099	USP17L7	0	-	1682
chr8	141514638	141518737	ENSG00000226490	0	+	4099
chrX	120943561	120946883	CT47A9	0	-	3322
chrX	120930250	120932301	CT47A12	0	-	2051
chr7	12469621	12542222	ENSG00000226690	0	+	72601
chr13	51082119	51200252	C13orf42	0	-	118133
chrX	120933840	120937158	CT47A11	0	-	3318
chrY	22403461	22417881	RBMY1J	0	+	14420
chr6	31572054	31574324	LTA	0	+	2270
chr12	133218312	133235877	ANHX	0	-	17565
chr4	9339403	9340995	USP17L5	0	+	1592
chr13	57160632	57163653	PRR20D	0	+	3021
chrX	49541733	49549094	GAGE12D	0	+	7361
chr4	9220152	9221744	USP17L12	0	+	1592
chr15	28553568	28563779	ENSG00000227717	0	+	10211
chr1	23010834	23019100	TEX46	0	-	8266
chr10	59736692	59756041	MRLN	0	-	19349
chr18	57147087	57150410	BOD1L2	0	+	3323
chr9	21239002	21240005	IFNA14	0	-	1003
chr1	248197265	248212925	OR2M3	0	+	15660
chrX	120953282	120956600	CT47A7	0	-	3318
chr19	53266676	53267723	VN1R4	0	-	1047
chr11	113779747	113780500	CLDN25	0	+	753
chrX	135777130	135785298	CT45A5	0	-	8168
chr4	9363129	9364721	USP17L30	0	+	1592
chrY	9398421	9401223	TSPY3	0	+	2802
chr11	61222347	61231694	PGA4	0	+	9347
chr19	55769118	55773420	RFPL4AL1	0	+	4302
chrY	9357797	9360599	TSPY8	0	+	2802
chr1	13068677	13077884	PRAMEF25	0	+	9207
chr4	9334658	9336250	USP17L26	0	+	1592
chr17	48723185	48724758	PRAC2	0	+	1573
chr13	57140918	57157082	PRR20C	0	+	16164
chr11	61203307	61213098	PGA3	0	+	9791
chr4	9170409	9176730	FAM90A26	0	+	6321
chr7	18026770	18027846	PRPS1L1	0	-	1076
chr15	20835372	20866314	POTEB2	0	-	30942
chr9	114656304	114662374	TEX53	0	-	6070
chr6	46746933	46759506	ANKRD66	0	+	12573
chr5	181367268	181368262	OR4F3	0	+	994
chr7	124476371	124476955	SSU72P8	0	+	584
chr3	98263252	98265356	OR5H6	0	+	2104
chrX	120948422	120951744	CT47A8	0	-	3322
chr7	67276941	67289005	SPDYE21	0	+	12064
chr4	9329911	9331503	USP17L25	0	+	1592
chr9	33524251	33573013	ANKRD18B	0	+	48762
chr19	7049321	7051735	MBD3L2	0	+	2414
chr8	7332387	7333979	USP17L1	0	+	1592
chr5	127703391	127941507	CCDC192	0	+	238116
chrX	120967886	120971208	CT47A4	0	-	3322
chr9	114666434	114682192	TEX48	0	-	15758
chr12	11307077	11310436	PRB4	0	-	3359
chrX	140091678	140092911	ENSG00000230707	0	+	1233
chr4	9348893	9350485	USP17L28	0	+	1592
chr21	30718525	30718777	KRTAP21-3	0	-	252
chr3	98130721	98138548	OR5H1	0	+	7827
chr3	146576555	146605346	PLSCR5	0	-	28791
chr17	43780435	43787620	CFAP97D1	0	+	7185
chr19	55540656	55545543	SBK3	0	-	4887
chr4	9210657	9212249	USP17L10	0	+	1592
chr4	9353638	9355230	USP17L29	0	+	1592
chr12	85014311	85036277	TSPAN19	0	-	21966
chr18	5142911	5197503	AKAIN1	0	-	54592
chr19	42866464	42879822	PSG1	0	-	13358
chrX	26160601	26161824	MAGEB6B	0	+	1223
chr2	206651621	206721570	DYTN	0	-	69949
chr1	201113943	201127184	ASCL5	0	-	13241
chr16	8537605	8590511	TMEM114	0	-	52906
chr21	30289145	30289514	KRTAP25-1	0	-	369
chr4	9325165	9326757	USP17L24	0	+	1592
chr11	4593750	4595013	OR52I1	0	+	1263
chr3	98463201	98472924	OR5K1	0	+	9723
chr4	9224896	9226488	USP17L13	0	+	1592
chr1	12938472	12947580	PRAMEF6	0	-	9108
chr8	12310962	12318316	DEFB130A	0	-	7354
chr8	12064389	12071747	DEFB130B	0	-	7358
chr21	42916803	42925630	ERVH48-1	0	-	8827
chr4	9215405	9216997	USP17L11	0	+	1592
chr9	137227502	137229640	RNF224	0	+	2138
chr3	98166696	98169774	OR5H15	0	+	3078
chr17	10822470	10838087	PIRT	0	-	15617
chr2	95207535	95259774	ENSG00000233757	0	+	52239
chr11	89924064	89933063	TRIM49D2	0	+	8999
chrY	9337464	9340284	TSPY4	0	+	2820
chr9	21367424	21368962	IFNA13	0	-	1538
chr15	21846329	21877735	POTEB	0	-	31406
chrX	55089018	55092842	PAGE2	0	+	3824
chr16	27066927	27069166	C16orf82	0	+	2239
chr7	124030921	124033067	TMEM229A	0	-	2146
chr13	57167197	57170218	PRR20E	0	+	3021
chr22	20148416	20151055	CCDC188	0	-	2639
chrY	21511372	21549326	RBMY1A1	0	+	37954
chr15	65076746	65079948	KBTBD13	0	+	3202
chrX	9967358	9968352	CLDN34	0	+	994
chr11	124026798	124030634	OR10G8	0	+	3836
chr11	45906513	45907272	C11orf94	0	-	759
chr4	149351709	149896233	IQCM	0	-	544524
chr9	21227243	21228222	IFNA17	0	-	979
chr22	41909543	41915074	SHISA8	0	-	5531
chr9	129139413	129260575	ENSG00000235007	0	+	121162
chr2	206642487	206649365	FAM237A	0	+	6878
chr11	95025258	95027596	KDM4E	0	+	2338
chr4	1402932	1406442	NKX1-1	0	-	3510
chrX	146809771	146810411	CXorf51B	0	+	640
chr15	79282722	79298239	ANKRD34C	0	+	15517
chr4	9344148	9345740	USP17L27	0	+	1592
chr1	152842856	152843983	LCE6A	0	+	1127
chr11	125788127	125791600	PATE3	0	+	3473
chr3	98147479	98156614	OR5H14	0	+	9135
chr8	7337115	7338707	USP17L4	0	+	1592
chrX	120972746	120976068	CT47A3	0	-	3322
chr7	139523685	139544985	CLEC2L	0	+	21300
chr17	35543985	35560819	SLFN14	0	-	16834
chrX	49551278	49568218	GAGE12F	0	+	16940
chrX	120982476	120985760	CT47A1	0	-	3284
chr18	11609596	11610612	SLC35G4	0	+	1016
chr7	143183419	143184435	TAS2R39	0	+	1016
chrY	9527880	9530682	TSPY10	0	+	2802
chrX	120872607	120875866	CT47B1	0	-	3259
chr9	135604345	135619893	ENSG00000236543	0	+	15548
chr9	21186694	21187671	IFNA4	0	-	977
chrX	49529869	49529985	GAGE12B	0	+	116
chr3	49177634	49191858	C3orf84	0	-	14224
chr11	124023013	124023948	OR10G9	0	+	935
chr8	7971661	7973253	USP17L8	0	-	1592
chr6	132538290	132539336	TAAR9	0	+	1046
chr19	7030578	7033011	MBD3L5	0	+	2433
chr11	125833316	125840072	PATE4	0	+	6756
chr13	63746741	63751080	ENSG00000237378	0	+	4339
chr11	48488793	48489722	OR4A47	0	+	929
chr2	232520388	232525716	PRSS56	0	+	5328
chr19	45733439	45764541	MEIOSIN	0	+	31102
chr19	9247344	9252625	OR7E24	0	+	5281
chr2	126898864	126902097	TEX51	0	+	3233
chrX	49532177	49539538	GAGE12C	0	+	7361
chr5	150846521	150900736	IRGM	0	+	54215
chr1	13303539	13308907	PRAMEF33	0	+	5368
chr1	103655760	103664554	AMY1A	0	+	8794
chr15	28347851	28358084	ENSG00000237850	0	-	10233
chrX	120963026	120966348	CT47A5	0	-	3322
chrY	9487313	9489893	TSPY9P	0	+	2580
chrX	40623428	40624136	MPC1L	0	+	708
chr1	247895587	247896531	OR2W3	0	+	944
chrX	55075030	55078909	PAGE2B	0	+	3879
chr1	247711813	247723764	ENSG00000239395	0	-	11951
chr9	122519141	122520082	OR1J4	0	+	941
chr3	127283783	127288046	PRR20G	0	-	4263
chr1	12824605	12831410	PRAMEF11	0	-	6805
chr8	7015869	7018297	DEFA3	0	-	2428
chr17	41226648	41227652	KRTAP9-2	0	+	1004
chr11	5254392	5678434	ENSG00000239920	0	-	424042
chr1	178513109	178548602	TEX35	0	+	35493
chr3	155290227	155293683	STRIT1	0	-	3456
chr8	6996766	6999198	DEFA1B	0	-	2432
chr1	152775140	152777024	LCE1F	0	+	1884
chr19	54850443	54867207	KIR3DL2	0	+	16764
chr21	30425265	30425968	KRTAP13-3	0	-	703
chr17	16929816	16972118	TNFRSF13B	0	-	42302
chr17	41189887	41190639	KRTAP9-1	0	+	752
chr1	62194849	62212328	L1TD1	0	+	17479
chr17	41084150	41085141	KRTAP4-7	0	+	991
chr7	63998874	64016130	ZNF722P	0	+	17256
chr3	109118252	109151401	C3orf85	0	+	33149
chr11	71538025	71539209	KRTAP5-8	0	+	1184
chr17	41101502	41102209	KRTAP4-16	0	-	707
chrX	52696896	52707178	SSX2	0	-	10282
chr17	41249687	41250653	KRTAP9-4	0	+	966
chr11	1620958	1622138	KRTAP5-4	0	-	1180
chr19	54724442	54736632	KIR3DL3	0	+	12190
chr3	70194479	70312638	MDFIC2	0	-	118159
chr19	43064209	43083045	PSG2	0	-	18836
chrX	120977606	120980928	CT47A2	0	-	3322
chrY	21903618	21918042	RBMY1E	0	-	14424
chr18	63897174	63936111	SERPINB10	0	+	38937
chr15	43599563	43618800	STRC	0	-	19237
chr7	92468380	92477986	ERVW-1	0	-	9606
chr1	12879212	12886201	PRAMEF4	0	-	6989
chr19	43007656	43026474	PSG11	0	-	18818
chr19	43192702	43207299	PSG4	0	-	14597
chr1	103617427	103625780	AMY2A	0	+	8353
chr21	34418715	34423951	SMIM34A	0	-	5236
chr6	29353749	29431967	OR5V1	0	-	78218
chr19	54738513	54753052	KIR2DL3	0	+	14539
chr1	237004103	237004441	MT1HL1	0	-	338
chr21	30491462	30492013	KRTAP19-3	0	-	551
chr1	152600234	152601086	LCE3C	0	+	852
chr6	52750087	52763475	GSTA2	0	-	13388
chr1	153112121	153113516	SPRR2F	0	-	1395
chr6	31715348	31717919	LY6G6D	0	+	2571
chr21	30560875	30561314	KRTAP19-7	0	-	439
chrY	21880076	21894526	RBMY1D	0	-	14450
chr11	71527267	71528669	KRTAP5-7	0	+	1402
chr17	41177446	41178221	KRTAP4-2	0	-	775
chr20	1226044	1296421	RAD21L1	0	+	70377
chr21	30616425	30616699	KRTAP20-1	0	+	274
chr6	47856673	48111197	PTCHD4	0	-	254524
chr22	25212564	25231870	CRYBB2	0	+	19306
chr19	17816512	17821574	INSL3	0	-	5062
chr5	148221650	148243580	MARCOL	0	+	21930
chr4	164877178	164898965	APELA	0	+	21787
chr19	54069895	54081365	TARM1	0	-	11470
chr4	99636529	99657828	C4orf54	0	-	21299
chr11	66546395	66563334	ACTN3	0	+	16939
chr7	290170	294422	FOXL3	0	+	4252
chr4	9253378	9254970	USP17L19	0	+	1592
chr4	9267619	9269211	USP17L22	0	+	1592
chr4	9243879	9245471	USP17L17	0	+	1592
chr20	45534196	45547662	EPPIN-WFDC6	0	-	13466
chr5	17610496	17611583	TAF11L12	0	+	1087
chr4	17515165	17527104	CLRN2	0	+	11939
chr5	17444010	17486829	LINC02218	0	+	42819
chr4	56530606	56603507	THEGL	0	+	72901
chr2	96642737	96704887	FER1L5	0	+	62150
chr4	9262872	9264464	USP17L21	0	+	1592
chr6	114055596	114343023	HS3ST5	0	-	287427
chr19	39655913	39660647	LGALS16	0	+	4734
chr15	32389599	32403292	GOLGA8K	0	-	13693
chr16	66754640	66801620	TERB1	0	-	46980
chr4	106357392	106368778	GIMD1	0	-	11386
chr4	143996104	144019380	GYPB	0	-	23276
chr4	165053864	165060554	TRIM75P	0	+	6690
chrX	119078635	119150579	KIAA1210	0	-	71944
chr4	146214515	146232267	REELD1	0	+	17752
chr13	36168794	36297842	CCDC169-SOHLH2	0	-	129048
chr4	9258124	9259716	USP17L20	0	+	1592
chr5	17634460	17635053	TAF11L14	0	+	593
chr19	35799988	35813299	PRODH2	0	-	13311
chr5	122129622	122182658	ENSG00000250803	0	+	53036
chr4	55819790	55837489	EXOC1L	0	+	17699
chr4	9248630	9250222	USP17L18	0	+	1592
chr4	9272364	9272914	USP17L23	0	+	550
chr3	119147375	119187807	ENSG00000251012	0	+	40432
chr6	112347330	112351294	RFPL4B	0	+	3964
chr3	130081831	130113227	ALG1L2	0	+	31396
chr12	11351823	11355591	PRB1	0	-	3768
chr16	1485886	1488981	PTX4	0	-	3095
chr1	192316992	192367285	RGS21	0	+	50293
chr3	191461163	191461456	PYDC2	0	+	293
chr8	81693631	81695058	SLC10A5	0	-	1427
chr8	10482878	10547585	PRSS51	0	-	64707
chr1	157092043	157112412	ETV3L	0	-	20369
chr2	106487364	106544297	CD8B2	0	+	56933
chr11	59473315	59479361	OR4D10	0	+	6046
chr19	51491227	51501800	SIGLEC12	0	-	10573
chr15	23643549	23647867	MAGEL2	0	-	4318
chr10	122454653	122457352	ARMS2	0	+	2699
chr11	2159779	2161221	INS	0	-	1442
chr14	100879753	100903722	RTL1	0	-	23969
chr11	124012997	124018732	OR10G4	0	+	5735
chr11	56576774	56577721	OR5M10	0	-	947
chr11	71548420	71549608	KRTAP5-9	0	+	1188
chr11	90085950	90087131	UBTFL1	0	+	1181
chr11	56609236	56614874	OR5M1	0	-	5638
chr11	59086307	59094786	GLYATL1B	0	+	8479
chr15	35083410	35085295	NANOGP8	0	-	1885
chr11	56542340	56543257	OR5M11	0	-	917
chr8	7539627	7542450	PRR23D1	0	+	2823
chr11	118003634	118088299	SMIM35	0	-	84665
chr11	124256376	124266224	OR8G5	0	+	9848
chr11	6169355	6170326	OR52B2	0	-	971
chr11	22846922	22860474	CCDC179	0	-	13552
chr8	7778591	7781413	PRR23D2	0	-	2822
chr11	59978020	60031077	OOSP4B	0	+	53057
chr3	73061659	73063337	EBLN2	0	+	1678
chr11	105137714	105531697	CARD18	0	-	393983
chr14	21633836	21634940	OR10G2	0	-	1104
chr6	36697826	36733184	RAB44	0	+	35358
chr12	10412312	10436001	ENSG00000255641	0	-	23689
chr17	58166982	58171411	OR4D2	0	+	4429
chr14	22630929	22644352	OR6J1	0	-	13423
chr11	95049422	95051338	KDM4F	0	+	1916
chr1	159834474	159873053	ENSG00000256029	0	-	38579
chrX	55181392	55182442	MTRNR2L10	0	-	1050
chr6	130827406	130837135	SMLR1	0	+	9729
chr18	78979818	79002677	SALL3	0	+	22859
chr10	45302298	45315608	OR13A1	0	-	13310
chr12	10010627	10018796	CLEC12B	0	+	8169
chr11	61241175	61251444	PGA5	0	+	10269
chr12	9881489	9895833	KLRF2	0	+	14344
chr10	37601440	37602974	MTRNR2L7	0	-	1534
chr17	74367458	74372600	GPR142	0	+	5142
chr12	20815674	21090245	SLCO1B3-SLCO1B7	0	+	274571
chr11	94512461	94532123	C11orf97	0	+	19662
chr14	18601117	18602097	OR11H12	0	+	980
chr7	27163535	27180013	ENSG00000257184	0	-	16478
chr14	36473207	36521149	SFTA3	0	-	47942
chr12	48727435	48765790	TEX49	0	+	38355
chr7	142252143	142258058	PRSS58	0	-	5915
chr19	52453553	52516882	ZNF578	0	+	63329
chr8	132024238	132085655	ENSG00000258417	0	-	61417
chr14	19712904	19714332	OR11H2	0	-	1428
chr11	49952391	49953419	OR4C13	0	+	1028
chr19	57154021	57167485	DUXA	0	-	13464
chrY	9466955	9469749	TSPY1	0	+	2794
chr14	20582892	20609795	ENSG00000259060	0	-	26903
chr15	80195481	80252213	CTXND1	0	-	56732
chr11	122115340	122116215	BLID	0	-	875
chr16	33844784	33845229	IGHV3OR16-17	0	-	445
chr16	89195761	89201651	SLC22A31	0	-	5890
chr2	94588522	94604573	ENSG00000259916	0	+	16051
chr19	7914830	7919097	TGFBR3L	0	+	4267
chr9	136249973	136306901	CCDC187	0	-	56928
chr9	109130293	109167249	FRRS1L	0	-	36956
chr3	150882997	150941743	ENSG00000260234	0	-	58746
chr17	21692523	21704612	KCNJ18	0	+	12089
chr4	190173774	190185942	DUX4	0	+	12168
chr9	67832765	67920552	ANKRD20A1	0	+	87787
chr16	71429980	71442054	TLE7	0	-	12074
chrX	111511645	111522399	SERTM2	0	+	10754
chr20	1540144	1620009	ENSG00000260861	0	-	79865
chr16	19285731	19322145	CLEC19A	0	+	36414
chr15	30135051	30148748	GOLGA8T	0	+	13697
chr6	31010474	31035402	MUC22	0	+	24928
chr12	51817899	51848718	FIGNL2	0	-	30819
chr19	50776141	50793142	ENSG00000261341	0	-	17001
chr10	46888	74163	TUBB8	0	-	27275
chr16	33360274	33363478	TP53TG3B	0	+	3204
chr11	75240774	75243704	TPBGL	0	+	2930
chr15	28841832	28848675	GOLGA6L7	0	-	6843
chr8	143080630	143083486	LY6L	0	+	2856
chr15	23354748	23367231	GOLGA8S	0	+	12483
chr8	66946501	66962591	TCF24	0	-	16090
chr15	30604028	30617752	GOLGA8H	0	+	13724
chr17	55448433	55511444	SMIM36	0	-	63011
chr19	49423749	49428987	GFY	0	+	5238
chr16	2988256	3002016	GREP1	0	+	13760
chr17	4801159	4807013	C17orf114	0	-	5854
chr6	44216926	44218234	MYMX	0	+	1308
chr7	73075972	73086038	SPDYE9	0	-	10066
chr19	38908980	38912186	CCER2	0	-	3206
chr6	138377905	138383486	SMIM28	0	+	5581
chr17	3062669	3063607	OR1D5	0	-	938
chr19	51388289	51390591	C19orf84	0	-	2302
chr17	10794913	10804099	TMEM238L	0	-	9186
chr10	47322454	47327588	GDF2	0	+	5134
chr10	5154140	5185187	AKR1C8P	0	-	31047
chr17	10443290	10469559	MYH4	0	-	26269
chr10	47918739	47923524	NPY4R2	0	+	4785
chr10	47348363	47357881	RBP3	0	+	9518
chr10	47365496	47384293	ZNF488	0	-	18797
chr7	130730697	130734207	KLF14	0	-	3510
chr19	44329695	44401608	ENSG00000267173	0	-	71913
chr19	49022953	49036895	ENSG00000267335	0	-	13942
chr19	11466240	11505698	ENSG00000267477	0	-	39458
chr14	69569799	69574871	CCDC177	0	-	5072
chrX	149581653	149587459	MAGEA9B	0	-	5806
chrX	48383516	48393347	SSX4	0	+	9831
chr19	57487718	57517559	ENSG00000268107	0	+	29841
chr19	56643159	56657247	SMIM17	0	+	14088
chrX	154182596	154196861	OPN1MW	0	+	14265
chr5	116032324	116060118	ARL14EPL	0	+	27794
chrX	102215301	102229532	TCP11X1	0	+	14231
chr17	137569	139067	SCGB1C2	0	+	1498
chrX	52751132	52790305	SSX2B	0	+	39173
chr19	8630633	8681151	NFILZ	0	+	50518
chrX	154585133	154586816	CTAG1A	0	+	1683
chr19	49017496	49020523	ENSG00000268655	0	-	3027
chr19	22832291	22858667	ZNF723	0	+	26376
chrX	149592512	149595314	HSFX2	0	-	2802
chr5	17490967	17492076	H3Y2	0	-	1109
chrX	152708261	152714549	CSAG2	0	-	6288
chrX	152753921	152760222	CSAG3	0	+	6301
chrX	135713639	135723539	CT45A1	0	+	9900
chr19	53044740	53051680	ERVV-2	0	+	6940
chrX	143711955	143721423	SPANXN2	0	-	9468
chr19	17436611	17460804	ENSG00000269035	0	-	24193
chr19	22974883	23003176	ZNF728	0	-	28293
chrX	135759846	135768191	CT45A3	0	-	8345
chr19	21405159	21491266	ENSG00000269237	0	+	86107
chrX	102247167	102326722	NXF2	0	+	79555
chr5	17654868	17655849	H3Y1	0	-	981
chrX	72872025	72943837	DMRTC1	0	-	71812
chr19	53013921	53016123	ERVV-1	0	+	2202
chr19	17390509	17394158	CCDC194	0	-	3649
chrX	48402082	48411960	SSX4B	0	-	9878
chr19	58395656	58397079	RNF225	0	+	1423
chr6	77650274	77927045	MEI4	0	+	276771
chr1	237943724	237945275	MTRNR2L11	0	-	1551
chr1	146344006	146344765	PPIAL4H	0	-	759
chr4	116298876	116300320	MTRNR2L13	0	+	1444
chr1	13254212	13263314	PRAMEF5	0	+	9102
chr7	142666272	142667718	MTRNR2L6	0	+	1446
chr17	35744511	35753239	GAS2L2	0	-	8728
chrX	135863418	135871812	CT45A9	0	-	8394
chrX	135811668	135820012	CT45A2	0	-	8344
chr1	144372875	144373634	PPIAL4E	0	-	759
chr5	136191468	136193162	SMIM32	0	-	1694
chr4	186426546	186555328	ENSG00000272297	0	-	128782
chr12	13437942	13982002	GRIN2B	0	-	544060
chr19	41837074	41844697	LYPD4	0	-	7623
chr1	143894544	143905977	H3-2	0	-	11433
chr4	573880	576295	TMEM271	0	-	2415
chr9	41126435	41128681	FOXD4L6	0	-	2246
chr7	73019719	73029766	SPDYE8	0	-	10047
chr15	86079871	87049169	AGBL1	0	+	969298
chrX	135829229	135837280	CT45A7	0	-	8051
chr6	27815022	27815489	H2BC14	0	+	467
chr17	36936785	36944612	LHX1	0	+	7827
chr15	23324535	23334196	ENSG00000273756	0	-	9661
chr19	44501677	44529788	CEACAM20	0	-	28111
chr15	23127066	23136822	GOLGA6L1	0	-	9756
chr10	46286345	46330207	ANTXRL	0	+	43862
chr22	18516344	18518161	GGTLC3	0	-	1817
chrX	49331582	49338949	GAGE13	0	+	7367
chr2	96112876	96116571	ADRA2B	0	-	3695
chr21	10521553	10606140	TPTE	0	+	84587
chr8	73241331	73259530	C8orf89	0	-	18199
chr7	73104008	73155431	SPDYE10P	0	-	51423
chrX	50365409	50470825	DGKK	0	-	105416
chr22	21383374	21389478	RIMBP3B	0	+	6104
chr6	26240393	26240793	H4C6	0	+	400
chr6	27893425	27893891	H2BC17	0	+	466
chr17	36013056	36017972	CCL23	0	-	4916
chr21	30829039	30829759	KRTAP7-1	0	-	720
chr1	13049476	13056575	PRAMEF27	0	-	7099
chr6	27147106	27147562	H2AC12	0	+	456
chr16	33303739	33306935	TP53TG3E	0	+	3196
chrX	49341192	49345922	GAGE2E	0	+	4730
chr6	27873148	27873534	H4C13	0	-	386
chr17	35976493	35981497	CCL16	0	-	5004
chr6	27837880	27838375	H2AC15	0	-	495
chr6	27871845	27872346	H3C11	0	-	501
chr17	37686431	37745059	HNF1B	0	-	58628
chr17	38835086	38841438	C17orf98	0	-	6352
chr7	2474728	2476894	GRIFIN	0	-	2166
chr8	6808517	6835524	XKR5	0	-	27007
chr6	26246611	26246996	H4C7	0	-	385
chr6	26020451	26020958	H3C1	0	+	507
chr17	35934518	35943713	LYZL6	0	-	9195
chr22	18605815	18611919	RIMBP3	0	-	6104
chr17	36428618	36439566	TBC1D3F	0	-	10948
chr9	66986304	66992583	SPATA31A3	0	-	6279
chr7	73047862	73057911	SPDYE11	0	-	10049
chr9	61190003	61196280	SPATA31A7	0	+	6277
chr21	6499203	6564489	CRYAA2	0	+	65286
chr9	104604671	104605627	OR13C2	0	-	956
chr9	66106815	66179474	ANKRD20A3P	0	-	72659
chr14	21667886	21673818	OR4E1	0	-	5932
chr21	7816675	7829926	KCNE1B	0	-	13251
chr6	27814302	27814777	H2AC14	0	-	475
chr6	26043227	26043713	H2BC3	0	-	486
chr10	47995322	47999791	FAM25C	0	-	4469
chr10	94688154	94853073	ENSG00000276490	0	+	164919
chr9	60914407	60920653	SPATA31A5	0	+	6246
chr1	17372196	17401699	PADI6	0	+	29503
chr6	27865317	27865798	H2AC16	0	+	481
chr22	23998401	24005453	GSTT4	0	-	7052
chr1	13060769	13062878	HNRNPCL3	0	+	2109
chr6	26188710	26189112	H4C4	0	-	402
chr15	20531856	20541800	GOLGA6L6	0	-	9944
chr17	38324571	38343956	GPR179	0	-	19385
chr19	46424697	46428936	PNMA8C	0	-	4239
chrX	119072960	119076373	ENSG00000277535	0	+	3413
chr9	104598457	104599413	OR13C5	0	-	956
chr8	24950955	24956721	NEFL	0	-	5766
chrX	155459415	155460005	H2AB3	0	-	590
chr6	26250142	26250635	H3C7	0	-	493
chrX	155380709	155381299	H2AB2	0	+	590
chr15	22459123	22469226	GOLGA6L22	0	+	10103
chr2	31522480	31580938	SRD5A2	0	-	58458
chr11	5893208	5902730	OR52E5	0	+	9522
chr17	35918066	35930773	RDM1	0	-	12707
chrX	135846497	135854538	CT45A8	0	-	8041
chr22	37204237	37212477	SSTR3	0	-	8240
chrX	135794685	135802787	CT45A6	0	-	8102
chr6	26033092	26033618	H2AC4	0	-	526
chr15	21405401	21440499	POTEB3	0	-	35098
chr22	18527802	18530573	TMEM191B	0	+	2771
chr15	71792638	71818259	NR2E3	0	+	25621
chr6	26272931	26273412	H2BC10	0	+	481
chr6	26021649	26022050	H4C1	0	+	401
chrX	120877496	120878924	ENSG00000278646	0	-	1428
chr7	151190873	151205496	IQCA1L	0	-	14623
chr6	26026896	26027283	H4C2	0	-	387
chrX	153271618	153277803	PWWP4	0	+	6185
chr16	33459045	33462249	TP53TG3F	0	+	3204
chr9	35957108	35958154	OR2S2	0	-	1046
chr21	7784482	7793954	SMIM34B	0	-	9472
chr11	7924592	7931268	OR10A6	0	-	6676
chr1	158578919	158579899	OR10X1	0	-	980
chr11	124319262	124320197	OR8D2	0	-	935
chr1	13196188	13201409	PRAMEF13	0	-	5221
chr1	247948858	247949796	OR2L8	0	+	938
chr1	248623557	248635091	OR2T11	0	-	11534
chr11	55811367	55812476	OR5L1	0	+	1109
chr11	6783020	6791558	OR2AG1	0	+	8538
chr21	5011799	5017145	ENSG00000279493	0	+	5346
chr11	55572128	55573060	OR4C16	0	+	932
chr11	55773438	55774382	OR5D13	0	+	944
chr1	144592893	144593652	PPIAL4F	0	+	759
chr1	13222705	13226106	PRAMEF18	0	-	3401
chr11	56417258	56418232	OR8U3	0	-	974
chr5	141223372	141245861	ENSG00000279983	0	+	22489
chr11	124423942	124424871	OR8B4	0	-	929
chr9	122628579	122629573	OR1B1	0	-	994
chr11	58212720	58216084	OR1S1	0	+	3364
chr1	13148907	13156009	PRAMEF26	0	-	7102
chr11	56315144	56320639	OR8K3	0	+	5495
chr15	21552795	21653276	LINC02203	0	+	100481
chrY	20756108	20781032	RPS4Y2	0	+	24924
chr13	51813347	51845177	TMEM272	0	-	31830
chr7	99684957	99735102	CYP3A7-CYP3A51P	0	-	50145
chrX	125320120	125325214	TEX13C	0	+	5094
chr1	26164101	26168963	C1orf232	0	-	4862
chr1	46532166	46543969	TMEM275	0	-	11803
chr1	44137821	44141631	KLF18	0	-	3810
chr14	103084210	103090027	LBHD2	0	+	5817
chrX	51681212	51682831	CENPVL2	0	-	1619
chr7	155474256	155644406	ENSG00000283128	0	-	170150
chr9	87956214	87956883	ENSG00000283205	0	+	669
chr1	152947154	152949258	SPRR5	0	+	2104
chr7	45859994	45873082	CCDC201	0	-	13088
chr7	90316503	90321304	FAM237B	0	-	4801
chr5	139471004	139473700	SMIM33	0	+	2696
chr1	150887136	150913292	CTXND2	0	+	26156
chr9	38694266	38720133	FAM240B	0	-	25867
chr13	114154691	114223084	CFAP97D2	0	+	68393
chr9	61330717	61453030	CNTNAP3C	0	+	122313
chr2	224703764	224716365	CCDC195	0	-	12601
chr3	88338416	88467594	CSNKA2IP	0	+	129178
chr3	46612525	46626543	FAM240A	0	+	14018
chr16	8881634	8885351	LITAFD	0	+	3717
chr12	53241889	53242723	ENSG00000283536	0	+	834
chr19	55463001	55464751	C19orf85	0	-	1750
chrX	71667542	71671524	ENSG00000283599	0	+	3982
chr14	23099062	23104989	LMLN2	0	-	5927
chr19	49055793	49065076	ENSG00000283663	0	-	9283
chr1	171600621	171638799	MYOCOS	0	+	38178
