Chr	Start	End	Name	Score	Strand	Length
chrX	99882105	99894988	TSPAN6	0	-	12883
chrX	99839933	99854882	TNMD	0	+	14949
chr20	49551404	49575677	DPM1	0	-	24273
chr1	169631245	169823221	C1orf112	0	+	191976
chr1	27938575	27961696	FGR	0	-	23121
chr6	143815949	143832857	FUCA2	0	-	16908
chr6	53362139	53481768	GCLC	0	-	119629
chr1	24742292	24799466	NIPAL3	0	+	57174
chr6	46097726	46114425	ENPP4	0	+	16699
chr3	50192478	50226508	SEMA3F	0	+	34030
chr7	116927174	117356025	CFTR	0	+	428851
chr7	91875288	92030697	ANKIB1	0	+	155409
chr12	1020902	1099219	RAD52	0	-	78317
chr4	17578821	17609595	LAP3	0	+	30774
chrX	2609228	2659350	CD99	0	+	50122
chrY	2559228	2609350	CD99	0	+	50122
chr4	11394774	11431188	HS3ST1	0	-	36414
chr7	150521715	150558592	AOC1	0	+	36877
chr7	120965421	120981158	WNT16	0	+	15737
chr7	43152228	43605600	HECW1	0	+	453372
chr17	37026112	37078023	LASP1	0	+	51911
chr17	46180719	46200963	SNX11	0	+	20244
chrX	117031776	117251303	KLHL13	0	-	219527
chr2	72356367	72374991	CYP26B1	0	-	18624
chr7	8152814	8302317	ICA1	0	-	149503
chr2	202564990	202646835	ALS2	0	-	81845
chr2	202047595	202094151	CASP10	0	+	46556
chr2	201980877	202041410	CFLAR	0	+	60533
chr2	188328957	188430487	TFPI	0	-	101530
chr8	17154303	17271037	MTMR7	0	-	116734
chr8	17354597	17428082	SLC7A2	0	+	73485
chr17	26691378	26731067	SARM1	0	+	39689
chr3	129274057	129325519	PLXND1	0	-	51462
chr1	33473587	33546597	AK2	0	-	73010
chr4	15779898	15854855	CD38	0	+	74957
chr12	2904136	2914589	FKBP4	0	+	10453
chr1	23345936	23410182	KDM1A	0	+	64246
chr3	49977440	50137478	RBM6	0	+	160038
chr17	3763609	3798185	CAMKK1	0	-	34576
chr7	92861653	92990435	VPS50	0	+	128782
chr19	36245467	36248980	HSPB6	0	-	3513
chr19	36265434	36279724	ARHGAP33	0	+	14290
chr16	23592335	23607637	NDUFAB1	0	-	15302
chr7	95212811	95225828	PDK4	0	-	13017
chr6	110745890	110797844	SLC22A16	0	-	51954
chr3	50378541	50383163	ZMYND10	0	-	4622
chr7	20655290	20816658	ABCB5	0	+	161368
chrX	25021811	25034537	ARX	0	-	12726
chr7	95749532	95951459	SLC25A13	0	-	201927
chr7	116593292	116870230	ST7	0	+	276938
chr17	45195069	45266788	CDC27	0	-	71719
chr7	93053798	93204042	CALCR	0	-	150244
chr17	7128661	7137836	DVL2	0	-	9175
chr16	2902731	2908171	PRSS22	0	-	5440
chr19	18942768	18979039	UPF1	0	+	36271
chr7	26706687	27034858	SKAP2	0	-	328171
chrX	118602385	118605359	SLC25A5	0	+	2974
chr4	110481365	110609875	MCUB	0	+	128510
chr7	27220776	27224851	HOXA11	0	-	4075
chr17	5344237	5372302	DHX33	0	-	28065
chr17	41717757	41739290	MEOX1	0	-	21533
chr7	11409992	11871824	THSD7A	0	-	461832
chr12	48055032	48099813	RPAP3	0	-	44781
chr16	20621565	20808903	ACSM3	0	+	187338
chr16	20817751	20860987	REXO5	0	+	43236
chr16	57462099	57481332	CIAPIN1	0	-	19233
chr9	35104109	35116338	FAM214B	0	-	12229
chr17	46103533	46115392	COPZ2	0	-	11859
chr7	106685150	106802256	PRKAR2B	0	+	117106
chrX	11776278	11793891	MSL3	0	+	17613
chr16	3775055	3930714	CREBBP	0	-	155659
chr17	56378589	56406156	TSPOAP1	0	-	27567
chr17	56347216	56358296	MPO	0	-	11080
chr7	94926988	94953844	PON1	0	-	26856
chr2	75879126	75938111	GCFC2	0	-	58985
chr2	74648805	74652882	WDR54	0	+	4077
chr7	86974980	87029110	CROT	0	+	54130
chr7	87031012	87109751	ABCB4	0	-	78739
chr7	75471920	75518244	RHBDD2	0	+	46324
chr16	1031770	1036979	SOX8	0	+	5209
chr6	82879703	82957471	IBTK	0	-	77768
chr11	3360491	3400452	ZNF195	0	-	39961
chr13	77616609	77901229	MYCBP2	0	-	284620
chr13	77566733	77601330	FBXL3	0	-	34597
chr16	30483979	30534888	ITGAL	0	+	50909
chr17	48133332	48167845	ITGA3	0	+	34513
chrX	24167290	24234372	ZFX	0	+	67082
chrX	119560003	119603220	LAMP2	0	-	43217
chr17	42449548	42467017	ITGA2B	0	-	17469
chr7	95107756	95169545	ASB4	0	+	61789
chr16	19513015	19533445	GDE1	0	-	20430
chr19	18683030	18718551	CRLF1	0	-	35521
chr17	45884738	45899200	OSBPL7	0	-	14462
chr17	31254928	31272124	TMEM98	0	+	17196
chr17	7191582	7197958	YBX2	0	-	6376
chr17	39502344	39507080	KRT33A	0	-	4736
chr17	43340486	43394395	MAP3K14	0	-	53909
chr11	17414045	17498441	ABCC8	0	-	84396
chr17	33905065	34053432	AP2B1	0	+	148367
chr7	97361396	97369784	TAC1	0	+	8388
chr16	3313800	3351401	ZNF263	0	+	37601
chr16	57406389	57418956	CX3CL1	0	+	12567
chr17	48620419	48633213	SPATA20	0	+	12794
chr17	48638076	48704835	CACNA1G	0	+	66759
chr7	96634865	96640352	DLX6	0	+	5487
chr14	71189243	71276251	MAP3K9	0	-	87008
chr7	39663164	39747719	RALA	0	+	84555
chr7	97920962	98030402	BAIAP2L1	0	-	109440
chr7	139784546	139876783	KDM7A	0	-	92237
chr7	13930854	14031050	ETV1	0	-	100196
chr7	141251078	141355044	AGK	0	+	103966
chr11	67776048	67796749	ALDH3B1	0	+	20701
chr1	55245385	55266996	TTC22	0	-	21611
chr7	77428090	77586820	PHTF2	0	+	158730
chr7	75398851	75419214	CCL26	0	-	20363
chr2	242295700	242434256	FARP2	0	+	138556
chr11	17515442	17565963	USH1C	0	-	50521
chr19	3594505	3606873	TBXA2R	0	-	12368
chr7	112062942	112121072	IFRD1	0	+	58130
chr17	13972807	14135053	COX10	0	+	162246
chr7	73868120	74016931	GTF2IRD1	0	+	148811
chr7	38762574	38971994	VPS41	0	-	209420
chr17	12692815	12894960	ARHGAP44	0	+	202145
chr7	12610203	12699807	SCIN	0	+	89604
chrX	2822013	2847390	ARSD	0	-	25377
chrX	7866288	7895780	PNPLA4	0	-	29492
chr12	1797740	1897840	ADIPOR2	0	+	100100
chr2	158733214	158992666	UPP2	0	+	259452
chr16	2867181	2876305	PRSS21	0	+	9124
chr19	45582546	45808542	MARK4	0	+	225996
chr4	15964699	16086001	PROM1	0	-	121302
chr19	18043824	18054800	CCDC124	0	+	10976
chr19	42055886	42093197	CEACAM21	0	+	37311
chr17	2496504	2588909	PAFAH1B1	0	+	92405
chr17	26941464	26972472	KIAA0100	0	-	31008
chr17	9813923	10101923	GAS7	0	-	288000
chr19	3777968	3802127	MATK	0	-	24159
chr19	42177231	42210895	CEACAM7	0	-	33664
chr17	62015914	62050278	SCN4A	0	-	34364
chr1	113066136	113163447	ST7L	0	-	97311
chrX	153524148	153558700	TKTL1	0	+	34552
chr16	108058	126354	RHBDF1	0	-	18296
chr16	238968	279462	LUC7L	0	-	40494
chr3	50400044	50541675	CACNA2D2	0	-	141631
chr16	1383639	1399442	BAIAP3	0	+	15803
chr16	616995	634109	PIGQ	0	+	17114
chr16	1662338	1727909	CRAMP1	0	+	65571
chr6	35441374	35464856	TEAD3	0	-	23482
chr1	6694228	6761984	DNAJC11	0	-	67756
chr1	171060042	171086959	FMO3	0	+	26917
chr6	16129317	16148479	MYLIP	0	+	19162
chrX	100098313	100129348	NOX1	0	-	31035
chr1	23832930	23857725	E2F2	0	-	24795
chr6	170844208	170862395	PSMB1	0	-	18187
chrX	47431300	47479256	SYN1	0	-	47956
chr6	15246300	15522273	JARID2	0	+	275973
chrX	18443703	18671749	CDKL5	0	+	228046
chr1	209757059	209787284	CAMK1G	0	+	30225
chr1	1633818	1655796	CDK11A	0	-	21978
chr1	1682671	1711896	NADK	0	-	29225
chr6	50786436	50815332	TFAP2B	0	+	28896
chr3	38080696	38165516	DLEC1	0	+	84820
chr7	6201407	6312275	CYTH3	0	-	110868
chr7	87563458	87832204	ADAM22	0	+	268746
chr7	105730951	105753022	SYPL1	0	-	22071
chr17	61509665	61523715	CYB561	0	-	14050
chr17	49039535	49198229	SPAG9	0	-	158694
chr3	48673896	48700319	CELSR3	0	-	26423
chr7	121704637	121784362	AASS	0	-	79725
chr12	6419602	6437672	PLEKHG6	0	+	18070
chr19	4343524	4360083	MPND	0	+	16559
chr12	16500076	16762193	MGST1	0	+	262117
chr12	107385142	107487327	CRY1	0	-	102185
chr19	13106289	13209610	NFIX	0	+	103321
chr8	134467091	134584183	ST3GAL1	0	-	117092
chr16	3096063	3110727	MMP25	0	+	14664
chr16	3115298	3132193	IL32	0	+	16895
chr16	2138709	2185899	PKD1	0	-	47190
chr17	38175350	38217468	MED24	0	-	42118
chr2	37195526	37311515	HEATR5B	0	-	115989
chr3	169684423	169716161	SEC62	0	+	31738
chr8	56979813	56987069	RPS20	0	-	7256
chr1	115259534	115301297	CSDE1	0	-	41763
chr7	156931610	157062064	UBE3C	0	+	130454
chrX	123509753	124338161	TENM1	0	-	828408
chr1	18957340	19075360	PAX7	0	+	118020
chr1	11082066	11107296	MASP2	0	-	25230
chr6	150690028	150727105	IYD	0	+	37077
chr1	28052472	28089627	FAM76A	0	+	37155
chr14	77741299	77787226	POMT2	0	-	45927
chr6	142468299	142545822	VTA1	0	+	77523
chr7	73007524	73038873	MLXIPL	0	-	31349
chr7	72854736	72936623	BAZ1B	0	-	81887
chr6	13621730	13712067	RANBP9	0	-	90337
chr6	36321868	36355577	ETV7	0	-	33709
chr1	231472850	231490769	SPRTN	0	+	17919
chr1	171750800	171783163	METTL13	0	+	32363
chr17	30677151	30708904	ZNF207	0	+	31753
chr3	48636435	48648409	UQCRC1	0	-	11974
chr7	38217847	38270271	STARD3NL	0	+	52424
chr12	6308881	6347437	CD9	0	+	38556
chr3	42734155	42744316	HHATL	0	-	10161
chr12	6602522	6641121	NCAPD2	0	+	38599
chr12	6648127	6665239	IFFO1	0	-	17112
chr19	46171479	46186980	GIPR	0	+	15501
chr3	52444676	52457657	PHF7	0	+	12981
chr3	52467051	52479119	SEMA3G	0	-	12068
chr3	52489134	52527084	NISCH	0	+	37950
chr3	52529354	52558511	STAB1	0	+	29157
chr9	33750677	33799229	PRSS3	0	+	48552
chr16	3272325	3286221	ZNF200	0	-	13896
chr12	6896024	6929965	CD4	0	+	33941
chr12	6982733	7023405	LRRC23	0	+	40672
chrX	100604326	100645784	BTK	0	-	41458
chr6	26087509	26098571	HFE	0	+	11062
chr1	41492874	41707978	SCMH1	0	-	215104
chr6	111981535	112194655	FYN	0	-	213120
chr6	143072606	143277835	HIVEP2	0	-	205229
chr1	171217610	171255117	FMO1	0	+	37507
chr1	24069938	24088549	ELOA	0	+	18611
chr1	24117635	24122029	LYPLA2	0	+	4394
chr1	11866153	11908136	CLCN6	0	+	41983
chr17	60705031	60770958	MRC2	0	+	65927
chr12	3186521	3395730	TSPAN9	0	+	209209
chr14	93703896	93799438	BTBD7	0	-	95542
chrX	8496915	8700178	ANOS1	0	-	203263
chr19	15490861	15529952	AKAP8L	0	-	39091
chr17	49254786	49337524	MBTD1	0	-	82738
chr17	49337907	49375297	UTP18	0	+	37390
chr7	5659678	5821327	RNF216	0	-	161649
chr19	797075	812327	PTBP1	0	+	15252
chr19	38701646	38720354	DPF1	0	-	18708
chr11	61281186	61348620	SYT7	0	-	67434
chr3	45430053	45596218	LARS2	0	+	166165
chr11	17099277	17229533	PIK3C2A	0	-	130256
chr19	44150247	44174699	PLAUR	0	-	24452
chr19	15530789	15560767	WIZ	0	-	29978
chr9	125703112	125867145	RABGAP1	0	+	164033
chr12	91534261	91576994	DCN	0	-	42733
chr19	46195661	46207247	QPCTL	0	+	11586
chr19	46850344	46896238	PPP5C	0	+	45894
chr2	39476407	39664442	MAP4K3	0	-	188035
chr19	36195460	36207940	ZBTB32	0	+	12480
chr19	36395303	36399197	TYROBP	0	-	3894
chrX	151334706	151619787	GABRA3	0	-	285081
chr17	41196312	41322262	BRCA1	0	-	125950
chr19	45910592	45982086	ERCC1	0	-	71494
chr19	35810164	35838264	CD22	0	+	28100
chr3	50304990	50314977	SEMA3B	0	+	9987
chrX	21857735	21903541	MBTPS2	0	+	45806
chrX	49031151	49042981	PRICKLE3	0	-	11830
chr3	46477136	46526724	LTF	0	-	49588
chr8	28457986	28614078	EXTL3	0	+	156092
chr12	100867486	100958192	NR1H4	0	+	90706
chr6	53132196	53213977	ELOVL5	0	-	81781
chr10	45869624	45941567	ALOX5	0	+	71943
chr12	54102301	54121529	CALCOCO1	0	-	19228
chr14	50885219	51027844	MAP4K5	0	-	142625
chr2	31457018	31492317	EHD3	0	+	35299
chr19	40477072	40487671	PSMC4	0	+	10599
chr4	6576916	6625089	MAN2B2	0	+	48173
chr17	42396993	42402238	SLC25A39	0	-	5245
chr16	29831715	29859360	MVP	0	+	27645
chr7	151038858	151075535	NUB1	0	+	36677
chr6	83903076	83908654	RWDD2A	0	+	5578
chr2	201717732	201729414	CLK1	0	-	11682
chr12	106751526	106903976	POLR3B	0	+	152450
chr14	77252352	77292589	ANGEL1	0	-	40237
chr5	141337893	141369857	RNF14	0	+	31964
chr12	31226794	31257733	DDX11	0	+	30939
chr12	13127804	13153199	HEBP1	0	-	25395
chr12	13044493	13070871	GPRC5A	0	+	26378
chrX	149529689	149682448	MAMLD1	0	+	152759
chr11	60739152	60787849	CD6	0	+	48697
chr4	1714585	1746898	TACC3	0	+	32313
chr6	96969471	97003152	UFL1	0	+	33681
chr8	144519829	144623617	ZC3H3	0	-	103788
chr11	64948037	64979477	CAPN1	0	+	31440
chr3	132036213	132087142	ACP3	0	+	50929
chr4	41992519	42092478	SLC30A9	0	+	99959
chr1	149900543	149908772	MTMR11	0	-	8229
chr14	91737667	91884188	CCDC88C	0	-	146521
chr12	42550906	42632151	YAF2	0	-	81245
chr10	180405	300577	ZMYND11	0	+	120172
chrX	48534985	48549822	WAS	0	+	14837
chr16	89679716	89704864	DPEP1	0	+	25148
chr22	18216904	18257536	BID	0	-	40632
chr5	138629363	138667366	MATR3	0	+	38003
chr7	44552134	44580929	NPC1L1	0	-	28795
chr17	48423487	48440499	XYLT2	0	+	17012
chr8	27092825	27115937	STMN4	0	-	23112
chr7	44418718	44530257	NUDCD3	0	-	111539
chr6	137321108	137366317	IL20RA	0	-	45209
chr1	87012761	87046437	CLCA4	0	+	33676
chr3	52728502	52740048	GLT8D1	0	-	11546
chr3	130569439	130735556	ATP2C1	0	+	166117
chr12	102789652	102875522	IGF1	0	-	85870
chrX	48316920	48328648	SLC38A5	0	-	11728
chr18	9475007	9538112	RALBP1	0	+	63105
chr4	71569921	71674336	RUFY3	0	+	104415
chr12	41086241	41466217	CNTN1	0	+	379976
chr2	219246752	219261617	SLC11A1	0	+	14865
chr3	149235022	149454501	WWTR1	0	-	219479
chr2	178257474	178431752	AGPS	0	+	174278
chr1	160085549	160113381	ATP1A2	0	+	27832
chr2	32853099	33046118	TTC27	0	+	193019
chr19	56887215	56904907	ZNF582	0	-	17692
chr11	124617370	124622151	VSIG2	0	-	4781
chr11	118477155	118528741	PHLDB1	0	+	51586
chr2	119699770	119752236	MARCO	0	+	52466
chr20	52769985	52790525	CYP24A1	0	-	20540
chr11	45117357	45256661	PRDM11	0	+	139304
chr11	45261853	45307892	SYT13	0	-	46039
chr8	49830157	49834299	SNAI2	0	-	4142
chr5	149781200	149792532	CD74	0	-	11332
chr7	81328326	81399754	HGF	0	-	71428
chr8	37641709	37702414	ADGRA2	0	+	60705
chr20	50668202	50820847	ZFP64	0	-	152645
chr14	61201460	61436683	MNAT1	0	+	235223
chr14	55032835	55260033	SAMD4A	0	+	227198
chr1	25226002	25291612	RUNX3	0	-	65610
chr11	94148736	94227051	MRE11	0	-	78315
chr11	73357223	73373864	PLEKHB1	0	+	16641
chr6	2832566	2842193	SERPINB1	0	-	9627
chr19	33321415	33360673	SLC7A9	0	-	39258
chr2	32288625	32382706	SPAST	0	+	94081
chr14	78636716	80334634	NRXN3	0	+	1697918
chr11	3108337	3187969	OSBPL5	0	-	79632
chr15	35143983	35261943	AQR	0	-	117960
chr2	211342406	211543831	CPS1	0	+	201425
chrX	135228861	135293518	FHL1	0	+	64657
chr20	55043641	55094505	RTF2	0	+	50864
chr19	55464498	55512510	NLRP2	0	+	48012
chr8	142217265	142318404	SLC45A4	0	-	101139
chr12	120971283	121015391	RNF10	0	+	44108
chr14	102783714	102809039	ZNF839	0	+	25325
chr11	123229136	123498482	GRAMD1B	0	+	269346
chr11	494512	507300	RNH1	0	-	12788
chr2	206979541	207024233	NDUFS1	0	-	44692
chr8	53535018	53658403	RB1CC1	0	-	123385
chr9	102741467	102861334	ERP44	0	-	119867
chr3	52232102	52248343	ALAS1	0	+	16241
chr11	102188181	102210134	BIRC3	0	+	21953
chr13	42846288	42897397	AKAP11	0	+	51109
chr1	193059996	193075244	GLRX2	0	-	15248
chr14	62229138	62263146	SNAPC1	0	+	34008
chr12	16064236	16190315	DERA	0	+	126079
chr12	16035321	16056412	STRAP	0	+	21091
chr10	101542397	101612351	ABCC2	0	+	69954
chr6	35265595	35289548	DEF6	0	+	23953
chr1	150121373	150136916	PLEKHO1	0	+	15543
chr1	94350755	94375012	GCLM	0	-	24257
chr6	42531767	42661243	UBR2	0	+	129476
chr19	48216679	48246391	EHD2	0	+	29712
chr1	68939835	68962904	DEPDC1	0	-	23069
chr6	139094906	139114456	CCDC28A	0	+	19550
chr6	90074335	90121992	RRAGD	0	-	47657
chr6	122720696	122754264	HSF2	0	+	33568
chr20	34359896	34538292	PHF20	0	+	178396
chr12	57145945	57181574	HSD17B6	0	+	35629
chr11	47269851	47290584	NR1H3	0	+	20733
chr22	50964181	50968461	TYMP	0	-	4280
chr22	50946653	50963209	NCAPH2	0	+	16556
chr6	108188960	108279412	SEC63	0	-	90452
chr1	32573657	32642164	KPNA6	0	+	68507
chr10	17270240	17279592	VIM	0	+	9352
chr20	62290653	62330037	RTEL1-TNFRSF6B	0	+	39384
chr10	90750414	90775542	KNOWN	0	+	25128
chr6	167335601	167370679	RNASET2	0	-	35078
chr11	35160429	35253949	CD44	0	+	93520
chr20	49620193	49639644	KCNG1	0	-	19451
chr6	161550999	161695093	AGPAT4	0	-	144094
chr1	160708847	160724611	SLAMF7	0	+	15764
chr6	26402465	26415436	BTN3A1	0	+	12971
chr13	24304328	24463539	MIPEP	0	-	159211
chr14	61654277	62017694	PRKCH	0	+	363417
chr6	137518620	137540586	IFNGR1	0	-	21966
chr5	177027133	177037331	B4GALT7	0	+	10198
chr2	58134764	58387055	VRK2	0	+	252291
chr1	12227048	12269285	TNFRSF1B	0	+	42237
chr12	95611522	95696575	VEZT	0	+	85053
chr19	42590262	42700737	POU2F2	0	-	110475
chr15	64386322	64438289	SNX1	0	+	51967
chr12	27485769	27578222	ARNTL2	0	+	92453
chr6	136577765	136610989	BCLAF1	0	-	33224
chr14	69864732	69929107	SLC39A9	0	+	64375
chr8	41510739	41754280	ANK1	0	-	243541
chr4	88720706	88733587	IBSP	0	+	12881
chr17	5185560	5289660	RABEP1	0	+	104100
chrX	150148982	150159244	HMGB3	0	+	10262
chr11	47799639	47870107	NUP160	0	-	70468
chr6	33540324	33548070	BAK1	0	-	7746
chr2	213864415	214017151	IKZF2	0	-	152736
chr17	42422614	42430474	GRN	0	+	7860
chr5	137273649	137387650	FAM13B	0	-	114001
chr3	119013230	119139561	ARHGAP31	0	+	126331
chr6	49431083	49460820	CENPQ	0	+	29737
chr1	109756540	109780804	SARS1	0	+	24264
chr19	5916150	5978153	RANBP3	0	-	62003
chr14	58765222	58840605	ARID4A	0	+	75383
chr2	3192696	3381601	EIPR1	0	-	188905
chr19	7598890	7626650	PNPLA6	0	+	27760
chr13	21141277	21265583	IFT88	0	+	124306
chr16	5083703	5137380	ALG1	0	+	53677
chr12	122956146	122985620	ZCCHC8	0	-	29474
chr1	70033605	70617628	LRRC7	0	+	584023
chr14	65877310	66210839	FUT8	0	+	333529
chr4	68478370	68566873	UBA6	0	-	88503
chr11	77926339	78129394	GAB2	0	-	203055
chr17	40610862	40674600	ATP6V0A1	0	+	63738
chr15	68346647	68490941	PIAS1	0	+	144294
chr3	27414212	27525911	SLC4A7	0	-	111699
chr15	29129629	29410518	APBA2	0	+	280889
chr17	21187984	21218544	MAP2K3	0	+	30560
chr8	49623348	49647870	CLXN	0	-	24522
chr6	143771942	143811753	PEX3	0	+	39811
chr16	75600273	75611779	GABARAPL2	0	+	11506
chr2	217730	266398	SH3YL1	0	-	48668
chr2	70523107	70529222	FAM136A	0	-	6115
chr10	75754951	75881121	VCL	0	+	126170
chr5	59892739	59996017	DEPDC1B	0	-	103278
chr15	64199235	64364232	DAPK2	0	-	164997
chr8	59496067	59572412	NSMAF	0	-	76345
chr1	244571796	244615211	ADSS2	0	-	43415
chr4	68424445	68473055	STAP1	0	+	48610
chr17	76849059	76921469	TIMP2	0	-	72410
chr4	39289076	39367995	RFC1	0	-	78919
chr3	99979836	100044095	TBC1D23	0	+	64259
chr2	225334867	225450114	CUL3	0	-	115247
chr8	1993161	2113475	MYOM2	0	+	120314
chr14	100150635	100193638	CYP46A1	0	+	43003
chr1	78028101	78149104	ZZZ3	0	-	121003
chr11	119225925	119252421	USP2	0	-	26496
chr3	121902515	122010476	CASR	0	+	107961
chr17	40811302	40819024	TUBG2	0	+	7722
chr5	172385732	172396774	RPL26L1	0	+	11042
chr5	180028506	180076624	FLT4	0	-	48118
chr5	6599352	6633404	NSUN2	0	-	34052
chr1	16573335	16678975	FBXO42	0	-	105640
chr19	13875336	13885096	MRI1	0	+	9760
chr4	178351928	178363591	AGA	0	-	11663
chr4	25162285	25280826	PI4K2B	0	+	118541
chr4	13570362	13629349	BOD1L1	0	-	58987
chr5	162930120	162946564	MAT2B	0	+	16444
chr4	166794389	167025609	TLL1	0	+	231220
chr16	67906955	67918402	EDC4	0	+	11447
chr5	14143451	14532237	TRIO	0	+	388786
chr5	82767437	82878122	VCAN	0	+	110685
chr16	11038396	11276043	CLEC16A	0	+	237647
chr8	15965387	16424999	MSR1	0	-	459612
chr16	68771195	68869440	CDH1	0	+	98245
chr5	54603817	54721407	MTREX	0	+	117590
chr5	13690437	14011927	DNAH5	0	-	321490
chr5	79703832	79779198	ZFYVE16	0	+	75366
chr16	67552321	67580691	RIPOR1	0	+	28370
chr5	41142218	41261540	C6	0	-	119322
chr5	34656433	34832717	RAI14	0	+	176284
chr5	157052687	157098488	SOX30	0	-	45801
chr19	50363139	50381608	PNKP	0	-	18469
chr19	12862516	12869272	BEST2	0	+	6756
chr16	71671738	71758604	PHLPP2	0	-	86866
chr5	169010640	169031782	SPDL1	0	+	21142
chr8	74332604	74659943	STAU2	0	-	327339
chr1	19638820	19655794	SLC66A1	0	+	16974
chr22	20228938	20270769	RTN4R	0	-	41831
chr17	7138348	7143041	PHF23	0	-	4693
chr2	99061317	99210855	INPP4A	0	+	149538
chr18	52385091	52562747	RAB27B	0	+	177656
chr15	78832747	78844759	PSMA4	0	+	12012
chr13	109248500	109860353	MYO16	0	+	611853
chr3	194361520	194393192	LSG1	0	-	31672
chr3	51976361	51982883	PARP3	0	+	6522
chr9	117781854	117880536	TNC	0	-	98682
chr20	49202645	49308079	RIPOR3	0	-	105434
chr14	90421283	90511108	TDP1	0	+	89825
chr2	85621876	85645555	CAPG	0	-	23679
chr19	47341393	47354103	AP2S1	0	-	12710
chr7	49890017	50160925	ZPBP	0	-	270908
chr8	133879203	134147147	TG	0	+	267944
chr8	24151582	24216527	ADAM28	0	+	64945
chr11	129245743	129322174	BARX2	0	+	76431
chr3	182655862	182703741	DCUN1D1	0	-	47879
chr5	133860003	133918920	JADE2	0	+	58917
chr13	100634038	100639019	ZIC2	0	+	4981
chr5	169673237	169724819	LCP2	0	-	51582
chr1	40303782	40349183	TRIT1	0	-	45401
chr10	115803625	115806663	ADRB1	0	+	3038
chr5	137946656	138270723	CTNNA1	0	+	324067
chrX	18910416	19002232	PHKA2	0	-	91816
chr9	17134980	17503921	CNTLN	0	+	368941
chr3	89156771	89531284	EPHA3	0	+	374513
chr9	127997132	128003661	HSPA5	0	-	6529
chr18	29078140	29128971	DSG2	0	+	50831
chrX	14024845	14048012	GEMIN8	0	-	23167
chrX	13789058	13956757	GPM6B	0	-	167699
chrX	141290128	141293076	MAGEC2	0	-	2948
chr8	68864281	69149267	PREX2	0	+	284986
chr10	1095478	1178324	WDR37	0	+	82846
chr5	112849391	112930982	YTHDC2	0	+	81591
chrX	16606122	16731059	CTPS2	0	-	124937
chr8	54628103	54756118	ATP6V1H	0	-	128015
chr15	52873514	53002014	FAM214A	0	-	128500
chr4	35949843	36246136	ARAP2	0	-	296293
chr1	186280784	186344825	TPR	0	-	64041
chr3	148880197	148939616	CP	0	-	59419
chr16	27561454	27791665	KATNIP	0	+	230211
chr6	15523038	15663289	DTNBP1	0	-	140251
chr12	5641035	6055398	ANO2	0	-	414363
chr12	4596901	4647674	C12orf4	0	-	50773
chrX	17755569	17773108	SCML1	0	+	17539
chrX	9983294	10112514	WWC3	0	+	129220
chrX	11135771	11684040	ARHGAP6	0	-	548269
chr4	17630929	17783244	FAM184B	0	-	152315
chr3	47892180	48130762	MAP4	0	-	238582
chr11	113668596	113746294	USP28	0	-	77698
chr7	18126572	19042039	HDAC9	0	+	915467
chr5	176074388	176086055	TSPAN17	0	+	11667
chr4	15471489	15603175	CC2D2A	0	+	131686
chr8	103216730	103251189	RRM2B	0	-	34459
chr7	126986844	127071978	ZNF800	0	-	85134
chr16	12070591	12668144	SNX29	0	+	597553
chr6	42174545	42185599	MRPS10	0	-	11054
chr11	77371054	77531915	RSF1	0	-	160861
chr1	12290087	12572099	VPS13D	0	+	282012
chr10	10840360	11378674	CELF2	0	+	538314
chr9	96213967	96328394	FAM120A	0	+	114427
chr2	136289025	136482840	R3HDM1	0	+	193815
chr1	40766161	40783485	COL9A2	0	-	17324
chr12	88886570	88974628	KITLG	0	-	88058
chr5	60162281	60240900	ERCC8	0	-	78619
chr5	64444565	64777747	ADAMTS6	0	-	333182
chr1	9294833	9331396	H6PD	0	+	36563
chr1	7831356	7841492	VAMP3	0	+	10136
chr1	7844351	7905237	PER3	0	+	60886
chr1	7975931	8003225	TNFRSF9	0	-	27294
chr2	33172020	33624576	LTBP1	0	+	452556
chr7	73442119	73484237	ELN	0	+	42118
chr7	73645829	73668788	RFC2	0	-	22959
chr6	157097154	157531913	ARID1B	0	+	434759
chr5	1317867	1345214	CLPTM1L	0	-	27347
chr18	55711458	56068772	NEDD4L	0	+	357314
chrX	49126256	49157940	PPP1R3F	0	+	31684
chr5	73935848	74018472	HEXB	0	+	82624
chrX	73952691	74145307	NEXMIF	0	-	192616
chr7	144052381	144077725	ARHGEF5	0	+	25344
chr7	26191818	26226757	NFE2L3	0	+	34939
chr6	13786789	13814800	MCUR1	0	-	28011
chr12	50569571	50677303	LIMA1	0	-	107732
chr12	51441745	51454207	LETMD1	0	+	12462
chr12	51785101	51909547	SLC4A8	0	+	124446
chr9	133884561	133969860	LAMC3	0	+	85299
chr1	71318036	71513499	PTGER3	0	-	195463
chr4	122052563	122148621	TNIP3	0	-	96058
chr5	179660143	179719099	MAPK9	0	-	58956
chr5	177664477	178017394	COL23A1	0	-	352917
chr16	75262079	75301951	BCAR1	0	-	39872
chr11	6232575	6255941	FHIP1B	0	-	23366
chr16	56966054	56978776	HERPUD1	0	+	12722
chr15	40986972	41024538	RAD51	0	+	37566
chr3	121150278	121264835	POLQ	0	-	114557
chr3	138371540	138553770	PIK3CB	0	-	182230
chr16	88709683	88717491	CYBA	0	-	7808
chr5	175344876	175461683	THOC3	0	-	116807
chr12	123636867	123728561	MPHOSPH9	0	-	91694
chr12	19282667	19529334	PLEKHA5	0	+	246667
chr16	31142754	31147048	PRSS8	0	-	4294
chr1	115312100	115323306	SIKE1	0	-	11206
chr10	99116115	99185833	RRP12	0	-	69718
chr4	166248819	166264316	MSMO1	0	+	15497
chr11	43380470	43516483	TTC17	0	+	136013
chr11	44281990	44331689	ALX4	0	-	49699
chr5	132532147	132948232	FSTL4	0	-	416085
chr14	89591215	90085493	FOXN3	0	-	494278
chr6	110565143	110679552	METTL24	0	-	114409
chr1	19630459	19638638	AKR7A2	0	-	8179
chr1	19578299	19586622	MRTO4	0	+	8323
chr19	17326155	17330638	USE1	0	+	4483
chr3	182895829	183146566	MCF2L2	0	-	250737
chr18	21269417	21536186	LAMA3	0	+	266769
chr14	57735642	57765460	AP5M1	0	+	29818
chr4	25378885	25420120	ANAPC4	0	+	41235
chr11	2465914	2870335	KCNQ1	0	+	404421
chr1	36690033	36770958	THRAP3	0	+	80925
chr9	139942559	139948513	ENTPD2	0	-	5954
chr1	235294949	235491534	ARID4B	0	-	196585
chr2	220154345	220174370	PTPRN	0	-	20025
chr1	210501596	210849638	HHAT	0	+	348042
chr1	10270628	10441661	KIF1B	0	+	171033
chr6	1610150	1614132	FOXC1	0	+	3982
chr22	47158514	47571342	TBC1D22A	0	+	412828
chr14	64228617	64693151	SYNE2	0	+	464534
chr20	50213053	50384929	ATP9A	0	-	171876
chr20	54572413	54580575	CBLN4	0	-	8162
chr11	74407474	74442471	CHRDL2	0	-	34997
chr11	73111532	73309234	FAM168A	0	-	197702
chr11	73087444	73108519	RELT	0	+	21075
chr14	88304164	88460009	GALC	0	-	155845
chr2	203130459	203168384	NOP58	0	+	37925
chr7	150642049	150675409	KCNH2	0	-	33360
chr7	148395006	148498202	CUL1	0	+	103196
chr5	153369708	153418496	FAM114A2	0	-	48788
chr6	149539777	149732749	TAB2	0	+	192972
chr6	149887430	149912884	GINM1	0	+	25454
chr2	37326353	37384665	EIF2AK2	0	-	58312
chr17	76783463	76837523	USP36	0	-	54060
chr7	151832007	152133729	KMT2C	0	-	301722
chr2	56411125	56613307	CCDC85A	0	+	202182
chr2	20448452	20551995	PUM2	0	-	103543
chr10	102729215	102747272	MRPL43	0	-	18057
chr3	52811611	52826084	ITIH1	0	+	14473
chr4	170650621	170679095	HPF1	0	-	28474
chr5	32354456	32444846	ZFR	0	-	90390
chrX	129336681	129402873	ZNF280C	0	-	66192
chr4	72897619	73014022	NPFFR2	0	+	116403
chr22	45277042	45405886	PHF21B	0	-	128844
chr9	123664671	123691451	TRAF1	0	-	26780
chr9	125606835	125667638	RC3H2	0	-	60803
chr3	53880595	53899821	IL17RB	0	+	19226
chr6	111876584	111928109	TRAF3IP2	0	-	51525
chrX	2746863	2800861	GYG2	0	+	53998
chr3	98514785	98620539	DCBLD2	0	-	105754
chr1	179262849	179327815	SOAT1	0	+	64966
chr12	32943679	33049711	PKP2	0	-	106032
chr1	76262567	76378927	MSH4	0	+	116360
chr13	113760102	113774999	F7	0	+	14897
chr10	5807186	5884095	GDI2	0	-	76909
chr6	106493298	106773666	ATG5	0	-	280368
chr12	94960898	95044333	TMCC3	0	-	83435
chr1	24104908	24114722	PITHD1	0	+	9814
chr2	42721709	42984087	MTA3	0	+	262378
chr3	182511291	182639417	ATP11B	0	+	128126
chr1	183155373	183214262	LAMC2	0	+	58889
chr7	90095738	90839905	CDK14	0	+	744167
chr12	80167343	80329240	PPP1R12A	0	-	161897
chr15	79252248	79383122	RASGRF1	0	-	130874
chr7	44249618	44374176	CAMK2B	0	-	124558
chr1	17066768	17299459	CROCC	0	+	232691
chr16	22308696	22346422	POLR3E	0	+	37726
chr1	203595915	203713209	ATP2B4	0	+	117294
chr1	203764751	203824127	ZC3H11A	0	+	59376
chr5	96496571	96518951	RIOK2	0	-	22380
chr1	54317392	54355471	YIPF1	0	-	38079
chr1	54231151	54304136	NDC1	0	-	72985
chr3	185823457	186080023	DGKG	0	-	256566
chr16	2961932	3001209	FLYWCH1	0	+	39277
chr16	1413206	1464752	UNKL	0	-	51546
chr7	139476850	139720125	TBXAS1	0	+	243275
chr7	139723549	139762751	PARP12	0	-	39202
chr10	97365698	97416468	ALDH18A1	0	-	50770
chr1	234527059	234614925	TARBP1	0	-	87866
chr4	152591656	152682159	GATB	0	-	90503
chr2	70124820	70170077	MXD1	0	+	45257
chr12	96672039	96794258	CDK17	0	-	122219
chr12	8071826	8088783	SLC2A3	0	-	16957
chr10	104162374	104181296	PSD	0	-	18922
chr18	77439803	77514503	CTDP1	0	+	74700
chr12	10851688	10875922	YBX3	0	-	24234
chr12	10771522	10826917	STYK1	0	-	55395
chr12	861745	1020618	WNK1	0	+	158873
chr10	70480769	70552134	CCAR1	0	+	71365
chr20	61436187	61445352	OGFR	0	+	9165
chr19	3136031	3163747	GNA15	0	+	27716
chr1	27113545	27127150	PIGV	0	+	13605
chr1	29563028	29653325	PTPRU	0	+	90297
chr1	31732415	31769635	SNRNP40	0	-	37220
chr12	130880678	131252773	RIMBP2	0	-	372095
chr1	103342023	103574428	COL11A1	0	-	232405
chr11	32914357	33014862	QSER1	0	+	100505
chr6	166778407	166796501	MPC1	0	-	18094
chr12	24962958	25102035	BCAT1	0	-	139077
chr12	48176505	48226915	HDAC7	0	-	50410
chr8	20103676	20161474	LZTS1	0	-	57798
chr5	122424936	122529960	PRDM6	0	+	105024
chr20	34203751	34209016	SPAG4	0	+	5265
chr2	183773843	183903586	NCKAP1	0	-	129743
chr12	27863755	27909228	MRPS35	0	+	45473
chr4	156680144	156728963	GUCY1B1	0	+	48819
chr12	132195626	132284283	SFSWAP	0	+	88657
chr3	195590235	195638816	TNK2	0	-	48581
chr12	62860597	62994256	MON2	0	+	133659
chr16	68670092	68761371	CDH3	0	+	91279
chrX	2959512	3030768	ARSF	0	+	71256
chr5	56469775	56560506	GPBP1	0	+	90731
chr11	75470557	75512580	DGAT2	0	+	42023
chr15	41795835	41806085	LTK	0	-	10250
chr20	44994689	45061624	ELMO2	0	-	66935
chr10	88195013	88281549	WAPL	0	-	86536
chr17	57784553	57919616	VMP1	0	+	135063
chr17	58520519	58603603	APPBP2	0	-	83084
chr19	50887461	50921275	POLD1	0	+	33814
chr12	53400066	53435999	EIF4B	0	+	35933
chr19	49792895	49828472	SLC6A16	0	-	35577
chr19	48111453	48206534	BICRA	0	+	95081
chr19	49122548	49133974	SPHK2	0	+	11426
chr19	49118585	49122441	RPL18	0	-	3856
chr19	49141203	49149444	CA11	0	-	8241
chr19	55964352	55973710	ISOC2	0	-	9358
chr19	56165512	56186082	U2AF2	0	+	20570
chr19	56186592	56221224	EPN1	0	+	34632
chr19	39881943	39891281	MED29	0	+	9338
chrX	152599605	152625568	ZNF275	0	+	25963
chrX	149861444	149933581	MTMR1	0	+	72137
chr2	241375080	241407493	GPC1	0	+	32413
chr14	78266452	78401357	ADCK1	0	+	134905
chr16	1845621	1877158	HAGH	0	-	31537
chr2	202098166	202226559	CASP8	0	+	128393
chr4	41361624	41702061	LIMCH1	0	+	340437
chr12	27058114	27091259	INTS13	0	-	33145
chr12	27124512	27167367	TM7SF3	0	-	42855
chr17	48067369	48072588	DLX3	0	-	5219
chr11	2323227	2339434	TSPAN32	0	+	16207
chr20	43343485	43357150	CCN5	0	+	13665
chr9	976655	991732	DMRT3	0	+	15077
chr16	84402133	84497793	ATP2C2	0	+	95660
chr17	47572655	47592370	NGFR	0	+	19715
chr11	125825691	125933230	CDON	0	-	107539
chr8	120743014	120845103	TAF2	0	-	102089
chr7	128594234	128695227	TNPO3	0	-	100993
chr19	19256378	19302967	BORCS8-MEF2B	0	-	46589
chr19	19303038	19312678	RFXANK	0	+	9640
chr19	19229978	19249322	TMEM161A	0	-	19344
chr19	19734464	19739739	LPAR2	0	-	5275
chr19	19101697	19144832	SUGP2	0	-	43135
chr5	127419458	127525369	SLC12A2	0	+	105911
chr5	122179134	122365049	SNX24	0	+	185915
chr20	45523263	45817492	EYA2	0	+	294229
chr19	1026585	1039067	CNN2	0	+	12482
chr19	1039996	1065571	ABCA7	0	+	25575
chr5	121647049	121799914	SNCAIP	0	+	152865
chr15	83685175	83736004	BTBD1	0	-	50829
chr12	29301949	29494054	FAR2	0	+	192105
chr20	52553316	52687133	BCAS1	0	-	133817
chr1	111743393	111786062	CHI3L2	0	+	42669
chr19	1107636	1174267	SBNO2	0	-	66631
chr2	190648811	190742355	PMS1	0	+	93544
chr2	188206691	188313187	CALCRL	0	-	106496
chr6	34857032	35059183	ANKS1A	0	+	202151
chr6	35226686	35263762	ZNF76	0	+	37076
chr16	2075357	2089027	SLC9A3R2	0	+	13670
chr16	2089816	2097867	NTHL1	0	-	8051
chr6	34759860	34845291	UHRF1BP1	0	+	85431
chr1	110091237	110142817	GNAI3	0	+	51580
chr13	98605912	98676550	IPO5	0	+	70638
chr10	126085872	126107545	OAT	0	-	21673
chr1	89149905	89301938	PKN2	0	+	152033
chr19	984332	998437	WDR18	0	+	14105
chr17	8924827	9147317	NTN1	0	+	222490
chr17	9725523	9795416	GLP2R	0	+	69893
chr10	13203558	13253110	MCM10	0	+	49552
chr12	56470583	56497289	ERBB3	0	+	26706
chr3	123687368	123711025	ROPN1	0	-	23657
chr2	197831741	198175897	ANKRD44	0	-	344156
chr16	75630766	75657198	ADAT1	0	-	26432
chr3	122785872	122944074	PDIA5	0	+	158202
chr6	37225548	37300746	TBC1D22B	0	+	75198
chr3	120315175	120321354	NDUFB4	0	+	6179
chr1	16162590	16266951	SPEN	0	+	104361
chr3	123328896	123603179	MYLK	0	-	274283
chr2	187350980	187374088	ZC3H15	0	+	23108
chr17	11924146	12047147	MAP2K4	0	+	123001
chr1	212537270	212588243	PACC1	0	-	50973
chr6	84262599	84419410	SNAP91	0	-	156811
chr10	105726898	105788991	SLK	0	+	62093
chr6	84569375	84677142	CYB5R4	0	+	107767
chr10	105791044	105845638	COL17A1	0	-	54594
chr10	106028631	106064708	GSTO2	0	+	36077
chr10	12171636	12211960	SEC61A2	0	+	40324
chr10	6469105	6622263	PRKCQ	0	-	153158
chr19	2997637	3047633	TLE2	0	-	49996
chr2	239335383	239360891	ASB1	0	+	25508
chr10	14560556	14816896	FAM107B	0	-	256340
chr6	83920121	84140770	ME1	0	-	220649
chr4	37892705	38140796	TBC1D1	0	+	248091
chr7	39989720	40139179	CDK13	0	+	149459
chrX	46458686	46618553	SLC9A7	0	-	159867
chr12	8185312	8208113	FOXJ2	0	+	22801
chr1	43148089	43169476	YBX1	0	+	21387
chr19	10527449	10580306	PDE4A	0	+	52857
chr1	212458752	212535195	PPP2R5A	0	+	76443
chr19	8023457	8070543	ELAVL1	0	-	47086
chr1	43766653	43788779	TIE1	0	+	22126
chr12	50898768	51142440	DIP2B	0	+	243672
chr12	50478983	50494490	SMARCD1	0	+	15507
chr1	41157320	41237275	NFYC	0	+	79955
chr1	42896000	42921924	ZMYND12	0	-	25924
chr5	470571	524564	SLC9A3	0	-	53993
chr2	233743411	233877966	NGEF	0	-	134555
chr1	197053251	197115824	ASPM	0	-	62573
chr1	160510885	160549306	CD84	0	-	38421
chr1	43829069	43833745	ELOVL1	0	-	4676
chr11	47376411	47400098	SPI1	0	-	23687
chr6	30026676	30032686	POLR1H	0	+	6010
chr11	30406040	30608419	MPPED2	0	-	202379
chr3	137717577	137752497	CLDN18	0	+	34920
chr3	101367733	101395979	ZBTB11	0	-	28246
chr14	92510840	92572965	ATXN3	0	-	62125
chr14	93260650	93306292	GOLGA5	0	+	45642
chr10	123237846	123357972	FGFR2	0	-	120126
chr5	128430442	128449721	ISOC1	0	+	19279
chr14	100204030	100408397	EML1	0	+	204367
chr6	126307625	126524963	TRMT11	0	+	217338
chr14	104602791	104647231	KIF26A	0	+	44440
chr14	96745532	96829678	ATG2B	0	-	84146
chr8	68085746	68256016	ARFGEF1	0	-	170270
chr16	20547548	20587749	ACSM2B	0	-	40201
chr8	135490031	135725292	ZFAT	0	-	235261
chr7	99775186	99819111	STAG3	0	+	43925
chr18	55211609	55253964	FECH	0	-	42355
chr15	72114632	72410918	MYO9A	0	-	296286
chr10	3108525	3179910	PFKP	0	+	71385
chr10	1085092	1095059	IDI1	0	-	9967
chr2	231280657	231410321	SP100	0	+	129664
chr10	3818188	3827473	KLF6	0	-	9285
chr15	73344051	73597546	NEO1	0	+	253495
chr8	71485453	71520651	TRAM1	0	-	35198
chrX	71798664	71934167	PHKA1	0	-	135503
chr12	6437923	6451280	TNFRSF1A	0	-	13357
chr17	37329706	37353956	CACNB1	0	-	24250
chr1	92974253	93257961	EVI5	0	-	283708
chr15	74271267	74286963	STOML1	0	-	15696
chr15	72491370	72524160	PKM	0	-	32790
chr5	54551883	54603522	DHX29	0	-	51639
chr1	94331840	94345474	DNTTIP2	0	-	13634
chr16	8715540	8743511	METTL22	0	+	27971
chr15	43695259	43802926	TP53BP1	0	-	107667
chrX	54946895	54957864	TRO	0	+	10969
chr1	218458635	218511325	RRP15	0	+	52690
chr3	49396572	49450431	RHOA	0	-	53859
chr17	41561233	41687706	DHX8	0	+	126473
chr1	1981850	2116834	PRKCZ	0	+	134984
chr1	220267474	220321383	IARS2	0	+	53909
chr12	79257773	79845788	SYT1	0	+	588015
chr12	77718421	78606790	NAV3	0	+	888369
chrX	153051221	153059967	IDH3G	0	-	8746
chr16	4846969	4852881	ROGDI	0	-	5912
chrX	153067621	153096020	PDZD4	0	-	28399
chrX	152783100	152848397	ATP2B3	0	+	65297
chr18	18526867	18691774	ROCK1	0	-	164907
chr16	67062887	67134961	CBFB	0	+	72074
chrX	24483361	24568583	PDK3	0	+	85222
chr2	239969864	240323348	HDAC4	0	-	353484
chr3	50367213	50378411	RASSF1	0	-	11198
chr4	1795020	1810599	FGFR3	0	+	15579
chr17	41158757	41166473	IFI35	0	+	7716
chr17	58118369	58156283	HEATR6	0	-	37914
chr17	40713485	40718295	COASY	0	+	4810
chr17	40819932	40829012	PLEKHH3	0	-	9080
chr15	100105622	100256693	MEF2A	0	+	151071
chrX	48779301	48815648	OTUD5	0	-	36347
chrX	48886237	48900936	TFE3	0	-	14699
chrX	108867473	108976632	ACSL4	0	-	109159
chr10	134351291	134596984	INPP5A	0	+	245693
chrX	48970345	48980085	GPKOW	0	-	9740
chrX	48830131	48858675	GRIPAP1	0	-	28544
chrX	48334409	48344752	FTSJ1	0	+	10343
chr17	57233093	57284070	PRR11	0	+	50977
chr2	86441116	86565206	REEP1	0	-	124090
chr13	113344352	113541482	ATP11A	0	+	197130
chr2	86247339	86333278	POLR1A	0	-	85939
chr2	20232411	20251389	LAPTM4A	0	-	18978
chr2	47143008	47303276	TTC7A	0	+	160268
chr3	48725436	48777786	IP6K2	0	-	52350
chr2	45615819	45839304	SRBD1	0	-	223485
chr11	64494383	64512928	RASGRP2	0	-	18545
chr19	39369195	39390502	SIRT2	0	-	21307
chr11	64685025	64701947	PPP2R5B	0	+	16922
chr11	64513861	64527446	PYGM	0	-	13585
chrX	49452050	49460587	PAGE1	0	-	8537
chr5	134363424	134370503	PITX1	0	-	7079
chr5	65892208	66465421	MAST4	0	+	573213
chr6	46820259	46922680	ADGRF5	0	-	102421
chr17	71330523	71640584	SDK2	0	-	310061
chr1	229576006	229644088	NUP133	0	-	68082
chr1	205681950	205719310	NUCKS1	0	-	37360
chr16	46690044	46723430	VPS35	0	-	33386
chr16	46989274	47007585	DNAJA2	0	-	18311
chr19	45250962	45263301	BCL3	0	+	12339
chr12	21950323	22095477	ABCC9	0	-	145154
chr11	68451247	68458643	GAL	0	+	7396
chr12	9817565	9852149	CLEC2D	0	+	34584
chrX	44382885	44402105	FUNDC1	0	-	19220
chrX	43625857	43741696	MAOB	0	-	115839
chr15	60780483	61521501	RORA	0	-	741018
chr11	637269	640706	DRD4	0	+	3437
chr1	92145900	92371892	TGFBR3	0	-	225992
chr16	14766405	14788165	PLA2G10	0	-	21760
chr1	6472478	6484730	HES2	0	-	12252
chr3	141594966	141645391	ATP1B3	0	+	50425
chr15	56119120	56285858	NEDD4	0	-	166738
chr15	52244303	52359572	MAPK6	0	+	115269
chr15	52407297	52483589	GNB5	0	-	76292
chr15	55495164	55611311	RAB27A	0	-	116147
chr22	17618401	17646177	HDHD5	0	-	27776
chr22	19437434	19466725	UFD1	0	-	29291
chr12	14765566	14849533	GUCY2C	0	-	83967
chr11	626309	627181	SCT	0	-	872
chr11	576470	612222	PHRF1	0	+	35752
chr9	111629178	111696608	ELP1	0	-	67430
chr11	17229700	17371527	NUCB2	0	+	141827
chr9	112137746	112260593	PTPN3	0	-	122847
chr14	65213001	65346625	SPTB	0	-	133624
chr4	100737984	100791347	DAPP1	0	+	53363
chr5	44300349	44389808	FGF10	0	-	89459
chr9	108006903	108201452	SLC44A1	0	+	194549
chr14	56955072	57117324	TMEM260	0	+	162252
chr17	1963133	2207079	SMG6	0	-	243946
chr14	57667225	57735623	EXOC5	0	-	68398
chr22	19166986	19279242	CLTCL1	0	-	112256
chr19	639879	644373	FGF22	0	+	4494
chr19	676392	683392	FSTL3	0	+	7000
chr22	19023795	19109967	DGCR2	0	-	86172
chr19	647526	663233	RNF126	0	-	15707
chr17	2287367	2304398	MNT	0	-	17031
chr3	126156444	126194734	ZXDC	0	-	38290
chr17	74708914	74722881	JMJD6	0	-	13967
chr8	42195972	42229326	POLB	0	+	33354
chr17	74620843	74639868	ST6GALNAC1	0	-	19025
chr9	35736863	35749225	GBA2	0	-	12362
chr5	149865381	149937773	NDST1	0	+	72392
chr7	97480989	97501854	ASNS	0	-	20865
chr8	42010464	42029191	AP3M2	0	+	18727
chr16	57916244	58005032	CNGB1	0	-	88788
chr17	74561459	74583038	ST6GALNAC2	0	-	21579
chr8	101698044	101735037	PABPC1	0	-	36993
chr16	58147496	58163285	CFAP20	0	-	15789
chr16	58191811	58232010	CSNK2A2	0	-	40199
chr14	88932122	89021351	PTPN21	0	-	89229
chr1	45316194	45452394	EIF2B3	0	-	136200
chr5	149599054	149669656	CAMK2A	0	-	70602
chr5	149737192	149779871	TCOF1	0	+	42679
chr7	24836159	25021253	OSBPL3	0	-	185094
chr1	22889982	22930088	EPHA8	0	+	40106
chr16	56899119	56949762	SLC12A3	0	+	50643
chr3	8817088	9005457	RAD18	0	-	188369
chr12	89981826	90103077	ATP2B1	0	-	121251
chr2	106361369	106510730	NCK2	0	+	149361
chr2	102313312	102511152	MAP4K4	0	+	197840
chr2	99235569	99347595	MGAT4A	0	-	112026
chr4	10069713	10118596	WDR1	0	-	48883
chr7	17830385	17980124	SNX13	0	-	149739
chr4	148653214	148993927	ARHGAP10	0	+	340713
chr6	166822852	167319939	RPS6KA2	0	-	497087
chr7	120590817	120617270	ING3	0	+	26453
chr14	77227811	77249358	VASH1	0	+	21547
chr3	8543493	8616354	LMCD1	0	+	72861
chr7	73097355	73119491	BUD23	0	+	22136
chr14	81937891	82000197	SEL1L	0	-	62306
chr5	892999	919472	TRIP13	0	+	26473
chrX	153656979	153664862	ATP6AP1	0	+	7883
chr19	1609290	1652614	TCF3	0	-	43324
chr2	12857036	12882860	TRIB2	0	+	25824
chr19	1407568	1435686	DAZAP1	0	+	28118
chr3	148747914	148804341	HLTF	0	-	56427
chrX	153672488	153679002	FAM50A	0	+	6514
chrX	153734490	153744566	FAM3A	0	-	10076
chr2	171034655	171511681	MYO3B	0	+	477026
chr2	172378757	172414639	CYBRD1	0	+	35882
chr18	64168320	64271375	CDH19	0	-	103055
chr6	170884383	170893780	PDCD2	0	-	9397
chr12	85253270	85307408	SLC6A15	0	-	54138
chr19	14202500	14228896	PRKACA	0	-	26396
chr19	14258555	14316999	ADGRL1	0	-	58444
chr14	69340845	69446157	ACTN1	0	-	105312
chr14	68194091	68283307	ZFYVE26	0	-	89216
chrX	83313354	83461364	RPS6KA6	0	-	148010
chr17	19118928	19240028	EPN2	0	+	121100
chr2	131113618	131132978	PTPN18	0	+	19360
chr2	128395956	128439360	LIMS2	0	-	43404
chr2	220378892	220403494	ASIC4	0	+	24602
chr2	220299565	220358351	SPEG	0	+	58786
chr3	195739382	195809024	TFRC	0	-	69642
chr5	132211087	132299326	AFF4	0	-	88239
chr10	60094739	60130511	UBE2D1	0	+	35772
chr14	67707430	67802778	PALS1	0	+	95348
chr10	62629196	62761198	RHOBTB1	0	-	132002
chrX	53401070	53449677	SMC1A	0	-	48607
chrX	53458206	53461317	HSD17B10	0	-	3111
chr11	63606400	63678492	MARK2	0	+	72092
chr5	162887209	162918947	HMMR	0	+	31738
chr12	133398773	133532890	CHFR	0	-	134117
chr12	72481046	73064538	TRHDE	0	+	583492
chr5	131525840	131631008	P4HA2	0	-	105168
chr1	161632933	161648444	FCGR2B	0	+	15511
chr16	68118654	68263162	NFATC3	0	+	144508
chr5	171469083	171615228	STK10	0	-	146145
chr5	171288553	171433877	FBXW11	0	-	145324
chr17	7239848	7254796	ACAP1	0	+	14948
chr4	5749811	5894813	CRMP1	0	-	145002
chr17	5374574	5390131	DERL2	0	-	15557
chr3	113251402	113348422	SIDT1	0	+	97020
chr11	10594638	10715535	IRAG1	0	-	120897
chr19	16771950	16800834	TMEM38A	0	+	28884
chr19	16308665	16356717	AP1M1	0	+	48052
chr19	45147098	45169430	PVR	0	+	22332
chr12	125261402	125367214	SCARB1	0	-	105812
chr7	1022817	1029276	CYP2W1	0	+	6459
chr3	127317253	127341279	MCM2	0	+	24026
chr22	50528308	50600119	MOV10L1	0	+	71811
chr22	50609160	50618724	PANX2	0	+	9564
chr22	50639440	50656045	SELENOO	0	+	16605
chr3	189349178	189615065	TP63	0	+	265887
chr4	113206665	113363777	ALPK1	0	+	157112
chr17	73521161	73571290	LLGL2	0	+	50129
chr15	85523671	85682376	PDE8A	0	+	158705
chrX	10125015	10205700	CLCN4	0	+	80685
chr17	33455749	33469323	NLE1	0	-	13574
chr17	38060848	38076107	GSDMB	0	-	15259
chr12	389223	498486	KDM5A	0	-	109263
chr17	42836356	42859214	ADAM11	0	+	22858
chr3	135684570	135866736	PPP2R3A	0	+	182166
chr14	53323986	53419153	FERMT2	0	-	95167
chr2	169921299	169952677	DHRS9	0	+	31378
chr1	186640923	186650054	PTGS2	0	-	9131
chr3	185360918	185542830	IGF2BP2	0	-	181912
chr3	185000729	185206882	MAP3K13	0	+	206153
chr3	186648114	186796341	ST6GAL1	0	+	148227
chr17	45810602	45823488	TBX21	0	+	12886
chr13	32420850	32873262	FRY	0	+	452412
chr11	85668218	85780924	PICALM	0	-	112706
chr17	44668035	44834830	NSF	0	+	166795
chr2	121493199	121750229	GLI2	0	+	257030
chr2	122095352	122407052	CLASP1	0	-	311700
chr19	15269849	15311806	NOTCH3	0	-	41957
chr11	77225981	77348839	CLNS1A	0	-	122858
chr4	6322305	6565327	PPP2R2C	0	-	243022
chr19	49843852	49865714	TEAD2	0	-	21862
chr11	85955795	85989855	EED	0	+	34060
chr5	175969512	176022975	CDHR2	0	+	53463
chr5	176047083	176057557	SNCB	0	-	10474
chr11	18489883	18548498	TSG101	0	-	58615
chr17	3705452	3749540	NCBP3	0	-	44088
chr17	3827164	3867758	ATP2A3	0	-	40594
chr15	63613577	63674045	CA12	0	-	60468
chr3	127407905	127771033	MGLL	0	-	363128
chr12	96051583	96184967	NTN4	0	-	133384
chr2	219523487	219528166	BCS1L	0	+	4679
chr12	106457123	106532732	NUAK1	0	-	75609
chr15	65734801	65810042	DPP8	0	-	75241
chr18	56529832	56653712	ZNF532	0	+	123880
chr17	1537152	1549038	SCARF1	0	-	11886
chr18	56995055	57026497	LMAN1	0	-	31442
chr15	65822756	65870687	HACD3	0	+	47931
chr17	3907739	4046324	ZZEF1	0	-	138585
chr1	8921059	8939249	ENO1	0	-	18190
chr15	48470635	48596275	SLC12A1	0	+	125640
chr19	4641386	4670374	MYDGF	0	-	28988
chr19	17434032	17445664	ANO8	0	-	11632
chr6	112391866	112408732	TUBE1	0	-	16866
chr1	17866193	18024369	ARHGEF10L	0	+	158176
chr4	48068410	48136267	TXK	0	-	67857
chr12	108523065	108644314	WSCD2	0	+	121249
chr10	71163659	71176674	TACR2	0	-	13015
chr15	66628529	66679084	TIPIN	0	-	50555
chr7	87834430	87856308	SRI	0	-	21878
chr1	21132785	21503778	EIF4G3	0	-	370993
chr12	102466881	102513898	NUP37	0	-	47017
chr7	83585093	84122040	SEMA3A	0	-	536947
chr22	46692767	46726707	GTSE1	0	+	33940
chr7	80371854	80551675	SEMA3C	0	-	179821
chr22	46663858	46689905	TTC38	0	+	26047
chr11	107987422	108018330	ACAT1	0	+	30908
chr22	46971909	47075687	GRAMD4	0	+	103778
chr22	46756731	46933517	CELSR1	0	-	176786
chr10	102222766	102243501	WNT8B	0	+	20735
chr2	71503691	71662199	ZNF638	0	+	158508
chr7	87462883	87505675	SLC25A40	0	-	42792
chr18	71815758	71827766	TIMM21	0	+	12008
chr2	70834750	70995357	ADD2	0	-	160607
chr1	178063239	178453282	RASAL2	0	+	390043
chr14	103851714	103970168	MARK3	0	+	118454
chr12	98987369	99000157	SLC25A3	0	+	12788
chr3	171757368	172119459	FNDC3B	0	+	362091
chr2	28615315	28640184	FOSL2	0	+	24869
chr17	64960823	65029514	CACNG4	0	+	68691
chr4	48499374	48782339	FRYL	0	-	282965
chr2	98372796	98612411	TMEM131	0	-	239615
chr7	5632447	5646286	FSCN1	0	+	13839
chr7	5566040	5603533	ACTB	0	-	37493
chr18	33767460	33852120	MOCOS	0	+	84660
chr3	171318194	171528740	PLD1	0	-	210546
chr13	25254546	25286610	ATP12A	0	+	32064
chr19	36545551	36596010	WDR62	0	+	50459
chr3	196769431	197026201	DLG1	0	-	256770
chr3	128412512	128544785	RAB7A	0	+	132273
chr7	107220691	107269615	BCAP29	0	+	48924
chr10	102246403	102279621	SEC31B	0	-	33218
chr12	108915991	108955176	SART3	0	-	39185
chr2	143848931	144525921	ARHGAP15	0	+	676990
chr1	169890467	170054349	KIFAP3	0	-	163882
chr2	136597196	136634013	MCM6	0	-	36817
chr12	56915604	56989977	RBMS2	0	+	74373
chr3	47422501	47454925	PTPN23	0	+	32424
chr3	37034841	37092337	MLH1	0	+	57496
chr1	171283322	171311223	FMO4	0	+	27901
chr1	173684080	173755830	KLHL20	0	+	71750
chr1	208195587	208417729	PLXNA2	0	-	222142
chr8	80946980	81143467	TPD52	0	-	196487
chr12	109554392	109706031	ACACB	0	+	151639
chr17	27071029	27077974	TRAF4	0	+	6945
chr8	81880045	82024303	PAG1	0	-	144258
chr19	33571805	33621448	GPATCH1	0	+	49643
chr19	10444452	10450337	ICAM3	0	-	5885
chr10	104846942	105037362	NT5C2	0	-	190420
chrX	132434131	132549517	GPC4	0	-	115386
chrX	131503348	131623996	MBNL3	0	-	120648
chr19	7660749	7683190	CAMSAP3	0	+	22441
chr1	21922714	21995850	RAP1GAP	0	-	73136
chr19	7684411	7694431	XAB2	0	-	10020
chr19	42387240	42434302	ARHGEF1	0	+	47062
chr19	7968728	7979363	MAP2K7	0	+	10635
chr2	234263140	234380750	DGKD	0	+	117610
chr3	24729378	25639423	RARB	0	+	910045
chr3	25639469	25706400	TOP2B	0	-	66931
chr10	98277867	98347209	TM9SF3	0	-	69342
chr10	104153867	104162281	NFKB2	0	+	8414
chr1	202300672	202311112	UBE2T	0	-	10440
chr1	202317827	202561834	PPP1R12B	0	+	244007
chr2	183580982	183659191	DNAJC10	0	+	78209
chr16	27470876	27561234	GTF3C1	0	-	90358
chr16	27324989	27376099	IL4R	0	+	51110
chr1	78161672	78225537	USP33	0	-	63865
chrX	110187513	110470589	PAK3	0	+	283076
chrX	110488327	110513711	CAPN6	0	-	25384
chr19	41256542	41271294	SNRPA	0	+	14752
chr10	22634374	22743153	SPAG6	0	+	108779
chr2	172543919	172606668	DYNC1I2	0	+	62749
chr10	26727270	26856732	APBB1IP	0	+	129462
chr19	4174106	4182563	SIRT6	0	-	8457
chr11	88911043	89028927	TYR	0	+	117884
chr11	74204896	74380162	POLD3	0	+	175266
chr1	236827441	236927931	ACTN2	0	+	100490
chr1	19665269	19812033	CAPZB	0	-	146764
chr1	236305805	236385165	GPR137B	0	+	79360
chr11	89864683	89926062	NAALAD2	0	+	61379
chrX	118533299	118588441	SLC25A43	0	+	55142
chrX	118608765	118725046	UBE2A	0	+	116281
chr8	38257733	38326352	FGFR1	0	-	68619
chr7	72742164	72772646	FKBP6	0	+	30482
chr22	45739944	45809500	SMC1B	0	-	69556
chr22	45898118	45997015	FBLN1	0	+	98897
chr10	15555953	15761921	ITGA8	0	-	205968
chr20	24929905	24940564	CST7	0	+	10659
chr2	210288771	210598842	MAP2	0	+	310071
chr7	38423305	38671020	AMPH	0	-	247715
chr3	182733006	182833863	MCCC1	0	-	100857
chr3	182840003	182881627	LAMP3	0	-	41624
chr2	163027194	163101661	FAP	0	-	74467
chr10	21068902	21581940	NEBL	0	-	513038
chr11	76571903	76737841	ACER3	0	+	165938
chr4	39699729	39784412	UBE2K	0	+	84683
chr18	39535199	39667794	PIK3C3	0	+	132595
chr4	40058470	40159872	N4BP2	0	+	101402
chr12	2986389	3050304	TULP3	0	+	63915
chr6	158402895	158520208	SYNJ2	0	+	117313
chr5	7396251	7830194	ADCY2	0	+	433943
chr14	102228046	102394326	PPP2R5C	0	+	166280
chr1	1716724	1822556	GNB1	0	-	105832
chr6	12290594	12297427	EDN1	0	+	6833
chr10	21813575	22032559	MLLT10	0	+	218984
chr7	31091923	31151093	ADCYAP1R1	0	+	59170
chrX	78200829	78219224	P2RY10	0	+	18395
chrX	78615881	78623164	ITM2A	0	-	7283
chr8	42249142	42263455	VDAC3	0	+	14313
chr8	17780477	17887457	PCM1	0	+	106980
chr17	75954785	76104903	TNRC6C	0	+	150118
chr20	32077881	32237842	CBFA2T2	0	+	159961
chr9	121915736	122131713	BRINP1	0	-	215977
chr20	33292143	33301243	TP53INP2	0	+	9100
chr1	1152311	1167411	SDF4	0	-	15100
chr20	31595510	31611509	BPIFB2	0	+	15999
chr1	3569080	3652765	TP73	0	+	83685
chr11	1295601	1330884	TOLLIP	0	-	35283
chr7	43966035	43995735	UBE2D4	0	+	29700
chr18	596988	650334	CLUL1	0	+	53346
chr8	92967195	93115514	RUNX1T1	0	-	148319
chr8	95139390	95229531	CDH17	0	-	90141
chr2	179328391	179343327	FKBP7	0	-	14936
chr2	179059208	179267620	OSBPL6	0	+	208412
chr5	36596690	36688436	SLC1A3	0	+	91746
chr2	216972187	217071026	XRCC5	0	+	98839
chr2	231067826	231177930	SP140	0	+	110104
chr1	47023079	47082515	MKNK1	0	-	59436
chr2	218664311	218898705	TNS1	0	-	234394
chr19	1815247	1848482	REXO1	0	-	33235
chr10	71907045	71930279	SAR1A	0	-	23234
chr1	100810557	100985833	CDC14A	0	+	175276
chr12	48128146	48164823	RAPGEF3	0	-	36677
chr19	43011456	43065386	CEACAM1	0	-	53930
chr12	48436680	48499862	SENP1	0	-	63182
chr19	42772689	42799949	CIC	0	+	27260
chr19	42905666	42931540	LIPE	0	-	25874
chr8	11653082	11696813	FDFT1	0	+	43731
chrX	67169191	67653755	OPHN1	0	-	484564
chr16	29802048	29816706	KIF22	0	+	14658
chr6	25652429	25702011	SCGN	0	+	49582
chr6	25279306	25620758	CARMIL1	0	+	341452
chr2	15731302	15774470	DDX1	0	+	43168
chr19	10828731	10944164	DNM2	0	+	115433
chr6	131160487	131384462	EPB41L2	0	-	223975
chr6	72596253	73112852	RIMS1	0	+	516599
chr6	132617194	132722614	MOXD1	0	-	105420
chr6	132767006	132834337	STX7	0	-	67331
chr22	51205929	51222095	RABL2B	0	-	16166
chr19	10596801	10614234	KEAP1	0	-	17433
chr19	55692615	55720874	PTPRH	0	-	28259
chr13	95089065	95131936	DCT	0	-	42871
chr20	44974619	44993097	SLC35C2	0	-	18478
chr3	97540855	97663828	CRYBG3	0	+	122973
chr3	96533425	97480376	EPHA6	0	+	946951
chr2	120197419	120282877	SCTR	0	-	85458
chr9	3218297	3526004	RFX3	0	-	307707
chr12	72148643	72194066	RAB21	0	+	45423
chr4	71928384	72437804	SLC4A4	0	+	509420
chr9	1980290	2193624	SMARCA2	0	+	213334
chr6	109305512	109416049	SESN1	0	-	110537
chrX	107068985	107174867	MID2	0	+	105882
chrX	106449841	106487477	DNAAF6	0	+	37636
chr19	10070237	10121180	COL5A3	0	-	50943
chr16	30709530	30752730	SRCAP	0	+	43200
chr9	2720469	2844095	PUM3	0	-	123626
chr13	46627321	46679168	CPB2	0	-	51847
chr5	113391623	113832197	KCNN2	0	+	440574
chr7	135046547	135194875	CNOT4	0	-	148328
chr14	73603126	73690399	PSEN1	0	+	87273
chr20	35624752	35724400	RBL1	0	-	99648
chr20	34894258	35157040	DLGAP4	0	+	262782
chr11	133766333	133826863	IGSF9B	0	-	60530
chr18	2571556	2616634	NDC80	0	+	45078
chr15	51200869	51298092	AP4E1	0	+	97223
chr1	114304454	114355098	RSBN1	0	-	50644
chr1	113933137	114228545	MAGI3	0	+	295408
chr4	74962757	74964913	CXCL2	0	-	2156
chr4	74296855	74321891	AFP	0	+	25036
chr2	227867430	228029169	COL4A4	0	-	161739
chr5	133450372	133487556	TCF7	0	+	37184
chr6	108350449	108487058	OSTM1	0	-	136609
chr3	100941390	101039419	IMPG2	0	-	98029
chr3	101293024	101313309	PCNP	0	+	20285
chr14	69658215	69710737	EXD2	0	+	52522
chr14	68086637	68118425	ARG2	0	+	31788
chr5	88012934	88200074	MEF2C	0	-	187140
chr1	198607587	198726605	PTPRC	0	+	119018
chr1	201252580	201302121	PKP1	0	+	49541
chr2	196998307	197041227	STK17B	0	-	42920
chr9	99252523	99382125	CDC14B	0	-	129602
chr9	99516835	99540411	ZNF510	0	-	23576
chr2	169983619	170219044	LRP2	0	-	235425
chr19	19896648	19932560	ZNF506	0	-	35912
chr1	161719548	161727028	DUSP12	0	+	7480
chr12	125549980	125627879	AACS	0	+	77899
chr5	141303420	141321612	DELE1	0	+	18192
chr7	121958465	122526813	CADPS2	0	-	568348
chr5	140501400	140505205	PCDHB4	0	+	3805
chr1	54382247	54411372	HSPB11	0	-	29125
chr18	60382774	60647666	PHLPP1	0	+	264892
chr18	55313658	55470547	ATP8B1	0	-	156889
chr1	67773047	67864407	IL12RB2	0	+	91360
chr7	150935850	150974982	SMARCD3	0	-	39132
chr5	37379387	37753537	WDR70	0	+	374150
chr5	39105354	39274630	FYB1	0	-	169276
chr2	202509593	202563417	MPP4	0	-	53824
chr2	202252581	202345569	STRADB	0	+	92988
chr2	201675317	201692061	BZW1	0	+	16744
chr11	100900355	101000544	PGR	0	-	100189
chr18	48405450	48480627	ME2	0	+	75177
chr5	31532394	31555160	C5orf22	0	+	22766
chr2	135675805	135716912	CCNT2	0	+	41107
chr6	71122644	71270877	FAM135A	0	+	148233
chr18	5392380	5630699	EPB41L3	0	-	238319
chr2	165510134	165700189	COBLL1	0	-	190055
chrX	69664685	69725340	DLG3	0	+	60655
chr1	215179118	215410433	KCNK2	0	+	231315
chr1	210406141	210419976	SERTAD4	0	+	13835
chr1	211499957	211548288	TRAF5	0	+	48331
chr5	154320633	154348971	MRPL22	0	+	28338
chr5	154266971	154317771	GEMIN5	0	-	50800
chr8	54138284	54164197	OPRK1	0	-	25913
chr17	46125691	46138907	NFE2L1	0	+	13216
chr3	122627929	122747452	SEMA5B	0	-	119523
chr3	119540168	119813841	GSK3B	0	-	273673
chr3	124480795	124620265	ITGB5	0	-	139470
chr12	1099675	1605099	ERC1	0	+	505424
chr2	61703167	61765876	XPO1	0	-	62709
chr9	73143976	74061820	TRPM3	0	-	917844
chr16	23614481	23652642	PALB2	0	-	38161
chr6	83777385	83881069	DOP1A	0	+	103684
chr6	80816364	81055987	BCKDHB	0	+	239623
chr8	41786997	41909512	KAT6A	0	-	122515
chr9	88902648	88969369	TUT7	0	-	66721
chr17	19674142	19771249	ULK2	0	-	97107
chr8	102504667	102681954	GRHL2	0	+	177287
chr5	72112139	72212560	TNPO1	0	+	100421
chr1	11994262	12035595	PLOD1	0	+	41333
chr17	3617922	3704482	ITGAE	0	-	86560
chr13	73326307	73356234	DIS3	0	-	29927
chr13	73356271	73590599	PIBF1	0	+	234328
chr13	60970591	61148012	TDRD3	0	+	177421
chr13	45513384	45563606	NUFIP1	0	-	50222
chr13	33160589	33352157	PDS5B	0	+	191568
chr5	41730167	41870527	OXCT1	0	-	140360
chrX	55744182	55785207	RRAGB	0	+	41025
chr12	91357459	91398803	EPYC	0	-	41344
chr16	50775961	50835846	CYLD	0	+	59885
chr19	58990879	59023780	SLC27A5	0	-	32901
chr19	58978423	58986803	ZNF324	0	+	8380
chr19	58281023	58331307	ZNF586	0	+	50284
chr19	57702868	57734214	ZNF264	0	+	31346
chr19	58897767	58906173	RPS5	0	+	8406
chr4	187508948	187647876	FAT1	0	-	138928
chr4	69176105	69215808	YTHDC1	0	-	39703
chr3	87276421	87304706	CHMP2B	0	+	28285
chr1	40810522	40888998	SMAP2	0	+	78476
chr1	40157854	40229586	PPIE	0	+	71732
chr1	40723713	40759852	ZMPSTE24	0	+	36139
chr2	96850597	96874565	STARD7	0	-	23968
chr4	57774042	57832974	REST	0	+	58932
chr12	96366440	96390143	HAL	0	-	23703
chr12	109171967	109251366	SSH1	0	-	79399
chr11	67351213	67354127	GSTP1	0	+	2914
chr11	129938042	130014706	APLP2	0	+	76664
chr12	13197315	13295455	FAM234B	0	+	98140
chr12	21417534	21572528	SLCO1A2	0	-	154994
chr12	14937516	14956420	WBP11	0	-	18904
chr1	32686678	32710998	EIF3I	0	+	24320
chr1	31652592	31712734	NKAIN1	0	-	60142
chr1	32117864	32169920	COL16A1	0	-	52056
chr1	32645276	32663886	TXLNA	0	+	18610
chr2	21224301	21266945	APOB	0	-	42644
chr2	24714123	24993571	NCOA1	0	+	279448
chr2	27265232	27293490	AGBL5	0	+	28258
chr2	25264945	25382004	EFR3B	0	+	117059
chr2	26149467	26205618	KIF3C	0	-	56151
chr2	26256953	26360323	RAB10	0	+	103370
chr2	27719706	27746551	GCKR	0	+	26845
chr2	26413504	26467540	HADHA	0	-	54036
chr2	27193505	27250087	MAPRE3	0	+	56582
chr2	27440237	27466811	CAD	0	+	26574
chr11	33724556	33758025	CD59	0	-	33469
chr11	44585977	44641908	CD82	0	+	55931
chrX	129115083	129192046	BCORL1	0	+	76963
chrX	76760358	77041719	ATRX	0	-	281361
chr9	137795078	137809758	FCN1	0	-	14680
chr3	169491184	169507504	MYNN	0	+	16320
chr3	168801287	169381563	MECOM	0	-	580276
chr5	77656435	77776562	SCAMP1	0	+	120127
chr6	105721093	105901937	PREP	0	-	180844
chr6	105175969	105307794	HACE1	0	-	131825
chr18	12947132	12987535	SEH1L	0	+	40403
chr1	109512836	109584735	WDR47	0	-	71899
chr1	111956941	111970357	OVGP1	0	-	13416
chr1	108676665	108743471	SLC25A24	0	-	66806
chr6	161412759	161538417	MAP3K4	0	+	125658
chr1	159896829	159915403	IGSF9	0	-	18574
chr7	87132333	87342639	ABCB1	0	-	210306
chr16	3179778	3192805	ZNF213	0	+	13027
chr7	134127108	134144036	AKR1B1	0	-	16928
chr11	70244510	70282690	CTTN	0	+	38180
chr11	75897369	75921780	WNT11	0	-	24411
chr2	55463731	55496483	MTIF2	0	-	32752
chr1	51752930	51810788	TTC39A	0	-	57858
chr1	51819935	51984938	EPS15	0	-	165003
chr1	52838501	52870095	ORC1	0	-	31594
chr2	234118697	234204320	ATG16L1	0	+	85623
chr2	234384166	234475428	USP40	0	-	91262
chr1	46654355	46685977	POMGNT1	0	-	31622
chr1	46252659	46501794	MAST2	0	+	249135
chr9	33025271	33039905	DNAJA1	0	+	14634
chr9	33104080	33167354	B4GALT1	0	-	63274
chr9	33264877	33282068	CHMP5	0	+	17191
chr9	33290510	33371155	NFX1	0	+	80645
chr11	49166644	49230190	FOLH1	0	-	63546
chr7	6061878	6098806	EIF2AK1	0	-	36928
chr7	26331482	26414003	SNX10	0	+	82521
chr10	13359428	13390298	SEPHS1	0	-	30870
chr16	230458	231178	HBQ1	0	+	720
chr5	150883653	150970892	FAT2	0	-	87239
chr5	150070354	150080639	RBM22	0	-	10285
chr12	124069080	124083129	TMED2	0	+	14049
chr15	80351910	80430735	ZFAND6	0	+	78825
chr16	82068609	82132139	HSD17B2	0	+	63530
chrX	16804555	16862642	TXLNG	0	+	58087
chrX	18694029	18846039	PPEF1	0	+	152010
chr7	73613982	73644164	LAT2	0	+	30182
chrX	53559057	53713673	HUWE1	0	-	154616
chr11	113603909	113644457	ZW10	0	-	40548
chr19	50936149	50969578	MYBPC2	0	+	33429
chr11	89057521	89231355	NOX4	0	-	173834
chr4	8368009	8442450	ACOX3	0	-	74441
chr11	95554930	95658479	MTMR2	0	-	103549
chr19	49375678	49379315	PPP1R15A	0	+	3637
chr19	49316275	49339767	HSD17B14	0	-	23492
chr7	100465009	100471076	TRIP6	0	+	6067
chr7	100487615	100494594	ACHE	0	-	6979
chr19	49468566	49470136	FTL	0	+	1570
chr7	100472725	100486285	SRRT	0	+	13560
chr19	49458072	49465055	BAX	0	+	6983
chr17	26368763	26523407	NLK	0	+	154644
chr5	178537854	178772462	ADAMTS2	0	-	234608
chr4	69313181	69363322	TMPRSS11E	0	+	50141
chr17	42269173	42277481	ATXN7L3	0	-	8308
chr5	176332006	176449634	UIMC1	0	-	117628
chr16	56995835	57017757	CETP	0	+	21922
chr16	55423612	55540603	MMP2	0	+	116991
chr16	56622986	56625000	MT3	0	+	2014
chr16	55542984	55620578	LPCAT2	0	+	77594
chr16	56225302	56391356	GNAO1	0	+	166054
chr4	2794798	2842825	SH3BP2	0	+	48027
chr4	2939660	2965133	NOP14	0	-	25473
chr4	2845571	2931803	ADD1	0	+	86232
chr14	50704281	50778947	L2HGDH	0	-	74666
chr14	52897314	53019240	TXNDC16	0	-	121926
chr14	52471527	52535777	NID2	0	-	64250
chr2	70056792	70108516	GMCL1	0	+	51724
chr11	65818200	65836779	SF3B2	0	+	18579
chr12	27932981	27955973	KLHL42	0	+	22992
chr20	57414773	57486247	GNAS	0	+	71474
chr12	32832134	32898584	DNM1L	0	+	66450
chr12	28111017	28125666	PTHLH	0	-	14649
chr20	58152564	58422766	PHACTR3	0	+	270202
chr20	55204362	55214339	TFAP2C	0	+	9977
chr20	54944445	54967393	AURKA	0	-	22948
chr20	54987168	55035443	CASS4	0	+	48275
chrX	15402921	15511687	PIR	0	-	108766
chr19	5993175	6199583	RFX2	0	-	206408
chr17	60501236	60530746	METTL2A	0	+	29510
chr19	49055429	49102682	SULT2B1	0	+	47253
chr1	63833246	63904224	ALG6	0	+	70978
chr19	54641465	54659419	CNOT3	0	+	17954
chr19	55525073	55549632	GP6	0	-	24559
chr2	120517498	120742475	PTPN4	0	+	224977
chr2	118572267	118589953	DDX18	0	+	17686
chr19	6413113	6424822	KHSRP	0	-	11709
chr19	3094360	3123997	GNA11	0	+	29637
chr1	23755056	23811061	ASAP3	0	-	56005
chr20	33703167	33735139	EDEM2	0	-	31972
chr20	31350191	31397165	DNMT3B	0	+	46974
chr20	30327074	30389608	TPX2	0	+	62534
chr20	34679426	34820721	EPB41L1	0	+	141295
chr13	99336055	99404926	SLC15A1	0	-	68871
chr13	99445683	99738879	DOCK9	0	-	293196
chr13	111530887	111567416	ANKRD10	0	-	36529
chr13	95226308	95248496	TGDS	0	-	22188
chr3	50712358	51421629	DOCK3	0	+	709271
chr16	57481337	57495182	COQ9	0	+	13845
chr3	12775027	12810956	TMEM40	0	-	35929
chr18	6729715	6915715	ARHGAP28	0	+	186000
chr14	104199532	104313912	PPP1R13B	0	-	114380
chr20	3451665	3631765	ATRN	0	+	180100
chr20	4101627	4168394	SMOX	0	+	66767
chr20	3667617	3693247	SIGLEC1	0	-	25630
chr20	1422807	1454487	NSFL1C	0	-	31680
chr20	3208063	3220205	SLC4A11	0	-	12142
chr20	3229952	3388316	DNAAF9	0	-	158364
chr20	2462463	2505348	ZNF343	0	-	42885
chr20	2673426	2740754	EBF4	0	+	67328
chr20	2774720	2781273	CPXM1	0	-	6553
chr20	3827446	3856770	MAVS	0	+	29324
chr20	3143263	3154195	LZTS3	0	-	10932
chr20	21283969	21370463	XRN2	0	+	86494
chr20	21106624	21227260	KIZ	0	+	120636
chr12	120907653	120936296	DYNLL1	0	+	28643
chr12	117476728	117537284	TESC	0	-	60556
chr20	1609798	1638425	SIRPG	0	-	28627
chr12	112280032	112340026	MAPKAPK5	0	+	59994
chr12	121570622	121625835	P2RX7	0	+	55213
chr20	13694969	13765565	ESF1	0	-	70596
chr20	18467184	18477869	RBBP9	0	-	10685
chr12	121746048	121837699	ANAPC5	0	-	91651
chr20	4833002	4990939	SLC23A2	0	-	157937
chr12	113736564	113797298	SLC8B1	0	-	60734
chr20	5048878	5093749	TMEM230	0	-	44871
chr20	18364011	18447925	DZANK1	0	-	83914
chr12	121866899	122018928	KDM2B	0	-	152029
chr20	20033158	20341347	CFAP61	0	+	308189
chr20	13370039	13619579	TASP1	0	-	249540
chr12	113343661	113371024	OAS1	0	+	27363
chr12	120565006	120632518	GCN1	0	-	67512
chr12	120634502	120639038	RPLP0	0	-	4536
chr12	120648242	120703574	PXN	0	-	55332
chr12	120740119	120751052	SIRT4	0	+	10933
chr20	16252749	16554093	KIF16B	0	-	301344
chr20	5917874	5931204	TRMT6	0	-	13330
chr20	5892156	5905999	CHGB	0	+	13843
chr12	118573929	118583389	PEBP1	0	+	9460
chr12	114791716	114846247	TBX5	0	-	54531
chr12	112079950	112123760	BRAP	0	-	43810
chr12	112451152	112461253	ERP29	0	+	10101
chr12	117645947	117889975	NOS1	0	-	244028
chr16	31191459	31202926	FUS	0	+	11467
chrX	69353297	69386174	IGBP1	0	+	32877
chr19	35645633	35660784	FXYD5	0	+	15151
chr19	35168544	35177302	ZNF302	0	+	8758
chr19	35485688	35517375	GRAMD1A	0	+	31687
chrX	65382513	65488709	HEPH	0	+	106196
chr16	4560670	4588829	CDIP1	0	-	28159
chr17	40308909	40333160	KCNH4	0	-	24251
chr11	62392298	62414198	GANAB	0	-	21900
chr19	19740285	19754466	GMIP	0	-	14181
chrX	106305115	106362053	RBM41	0	-	56938
chr17	76210267	76221717	BIRC5	0	+	11450
chr12	6881678	6887621	LAG3	0	+	5943
chr12	6857162	6876641	MLF2	0	-	19479
chr14	94514633	94547548	DDX24	0	-	32915
chr12	8229535	8250477	NECAP1	0	+	20942
chr19	4182686	4224811	ANKRD24	0	+	42125
chr10	127524906	127585005	DHX32	0	-	60099
chr14	103058986	103196898	RCOR1	0	+	137912
chr14	76618259	76720685	GPATCH2L	0	+	102426
chr19	41098789	41135723	LTBP4	0	+	36934
chr19	40953672	40971671	BLVRB	0	-	17999
chr1	27425300	27493472	SLC9A1	0	-	68172
chr9	94762369	94877695	SPTLC1	0	-	115326
chr14	96967770	97033453	PAPOLA	0	+	65683
chr3	51991470	52008032	PCBP4	0	-	16562
chr1	192544893	192549154	RGS1	0	+	4261
chr16	30103635	30108236	YPEL3	0	-	4601
chr7	140702410	140715028	MRPS33	0	-	12618
chr1	27226729	27273362	NUDC	0	+	46633
chr4	1283675	1333935	MAEA	0	+	50260
chr19	10381769	10397291	ICAM1	0	+	15522
chr12	66582975	66648402	IRAK3	0	+	65427
chr12	69742161	69748014	LYZ	0	+	5853
chr1	20825941	20834644	MUL1	0	-	8703
chr16	4307187	4323076	TFAP4	0	-	15889
chr15	65409717	65426146	PDCD7	0	-	16429
chr15	65255363	65282648	SPG21	0	-	27285
chr3	186353758	186370930	FETUB	0	+	17172
chr3	189674517	189840226	P3H2	0	-	165709
chr3	184097842	184108524	CHRD	0	+	10682
chr16	475649	573011	RAB11FIP3	0	+	97362
chr1	40026381	40042462	PABPC4	0	-	16081
chr19	8271620	8327305	CERS4	0	+	55685
chr1	22004791	22110099	USP48	0	-	105308
chrX	68048864	68062003	EFNB1	0	+	13139
chr16	70148235	70196440	PDPR	0	+	48205
chr16	74481325	74641042	GLG1	0	-	159717
chrX	69509954	69640736	KIF4A	0	+	130782
chr16	24621530	24838953	TNRC6A	0	+	217423
chr19	39903309	39919055	PLEKHG2	0	+	15746
chr19	39989535	39999121	DLL3	0	+	9586
chr19	55996555	55998935	NAT14	0	+	2380
chr12	123468027	123635637	PITPNM2	0	-	167610
chr4	56719814	56771252	EXOC1	0	+	51438
chr12	76745577	76953589	OSBPL8	0	-	208012
chr7	76090993	76135312	DTX2	0	+	44319
chr2	32449522	32490801	NLRC4	0	-	41279
chr7	105080108	105162718	PUS7	0	-	82610
chr7	107788068	108097161	NRCAM	0	-	309093
chr7	107564244	107643658	LAMB1	0	-	79414
chr7	107301273	107358254	SLC26A4	0	+	56981
chr7	107405912	107443670	SLC26A3	0	-	37758
chr18	54318574	54697042	WDR7	0	+	378468
chr3	3108008	3168297	IL5RA	0	-	60289
chr16	16243422	16317379	ABCC6	0	-	73957
chr2	173292082	173371187	ITGA6	0	+	79105
chr2	173600002	173917621	RAPGEF4	0	+	317619
chr2	173940163	174132743	MAP3K20	0	+	192580
chrX	21724096	21776234	SMPX	0	-	52138
chr1	241660811	241683099	FH	0	-	22288
chr4	25749055	25865382	SEL1L3	0	-	116327
chr3	133464884	133515485	TF	0	+	50601
chr3	133292530	133309105	CDV3	0	+	16575
chr17	18012070	18083116	MYO15A	0	+	71046
chr17	18086392	18113268	ALKBH5	0	+	26876
chr17	64208151	64252643	APOH	0	-	44492
chr17	5402735	5522744	NLRP1	0	-	120009
chr17	6354583	6459875	PITPNM3	0	-	105292
chr17	4862521	4871112	SPAG7	0	-	8591
chr16	46723555	46732306	ORC6	0	+	8751
chr8	77593474	77779517	ZFHX4	0	+	186043
chr7	130020180	130027955	CPA1	0	+	7775
chr7	129658127	129691291	ZC3HC1	0	-	33164
chr6	153325594	153452417	RGS17	0	-	126823
chr17	42088556	42101314	TMEM101	0	-	12758
chr3	112051194	112081659	CD200	0	+	30465
chr3	112315644	112368377	CCDC80	0	-	52733
chr14	24974559	24977471	CMA1	0	-	2912
chr14	24605372	24608176	PSME1	0	+	2804
chr14	24037247	24047999	JPH4	0	-	10752
chr14	23881949	23904869	MYH7	0	-	22920
chr14	23586245	23589465	CEBPE	0	-	3220
chr14	23594504	23652883	SLC7A8	0	-	58379
chr14	20914560	20923248	OSGEP	0	-	8688
chr14	23815523	23822121	SLC22A17	0	-	6598
chr14	31091497	31206900	SCFD1	0	+	115403
chr14	31028364	31089270	G2E3	0	+	60906
chr14	31569323	31677010	HECTD1	0	-	107687
chr14	21677295	21737653	HNRNPC	0	-	60358
chr14	21748242	21819460	RPGRIP1	0	+	71218
chr14	21819635	21852178	SUPT16H	0	-	32543
chr14	21944756	21967319	TOX4	0	+	22563
chr14	39583489	39606177	GEMIN2	0	+	22688
chr14	24718320	24733638	TGM1	0	-	15318
chr5	115779251	115910519	SEMA6A	0	-	131268
chr15	50844670	50978994	TRPM7	0	-	134324
chr15	41849873	41875787	TYRO3	0	+	25914
chr15	44119178	44160610	WDR76	0	+	41432
chr15	42783431	42837554	SNAP23	0	+	54123
chr1	119425669	119532179	TBX15	0	-	106510
chr1	120191034	120286841	PHGDH	0	+	95807
chr20	61447596	61472511	COL9A3	0	+	24915
chr6	159186773	159240400	EZR	0	-	53627
chr1	36335409	36396133	AGO1	0	+	60724
chr1	36549695	36553876	TEKT2	0	+	4181
chr1	36185819	36235579	CLSPN	0	-	49760
chr17	73823306	73840866	UNC13D	0	-	17560
chr17	74731947	74777531	MFSD11	0	+	45584
chr8	26371547	26515694	DPYSL2	0	+	144147
chr1	218518678	218617961	TGFB2	0	+	99283
chr1	217600334	217804432	GPATCH2	0	-	204098
chr22	45559806	45583898	NUP50	0	+	24092
chr22	19466980	19508135	CDC45	0	+	41155
chr22	17659680	17739125	ADA2	0	-	79445
chr6	127609857	127664754	ECHDC1	0	-	54897
chr3	37094117	37225180	LRRFIP2	0	-	131063
chr3	42589461	42642572	SEC22C	0	-	53111
chr3	38388251	38462839	XYLB	0	+	74588
chrX	48659784	48683392	HDAC6	0	+	23608
chr5	170190354	170241051	GABRP	0	+	50697
chr17	39549973	39553860	KRT31	0	-	3887
chr17	38444131	38460909	CDC6	0	+	16778
chrX	74376223	74524720	UPRT	0	+	148497
chr5	137523339	137549032	CDC23	0	-	25693
chr12	53701240	53718648	AAAS	0	-	17408
chr12	54624726	54673917	CBX5	0	-	49191
chr1	171154388	171181825	FMO2	0	+	27437
chr1	172501489	172580973	SUCO	0	+	79484
chr2	47630206	47890285	MSH2	0	+	260079
chr5	56111376	56191979	MAP3K1	0	+	80603
chr19	12873817	12983554	HOOK2	0	-	109737
chr11	118443105	118473748	ARCN1	0	+	30643
chr9	111934254	112083339	EPB41L4B	0	-	149085
chr9	108456822	108538910	TMEM38B	0	+	82088
chr9	123577774	123605229	PSMD5	0	-	27455
chr9	125132809	125157982	PTGS1	0	+	25173
chr9	131709978	131769375	NUP188	0	+	59397
chr9	130500596	130540989	SH2D3C	0	-	40393
chr9	100961293	101017931	TBC1D2	0	-	56638
chr9	117164360	117267753	WHRN	0	-	103393
chr10	95372294	95425767	PDE6C	0	+	53473
chr10	101992055	102027437	CWF19L1	0	-	35382
chr10	93683527	93791194	BTAF1	0	+	107667
chr10	97948927	98031344	BLNK	0	-	82417
chr10	98124365	98273683	TLL2	0	-	149318
chr10	94833232	94837642	CYP26A1	0	+	4410
chr10	115939029	115992425	TDRD1	0	+	53396
chr10	97071528	97321171	SORBS1	0	-	249643
chr10	99624757	99790585	CRTAC1	0	-	165828
chr10	28966439	28971861	BAMBI	0	+	5422
chr19	55875750	55881831	IL11	0	-	6081
chr10	26223158	26501461	MYO3A	0	+	278303
chr10	28821422	28912041	WAC	0	+	90619
chr16	1306060	1309009	TPSD1	0	+	2949
chr19	3473984	3480523	SMIM24	0	-	6539
chr6	12008995	12165232	HIVEP1	0	+	156237
chr6	41126244	41130924	TREM2	0	-	4680
chr6	49695089	49712150	CRISP3	0	-	17061
chr6	35541362	35696360	FKBP5	0	-	154998
chr6	35800743	35889119	SRPK1	0	-	88376
chr6	36164521	36200567	BRPF3	0	+	36046
chr6	41704449	41721847	PGC	0	-	17398
chr6	52535911	52551386	TMEM14A	0	+	15475
chr6	52226921	52394684	EFHC1	0	+	167763
chr6	44213903	44221625	HSP90AB1	0	+	7722
chr6	44355443	44418162	CDC5L	0	+	62719
chr6	33588142	33664351	ITPR3	0	+	76209
chr6	27418522	27440897	ZNF184	0	-	22375
chr6	7541850	7586947	DSP	0	+	45097
chr10	69644414	69678147	SIRT1	0	+	33733
chr9	26947037	27066132	IFT74	0	+	119095
chr9	4984390	5129948	JAK2	0	+	145558
chr9	133588403	133763062	ABL1	0	+	174659
chr1	6324329	6453827	ACOT7	0	-	129498
chr1	87170253	87213867	SH3GLB1	0	+	43614
chr1	91966408	91991321	CDC7	0	+	24913
chr1	85622572	85667407	SYDE2	0	-	44835
chr9	78505560	78977891	PCSK5	0	+	472331
chr10	102106990	102124583	SCD	0	+	17593
chr10	116190871	116527820	ABLIM1	0	-	336949
chr10	27793103	27832136	RAB18	0	+	39033
chr10	33466420	33625190	NRP1	0	-	158770
chr10	25137543	25241535	PRTFDC1	0	-	103992
chr1	100111669	100160097	PALMD	0	+	48428
chr10	71211221	71267422	TSPAN15	0	+	56201
chr10	71812300	71872038	MACROH2A2	0	+	59738
chr10	51827648	51893269	WASHC2A	0	+	65621
chr19	18208588	18262502	MAST3	0	+	53914
chr19	59073298	59084942	MZF1	0	-	11644
chr19	17337022	17340028	OCEL1	0	+	3006
chr19	17186587	17325346	MYO9B	0	+	138759
chr19	38810485	38822716	KCNK6	0	+	12231
chr19	38826415	38861583	CATSPERG	0	+	35168
chr19	38865203	38874490	PSMD8	0	+	9287
chr16	30934376	30960104	FBXL19	0	+	25728
chr16	31000577	31021959	STX1B	0	-	21382
chr16	30996528	31000468	HSD3B7	0	+	3940
chr16	30969075	30995985	SETD1A	0	+	26910
chr16	30844947	30905623	BCL7C	0	-	60676
chr19	1285872	1301430	EFNA2	0	+	15558
chr19	1259383	1274879	CIRBP	0	+	15496
chr19	1241745	1244824	ATP5F1D	0	+	3079
chr19	8509651	8553998	HNRNPM	0	+	44347
chr19	8478154	8503901	MARCHF2	0	+	25747
chr19	14676890	14682878	NDUFB7	0	-	5988
chr19	14627897	14676792	TECR	0	+	48895
chr19	531760	542092	CDC34	0	+	10332
chr9	21802635	21937650	MTAP	0	+	135015
chr19	751112	764318	MISP	0	+	13206
chr14	105331605	105363084	CEP170B	0	+	31479
chr19	617221	633537	POLRMT	0	-	16316
chr19	589881	617159	HCN2	0	+	27278
chr11	616577	626078	CDHR5	0	-	9501
chr11	560404	564025	RASSF7	0	+	3621
chr19	2476120	2478257	GADD45B	0	+	2137
chr19	708935	748329	PALM	0	+	39394
chr19	489176	505343	MADCAM1	0	+	16167
chr19	2037464	2051243	MKNK2	0	-	13779
chr22	19957419	20004346	ARVCF	0	-	46927
chr22	20103461	20114878	RANBP1	0	+	11417
chr22	20116979	20135530	ZDHHC8	0	+	18551
chr22	20795806	20850131	KLHL22	0	-	54325
chr22	20850200	20941919	MED15	0	+	91719
chr22	21271695	21308035	CRKL	0	+	36340
chr22	21336558	21353321	LZTR1	0	+	16763
chr22	24110413	24126503	MMP11	0	+	16090
chr22	17840839	18037852	CECR2	0	+	197013
chr22	24129118	24180196	SMARCB1	0	+	51078
chr22	21364097	21382302	P2RX6	0	+	18205
chr22	21383007	21387129	SLC7A4	0	-	4122
chr22	18111621	18213621	BCL2L13	0	+	102000
chr22	30658818	30662840	OSM	0	-	4022
chr22	24407642	24574596	CABIN1	0	+	166954
chr22	30687979	30722936	TBC1D10A	0	-	34957
chr22	24577455	24585074	SUSD2	0	+	7619
chr22	30727977	30752908	SF3A1	0	-	24931
chr22	24615622	24641076	GGT5	0	-	25454
chr22	30764800	30817760	RNF215	0	-	52960
chr22	24890075	24924358	UPB1	0	+	34283
chr22	22051825	22090083	YPEL1	0	-	38258
chr22	30972612	31003070	PES1	0	-	30458
chr22	22113946	22221970	MAPK1	0	-	108024
chr22	22273798	22307220	PPM1F	0	-	33422
chr22	31031768	31065003	SLC35E4	0	+	33235
chr22	22311397	22337210	TOP3B	0	-	25813
chr22	25595825	25603326	CRYBB3	0	+	7501
chr22	37678068	37711382	CYTH4	0	+	33314
chr22	19117792	19132197	ESS2	0	-	14405
chr22	37865101	37882431	MFNG	0	-	17330
chr22	37886400	37915549	CARD10	0	-	29149
chr22	19163094	19166252	SLC25A1	0	-	3158
chr22	25960642	26125261	GRK3	0	+	164619
chr22	31530793	31536494	PLA2G3	0	-	5701
chr22	37966255	37978623	LGALS2	0	-	12368
chr22	38004732	38029571	GGA1	0	+	24839
chr22	19318221	19434973	HIRA	0	-	116752
chr22	38071643	38075809	LGALS1	0	+	4166
chr22	26839073	26879897	HPS4	0	-	40824
chr22	31677580	31688520	PIK3IP1	0	-	10940
chr22	31721790	31742332	PATZ1	0	-	20542
chr22	38093055	38172563	TRIOBP	0	+	79508
chr22	26887191	26908471	TFIP11	0	-	21280
chr22	38203912	38213183	GCAT	0	+	9271
chr22	26995242	27013991	CRYBB1	0	-	18749
chr22	38244875	38285414	EIF3L	0	+	40539
chr22	42069937	42086508	SNU13	0	-	16571
chr22	38301664	38338829	MICALL1	0	+	37165
chr22	38348614	38437922	POLR2F	0	+	89308
chr22	42196683	42228168	CCDC134	0	+	31485
chr22	38452318	38471708	PICK1	0	+	19390
chr22	28374002	29075828	TTC28	0	-	701826
chr22	38474141	38480191	SLC16A8	0	-	6050
chr22	42334741	42343156	CENPM	0	-	8415
chr22	42365447	42394225	SEPTIN3	0	+	28778
chr22	32439248	32509016	SLC5A1	0	+	69768
chr22	32614451	32651334	SLC5A4	0	-	36883
chr22	42522501	42526867	CYP2D6	0	-	4366
chr22	38879443	38903665	DDX17	0	-	24222
chr22	38914953	38966209	DMC1	0	-	51256
chr22	42556019	42739622	TCF20	0	-	183603
chr22	39052641	39069859	CBY1	0	+	17218
chr22	39077962	39081426	TOMM22	0	+	3464
chr22	23401593	23487208	RSPH14	0	-	85615
chr22	29190543	29196585	XBP1	0	-	6042
chr22	32783569	32808235	RTCB	0	-	24666
chr22	39081548	39097561	JOSD1	0	-	16013
chr22	32870663	32894816	FBXO7	0	+	24153
chr22	23487553	23507850	RAB36	0	+	20297
chr22	50781733	50883519	PPP6R2	0	+	101786
chr22	39129295	39190148	SUN2	0	-	60853
chr22	43011736	43116876	CYB5R3	0	-	105140
chr22	29454660	29457819	C22orf31	0	-	3159
chr22	50925213	50929077	MIOX	0	+	3864
chr22	50941378	50946131	LMF2	0	-	4753
chr22	43231418	43411155	PACSIN2	0	-	179737
chr22	43435522	43485425	TTLL1	0	-	49903
chr22	29708922	29715668	RASL10A	0	-	6746
chr22	29723669	29784572	AP1B1	0	-	60903
chr22	35653445	35691800	HMGXB4	0	+	38355
chr22	35695268	35743985	TOM1	0	+	48717
chr22	29876207	29887379	NEFH	0	+	11172
chr22	51017388	51039884	CHKB	0	-	22496
chr22	43506756	43525718	BIK	0	+	18962
chr22	35776354	35790207	HMOX1	0	+	13853
chr22	43528215	43539404	MCAT	0	-	11189
chr22	29901868	29951205	THOC5	0	-	49337
chr22	35796127	35821424	MCM5	0	+	25297
chr22	39493229	39500072	APOBEC3H	0	+	6843
chr22	51061182	51066601	ARSA	0	-	5419
chr22	43547553	43559248	TSPO	0	+	11695
chr22	35936878	35950046	RASD2	0	+	13168
chr22	43562628	43583140	TTLL12	0	-	20512
chr22	39516172	39548685	CBX7	0	-	32513
chr22	39619364	39640987	PDGFB	0	-	21623
chr22	51176624	51183767	ACR	0	+	7143
chr22	39708887	39716394	RPL3	0	-	7507
chr22	30126945	30163000	ZMAT5	0	-	36055
chr22	36134783	36424872	RBFOX2	0	-	290089
chr22	39745930	39781580	SYNGR1	0	+	35650
chr22	39795783	39833065	TAB1	0	+	37282
chr22	30184598	30234293	ASCC2	0	-	49695
chr22	30279158	30426857	MTMR3	0	+	147699
chr22	39895437	39914137	MIEF1	0	+	18700
chr22	36585172	36600886	APOL4	0	-	15714
chr22	44275558	44287893	PNPLA5	0	-	12335
chr22	36649117	36663576	APOL1	0	+	14459
chr22	36677326	36784055	MYH9	0	-	106729
chr22	39966758	40085740	CACNA1I	0	+	118982
chr22	36863093	36877687	TXN2	0	-	14594
chr22	36883237	36903268	FOXRED2	0	-	20031
chr22	40297088	40369725	GRAP2	0	+	72637
chr22	36906902	36925231	EIF3D	0	-	18329
chr22	40440821	40731812	TNRC6B	0	+	290991
chr22	37154246	37172300	IFT27	0	-	18054
chr22	37196728	37215523	PVALB	0	-	18795
chr22	45588125	45636775	KIAA0930	0	-	48650
chr22	37257030	37274059	NCF4	0	+	17029
chr22	37309670	37336481	CSF2RB	0	+	26811
chr22	41165634	41215403	SLC25A17	0	-	49769
chr22	45680830	45691755	UPK3A	0	+	10925
chr22	45704849	45737836	FAM118A	0	+	32987
chr22	37447779	37459430	KCTD17	0	+	11651
chr22	41220539	41252643	ST13	0	-	32104
chr22	37514706	37571158	IL2RB	0	-	56452
chr22	41347351	41369313	RBX1	0	+	21962
chr22	41488596	41576081	EP300	0	+	87485
chr22	41601286	41627275	L3MBTL2	0	+	25989
chr22	41640783	41682191	RANGAP1	0	-	41408
chr22	41697529	41756151	ZC3H7B	0	+	58622
chr22	41843834	41925277	ACO2	0	+	81443
chr22	46726772	46753237	TRMU	0	+	26465
chr22	41994032	42017047	DESI1	0	-	23015
chr22	47080307	47134149	CERK	0	-	53842
chr22	50166931	50221521	BRD1	0	-	54590
chr22	50247492	50283728	ZBED4	0	+	36236
chr22	50497820	50523855	MLC1	0	-	26035
chr14	88646447	88793251	KCNK10	0	-	146804
chr14	23067199	23081869	ABHD4	0	+	14670
chr14	24898492	24911049	KHNYN	0	+	12557
chr14	25042724	25045456	CTSG	0	-	2732
chr14	25075686	25078905	GZMH	0	-	3219
chr14	25100160	25103473	GZMB	0	-	3313
chr14	23362413	23388391	RBM23	0	-	25978
chr14	23389734	23398617	PRMT5	0	-	8883
chr14	50110273	50155140	POLE2	0	-	44867
chr14	50575350	50583318	VCPKMT	0	-	7968
chr14	50583848	50698296	SOS2	0	-	114448
chr14	50792983	50883179	CDKL1	0	-	90196
chr14	51186481	51297880	NIN	0	-	111399
chr14	51324609	51411201	PYGL	0	-	86592
chr14	51441980	51562779	TRIM9	0	-	120799
chr14	53173896	53195308	PSMC6	0	+	21412
chr14	53241911	53258386	GNPNAT1	0	-	16475
chr14	53503463	53620041	DDHD1	0	-	116578
chr14	54863567	54886936	CDKN3	0	+	23369
chr14	54890279	54908109	CNIH1	0	-	17830
chr14	54976530	55006010	CGRRF1	0	+	29480
chr14	57936018	57960585	CCDC198	0	-	24567
chr14	67853701	67878884	PLEK2	0	-	25183
chr14	68048672	68067003	PIGH	0	-	18331
chr14	77292715	77336647	LRRC74A	0	+	43932
chr14	77787339	77797940	GSTZ1	0	+	10601
chr14	58894103	59018015	KIAA0586	0	+	123912
chr14	77801372	77843437	TMED8	0	-	42065
chr14	59655364	59838123	DAAM1	0	+	182759
chr14	77940737	77965159	ISM2	0	-	24422
chr14	77972340	78082980	SPTLC2	0	-	110640
chr14	92980125	93155339	RIN3	0	+	175214
chr14	93170152	93215024	LGMN	0	-	44872
chr14	78138747	78174366	ALKBH1	0	-	35619
chr14	93389495	93401630	CHGA	0	+	12135
chr14	93403259	93582665	ITPK1	0	-	179406
chr14	60712470	60765805	PPM1A	0	+	53335
chr14	61176257	61191069	SIX4	0	-	14812
chr14	69725994	69823750	GALNT16	0	+	97756
chr14	94400512	94443085	ASB2	0	-	42573
chr14	80943326	81425861	CEP128	0	-	482535
chr14	62162231	62214977	HIF1A	0	+	52746
chr14	70078313	70181861	SUSD6	0	+	103548
chr14	70193617	70238722	SRSF5	0	+	45105
chr14	70242133	70263958	SLC10A1	0	-	21825
chr14	103799881	103811362	EIF5	0	+	11481
chr14	95552565	95624347	DICER1	0	-	71782
chr14	64854749	64930175	MTHFD1	0	+	75426
chr14	71374122	71582099	PCNX1	0	+	207977
chr14	96829789	96853625	GSKIP	0	+	23836
chr14	97263641	97421183	VRK1	0	+	157542
chr14	73704205	73741348	PAPLN	0	+	37143
chr14	91314205	91526985	RPS6KA5	0	-	212780
chr14	91923852	91976898	PPP4R3A	0	-	53046
chr14	23455103	23479375	C14orf93	0	-	24272
chr14	23485752	23504439	PSMB5	0	-	18687
chr14	100704635	100749125	YY1	0	+	44490
chr14	23527773	23564823	ACIN1	0	-	37050
chr14	20779527	20801471	CCNB1IP1	0	-	21944
chr14	92432335	92507240	TRIP11	0	-	74905
chr14	23825612	23834961	EFS	0	-	9349
chr14	32545320	32628934	ARHGAP5	0	+	83614
chr14	24099324	24114848	DHRS2	0	+	15524
chr14	35451163	35498892	SRP54	0	+	47729
chr14	21853353	21924285	CHD8	0	-	70932
chr14	35870285	35873955	NFKBIA	0	-	3670
chr14	36295544	36401531	BRMS1L	0	+	105987
chr14	39501123	39578850	SEC23A	0	-	77727
chr14	24701628	24708448	GMPR2	0	+	6820
chr14	39644387	39652424	PNN	0	+	8037
chr14	24734744	24740817	RABGGTA	0	-	6073
chr14	24834879	24848810	NFATC4	0	+	13931
chr20	44527260	44540794	PLTP	0	-	13534
chr20	44563322	44576662	PCIF1	0	+	13340
chr20	44637547	44645200	MMP9	0	+	7653
chr20	25051521	25062777	VSX1	0	-	11256
chr20	33590207	33680610	TRPC4AP	0	-	90403
chr20	25275378	25371471	ABHD12	0	-	96093
chr20	25433333	25566167	NINL	0	-	132834
chr20	44746910	44758502	CD40	0	+	11592
chr20	33890369	33999834	UQCC1	0	-	109465
chr20	45837859	45985633	ZMYND8	0	-	147774
chr20	42187608	42216877	SGK2	0	+	29269
chr20	42219577	42275939	IFT52	0	+	56362
chr20	42295659	42345135	MYBL2	0	+	49476
chr20	35280169	35374493	NDRG3	0	-	94324
chr20	50003494	50179370	NFATC2	0	-	175876
chr20	43380449	43439187	RIMS4	0	-	58738
chr20	43538701	43587676	PABPC1L	0	+	48975
chr20	43595135	43708662	STK4	0	+	113527
chr20	50398870	50419060	SALL4	0	-	20190
chr20	49505453	49547974	ADNP	0	-	42521
chr20	52824626	52844591	PFDN4	0	+	19965
chr20	53092132	53267708	DOK5	0	+	175576
chr20	54967427	54981418	CSTF1	0	+	13991
chr20	55743809	55841697	BMP7	0	-	97888
chr20	55926279	55954267	RAE1	0	+	27988
chr20	62496581	62522898	TPD52L2	0	+	26317
chr20	62526479	62567384	DNAJC5	0	+	40905
chr20	57560741	57583293	CTSZ	0	-	22552
chr20	62612485	62664453	PRPF6	0	+	51968
chr20	57594484	57601709	TUBB1	0	+	7225
chr20	57608200	57617864	PRELID3B	0	-	9664
chr20	60758084	60778624	MTG2	0	+	20540
chr20	60711789	60718496	PSMA7	0	-	6707
chr20	61273855	61317137	SLCO4A1	0	+	43282
chr20	61340188	61394123	NTSR1	0	+	53935
chr20	61427825	61433081	MRGBP	0	+	5256
chr20	61509090	61569304	DIDO1	0	-	60214
chr20	61569499	61579827	GID8	0	+	10328
chr20	61584059	61600937	SLC17A9	0	+	16878
chr20	61867235	61871847	BIRC7	0	+	4612
chr20	61872136	61904046	NKAIN4	0	-	31910
chr20	61904137	61921142	ARFGAP1	0	+	17005
chr20	62119366	62130592	EEF1A2	0	-	11226
chr20	62159354	62168729	PTK6	0	-	9375
chr20	62218955	62258454	GMEB2	0	-	39499
chr20	3734155	3748428	C20orf27	0	-	14273
chr20	3758151	3762095	SPEF1	0	-	3944
chr20	3767419	3786768	CDC25B	0	+	19349
chr20	13201921	13281298	ISM1	0	+	79377
chr20	3907956	3996205	RNF24	0	-	88249
chr20	13765653	13802226	NDUFAF5	0	+	36573
chr20	343479	378203	TRIB3	0	+	34724
chr20	4760669	4804254	RASSF2	0	-	43585
chr20	453142	524479	CSNK2A1	0	-	71337
chr20	740724	756658	SLC52A3	0	-	15934
chr20	850543	896977	ANGPT4	0	-	46434
chr20	939095	982954	RSPO4	0	-	43859
chr20	5107525	5178533	CDS2	0	+	71008
chr20	30102213	30165726	HM13	0	+	63513
chr20	30407111	30422492	MYLK2	0	+	15381
chr20	18488164	18542059	SEC23B	0	+	53895
chr20	6055492	6103861	FERMT1	0	-	48369
chr20	7863632	7921105	HAO1	0	-	57473
chr20	30598241	30619983	CCM2L	0	+	21742
chr20	9048472	9485240	PLCB4	0	+	436768
chr20	35169900	35179850	MYL9	0	+	9950
chr20	30640000	30689659	HCK	0	+	49659
chr20	30697517	30755061	TM9SF4	0	+	57544
chr20	30795683	30826461	POFUT1	0	+	30778
chr20	35518632	35580296	SAMHD1	0	-	61664
chr20	9518017	9819724	PAK5	0	-	301707
chr20	30865454	30922814	KIF3B	0	+	57360
chr20	35729629	35807991	MROH8	0	-	78362
chr20	2633239	2639039	NOP56	0	+	5800
chr20	35918052	35945663	MANBAL	0	+	27611
chr20	2639041	2644865	IDH3B	0	-	5824
chr20	31407760	31438211	MAPRE1	0	+	30451
chr20	10618332	10654647	JAG1	0	-	36315
chr20	31946645	31989367	CDK5RAP1	0	-	42722
chr20	31995763	32031569	SNTA1	0	-	35806
chr20	3052266	3053163	OXT	0	+	897
chr20	36611409	36661863	TTI1	0	-	50454
chr20	32263283	32274191	E2F1	0	-	10908
chr20	36662127	36756182	RPRD1B	0	+	94055
chr20	32290564	32308125	PXMP4	0	-	17561
chr20	32399154	32442172	CHMP4B	0	+	43018
chr20	36932552	36965907	BPI	0	+	33355
chr20	23607343	23619110	CST3	0	-	11767
chr20	32782375	32857150	ASIP	0	+	74775
chr20	23666277	23669675	CST4	0	-	3398
chr20	37377103	37401163	ACTR5	0	+	24060
chr20	44098393	44110172	WFDC2	0	+	11779
chr20	32868074	32899608	AHCY	0	-	31534
chr20	37434340	37551667	PPP1R16B	0	+	117327
chr20	37554955	37581749	FAM83D	0	+	26794
chr20	37590942	37668366	DHX35	0	+	77424
chr20	44420593	44440066	DNTTIP1	0	+	19473
chr20	33134658	33148149	MAP1LC3A	0	+	13491
chr20	24450265	24647252	SYNDIG1	0	+	196987
chr20	33148346	33286594	PIGU	0	-	138248
chr20	44451853	44462384	TNNC2	0	-	10531
chr20	44470360	44486044	ACOT8	0	-	15684
chr20	24943561	24973387	APMAP	0	-	29826
chr18	34823003	35145790	CELF4	0	-	322787
chr18	74069637	74207198	ZNF516	0	-	137561
chr18	59000663	59223012	CDH20	0	+	222349
chr18	77867146	77905406	ADNP2	0	+	38260
chr18	158383	214629	USP14	0	+	56246
chr18	9914013	9960018	VAPA	0	+	46005
chr18	2537524	2571508	METTL4	0	-	33984
chr18	2885294	3013142	LPIN2	0	-	127848
chr18	2655725	2805015	SMCHD1	0	+	149290
chr18	3066805	3219966	MYOM1	0	-	153161
chr18	3247479	3256234	MYL12A	0	+	8755
chr18	12661832	12702776	CEP76	0	-	40944
chr18	44247784	44339220	ST8SIA5	0	-	91436
chr18	12991361	13125051	CEP192	0	+	133690
chr18	46446223	46477335	SMAD7	0	-	31112
chr18	47087069	47125555	LIPG	0	+	38486
chr18	6941741	7117796	LAMA1	0	-	176055
chr18	29598788	29653182	RNF125	0	+	54394
chr18	9136226	9285983	ANKRD12	0	+	149757
chr18	31431064	31804916	NOL4	0	-	373852
chr18	51795887	51847636	POLI	0	+	51749
chr18	19284918	19450914	MIB1	0	+	165996
chr18	20378224	20606451	RBBP8	0	+	228227
chr18	21033251	21066567	RIOK3	0	+	33316
chrX	100075348	100096509	CSTF2	0	+	21161
chrX	103294523	103297021	H2BW2	0	+	2498
chrX	3226606	3264693	MXRA5	0	-	38087
chrX	107288200	107322414	VSIG1	0	+	34214
chrX	107327437	107334779	PSMD10	0	-	7342
chrX	107334898	107397901	ATG4A	0	+	63003
chrX	7065278	7772399	STS	0	+	707121
chrX	9431360	9709077	TBL1X	0	+	277717
chrX	118370208	118378429	PGRMC1	0	+	8221
chrX	24711990	25015103	POLA1	0	+	303113
chrX	10413350	10851773	MID1	0	-	438423
chrX	119243009	119249823	RHOXF1	0	-	6814
chrX	108779010	108787927	NXT2	0	+	8917
chrX	110909039	111003877	ALG13	0	+	94838
chrX	12809474	12842341	PRPS2	0	+	32867
chrX	12924739	12941288	TLR8	0	+	16549
chrX	134021662	134049287	MOSPD1	0	-	27625
chrX	109437414	109683546	AMMECR1	0	-	246132
chrX	109917084	110039047	CHRDL1	0	-	121963
chrX	48448430	48467257	WDR13	0	+	18827
chrX	48553945	48567407	SUV39H1	0	+	13462
chrX	122993562	123047822	XIAP	0	+	54260
chrX	138808505	139027435	ATP11C	0	-	218930
chrX	138663929	138790375	MCF2	0	-	126446
chrX	152990311	153010209	ABCD1	0	+	19898
chrX	49061523	49089833	CACNA1F	0	-	28310
chrX	49044268	49056677	SYP	0	-	12409
chrX	114795501	114885181	PLS3	0	+	89680
chrX	153194678	153200533	NAA10	0	-	5855
chrX	153200722	153210139	RENBP	0	-	9417
chrX	129197930	129244691	ELF4	0	-	46761
chrX	128580478	128657477	SMARCA1	0	-	76999
chrX	63487961	63615332	MTMR8	0	-	127371
chrX	15253410	15288589	ASB9	0	-	35179
chrX	64254668	64727767	ZC3H12B	0	+	473099
chrX	48818639	48828251	KCND1	0	-	9612
chrX	129473862	129507335	SLC25A14	0	+	33473
chrX	146993437	147032645	FMR1	0	+	39208
chrX	48770459	48776301	PIM2	0	-	5842
chrX	18257433	18372808	SCML2	0	-	115375
chrX	48747480	48760679	PQBP1	0	+	13199
chrX	48689506	48694012	PCSK1N	0	-	4506
chrX	153607633	153609934	EMD	0	+	2301
chrX	153639860	153650065	TAFAZZIN	0	+	10205
chrX	102192200	102193228	RAB40AL	0	+	1028
chrX	77166236	77384792	PGK1	0	+	218556
chrX	48644948	48652718	GATA1	0	+	7770
chrX	77081244	77154768	MAGT1	0	-	73524
chrX	21958827	22012955	SMS	0	+	54128
chrX	22050443	22512830	PHEX	0	+	462387
chrX	153712056	153714954	UBL4A	0	-	2898
chrX	149934809	150067289	CD99L2	0	-	132480
chr12	93164413	93323107	EEA1	0	-	158694
chrX	46696478	46741793	RP2	0	+	45315
chrX	46771711	46920641	JADE3	0	+	148930
chrX	47077259	47089396	CDK16	0	+	12137
chrX	47092265	47107727	USP11	0	+	15462
chrX	24576204	24690794	PCYT1B	0	-	114590
chrX	135579238	135594505	HTATSF1	0	+	15267
chrX	135614374	135638966	VGLL1	0	+	24592
chrX	135730317	135742549	CD40LG	0	+	12232
chrX	86772412	86925050	KLHL4	0	+	152638
chrX	151121596	151143152	GABRE	0	-	21556
chrX	91034260	91878229	PCDH11X	0	+	843969
chrX	54471887	54522667	FGD1	0	-	50780
chrX	48367347	48379202	PORCN	0	+	11855
chrX	54775351	54824688	ITIH6	0	-	49337
chrX	54834032	54842448	MAGED2	0	+	8416
chrX	48432837	48439550	RBM3	0	+	6713
chrX	56258789	56317964	KLF8	0	+	59175
chrX	99926780	99987110	SYTL4	0	-	60330
chrX	74588262	74743337	ZDHHC15	0	-	155075
chrX	100353177	100421115	CENPI	0	+	67938
chrX	100474758	100519491	DRP2	0	+	44733
chrX	100523241	100548045	TAF7L	0	-	24804
chrX	75392875	75398149	PBDC1	0	+	5274
chrX	100877787	100882833	ARMCX3	0	+	5046
chrX	102470036	102472174	BEX4	0	+	2138
chr13	46908816	47012325	RUBCNL	0	-	103509
chr13	101706128	102068859	NALCN	0	-	362731
chr13	102363154	103054807	FGF14	0	-	691653
chr13	47405681	47471211	HTR2A	0	-	65530
chr13	80055290	80130212	NDFIP2	0	+	74922
chr13	108903588	108960832	TNFSF13B	0	+	57244
chr13	49550048	49783915	FNDC3A	0	+	233867
chr13	49794474	49796513	MLNR	0	+	2039
chr13	49822061	49867621	CDADC1	0	+	45560
chr13	49882786	50018200	CAB39L	0	-	135414
chr13	73629114	73651679	KLF5	0	+	22565
chr13	96329393	96447242	DNAJC3	0	+	117849
chr13	96453834	96705736	UGGT2	0	-	251902
chr13	111766906	111958084	ARHGEF7	0	+	191178
chr13	22245212	22278637	FGF9	0	+	33425
chr13	24995069	25086916	PARP4	0	-	91847
chr13	37583449	37633850	SUPT20H	0	-	50401
chr13	41303264	41345326	MRPS31	0	-	42062
chr13	41363548	41386596	SLC25A15	0	+	23048
chr13	50273456	50366818	KPNA3	0	-	93362
chr13	28874483	29069282	FLT1	0	-	194799
chr13	42031686	42045007	RGCC	0	+	13321
chr13	42140971	42535256	VWA8	0	-	394285
chr13	42614172	42830714	DGKH	0	+	216542
chr13	30776767	30881688	KATNAL1	0	-	104921
chr13	51928213	52028400	INTS6	0	-	100187
chr13	52342129	52378299	DHRS12	0	-	36170
chr13	31480408	31499709	MEDAG	0	+	19301
chr13	45006279	45151283	TSC22D1	0	-	145004
chr13	53602948	53626192	OLFM4	0	+	23244
chr16	810734	818865	MSLN	0	+	8131
chr16	4666494	4740975	MGRN1	0	+	74481
chr16	30789777	30798526	ZNF629	0	-	8749
chr16	67188088	67193812	TRADD	0	-	5724
chr16	67198584	67203848	HSF4	0	+	5264
chr16	30194148	30200397	CORO1A	0	+	6249
chr16	30125426	30134827	MAPK3	0	-	9401
chr16	30116131	30124858	GDPD3	0	-	8727
chr16	67233014	67237932	ELMO3	0	+	4918
chr16	67880785	67906470	NUTF2	0	+	25685
chr16	56764030	56884198	NUP93	0	+	120168
chr16	67840668	67866051	TSNAXIP1	0	+	25383
chr16	69598997	69738569	NFAT5	0	+	139572
chr16	48278211	48397033	LONP2	0	+	118822
chr16	48572637	48654059	N4BP1	0	-	81422
chr16	49311828	49315749	CBLN1	0	-	3921
chr16	57282459	57318584	PLLP	0	-	36125
chr16	49521435	49891830	ZNF423	0	-	370395
chr16	57392695	57400101	CCL22	0	+	7406
chr16	72042487	72061563	DHODH	0	+	19076
chr16	57438679	57449975	CCL17	0	+	11296
chr16	67596370	67673080	CTCF	0	+	76710
chr16	67694849	67696677	PARD6A	0	+	1828
chr16	58059658	58080805	MMP15	0	+	21147
chr16	58033450	58055522	USB1	0	+	22072
chr16	69432305	69500167	CYB5B	0	+	67862
chr16	58265061	58317740	CCDC113	0	+	52679
chr16	58496750	58547532	NDRG4	0	+	50782
chr16	74330712	74340186	PSMD7	0	+	9474
chr16	58699013	58718674	SLC38A7	0	-	19661
chr16	70721342	70835063	VAC14	0	-	113721
chr16	68877434	69119085	TANGO6	0	+	241651
chr16	70514471	70557463	COG4	0	-	42992
chr16	68392230	68482411	SMPD3	0	-	90181
chr16	68298419	68335726	SLC7A6	0	+	37307
chr16	68279207	68294961	PLA2G15	0	+	15754
chr16	74746853	74808729	FA2H	0	-	61876
chr16	74905260	75034071	WDR59	0	-	128811
chr16	337440	402723	AXIN1	0	-	65283
chr16	134270	188676	NPRL3	0	-	54406
chr16	83932720	83985050	MLYCD	0	+	52330
chr16	84001849	84036381	NECAB2	0	+	34532
chr16	84155746	84178797	HSDL1	0	-	23051
chr16	84328452	84363450	WFDC1	0	+	34998
chr16	84599202	84651684	COTL1	0	-	52482
chr16	84733592	84813528	USP10	0	+	79936
chr16	84853591	84954374	CRISPLD2	0	+	100783
chr16	4798240	4817625	ZNF500	0	-	19385
chr16	446725	460367	NME4	0	+	13642
chr16	16042995	16237114	ABCC1	0	+	194119
chr16	16326363	16394663	NOMO3	0	+	68300
chr16	903634	1031318	LMF1	0	-	127684
chr16	86544133	86549028	FOXF1	0	+	4895
chr16	779760	791329	CIAO3	0	-	11569
chr16	86563784	86588841	MTHFSD	0	-	25057
chr16	1494935	1525078	CLCN7	0	-	30143
chr16	87863629	87903113	SLC7A5	0	-	39484
chr16	765118	769655	METRN	0	+	4537
chr16	87360593	87425748	FBXO31	0	-	65155
chr16	725671	728268	RHBDL1	0	+	2597
chr16	1358881	1377019	UBE2I	0	+	18138
chr16	3292027	3306633	MEFV	0	-	14606
chr16	21250195	21314404	CRYM	0	-	64209
chr16	22217599	22300059	EEF2K	0	+	82460
chr16	577712	604636	CAPN15	0	+	26924
chr16	88781746	88851628	PIEZO1	0	-	69882
chr16	11961985	12009939	GSPT1	0	-	47954
chr16	23569042	23585710	UBFD1	0	+	16668
chr16	2833954	2837949	PRSS33	0	-	3995
chr16	23474863	23533316	GGA2	0	-	58453
chr16	25227052	25240253	AQP8	0	+	13201
chr16	12753656	12897744	CPPED1	0	-	144088
chr16	23072727	23160773	USP31	0	-	88046
chr16	4524691	4560348	HMOX2	0	+	35657
chr16	4475806	4506776	DNAJA3	0	+	30970
chr16	14726788	14763093	BFAR	0	+	36305
chr16	51169893	51186245	SALL1	0	-	16352
chr16	52470329	52581714	TOX3	0	-	111385
chr16	53467889	53525560	RBL2	0	+	57671
chr16	29674600	29710020	QPRT	0	+	35420
chr16	17195626	17564817	XYLT1	0	-	369191
chr16	31212807	31214771	PYCARD	0	-	1964
chr16	29817427	29822485	MAZ	0	+	5058
chr16	31044210	31054296	STX4	0	+	10086
chr16	29869678	29874735	CDIPT	0	-	5057
chr16	31117428	31124112	BCKDK	0	+	6684
chr16	31125810	31142714	KAT8	0	+	16904
chr16	14927578	14990014	NOMO1	0	+	62436
chr16	27413495	27463363	IL21R	0	+	49868
chr16	19179293	19279654	SYT17	0	+	100361
chr16	19421818	19510435	TMC5	0	+	88617
chr16	19535133	19564730	CCP110	0	+	29597
chr16	19566562	19718115	VPS35L	0	+	151553
chr16	55689900	55741557	SLC6A2	0	+	51657
chr16	30773066	30787628	RNF40	0	+	14562
chr15	67547124	67794598	IQCH	0	+	247474
chr15	68871332	69020145	CORO2B	0	+	148813
chr15	75074421	75095538	CSK	0	+	21117
chr15	63900817	64126147	HERC1	0	-	225330
chr15	64679947	64747502	TRIP4	0	+	67555
chr15	65293850	65321977	MTFMT	0	-	28127
chr15	65345675	65369028	RASL12	0	-	23353
chr15	83328033	83378864	AP3B2	0	-	50831
chr15	78459810	78538030	ACSBG1	0	-	78220
chr15	65673822	65715285	IGDCC4	0	-	41463
chr15	66018392	66184327	RAB11A	0	+	165935
chr15	79213400	79241916	CTSH	0	-	28516
chr15	99676528	99791428	TTC23	0	-	114900
chr15	73976307	74006855	CD276	0	+	30548
chr15	80444832	80479288	FAH	0	+	34456
chr15	81071684	81244117	CEMIP	0	+	172433
chr15	41809374	41836467	RPAP1	0	-	27093
chr15	83505698	83654905	HOMER2	0	-	149207
chr15	42188131	42264755	EHD4	0	-	76624
chr15	42705021	42783339	ZNF106	0	-	78318
chr15	49005125	49103343	CEP152	0	-	98218
chr15	50150435	50475014	ATP8B4	0	-	324579
chr15	28000021	28344461	OCA2	0	-	344440
chr15	49913234	49948429	DTWD1	0	+	35195
chr15	43524788	43559126	TGM5	0	-	34338
chr15	29412455	29863183	FAM189A1	0	-	450728
chr15	50567586	50647605	GABPB1	0	-	80019
chr15	29991571	30261118	TJP1	0	-	269547
chr15	40380091	40401093	BMF	0	-	21002
chr15	51739908	51915030	DMXL2	0	-	175122
chr15	51973689	52013223	SCG3	0	+	39534
chr15	41057359	41099676	DNAJC17	0	-	42317
chr15	44847016	44955886	SPG11	0	-	108870
chr15	41164412	41166432	RHOV	0	-	2020
chr15	41186648	41196173	VPS18	0	+	9525
chr15	45771804	45814953	SLC30A4	0	-	43149
chr15	48426829	48470550	MYEF2	0	-	43721
chr8	17013991	17082308	ZDHHC2	0	+	68317
chr8	27142403	27168789	TRIM35	0	-	26386
chr8	82613569	82645138	ZFAND1	0	-	31569
chr8	86376197	86393722	CA2	0	+	17525
chr8	28351722	28431784	FZD3	0	+	80062
chr8	28625178	28747759	INTS9	0	-	122581
chr8	90770034	90803292	RIPK2	0	+	33258
chr8	72109668	72504260	EYA1	0	-	394592
chr8	90936743	91015456	NBN	0	-	78713
chr8	72932152	72987819	TRPA1	0	-	55667
chr8	97657470	98161882	CPQ	0	+	504412
chr8	91070836	91107703	CALB1	0	-	36867
chr8	57870490	57906426	BPNT2	0	-	35936
chr8	41119481	41166992	SFRP1	0	-	47511
chr8	98787285	98865241	LAPTM4B	0	+	77956
chr8	74692332	74791145	UBE2W	0	-	98813
chr8	99129521	99172063	POP1	0	+	42542
chr8	99202054	99306621	NIPAL2	0	-	104567
chr8	42128820	42189978	IKBKB	0	+	61158
chr8	42032236	42065227	PLAT	0	-	32991
chr8	42231581	42234747	DKK4	0	-	3166
chr8	99383456	99955055	STK3	0	-	571599
chr8	75232848	75430242	GDAP1	0	+	197394
chr8	61429495	61536203	RAB2A	0	+	106708
chr8	109175016	109455725	EIF3E	0	-	280709
chr8	109455830	109501425	EMC2	0	+	45595
chr8	95653302	95719694	ESRP1	0	+	66392
chr8	134203282	134243933	CCN4	0	+	40651
chr8	134249418	134314265	NDRG1	0	-	64847
chr8	79587978	79717758	IL7	0	-	129780
chr8	80523352	80578393	STMN2	0	+	55041
chr8	66514693	66546452	ARMC1	0	-	31759
chr8	116420724	116821899	TRPS1	0	-	401175
chr8	101170134	101271506	SPAG1	0	+	101372
chr8	141521410	141527253	CHRAC1	0	+	5843
chr8	102698770	103137135	NCALD	0	-	438365
chr8	82711816	82755101	SNX16	0	-	43285
chr8	103264501	103424987	UBR5	0	-	160486
chr8	144635377	144645232	GSDMD	0	+	9855
chr8	144694788	144700218	GFUS	0	-	5430
chr8	144685380	144691943	PYCR3	0	-	6563
chr8	144661867	144681711	EEF1D	0	-	19844
chr8	124693034	124749642	ANXA13	0	-	56608
chr8	126010739	126034525	SQLE	0	+	23786
chr8	19171204	19253729	SH2D4A	0	+	82525
chr8	19674902	19709594	INTS10	0	+	34692
chr8	8859657	8974256	ERI1	0	+	114599
chr8	22224791	22291642	SLC39A14	0	+	66851
chr8	11142325	11185655	MTMR9	0	+	43330
chr8	29952924	30034724	LEPROTL1	0	+	81800
chr8	23127633	23153792	R3HCC1	0	+	26159
chr8	30535583	30585363	GSR	0	-	49780
chr8	23047965	23082615	TNFRSF10A	0	-	34650
chr8	30586648	30624522	UBXN8	0	+	37874
chr8	30631973	30671830	PPP2CB	0	-	39857
chr8	24771271	24776611	NEFM	0	+	5340
chr8	15274724	15624158	TUSC3	0	+	349434
chr8	1772092	1906807	ARHGEF10	0	+	134715
chr8	48872745	48890720	MCM4	0	+	17975
chr8	39601254	39695746	ADAM2	0	-	94492
chr8	25285363	25315992	KCTD9	0	-	30629
chr8	17721889	17767874	FGL1	0	-	45985
chr8	17913501	17942507	ASAH1	0	-	29006
chr8	26240570	26363152	BNIP3L	0	+	122582
chr19	12757325	12777556	MAN2B1	0	-	20231
chr19	44270685	44285128	KCNN4	0	-	14443
chr19	49384224	49402001	TULP2	0	-	17777
chr19	49403569	49426629	NUCB1	0	+	23060
chr19	49436956	49448226	DHDH	0	+	11270
chr19	49471387	49496567	GYS1	0	-	25180
chr19	49519237	49520348	LHB	0	-	1111
chr19	6494330	6502859	TUBB4A	0	-	8529
chr19	49570654	49575956	KCNA7	0	-	5302
chr19	49588676	49611862	SNRNP70	0	+	23186
chr19	45457842	45496599	CLPTM1	0	+	38757
chr19	45504719	45541450	RELB	0	+	36731
chr19	45542303	45574214	CLASRP	0	+	31911
chr19	49617581	49621717	LIN7B	0	+	4136
chr19	50010073	50029685	FCGRT	0	+	19612
chr19	45809671	45826133	CKM	0	-	16462
chr19	7413842	7537371	ARHGEF18	0	+	123529
chr19	45882896	45909607	PPP1R13L	0	-	26711
chr19	7541761	7562335	PEX11G	0	-	20574
chr19	45853095	45874176	ERCC2	0	-	21081
chr19	2163932	2232577	DOT1L	0	+	68645
chr19	49932658	49945617	SLC17A7	0	-	12959
chr19	2236823	2248654	SF3A2	0	+	11831
chr19	2249308	2252072	AMH	0	+	2764
chr19	13209847	13213975	LYL1	0	-	4128
chr19	13254872	13261197	STX10	0	-	6325
chr19	7733935	7735341	RETN	0	+	1406
chr19	7753644	7767032	FCER2	0	-	13388
chr19	46272967	46285810	DMPK	0	-	12843
chr19	7828096	7834491	CLEC4M	0	+	6395
chr19	46298971	46318566	RSPH6A	0	-	19595
chr19	2977536	2995177	TLE6	0	+	17641
chr19	13842574	13874110	YJU2B	0	+	31536
chr19	3052908	3063105	TLE5	0	-	10197
chr19	46436992	46477302	NOVA2	0	-	40310
chr19	2754713	2783360	SGTA	0	-	28647
chr19	55128612	55149473	LILRB1	0	+	20861
chr19	50321539	50343640	MED25	0	+	22101
chr19	55105047	55113846	LILRA1	0	+	8799
chr19	7985223	7988135	SNAPC2	0	+	2912
chr19	13885270	13889587	C19orf53	0	+	4317
chr19	7991603	8008552	TIMM44	0	-	16949
chr19	46498719	46524576	CCDC61	0	+	25857
chr19	14142574	14164030	IL27RA	0	+	21456
chr19	14230324	14247425	ASF1B	0	-	17101
chr19	55644066	55660574	TNNT1	0	-	16508
chr19	50479725	50529203	VRK3	0	-	49478
chr19	16296191	16302857	FAM32A	0	+	6666
chr19	55741147	55770385	PPP6R1	0	-	29238
chr19	9964394	10047191	OLFM2	0	-	82797
chr19	15562435	15575355	RASAL3	0	-	12920
chr19	15464196	15490626	AKAP8	0	-	26430
chr19	15337730	15344246	EPHX3	0	-	6516
chr19	15225795	15236597	ILVBL	0	-	10802
chr19	15160291	15169104	CASP14	0	+	8813
chr19	15060845	15133802	SLC1A6	0	-	72957
chr19	57742377	57746916	AURKC	0	+	4539
chr19	30097190	30108144	POP4	0	+	10954
chr19	30302898	30315219	CCNE1	0	+	12321
chr19	30414551	30507519	URI1	0	+	92968
chr19	33072096	33078359	PDCD5	0	+	6263
chr19	33087912	33167503	ANKRD27	0	-	79591
chr19	39923777	39926589	RPS16	0	-	2812
chr19	39971052	39984425	TIMM50	0	+	13373
chr19	40325098	40337019	FBL	0	-	11921
chr19	40315990	40324841	DYRK1B	0	-	8851
chr19	40728115	40732604	CCNP	0	-	4489
chr19	34850385	34893318	GPI	0	+	42933
chr19	40736224	40791443	AKT2	0	-	55219
chr19	40854363	40895379	PLD3	0	+	41016
chr19	40899673	40920700	PRX	0	-	21027
chr19	4007734	4039384	PIAS4	0	+	31650
chr19	41171810	41196877	NUMBL	0	-	25067
chr19	4229520	4237525	EBI3	0	+	8005
chr19	4247077	4269085	YJU2	0	+	22008
chr19	4279263	4290719	SHD	0	+	11456
chr19	36605191	36616849	TBCB	0	+	11658
chr19	4304595	4323840	FSD1	0	+	19245
chr19	36602045	36604613	OVOL3	0	+	2568
chr19	36505562	36524245	CLIP3	0	-	18683
chr19	3804022	3869036	ZFR2	0	-	65014
chr19	47177532	47220384	PRKD2	0	-	42852
chr19	3708360	3750811	TJP3	0	+	42451
chr19	3610643	3626813	CACTIN	0	-	16170
chr19	47759237	47776958	CCDC9	0	+	17721
chr19	47724079	47736023	BBC3	0	-	11944
chr8	142127377	142205907	DENND3	0	+	78530
chr19	41937223	41946622	DMAC2	0	-	9399
chr19	42125388	42133442	CEACAM4	0	-	8054
chr19	4838353	4867706	PLIN3	0	-	29353
chr19	50691443	50813799	MYH14	0	+	122356
chr19	10362577	10370731	MRPL4	0	+	8154
chr19	51954101	51961710	SIGLEC8	0	-	7609
chr19	42381349	42385439	CD79A	0	+	4090
chr19	42364325	42376993	RPS19	0	+	12668
chr19	48248803	48260315	NOP53	0	+	11512
chr19	51874860	51875955	NKG7	0	-	1095
chr19	10400628	10407454	ICAM5	0	+	6826
chr19	51848423	51869642	ETFB	0	-	21219
chr19	51728320	51747115	CD33	0	+	18795
chr19	10461209	10491284	TYK2	0	-	30075
chr19	47990894	48018348	NAPA	0	-	27454
chr19	47906381	47922784	MEIS3	0	-	16403
chr19	5158506	5340823	PTPRS	0	-	182317
chr19	42891171	42894449	CNFN	0	-	3278
chr19	42829761	42882921	MEGF8	0	+	53160
chr19	48885832	48894808	KDELR1	0	-	8976
chr19	48972465	48985571	CYTH2	0	+	13106
chr19	48896925	48948188	GRIN2D	0	+	51263
chr19	48867624	48879634	SYNGR4	0	+	12010
chr19	51226621	51228965	CLEC11A	0	+	2344
chr19	48799714	48825228	ODAD1	0	-	25514
chr19	48684027	48759203	CARD8	0	-	75176
chr19	48618702	48673860	LIG1	0	-	55158
chr19	52021073	52035110	SIGLEC6	0	-	14037
chr19	52074536	52095763	ZNF175	0	+	21227
chr19	48551100	48614074	PLA2G4C	0	-	62974
chr19	52216365	52227244	HAS1	0	-	10879
chr19	11466062	11476374	PLPPR2	0	+	10312
chr19	49103218	49118333	FAM83E	0	-	15115
chr19	49223842	49243867	RASIP1	0	-	20025
chr19	361747	376026	THEG	0	-	14279
chr19	49258781	49261590	FGF21	0	+	2809
chr19	49298319	49314286	BCAT2	0	-	15967
chr19	305573	344815	MIER2	0	-	39242
chr19	49340354	49371874	PLEKHA4	0	-	31520
chr19	52693301	52732771	PPP2R1A	0	+	39470
chr19	12810015	12834825	TNPO2	0	-	24810
chr19	13001974	13025021	GCDH	0	+	23047
chr19	54753279	54761164	LILRB5	0	-	7885
chr19	12995236	12998015	KLF1	0	-	2779
chr19	12986023	12992409	DNASE2	0	-	6386
chr19	54618790	54635150	PRPF31	0	+	16360
chr19	17935589	17958880	JAK3	0	-	23291
chr19	17970719	17974962	RPL18A	0	+	4243
chr19	17982754	18005983	SLC5A5	0	+	23229
chr19	18062102	18110894	KCNN1	0	+	48792
chr19	18111941	18124911	ARRDC2	0	+	12970
chr19	18307594	18314852	RAB3A	0	-	7258
chr19	18553473	18632926	ELL	0	-	79453
chr19	18794488	18893143	CRTC1	0	+	98655
chr19	18893583	18902114	COMP	0	-	8531
chr19	36157419	36169383	UPK1A	0	+	11964
chr19	36132647	36135773	ETV2	0	+	3126
chr19	36036502	36038428	TMEM147	0	+	1926
chr19	35783028	35804710	MAG	0	+	21682
chr19	35771619	35776046	HAMP	0	+	4427
chr19	35759865	35770724	USF2	0	+	10859
chr19	35739233	35758867	LSR	0	+	19634
chr19	18668572	18680197	KXD1	0	+	11625
chr19	18642561	18654887	FKBP8	0	-	12326
chr19	19386827	19431318	SUGP1	0	-	44491
chr19	35531410	35557477	HPN	0	+	26067
chr19	19821281	19843921	ZNF14	0	-	22640
chr19	35521374	35531353	SCN1B	0	+	9979
chr19	19672516	19729502	PBX4	0	-	56986
chr19	19756007	19774485	ATP13A1	0	-	18478
chr19	42502473	42574358	GRIK5	0	-	71885
chr19	38397848	38699009	SIPA1L3	0	+	301161
chr19	21106028	21133503	ZNF85	0	+	27475
chr19	44010871	44031382	ETHE1	0	-	20511
chr19	44126520	44144002	CADM4	0	-	17482
chr19	44232135	44259114	SMG9	0	-	26979
chr7	32535038	32628338	AVL9	0	+	93300
chr7	89874488	89940377	CFAP69	0	+	65889
chr7	92234235	92465887	CDK6	0	-	231652
chr7	93592074	93633694	BET1	0	-	41620
chr7	105888744	105926412	NAMPT	0	-	37668
chr7	19735084	19748660	POLR1F	0	-	13576
chr7	106505723	106549425	PIK3CG	0	+	43702
chr7	94989184	95025687	PON3	0	-	36503
chr7	95034174	95064641	PON2	0	-	30467
chr7	20370325	20455377	ITGB8	0	+	85052
chr7	21467661	21554440	SP4	0	+	86779
chr7	134868591	134896307	WDR91	0	-	27716
chr7	21582657	21941457	DNAH11	0	+	358800
chr7	107383518	107402112	CBLL1	0	+	18594
chr7	96649708	96654262	DLX5	0	-	4554
chr7	135611508	135662107	MTPN	0	-	50599
chr7	22459063	22767232	STEAP1B	0	-	308169
chr7	136912088	137028520	PTN	0	-	116432
chr7	24612887	24733812	PALS2	0	+	120925
chr7	24737974	24797559	GSDME	0	-	59585
chr7	138391039	138484305	ATP6V0A4	0	-	93266
chr7	138728261	138816868	ZC3HAV1	0	-	88607
chr7	138818490	138876732	TTC26	0	+	58242
chr7	44646171	44748665	OGDH	0	+	102494
chr7	115575202	115799950	TFEC	0	-	224748
chr7	44866390	44887686	H2AZ2	0	-	21296
chr7	115927434	116148595	CAV2	0	+	221161
chr7	116165048	116201233	CAV1	0	+	36185
chr7	116312250	116438431	MET	0	+	126181
chr7	156461640	156685910	LMBR1	0	-	224270
chr7	27132612	27135619	HOXA1	0	-	3007
chr7	157128075	157210133	DNAJB6	0	+	82058
chr7	27139973	27142305	HOXA2	0	-	2332
chr7	27145803	27192202	HOXA3	0	-	46399
chr7	2552163	2568811	LFNG	0	+	16648
chr7	2577444	2595328	BRAT1	0	-	17884
chr7	2598606	2654367	IQCE	0	+	55761
chr7	117854723	118136225	ANKRD7	0	+	281502
chr7	158820866	158937559	VIPR2	0	-	116693
chr7	120427374	120498456	TSPAN12	0	-	71082
chr7	141438134	141487722	SSBP1	0	+	49588
chr7	27233122	27239710	HOXA13	0	-	6588
chr7	120628751	120937496	CPED1	0	+	308745
chr7	27282319	27290112	EVX1	0	+	7793
chr7	27565061	27702502	HIBADH	0	-	137441
chr7	50657760	50861159	GRB10	0	-	203399
chr7	73150424	73153182	ABHD11	0	-	2758
chr7	51083909	51384515	COBL	0	-	300606
chr7	30050203	30066318	FKBP14	0	-	16115
chr7	30067020	30170099	PLEKHA8	0	+	103079
chr7	30464143	30518400	NOD1	0	-	54257
chr7	30620149	30673649	GARS1	0	+	53500
chr7	142552823	142568847	EPHB6	0	+	16024
chr7	30978284	31032869	GHRHR	0	+	54585
chr7	142985308	143004789	CASP2	0	+	19481
chr7	56169266	56174169	CHCHD2	0	-	4903
chr7	75440143	75452674	CCL24	0	-	12531
chr7	75931990	75933612	HSPB1	0	+	1622
chr7	98246597	98259181	NPTX2	0	+	12584
chr7	99014362	99063786	PTCD1	0	-	49424
chr7	99245817	99277621	CYP3A5	0	-	31804
chr7	99613195	99639312	ZKSCAN1	0	+	26117
chr7	2291405	2393953	SNX8	0	-	102548
chr7	2281861	2290781	NUDT1	0	+	8920
chr7	121513143	121702090	PTPRZ1	0	+	188947
chr7	99704499	99717464	TAF6	0	-	12965
chr7	123321997	123389057	WASL	0	-	67060
chr7	100218039	100240402	TFR2	0	-	22363
chr7	100209725	100213007	MOSPD3	0	+	3282
chr7	100199986	100205798	PCOLCE	0	+	5812
chr7	100181605	100198740	FBXO24	0	+	17135
chr7	127937738	127983962	RBM28	0	-	46224
chr7	6144580	6201195	USP42	0	+	56615
chr7	128032331	128050306	IMPDH1	0	-	17975
chr7	100136826	100165843	AGFG2	0	+	29017
chr7	32524950	32534895	LSM5	0	-	9945
chr7	100770385	100782528	SERPINE1	0	+	12143
chr7	100797737	100804877	AP1S1	0	+	7140
chr7	7196565	7288247	C1GALT1	0	+	91682
chr7	100849258	100861701	PLOD3	0	-	12443
chr7	100875373	100882101	CLDN15	0	-	6728
chr7	8008427	8133902	GLCCI1	0	+	125475
chr7	101256610	101272576	MYL10	0	-	15966
chr7	11012963	11209250	PHF14	0	+	196287
chr7	129251561	129396922	NRF1	0	+	145361
chr7	12250896	12282993	TMEM106B	0	+	32097
chr7	148504349	148581413	EZH2	0	-	77064
chr7	130033612	130082274	CEP41	0	-	48662
chr7	149535464	149564568	ZNF862	0	+	29104
chr7	15650837	15726308	MEOX2	0	-	75471
chr7	16639404	16685442	ANKMY2	0	-	46038
chr7	149941005	150020814	ACTR3C	0	-	79809
chr7	39017509	39532694	POU6F2	0	+	515185
chr7	16793380	16824161	TSPAN13	0	+	30781
chr7	150035406	150038751	RARRES2	0	-	3345
chr7	16831435	16873057	AGR2	0	-	41622
chr7	16955983	17385776	AHR	0	+	429793
chr7	132469631	132766850	CHCHD3	0	-	297219
chr7	150382785	150390729	GIMAP2	0	+	7944
chr7	150488373	150498448	TMEM176B	0	-	10075
chr7	42000547	42303699	GLI3	0	-	303152
chr7	42971975	42988557	MRPL32	0	+	16582
chr7	43648055	43769316	COA1	0	-	121261
chr7	43798279	43846941	BLVRA	0	+	48662
chr7	43915493	43966010	URGCP	0	-	50517
chr7	66386212	66423538	TMEM248	0	+	37326
chr7	151163098	151217206	RHEB	0	-	54108
chr7	151253210	151574210	PRKAG2	0	-	321000
chr7	44143944	44154161	AEBP1	0	+	10217
chr7	44154230	44163957	POLD2	0	-	9727
chr7	44178463	44180931	MYL7	0	-	2468
chr7	44182812	44237769	GCK	0	-	54957
chr7	72950686	72972020	BCL7B	0	-	21334
chr7	72981867	72993121	TBL2	0	-	11254
chr7	73703737	73820265	CLIP2	0	+	116528
chr7	73588561	73611452	EIF4H	0	+	22891
chr7	73497263	73536855	LIMK1	0	+	39592
chr9	4553386	4666674	SPATA6L	0	-	113288
chr9	126763949	126795580	LHX2	0	+	31631
chr9	108320403	108416101	FKTN	0	+	95698
chr9	108210077	108314714	FSD1L	0	+	104637
chr9	39064707	39288312	CNTNAP3	0	-	223605
chr9	91003345	91093609	SPIN1	0	+	90264
chr9	77675489	77703133	NMRK1	0	-	27644
chr9	111777415	111882227	TMEM245	0	-	104812
chr9	79226292	79521030	PRUNE2	0	-	294738
chr9	123363089	123476748	MEGF9	0	-	113659
chr9	100831557	100881504	TRIM14	0	-	49947
chr9	100883257	100954919	CORO2A	0	-	71662
chr9	101866320	101916474	TGFBR1	0	+	50154
chr9	101984346	101992897	SEC61B	0	+	8551
chr9	123695265	123837473	C5	0	-	142208
chr9	82186688	82341797	TLE4	0	+	155109
chr9	124964856	124991905	LHX6	0	-	27049
chr9	114803063	114937577	SUSD1	0	-	134514
chr9	116822407	116840608	AMBP	0	-	18201
chr9	117096436	117156685	AKNA	0	-	60249
chr9	117655623	117692875	TNFSF8	0	-	37252
chr9	130953934	131017527	DNM1	0	+	63593
chr9	130577292	130616937	ENG	0	-	39645
chr9	4679559	4708399	CDC37L1	0	+	28840
chr9	5299864	5304716	RLN2	0	-	4852
chr9	5334930	5339876	RLN1	0	-	4946
chr9	5357971	5437925	PLGRKT	0	-	79954
chr9	131549532	131572709	TBC1D13	0	+	23177
chr9	5629025	5776557	RIC1	0	+	147532
chr9	6720863	7175648	KDM4C	0	+	454785
chr9	214854	465259	DOCK8	0	+	250405
chr9	470291	746105	KANK1	0	+	275814
chr9	23690102	23826335	ELAVL2	0	-	136233
chr9	132934683	132999582	NCS1	0	+	64899
chr9	138594031	138687354	KCNT1	0	+	93323
chr9	133454352	133513739	FUBP3	0	+	59387
chr9	12685439	12710285	TYRP1	0	+	24846
chr9	35749284	35758582	RGP1	0	+	9298
chr9	13105705	13279691	MPDZ	0	-	173986
chr9	139756571	139760760	EDF1	0	-	4189
chr9	71320156	71624092	PIP5K1B	0	+	303936
chr9	3824127	4348392	GLIS3	0	-	524265
chr9	134452157	134615463	RAPGEF1	0	-	163306
chr9	72042448	72287287	APBA1	0	-	244839
chr9	135136743	135230373	SETX	0	-	93630
chr9	17579064	17797122	SH3GL2	0	+	218058
chr9	139901686	139923367	ABCA2	0	-	21681
chr9	33817158	33920397	UBE2R2	0	+	103239
chr9	74477368	74526109	ABHD17B	0	-	48741
chr9	74966329	74980151	ZFAND5	0	-	13822
chr1	1270656	1284798	DVL1	0	-	14142
chr10	96997329	97050769	PDLIM1	0	-	53440
chr10	97803151	97820627	CCNJ	0	+	17476
chr10	8087341	8117161	GATA3	0	+	29820
chr10	116853124	117708510	ATRNL1	0	+	855386
chr10	100170696	100206720	HPS1	0	-	36024
chr10	13319796	13344412	PHYH	0	-	24616
chr10	45454855	45491339	RASSF4	0	+	36484
chr10	101635334	101769704	DNMBP	0	-	134370
chr10	119764427	119806452	RAB11FIP2	0	-	42025
chr10	44865613	44881941	CXCL12	0	-	16328
chr10	101909851	101945790	ERLIN1	0	-	35939
chr10	120793182	120840335	EIF3A	0	-	47153
chr10	102047906	102090021	PKD2L1	0	-	42115
chr10	16865965	17171810	CUBN	0	-	305845
chr10	17179335	17244053	TRDMT1	0	-	64718
chr10	70661042	70706603	DDX50	0	+	45561
chr10	49514682	49647403	MAPK8	0	+	132721
chr10	121652242	121704169	SEC23IP	0	+	51927
chr10	123468907	123688316	ATE1	0	-	219409
chr10	123716606	123734732	NSMCE4A	0	-	18126
chr10	124134212	124191870	PLEKHA1	0	+	57658
chr10	72238523	72428510	PALD1	0	+	189987
chr10	72972327	73062621	UNC5B	0	+	90294
chr10	73156677	73575704	CDH23	0	+	419027
chr10	73818792	73848790	SPOCK2	0	-	29998
chr10	74127098	74385889	MICU1	0	-	258791
chr10	75196191	75255782	PPP3CB	0	-	59591
chr10	86088342	86278277	CCSER2	0	+	189935
chr10	88516358	88692582	BMPR1A	0	+	176224
chr10	89264632	89313218	MINPP1	0	+	48586
chr10	90973326	91174314	LIPA	0	-	200988
chr10	102891057	102897546	TLX1	0	+	6489
chr10	102821746	102827888	KAZALD1	0	+	6142
chr10	103370421	103455052	FBXW4	0	-	84631
chr10	103529866	103540128	FGF8	0	-	10262
chr10	103541082	103543203	NPM3	0	-	2121
chr10	93558183	93625232	TNKS2	0	+	67049
chr10	104005128	104142656	GBF1	0	+	137528
chr10	24872538	25012816	ARHGAP21	0	-	140278
chr10	93806449	94050835	CPEB3	0	-	244386
chr10	104183002	104192341	CUEDC2	0	-	9339
chr10	104263729	104393292	SUFU	0	+	129563
chr10	27262722	27389423	ANKRD26	0	-	126701
chr10	27457064	27531975	ACBD5	0	-	74911
chr10	852873	977761	LARP4B	0	-	124888
chr10	1034374	1065872	GTPBP4	0	+	31498
chr10	127408084	127452712	EDRF1	0	+	44628
chr10	30598730	30663377	MTPAP	0	-	64647
chr10	105253462	105352303	NEURL1	0	+	98841
chr10	105353784	105615342	SH3PXD2A	0	-	261558
chr10	3179920	3215033	PITRM1	0	-	35113
chr10	105616564	105678090	STN1	0	-	61526
chr10	30722950	30750762	MAP3K8	0	+	27812
chr10	54074041	54077802	DKK1	0	+	3761
chr10	131633497	131771317	EBF3	0	-	137820
chr10	131934655	131982785	GLRX3	0	+	48130
chr10	108333421	108924464	SORCS1	0	-	591043
chr10	5726694	5805742	TASOR2	0	+	79048
chr10	111624524	111683311	XPNPEP1	0	-	58787
chr10	112327442	112365806	SMC3	0	+	38364
chr10	112679125	112777065	SHOC2	0	+	97940
chr10	60145105	60158980	TFAM	0	+	13875
chr10	61548505	61666314	CCDC6	0	-	117809
chr10	35297432	35415934	CUL2	0	-	118502
chr10	35535953	35861597	CCNY	0	+	325644
chr19	55897300	55914618	RPL28	0	+	17318
chr10	80828723	81076276	ZMIZ1	0	+	247553
chr10	69556427	69597946	DNAJC12	0	-	41519
chr10	81107225	81115090	PPIF	0	+	7865
chr10	70042417	70092806	PBLD	0	-	50389
chr10	82214021	82292880	TSPAN14	0	+	78859
chr10	96162298	96296089	TBC1D12	0	+	133791
chr17	39078952	39093898	KRT23	0	-	14946
chr17	27573877	27581512	CRYBA1	0	+	7635
chr17	27582857	27621166	NUFIP2	0	-	38309
chr17	37356536	37361093	RPL19	0	+	4557
chr17	37408916	37558776	FBXL20	0	-	149860
chr17	42385781	42396038	RUNDC3A	0	+	10257
chr17	42282401	42298994	UBTF	0	-	16593
chr17	38171614	38174066	CSF3	0	+	2452
chr17	38137060	38154212	PSMD3	0	+	17152
chr17	38296571	38328424	CASC3	0	+	31853
chr17	38333263	38351908	RAPGEFL1	0	+	18645
chr17	63096930	63223821	RGS9	0	+	126891
chr17	44839872	44910520	WNT3	0	-	70648
chr17	56769934	56812972	RAD51C	0	+	43038
chr17	56597611	56621729	SEPTIN4	0	-	24118
chr17	56566890	56595266	MTMR4	0	-	28376
chr17	3799886	3819770	P2RX1	0	-	19884
chr17	57642919	57685706	DHX40	0	+	42787
chr17	57936840	57970306	TUBD1	0	-	33466
chr17	45726842	45762871	KPNB1	0	+	36029
chr17	46018872	46026674	PNPO	0	+	7802
chr17	57970407	58027935	RPS6KB1	0	+	57528
chr17	46045176	46059147	CDK5RAP3	0	+	13971
chr17	46147414	46178840	CBX1	0	-	31426
chr17	73622925	73663269	RECQL5	0	-	40344
chr17	59942728	60005377	INTS2	0	-	62649
chr17	4871287	4890970	CAMTA2	0	-	19683
chr17	60019966	60142639	MED13	0	-	122673
chr17	4851387	4860426	ENO3	0	+	9039
chr17	4843303	4848517	RNF167	0	+	5214
chr17	17397751	17399709	RASD1	0	-	1958
chr17	17584772	17714767	RAI1	0	+	129995
chr17	28521337	28563020	SLC6A4	0	-	41683
chr17	28575221	28619074	BLMH	0	-	43853
chr17	28705945	28797007	CPD	0	+	91062
chr17	28804380	28854610	GOSR1	0	+	50230
chr17	6546631	6554954	MED31	0	-	8323
chr17	17991206	18011284	DRG2	0	+	20078
chr17	61896793	61907372	FTSJ3	0	-	10579
chr17	19807615	19881656	AKAP10	0	-	74041
chr17	19641297	19652256	ALDH3A1	0	-	10959
chr17	61909441	61920425	SMARCD2	0	-	10984
chr17	62079954	62097994	ICAM2	0	-	18040
chr17	76164662	76169608	SYNGR2	0	+	4946
chr17	30187923	30228727	UTP6	0	-	40804
chr17	76670130	76778379	CYTH1	0	-	108249
chr17	30771397	30810337	PSMD11	0	+	38940
chr17	76967320	76976029	LGALS3BP	0	-	8709
chr17	32597240	32599261	CCL7	0	+	2021
chr17	32582293	32584227	CCL2	0	+	1934
chr17	32646454	32648421	CCL8	0	+	1967
chr17	32687347	32690252	CCL1	0	-	2905
chr17	39615765	39623638	KRT32	0	-	7873
chr17	40253422	40264732	DHX58	0	-	11310
chr17	40688259	40696467	NAGLU	0	+	8208
chr17	40704940	40707232	HSD17B1	0	+	2292
chr17	40719090	40725257	MLX	0	+	6167
chr17	40834549	40852011	CNTNAP1	0	+	17462
chr17	47287773	47300587	ABI3	0	+	12814
chr17	40852293	40897067	EZH1	0	-	44774
chr17	48046334	48052323	DLX4	0	+	5989
chr17	48211101	48228038	PPP1R9B	0	-	16937
chr17	48261462	48278993	COL1A1	0	-	17531
chr17	48241575	48253289	SGCA	0	+	11714
chr17	41102543	41132545	PTGES3L-AARSD1	0	-	30002
chr17	48445218	48450568	MRPL27	0	-	5350
chr17	41166624	41177140	VAT1	0	-	10516
chr17	48452420	48474884	LRRC59	0	-	22464
chr17	41177248	41184058	RND2	0	+	6810
chr17	6899368	6914073	ALOX12	0	+	14705
chr17	42154114	42201070	HDAC5	0	-	46956
chr17	48712138	48769614	ABCC3	0	+	57476
chr17	48796926	48833580	LUC7L3	0	+	36654
chr17	41952725	41987079	MPP2	0	-	34354
chr17	62538400	62658425	SMURF2	0	-	120025
chr17	41843493	41856345	DUSP3	0	-	12852
chr17	65040670	65052913	CACNG1	0	+	12243
chr17	42927316	42976813	EFTUD2	0	-	49497
chr17	53342321	53402548	HLF	0	+	60227
chr17	7608520	7614690	EFNB3	0	+	6170
chr17	66531254	66597508	FAM20A	0	-	66254
chr17	1247569	1303516	YWHAE	0	-	55947
chr17	53469983	53499285	MMD	0	-	29302
chr17	1933431	1947192	DPH1	0	+	13761
chr17	67410838	67550006	MAP2K6	0	+	139168
chr17	21026677	21096578	DHRS7B	0	+	69901
chr17	25621102	25642952	WSB1	0	+	21850
chr17	9799637	9808588	RCVRN	0	-	8951
chr17	72744767	72765492	SLC9A3R1	0	+	20725
chr17	10531843	10560626	MYH3	0	-	28783
chr17	72766668	72772506	NAT9	0	-	5838
chr17	72772638	72835892	TMEM104	0	+	63254
chr17	26662628	26674035	TNFAIP1	0	+	11407
chr17	26646226	26655711	TMEM97	0	+	9485
chr17	72983727	73001895	CDR2L	0	+	18168
chr17	15133090	15175609	PMP22	0	-	42519
chr17	26989216	27029697	SUPT6H	0	+	40481
chr17	27041299	27045447	RAB34	0	-	4148
chr4	41746099	41750742	PHOX2B	0	-	4643
chr4	41937146	41962820	TMEM33	0	+	25674
chr4	68602836	68620106	GNRHR	0	-	17270
chr4	48343546	48428218	SLAIN2	0	+	84672
chr4	48807229	48863834	OCIAD1	0	+	56605
chr4	48988292	49064098	CWH43	0	+	75806
chr4	52709166	52783003	DCUN1D4	0	+	73837
chr4	53457126	53525468	USP46	0	-	68342
chr4	71061442	71070293	ODAM	0	+	8851
chr4	71226477	71232875	SMR3A	0	+	6398
chr4	56461396	56502865	NMU	0	-	41469
chr4	56915264	57196775	CRACD	0	+	281511
chr4	100799493	100815585	LAMTOR3	0	-	16092
chr4	74719013	74720200	PF4V1	0	+	1187
chr4	103422487	103538459	NFKB1	0	+	115972
chr4	75310853	75320722	AREG	0	+	9869
chr4	103551927	103682151	MANBA	0	-	130224
chr4	103715540	103790053	UBE2D3	0	-	74513
chr4	86911160	87515778	MAPK10	0	-	604618
chr4	139949266	140098372	ELF2	0	-	149106
chr4	141480585	141490115	UCP1	0	-	9530
chr4	141541936	141677539	TBC1D9	0	-	135603
chr4	142142041	142155851	ZNF330	0	+	13810
chr4	142944313	143768585	INPP4B	0	-	824272
chr4	144257915	144395721	GAB1	0	+	137806
chr4	123372625	123377880	IL2	0	-	5255
chr4	166282346	166419699	CPE	0	+	137353
chr4	109541725	109551568	RPL34	0	+	9843
chr4	6271576	6304992	WFS1	0	+	33416
chr4	169013688	169108887	ANXA10	0	+	95199
chr4	7060622	7069791	GRPEL1	0	-	9169
chr4	110736666	110745896	GAR1	0	+	9230
chr4	190862025	190884357	FRG1	0	+	22332
chr4	170533784	170644824	CLCN3	0	+	111040
chr4	170981373	171012850	AADAT	0	-	31477
chr4	174089962	174245118	GALNT7	0	+	155156
chr4	24519064	24586177	DHX15	0	-	67113
chr4	24791534	24802464	SOD3	0	+	10930
chr4	25121636	25162172	SEPSECS	0	-	40536
chr4	9772777	10056560	SLC2A9	0	-	283783
chr4	153241696	153457244	FBXW7	0	-	215548
chr4	178231028	178284090	NEIL3	0	+	53062
chr4	26578059	26757845	TBC1D19	0	+	179786
chr4	1873120	1983934	NSD2	0	+	110814
chr4	152023903	152246757	SH3D19	0	-	222854
chr4	26859223	27027003	STIM2	0	+	167780
chr4	13542454	13546132	NKX3-2	0	-	3678
chr4	2932288	2936561	MFSD10	0	-	4273
chr4	157997277	158093242	GLRB	0	+	95965
chr4	15704688	15739936	BST1	0	+	35248
chr4	160024165	160281326	RAPGEF2	0	+	257161
chr4	3443695	3451213	HGFAC	0	+	7518
chr4	186125391	186291339	SNX25	0	+	165948
chr4	186320691	186347133	UFSP2	0	-	26442
chr4	38665818	38703138	KLF3	0	+	37320
chr4	39046659	39128477	KLHL5	0	+	81818
chr4	187025573	187096491	FAM149A	0	+	70918
chr4	39500375	39529931	UGDH	0	-	29556
chr4	23756664	23905712	PPARGC1A	0	-	149048
chr11	111779288	111794446	CRYAB	0	-	15158
chr11	20177701	20182021	DBX1	0	-	4320
chr11	20385231	20405328	HTATIP2	0	+	20097
chr11	87998237	88092852	CTSC	0	-	94615
chr11	27352374	27384781	CCDC34	0	-	32407
chr11	113929763	114127487	ZBTB16	0	+	197724
chr11	31531302	31811872	ELP4	0	+	280570
chr11	116644515	116658755	ZPR1	0	-	14240
chr11	47638867	47664159	MTCH2	0	-	25292
chr11	47738046	47788995	FNBP4	0	-	50949
chr11	120971952	121062199	TECTA	0	+	90247
chr11	121163390	121184119	SC5D	0	+	20729
chr11	122709208	122743351	CRTAM	0	+	34143
chr11	122753391	122834570	JHY	0	+	81179
chr11	134248398	134282136	B3GAT1	0	-	33738
chr11	122928197	122933938	HSPA8	0	-	5741
chr11	123986111	124018428	VWA5A	0	+	32317
chr11	124503009	124565603	SIAE	0	-	62594
chr11	58294344	58345693	LPXN	0	-	51349
chr11	58938903	58976061	DTX4	0	+	37158
chr11	64662018	64684683	ATG2A	0	-	22665
chr11	64619114	64655768	EHD1	0	-	36654
chr11	59341871	59383247	OSBP	0	-	41376
chr11	67758571	67772452	UNC93B1	0	-	13881
chr11	126173955	126219900	DCPS	0	+	45945
chr11	67922330	67981319	KMT5B	0	-	58989
chr11	126138919	126148026	FOXRED1	0	+	9107
chr11	68228199	68382802	PPP6R3	0	+	154603
chr11	64373646	64490669	NRXN2	0	-	117023
chr11	59939488	59952139	MS4A6A	0	-	12651
chr11	59953130	60085553	MS4A4A	0	+	132423
chr11	68522088	68611878	CPT1A	0	-	89790
chr11	60609586	60618554	CCDC86	0	+	8968
chr11	60658019	60674057	PRPF19	0	-	16038
chr11	60681630	60690915	TMEM109	0	+	9285
chr11	6281036	6293357	CCKBR	0	+	12321
chr11	6452279	6463847	HPX	0	-	11568
chr11	6469843	6495689	TRIM3	0	-	25846
chr11	89933597	89956245	CHORDC1	0	-	22648
chr11	71900602	71907367	FOLR1	0	+	6765
chr11	71817424	71823826	ANAPC15	0	-	6402
chr11	71825915	71850936	FOLR3	0	+	25021
chr11	93862007	93915134	PANX1	0	+	53127
chr11	73019321	73080433	ARHGEF17	0	+	61112
chr11	117185273	117283982	CEP164	0	+	98709
chr11	10533220	10562777	RNF141	0	-	29557
chr11	101785741	101871793	CEP126	0	+	86052
chr11	117857085	117873752	IL10RA	0	+	16667
chr11	11292424	11643552	GALNT18	0	-	351128
chr11	102217942	102249401	BIRC2	0	+	31459
chr11	118230315	118269926	UBE4A	0	+	39611
chr11	118618472	118661873	DDX6	0	-	43401
chr11	118795873	118829269	UPK2	0	+	33396
chr11	119077008	119184636	CBL	0	+	107628
chr11	119494120	119599910	NECTIN1	0	-	105790
chr11	33278218	33378569	HIPK3	0	+	100351
chr11	33397654	33695648	KIAA1549L	0	+	297994
chr11	33762485	33796089	FBXO3	0	-	33604
chr11	34937376	35042138	PDHX	0	+	104762
chr11	35272752	35441610	SLC1A2	0	-	168858
chr11	36290834	36310999	COMMD9	0	-	20165
chr11	60704532	60720125	SLC15A3	0	-	15593
chr11	60869961	60895324	CD5	0	+	25363
chr11	44087475	44105787	ACCS	0	+	18312
chr11	62037630	62040632	SCGB2A2	0	+	3002
chr11	46417964	46615675	AMBRA1	0	-	197711
chr11	47290712	47351582	MADD	0	+	60870
chr11	63706431	63724791	NAA40	0	+	18360
chr11	3022152	3078843	CARS1	0	-	56691
chr11	2920951	2946476	SLC22A18	0	+	25525
chr11	2397407	2419032	CD81	0	+	21625
chr11	107661717	107799019	SLC35F2	0	-	137302
chr11	15987995	16761138	SOX6	0	-	773143
chr11	67259239	67273734	PITPNM1	0	-	14495
chr11	17095935	17099262	RPS13	0	-	3327
chr11	67235645	67258625	AIP	0	+	22980
chr11	3692313	3819022	NUP98	0	-	126709
chr11	67798084	67804111	NDUFS8	0	+	6027
chr11	67806492	67818362	TCIRG1	0	+	11870
chr11	67820326	67888911	CHKA	0	-	68585
chr11	108376162	108464495	EXPH5	0	-	88333
chr11	18300215	18343745	HPS5	0	-	43530
chr11	18343842	18388592	GTF2H1	0	+	44750
chr11	111222980	111326355	POU2AF1	0	-	103375
chr11	18749475	18814268	PTPN5	0	-	64793
chr12	6058043	6233936	VWF	0	-	175893
chr12	6937572	6949011	P3H3	0	+	11439
chr12	27676364	27848497	PPFIBP1	0	+	172133
chr12	49962001	50038449	PRPF40B	0	+	76448
chr12	9905082	9913497	CD69	0	-	8415
chr12	108126648	108155049	PRDM4	0	-	28401
chr12	10004968	10021985	CLEC2B	0	-	17017
chr12	109015671	109027670	SELPLG	0	-	11999
chr12	109038885	109125302	CORO1C	0	-	86417
chr12	50451331	50477394	ASIC1	0	+	26063
chr12	30862486	30976236	CAPRIN2	0	-	113750
chr12	31079362	31149537	TSPAN11	0	+	70175
chr12	51373184	51422349	SLC11A2	0	-	49165
chr12	121124952	121139662	MLEC	0	+	14710
chr12	110011060	110035930	MVK	0	+	24870
chr12	51454988	51477447	CSRNP2	0	-	22459
chr12	121675478	121736111	CAMKK2	0	-	60633
chr12	51674822	51718452	BIN2	0	-	43630
chr12	56727958	56734194	IL23A	0	+	6236
chr12	57031959	57039768	ATP5F1B	0	-	7809
chr12	57057125	57082192	PTGES3	0	-	25067
chr12	122457328	122499950	BCL7A	0	+	42622
chr12	122988001	123011547	RSRC2	0	-	23546
chr12	58156117	58162769	CYP27B1	0	-	6652
chr12	53440753	53458163	TNS2	0	+	17410
chr12	63037774	63328930	PPM1H	0	-	291156
chr12	95867296	95909615	METAP2	0	+	42319
chr12	96394531	96437298	LTA4H	0	-	42767
chr12	96588153	96663602	ELK3	0	+	75449
chr12	299243	323736	SLC6A12	0	-	24493
chr12	1639057	1756378	WNT5B	0	+	117321
chr12	10756792	10766208	MAGOHB	0	-	9416
chr12	110220892	110271211	TRPV4	0	-	50319
chr12	2921788	2968957	ITFG2	0	+	47169
chr12	3490515	3703139	PRMT8	0	+	212624
chr12	3900213	3982614	PARP11	0	-	82401
chr12	110872628	110888227	ARPC3	0	-	15599
chr12	4647964	4669213	RAD51AP1	0	+	21249
chr12	12478990	12503176	MANSC1	0	-	24186
chr12	5019071	5027422	KCNA1	0	+	8351
chr12	12626216	12715797	DUSP16	0	-	89581
chr12	12764761	12798042	CREBL2	0	+	33281
chr12	112123857	112194911	ACAD10	0	+	71054
chr12	112204691	112255336	ALDH2	0	+	50645
chr12	12838432	12875303	CDKN1B	0	+	36871
chr12	13093509	13105104	GPRC5D	0	-	11595
chr12	112464493	112546600	NAA25	0	-	82107
chr12	6456009	6486896	SCNN1A	0	-	30887
chr12	123734659	123756881	CDK2AP1	0	-	22222
chr12	113375856	113414265	OAS3	0	+	38409
chr12	113416200	113449528	OAS2	0	+	33328
chr12	113536624	113574044	RASAL1	0	-	37420
chr12	15094965	15114662	ARHGDIB	0	-	19697
chr12	124118286	124147151	GTF2H3	0	+	28865
chr12	124086624	124105490	DDX55	0	+	18866
chr12	46576846	46663800	SLC38A1	0	-	86954
chr12	48103517	48119350	ENDOU	0	-	15833
chr12	117147976	117175875	SPRING1	0	-	27899
chr12	48235320	48336831	VDR	0	-	101511
chr12	130647004	130650285	FZD10	0	+	3281
chr12	131274145	131323811	STX2	0	-	49666
chr12	131438452	131626014	ADGRD1	0	+	187562
chr12	54694986	54745630	COPZ1	0	+	50644
chr12	67663138	67713733	CAND1	0	+	50595
chr12	68548548	68553520	IFNG	0	-	4972
chr12	56367697	56390467	RAB5B	0	+	22770
chr12	68666223	68726161	MDM1	0	-	59938
chr12	69080731	69139589	NUP107	0	+	58858
chr12	70636782	70748773	CNOT2	0	+	111991
chr12	56810147	56843210	TIMELESS	0	-	33063
chr12	69633349	69668138	CPSF6	0	+	34789
chr12	6643678	6647540	GAPDH	0	+	3862
chr12	6747241	6756599	ACRBP	0	-	9358
chr12	100422233	100536652	UHRF1BP1L	0	-	114419
chr12	6833180	6841041	COPS7A	0	+	7861
chr12	6759467	6772308	ING4	0	-	12841
chr12	6949118	6956557	GNB3	0	+	7439
chr12	102090725	102137918	CHPT1	0	+	47193
chr12	6961312	6975796	USP5	0	+	14484
chr12	102139277	102224737	GNPTAB	0	-	85460
chr12	7033626	7051484	ATN1	0	+	17858
chr12	7052141	7055166	C12orf57	0	+	3025
chr12	7055631	7070479	PTPN6	0	+	14848
chr12	104164231	104235012	NT5DC3	0	-	70781
chr12	118814360	118855838	SUDS3	0	+	41478
chr12	21654715	21671342	GOLT1B	0	+	16627
chr12	21788276	21910791	LDHB	0	-	122515
chr12	120105669	120119429	PRKAB1	0	+	13760
chr12	104458309	104500302	HCFC2	0	+	41993
chr12	22216707	22589975	ST8SIA1	0	-	373268
chr12	22601517	22697480	C2CD5	0	-	95963
chr12	120532903	120555306	RAB35	0	-	22403
chr12	9066492	9094063	PHC1	0	+	27571
chr12	120876001	120897809	ENSG00000111780	0	+	21808
chr12	107168399	107283094	RIC8B	0	+	114695
chr12	120899475	120907551	SRSF9	0	-	8076
chr12	27091403	27119583	FGFR1OP2	0	+	28180
chr12	9747147	9760512	KLRB1	0	-	13365
chr6	75794042	75915983	COL12A1	0	-	121941
chr6	26440700	26453643	BTN3A3	0	+	12943
chr6	24650207	24667158	TDP2	0	-	16951
chr6	116252312	116382054	FRK	0	-	129742
chr6	116575336	116766024	DSE	0	+	190688
chr6	116892572	116918838	RWDD1	0	+	26266
chr6	116937642	116954148	RSPH4A	0	+	16506
chr6	10723148	10731362	TMEM14C	0	+	8214
chr6	10695205	10710015	PAK1IP1	0	+	14810
chr6	10492456	10629601	GCNT2	0	+	137145
chr6	88032301	88109467	SMIM8	0	+	77166
chr6	11183531	11382581	NEDD9	0	-	199050
chr6	118781935	119031238	CEP85L	0	-	249303
chr6	11712287	11807279	ADTRP	0	-	94992
chr6	119134605	119256327	MCM9	0	-	121722
chr6	119280928	119470552	FAM184A	0	-	189624
chr6	89319616	89673337	RNGTT	0	-	353721
chr6	119498370	119670926	MAN1A1	0	-	172556
chr6	89964183	90025018	GABRR2	0	-	60835
chr6	122764496	122792952	SERINC1	0	-	28456
chr6	125440195	125585553	TPD52L1	0	+	145358
chr6	126277916	126301390	HINT3	0	+	23474
chr6	126102307	126253180	NCOA7	0	+	150873
chr6	24804510	25042398	RIPOR2	0	-	237888
chr6	148593440	148873180	SASH1	0	+	279740
chr6	149068166	149398126	UST	0	+	329960
chr6	150285079	150294851	ULBP1	0	+	9772
chr6	153291654	153304714	FBXO5	0	-	13060
chr6	153308497	153323844	MTRF1L	0	-	15347
chr6	35310335	35395968	PPARD	0	+	85633
chr6	35420115	35434881	FANCE	0	+	14766
chr6	35465651	35480673	TULP1	0	-	15022
chr6	35911293	35992645	SLC26A8	0	-	81352
chr6	35995454	36079013	MAPK14	0	+	83559
chr6	49572888	49604552	RHAG	0	-	31664
chr6	36461669	36515256	STK38	0	-	53587
chr6	36562130	36573377	SRSF3	0	+	11247
chr6	160090101	160183561	SOD2	0	-	93460
chr6	160210844	160219468	MRPL18	0	+	8624
chr6	52128812	52149679	MCM3	0	-	20867
chr6	37321755	37362510	RNF8	0	+	40755
chr6	12716544	13290678	PHACTR1	0	+	574134
chr6	37598455	37667082	MDGA1	0	-	68627
chr6	52866077	52926622	CILK1	0	-	60545
chr6	14117487	14137149	CD83	0	+	19662
chr6	90352217	90529513	MDN1	0	-	177296
chr6	39016557	39059079	GLP1R	0	+	42522
chr6	39071839	39082962	SAYSD1	0	-	11123
chr6	55618451	55740388	BMP5	0	-	121937
chr6	90636247	91006562	BACH2	0	-	370315
chr6	17281592	17294102	RBM24	0	+	12510
chr6	17393826	17558011	CAP2	0	+	164185
chr6	41157487	41168887	TREML2	0	-	11400
chr6	56951642	57035103	ZNF451	0	+	83461
chr6	57051790	57087105	RAB23	0	-	35315
chr6	97010424	97066502	FHL5	0	+	56078
chr6	97242001	97285353	GPR63	0	-	43352
chr6	99316411	99395882	FBXL4	0	-	79471
chr6	99990263	100016701	CCNC	0	-	26438
chr6	100054650	100063454	PRDM13	0	+	8804
chr6	20402110	20493945	E2F3	0	+	91835
chr6	64231651	64293493	PTP4A1	0	+	61842
chr6	100832885	100912797	SIM1	0	-	79912
chr6	100956070	101329248	ASCC3	0	-	373178
chr6	105544697	105585032	BVES	0	-	40335
chr6	70925743	71012787	COL9A1	0	-	87044
chr6	110421022	110501207	WASF1	0	-	80185
chr6	24424793	24495433	GPLD1	0	-	70640
chr6	106808592	107019892	CRYBG1	0	+	211300
chr6	133001988	133035194	VNN1	0	-	33206
chr6	133065009	133084598	VNN2	0	-	19589
chr6	24667263	24705293	ACOT13	0	+	38030
chr6	71377479	71571714	SMAP1	0	+	194235
chr6	133135708	133138703	RPS12	0	+	2995
chr6	24775159	24786327	GMNN	0	+	11168
chr6	133561652	133853266	EYA4	0	+	291614
chr6	107811310	107982510	SOBP	0	+	171200
chr6	108487226	108510009	NR2E1	0	+	22783
chr6	108532426	108582450	SNX3	0	-	50024
chr6	135281516	135424194	HBS1L	0	-	142678
chr6	25963030	25991459	TRIM38	0	+	28429
chr6	137143702	137235072	PEX7	0	+	91370
chr6	109781835	109804442	ZBTB24	0	-	22607
chr6	138409642	138428556	PERP	0	-	18914
chr6	138483076	138665800	ARFGEF3	0	+	182724
chr6	111408706	111552397	SLC16A10	0	+	143691
chr6	139456217	139501939	HECA	0	+	45722
chr6	142622991	142767403	ADGRG6	0	+	144412
chr6	143857982	144152322	PHACTR2	0	+	294340
chr6	145703671	146057159	EPM2A	0	-	353488
chr6	167684657	167729502	UNC93A	0	+	44845
chr6	160592093	160698670	SLC22A2	0	-	106577
chr6	33378176	33384230	PHF1	0	+	6054
chr6	163835032	163999624	QKI	0	+	164592
chr6	165693153	165723094	C6orf118	0	-	29941
chr6	165740776	166401605	PDE10A	0	-	660829
chr6	41604620	41621982	MDFI	0	+	17362
chr6	41651716	41703997	TFEB	0	-	52281
chr6	168841831	169073984	SMOC2	0	+	232153
chr6	41902672	42018095	CCND3	0	-	115423
chr6	41889237	41900784	BYSL	0	+	11547
chr6	170599791	170716155	FAM120B	0	+	116364
chr6	170863390	170881958	TBP	0	+	18568
chr6	42151022	42162694	GUCA1B	0	-	11672
chr6	42664336	42690335	PRPH2	0	-	25999
chr6	42714696	42836296	BICRAL	0	+	121600
chr6	42952291	42980080	PPP2R5D	0	+	27789
chr6	43044045	43129457	PTK7	0	+	85412
chr6	43139007	43149244	SRF	0	+	10237
chr6	43149922	43192325	CUL9	0	+	42403
chr6	43193367	43197219	DNPH1	0	-	3852
chr6	291630	351355	DUSP22	0	+	59725
chr6	485154	693139	EXOC2	0	-	207985
chr6	75947391	75960039	COX7A2	0	-	12648
chr6	75962640	75994664	TMEM30A	0	-	32024
chr6	1624041	2245839	GMDS	0	-	621798
chr6	76311225	76427997	SENP6	0	+	116772
chr6	76630831	76782395	IMPG1	0	-	151564
chr6	43737921	43754224	VEGFA	0	+	16303
chr6	4021501	4065217	PRPF4B	0	+	43716
chr6	80713604	80752244	TTK	0	+	38640
chr6	44187290	44201879	SLC29A1	0	+	14589
chr6	112375278	112390889	CCN6	0	+	15611
chr6	26458132	26476849	BTN2A1	0	+	18717
chr6	112429134	112576141	LAMA4	0	-	147007
chr6	82201156	82462491	TENT5A	0	-	261335
chr6	45848564	46048085	CLIC5	0	-	199521
chr12	133066137	133161774	FBRSL1	0	+	95637
chr6	46126922	46138717	ENPP5	0	-	11795
chr6	6588341	6655216	LY86	0	+	66875
chr6	27215480	27224403	PRSS16	0	+	8923
chr6	85397069	85474316	TBX18	0	-	77247
chr5	65178956	65378374	ERBIN	0	+	199418
chr5	140474191	140478287	PCDHB2	0	+	4096
chr5	102884556	102898491	NUDT12	0	-	13935
chr5	612455	667283	CEP72	0	+	54828
chr5	109025628	109205326	MAN2A1	0	+	179698
chr5	9035145	9546187	SEMA5A	0	-	511042
chr5	40909594	40984745	C7	0	+	75151
chr5	6713545	6757157	TENT4A	0	+	43612
chr5	42423541	42721980	GHR	0	+	298439
chr5	43287572	43313614	HMGCS1	0	-	26042
chr5	10679342	10761346	DAP	0	-	82004
chr5	137450864	137475132	NME5	0	-	24268
chr5	137475459	137514642	BRD8	0	-	39183
chr5	43602794	43707507	NNT	0	+	104713
chr5	44809049	44820530	MRPS30	0	+	11481
chr5	137889445	137911364	HSPA9	0	-	21919
chr5	71510780	71617544	MRPS27	0	-	106764
chr5	139712428	139726188	HBEGF	0	-	13760
chr5	139739779	139754726	SLC4A9	0	+	14947
chr5	54320084	54330398	GZMK	0	+	10314
chr5	139937853	139944366	APBB3	0	-	6513
chr5	151040657	151066536	SPARC	0	-	25879
chr5	140026643	140042065	IK	0	+	15422
chr5	74652170	74807963	CERT1	0	-	155793
chr5	175874629	175937075	FAF2	0	+	62446
chr5	140480057	140483411	PCDHB3	0	+	3354
chr5	140514788	140518197	PCDHB5	0	+	3409
chr5	140529638	140532868	PCDHB6	0	+	3230
chr5	140552225	140555964	PCDHB7	0	+	3739
chr5	178029665	178057616	CLK4	0	-	27951
chr5	156453753	156496407	HAVCR1	0	-	42654
chr5	178404588	178423207	GRM6	0	-	18619
chr5	156569944	156682195	ITK	0	+	112251
chr5	179338651	179499113	RNF130	0	-	160462
chr5	157158428	157168457	THG1L	0	+	10029
chr5	78073032	78281910	ARSB	0	-	208878
chr5	157212751	157286153	CLINT1	0	-	73402
chr5	79287134	79379110	THBS4	0	+	91976
chr5	179921379	180005358	CNOT6	0	+	83979
chr5	180326077	180377906	BTNL8	0	+	51829
chr5	79950471	80172634	MSH3	0	+	222163
chr5	80256182	80525981	RASGRF2	0	+	269799
chr5	161427063	161589983	GABRG2	0	+	162920
chr5	162864575	162873157	CCNG1	0	+	8582
chr5	89767565	89810374	POLR3G	0	+	42809
chr5	31400601	31532303	DROSHA	0	-	131702
chr5	31193793	31329253	CDH6	0	+	135460
chr5	126112315	126172712	LMNB1	0	+	60397
chr5	90664448	90679134	ARRDC3	0	-	14686
chr5	32124822	32174425	GOLPH3	0	-	49603
chr5	32531739	32604185	SUB1	0	+	72446
chr5	32689176	32791830	NPR3	0	+	102654
chr5	92953431	93447404	FAM172A	0	-	493973
chr5	127873706	128369335	SLC27A6	0	+	495629
chr5	33440802	33468196	TARS1	0	+	27394
chr5	1877527	1887350	IRX4	0	-	9823
chr5	96271098	96373217	LNPEP	0	+	102119
chr5	58264865	59817947	PDE4D	0	-	1553082
chr5	34905365	34919094	RAD1	0	-	13729
chr5	34998206	35048240	AGXT2	0	-	50034
chr5	35048861	35230589	PRLR	0	-	181728
chr5	1050499	1112178	SLC12A7	0	-	61679
chr5	132009678	132018370	IL4	0	+	8692
chr5	100142637	100238986	ST8SIA4	0	-	96349
chr5	141371314	141392606	GNPDA1	0	-	21292
chr5	37288239	37371208	NUP155	0	-	82969
chr5	141971743	142077635	FGF1	0	-	105892
chr5	142657496	142815077	NR3C1	0	-	157581
chr5	133291201	133304365	C5orf15	0	-	13164
chr5	64859063	64883376	PPWD1	0	+	24313
chr5	38474770	38608456	LIFR	0	-	133686
chr5	133984475	134063599	SEC24A	0	+	79124
chr5	134210061	134237325	TXNDC15	0	+	27264
chr5	40512435	40756065	TTC33	0	-	243630
chr5	167913456	167946306	RARS1	0	+	32850
chr5	167718650	167899308	WWC1	0	+	180658
chr5	134670071	134735604	MACROH2A1	0	-	65533
chr5	145826874	145891524	TCERG1	0	+	64650
chr5	146770371	146889631	DPYSL3	0	-	119260
chr5	135468534	135524435	SMAD5	0	+	55901
chr5	148872545	148931034	CSNK1A1	0	-	58489
chr5	149379609	149432705	HMGXB3	0	+	53096
chr5	172261254	172379795	ERGIC1	0	+	118541
chr5	149493402	149535435	PDGFRB	0	-	42033
chr5	149546341	149564121	CDX1	0	+	17780
chr5	172410774	172462448	ATP6V0E1	0	+	51674
chr5	172571445	172591390	BNIP1	0	+	19945
chr5	172741726	172755450	STC2	0	-	13724
chr5	173315352	173388983	CPEB4	0	+	73631
chr5	175085033	175137759	HRH2	0	+	52726
chr5	176883609	176901402	DBN1	0	-	17793
chr5	176449697	176508190	ZNF346	0	+	58493
chr5	176237520	176307899	UNC5A	0	+	70379
chr3	184908412	184999778	EHHADH	0	-	91366
chr3	74311719	74663810	CNTN3	0	-	352091
chr3	53918444	53925912	SELENOK	0	-	7468
chr3	53901093	53916179	ACTR8	0	-	15086
chr3	186263856	186288332	TBCCD1	0	-	24476
chr3	3186312	3221411	CRBN	0	-	35099
chr3	186435137	186462199	KNG1	0	+	27062
chr3	187439165	187463513	BCL6	0	-	24348
chr3	120347019	120401116	HGD	0	-	54097
chr3	190040330	190129927	CLDN16	0	+	89597
chr3	97483365	97520073	ARL6	0	+	36708
chr3	121774209	121839986	CD86	0	+	65777
chr3	134074189	134094321	AMOTL2	0	-	20132
chr3	100053583	100080479	NIT2	0	+	26896
chr3	122103008	122131181	FAM162A	0	+	28173
chr3	9791628	9829903	OGG1	0	+	38275
chr3	122140749	122233792	KPNA1	0	-	93043
chr15	25578875	25684198	UBE3A	0	-	105323
chr3	137906090	138017226	ARMC8	0	+	111136
chr3	138213186	138313380	CEP70	0	-	100194
chr3	139171726	139199589	RBP2	0	-	27863
chr3	139236276	139258671	RBP1	0	-	22395
chr3	140660672	140699837	SLC25A36	0	+	39165
chr3	141663270	141868386	TFDP2	0	-	205116
chr3	142025449	142166904	XRN1	0	-	141455
chr3	20081938	20195896	KAT2B	0	+	113958
chr3	165490692	165555250	BCHE	0	-	64558
chr3	167401086	167452727	PDCD10	0	-	51641
chr3	169556960	169587723	LRRC31	0	-	30763
chr3	55499743	55524567	WNT5A	0	-	24824
chr3	48555117	48599448	PFKFB4	0	-	44331
chr3	48601506	48632762	COL7A1	0	-	31256
chr3	191857179	192485553	FGF12	0	-	628374
chr3	48782030	48885307	PRKAR2A	0	-	103277
chr3	193853937	193856521	HES1	0	+	2584
chr3	49314577	49378145	USP4	0	-	63568
chr3	194995474	195163773	ACAP2	0	-	168299
chr3	172468472	172539264	ECT2	0	+	70792
chr3	50263724	50296794	GNAI2	0	+	33070
chr3	100428139	100467808	TFG	0	+	39669
chr3	50337321	50349812	HYAL1	0	-	12491
chr3	50357458	50365682	TUSC2	0	-	8224
chr3	50384761	50388257	NPRL2	0	-	3496
chr3	101399935	101405562	RPL24	0	-	5627
chr3	62304690	62321888	C3orf14	0	+	17198
chr3	180585929	180700541	FXR1	0	+	114612
chr3	105374305	105588396	CBLB	0	-	214091
chr3	107241783	107530186	BBX	0	+	288403
chr3	107879659	107941282	IFT57	0	-	61623
chr3	179113876	179169264	GNB4	0	-	55388
chr3	108015376	108097132	HHLA2	0	+	81756
chr3	197615948	197687013	IQCG	0	-	71065
chr3	81538854	81810796	GBE1	0	-	271942
chr3	124449280	124468120	UMPS	0	+	18840
chr3	196662273	196669465	NCBP2	0	-	7192
chr3	125165494	125239046	SNX4	0	-	73552
chr3	111805182	111849851	C3orf52	0	+	44669
chr3	69217933	69591734	FRMD4B	0	-	373801
chr3	125725200	125820404	SLC41A3	0	-	95204
chr3	125688003	125702297	ROPN1B	0	+	14294
chr3	126701536	126756232	PLXNA1	0	+	54696
chr3	113465880	113530903	ATP6V1A	0	+	65023
chr3	127391778	127399769	ABTB1	0	+	7991
chr3	127348028	127391645	PODXL2	0	+	43617
chr3	47603728	47622282	CSPG5	0	-	18554
chr3	47324407	47388306	KLHL18	0	+	63899
chr3	47455171	47518616	SCAP	0	-	63445
chr3	128628709	128721533	CFAP92	0	-	92824
chr3	130745694	131069309	NEK11	0	+	323615
chr3	131181056	131221827	MRPL3	0	-	40771
chr3	145910122	145968966	PLSCR4	0	-	58844
chr3	50606583	50633599	HEMK1	0	+	27016
chr3	50648951	50686722	MAPKAPK3	0	+	37771
chr3	38495381	38534633	ACVR2B	0	+	39252
chr3	149456259	149470282	COMMD2	0	-	14023
chr3	179512746	179754841	PEX5L	0	-	242095
chr3	51967445	51975920	RRP9	0	-	8475
chr3	183637722	183735727	ABCC5	0	-	98005
chr3	151531861	151546276	AADAC	0	+	14415
chr3	40351198	40353915	EIF1B	0	+	2717
chr3	52008722	52023199	ABHD14A-ACY1	0	+	14477
chr3	153838792	153975616	ARHGEF26	0	+	136824
chr3	183353398	183402307	KLHL24	0	+	48909
chr3	155093369	155462860	PLCH1	0	-	369491
chr3	42530791	42579065	VIPR1	0	+	48274
chr3	52350335	52434508	DNAH1	0	+	84173
chr3	156257342	156272938	SSR3	0	-	15596
chr3	42695189	42709072	ZBTB47	0	+	13883
chr3	52485116	52488057	TNNC1	0	-	2941
chr3	184063973	184079438	CLCN2	0	-	15465
chr3	184032283	184053146	EIF4G1	0	+	20863
chr3	52742460	52804962	NEK4	0	-	62502
chr2	220492116	220506702	SLC4A3	0	+	14586
chr2	206858445	206951027	INO80D	0	-	92582
chr2	207024309	207027652	EEF1B2	0	+	3343
chr2	207308256	207485851	ADAM23	0	+	177595
chr2	74153953	74186088	DGUOK	0	+	32135
chr2	74379655	74406025	MOB1A	0	-	26370
chr2	97371666	97405801	LMAN2L	0	-	34135
chr2	74652962	74669549	RTKN	0	-	16587
chr2	113239733	113299316	TTL	0	+	59583
chr2	113531502	113542070	IL1A	0	-	10568
chr2	228670455	228682280	CCL20	0	+	11825
chr2	209130979	209223470	PIKFYVE	0	+	92491
chr2	95963075	96051825	KCNIP3	0	+	88750
chr2	96068456	96082364	FAHD2A	0	+	13908
chr2	232318242	232348352	NCL	0	-	30110
chr2	98272402	98280507	ACTR1B	0	-	8105
chr2	114462588	114514270	SLC35F5	0	-	51682
chr2	98330039	98356325	ZAP70	0	+	26286
chr2	114647640	114720173	ACTR3	0	+	72533
chr2	119981407	120023228	STEAP3	0	+	41821
chr2	120770653	120936695	EPB41L5	0	+	166042
chr2	121974163	122042778	TFCP2L1	0	-	68615
chr2	24290456	24299243	SF3B6	0	-	8787
chr2	25166505	25194963	DNAJC27	0	-	28458
chr2	25383722	25391772	POMC	0	-	8050
chr2	152973315	153032277	STAM2	0	-	58962
chr2	26680071	26781624	OTOF	0	-	101553
chr2	157291802	157470247	GPD2	0	+	178445
chr2	26987157	27023935	CENPA	0	+	36778
chr2	158271131	158345473	CYTIP	0	-	74342
chr2	158592763	158732842	ACVR1	0	-	140079
chr2	159825152	160089170	TANC1	0	+	264018
chr2	27476552	27498685	SLC30A3	0	-	22133
chr2	27532360	27548547	MPV17	0	-	16187
chr2	27548716	27579866	GTF3C2	0	-	31150
chr2	27587219	27593205	EIF2B4	0	-	5986
chr2	27650657	27665126	NRBP1	0	+	14469
chr2	160956178	161056824	ITGB6	0	-	100646
chr2	27714750	27718067	FNDC4	0	-	3317
chr2	162164936	162268228	PSMD14	0	+	103292
chr2	27593363	27600402	SNX17	0	+	7039
chr2	53759810	54087297	ASB3	0	-	327487
chr2	27604062	27632458	PPM1G	0	-	28396
chr2	183004695	183388086	PDE1A	0	-	383391
chr19	1491165	1497926	REEP6	0	+	6761
chr19	1481427	1490751	PCSK4	0	-	9324
chr19	1446301	1473243	APC2	0	+	26942
chr2	163123584	163175194	IFIH1	0	-	51610
chr19	1438357	1440494	RPS15	0	+	2137
chr2	74688184	74692537	MOGS	0	-	4353
chr2	74710200	74721686	TTC31	0	+	11486
chr19	1383526	1395588	NDUFS7	0	+	12062
chr2	74732170	74734822	PCGF1	0	-	2652
chr2	165348927	165477992	GRB14	0	-	129065
chr2	74740590	74744275	TLX2	0	+	3685
chr2	54683454	54898583	SPTBN1	0	+	215129
chr2	55199323	55339757	RTN4	0	-	140434
chr2	74759385	74782817	LOXL3	0	-	23432
chr2	166604098	166651169	GALNT3	0	-	47071
chr2	75185770	75197255	POLE4	0	+	11485
chr2	75273590	75426646	TACR1	0	-	153056
chr2	55514978	55647031	CCDC88A	0	-	132053
chr2	211051850	211090171	ACADL	0	-	38321
chr2	75696428	75796848	EVA1A	0	-	100420
chr2	211295973	211342376	LANCL1	0	-	46403
chr2	190306172	190340278	WDR75	0	+	34106
chr2	56093102	56151274	EFEMP1	0	-	58172
chr2	79347488	79350535	REG1A	0	+	3047
chr2	216225163	216300796	FN1	0	-	75633
chr2	191773186	191885686	STAT1	0	-	112500
chr2	60983388	61029221	PAPOLG	0	+	45833
chr2	84743579	85046713	DNAH6	0	+	303134
chr2	99225042	99234978	UNC50	0	+	9936
chr2	217497551	217529159	IGFBP2	0	+	31608
chr2	85581517	85618875	ELMOD3	0	+	37358
chr2	217536828	217560272	IGFBP5	0	-	23444
chr2	61414598	61698222	USP34	0	-	283624
chr2	233470767	233547486	EFHD1	0	+	76719
chr2	62095220	62115806	CCT4	0	-	20586
chr2	85771843	85788655	GGCX	0	-	16812
chr2	62900986	63273622	EHBP1	0	+	372636
chr2	63277192	63284971	OTX1	0	+	7779
chr2	198318217	198340034	COQ10B	0	+	21817
chr2	85912298	85925975	GNLY	0	+	13677
chr2	198253239	198299803	SF3B1	0	-	46564
chr2	86064243	86132322	ST3GAL5	0	-	68079
chr2	101008322	101034130	CHST10	0	-	25808
chr2	101179455	101193201	PDCL3	0	+	13746
chr2	86667770	86719839	KDM3A	0	+	52069
chr2	219472578	219501907	PLCD4	0	+	29329
chr2	102608422	102645006	IL1R2	0	+	36584
chr2	219687031	219696809	PRKAG3	0	-	9778
chr2	88367344	88412903	SMYD1	0	+	45559
chr2	102681004	102796334	IL1R1	0	+	115330
chr2	219724528	219738955	WNT6	0	+	14427
chr2	102803466	102856462	IL1RL2	0	+	52996
chr2	102927989	103015237	IL18R1	0	+	87248
chr2	103035149	103069025	IL18RAP	0	+	33876
chr2	103236012	103327814	SLC9A2	0	+	91802
chr2	105974169	106054970	FHL2	0	-	80801
chr2	238394071	238463965	MLPH	0	+	69894
chr2	106709764	106810757	UXS1	0	-	100993
chr2	242166679	242256476	HDLBP	0	-	89797
chr2	242045514	242089679	PASK	0	-	44165
chr2	1377838	1547483	TPO	0	+	169645
chr2	128176003	128186818	PROC	0	+	10815
chr2	8818975	8824591	ID2	0	+	5616
chr2	9983572	10074545	TAF1B	0	+	90973
chr2	10443015	10567743	HPCAL1	0	+	124728
chr2	10580094	10588453	ODC1	0	-	8359
chr2	32582091	32844638	BIRC6	0	+	262547
chr2	10702473	10830113	NOL10	0	-	127640
chr2	131862420	132111282	PLEKHB2	0	+	248862
chr2	171784974	171823640	GORASP2	0	+	38666
chr2	37064841	37193679	STRN	0	-	128838
chr2	37428755	37458739	CEBPZ	0	-	29984
chr2	37477645	37551976	PRKD3	0	-	74331
chr2	37569970	37600465	QPCT	0	+	30495
chr2	172639915	172864766	SLC25A12	0	-	224851
chr2	38150330	38294285	RMDN2	0	+	143955
chr2	172964166	172967628	DLX2	0	-	3462
chr2	136545420	136594754	LCT	0	-	49334
chr2	136663451	136743670	DARS1	0	-	80219
chr2	38970741	38978636	SRSF7	0	-	7895
chr2	20400558	20425194	SDC1	0	-	24636
chr2	198669317	199437305	PLCL1	0	+	767988
chr2	65215611	65250999	SLC1A4	0	+	35388
chr2	39189347	39351486	SOS1	0	-	162139
chr2	143635226	143813402	KYNU	0	+	178176
chr2	175424300	175547644	WIPF1	0	-	123344
chr2	201773700	201828403	ORC2	0	-	54703
chr2	42560686	42652228	COX7A2L	0	-	91542
chr2	68592414	68624585	PLEK	0	+	32171
chr2	151324709	151395525	RND3	0	-	70816
chr2	175936978	176033110	ATF2	0	-	96132
chr2	43457990	43823177	THADA	0	-	365187
chr2	69685129	69901481	AAK1	0	-	216352
chr2	70377017	70475747	C2orf42	0	-	98730
chr2	70484518	70508317	PCYOX1	0	+	23799
chr19	917287	921005	KISS1R	0	+	3718
chr2	46520806	46613836	EPAS1	0	+	93030
chr19	925781	975939	KNOWN	0	+	50158
chr2	203070905	203103322	SUMO1	0	-	32417
chr2	71057342	71062946	CD207	0	-	5604
chr2	71127706	71192503	VAX2	0	+	64797
chr2	179345184	179381190	PLEKHA3	0	+	36006
chr2	73114511	73119287	SPR	0	+	4776
chr2	222282747	222438922	EPHA4	0	-	156175
chr2	205410198	206484886	PARD3B	0	+	1074688
chr2	223431618	223520811	FARSB	0	-	89193
chr2	73612886	73852293	ALMS1	0	+	239407
chr1	147013271	147098017	BCL9	0	+	84746
chr1	170631869	170708562	PRRX1	0	+	76693
chr1	55315300	55352868	DHCR24	0	-	37568
chr1	15853308	15918874	DNAJC16	0	+	65566
chr1	220701478	220837803	MARK1	0	+	136325
chr1	2252692	2323146	MORN1	0	-	70454
chr1	53068043	53074723	GPX7	0	+	6680
chr1	174968300	174981163	CACYBP	0	+	12863
chr1	53392948	53517370	SCP2	0	+	124422
chr1	176432307	176814737	PAPPA2	0	+	382430
chr1	178694300	178890977	RALGPS2	0	+	196677
chr1	3728650	3773960	CEP104	0	-	45310
chr1	178994939	179045702	FAM20B	0	+	50763
chr1	54519257	54578192	TCEANC2	0	+	58935
chr1	54492354	54519177	TMEM59	0	-	26823
chr1	54411758	54433841	LRRC42	0	+	22083
chr1	6281253	6296032	ICMT	0	-	14779
chr1	6245080	6269449	RPL22	0	-	24369
chr1	6161847	6240381	CHD5	0	-	78534
chr1	180124004	180173165	QSOX1	0	+	49161
chr1	109289296	109352145	STXBP3	0	+	62849
chr1	8064464	8086369	ERRFI1	0	-	21905
chr1	8014351	8045565	PARK7	0	+	31214
chr1	109656301	109749403	ELAPOR1	0	+	93102
chr1	29138682	29197779	OPRD1	0	+	59097
chr1	29474255	29508412	SRSF4	0	-	34157
chr1	29519169	29557454	MECR	0	-	38285
chr1	110752936	110825722	KCNC4	0	+	72786
chr1	184659371	184724041	EDEM3	0	-	64670
chr1	111991486	112005395	ATP5PB	0	+	13909
chr1	112084840	112259313	RAP1A	0	+	174473
chr1	32757684	32799236	HDAC1	0	+	41552
chr1	33402046	33430410	RNF19B	0	-	28364
chr1	155225770	155232221	SCAMP3	0	-	6451
chr1	33611000	33647660	TRIM62	0	-	36660
chr1	155305059	155532953	ASH1L	0	-	227894
chr1	35331037	35395251	DLGAP3	0	-	64214
chr1	35641979	35659047	SFPQ	0	-	17068
chr1	228871226	228882411	RHOU	0	+	11185
chr1	155719450	155829191	GON4L	0	-	109741
chr1	155916642	155976861	ARHGEF2	0	-	60219
chr1	156024573	156028297	LAMTOR2	0	+	3724
chr1	156433519	156470571	MEF2D	0	-	37052
chr1	62919969	63154057	DOCK7	0	-	234088
chr1	11114641	11120077	SRM	0	-	5436
chr1	11697075	11715842	FBXO2	0	-	18767
chr1	184356163	184598153	C1orf21	0	+	241990
chr1	185126212	185260913	SWT1	0	+	134701
chr1	65713902	65881554	DNAJC6	0	+	167652
chr1	65886335	66107242	LEPR	0	+	220907
chr1	185265520	185286405	IVNS1ABP	0	-	20885
chr1	11979648	11986485	KIAA2013	0	-	6837
chr1	12040238	12075268	MFN2	0	+	35030
chr1	12079523	12092102	MIIP	0	+	12579
chr1	183441351	183567381	SMG7	0	+	126030
chr1	186412698	186430246	PDC	0	-	17548
chr1	67465033	67519831	SLC35D1	0	-	54798
chr1	186798081	186958113	PLA2G4A	0	+	160032
chr1	68150884	68154017	GADD45A	0	+	3133
chr1	68564156	68698803	WLS	0	-	134647
chr1	14026683	14151574	PRDM2	0	+	124891
chr1	192778169	192781405	RGS2	0	+	3236
chr1	68894505	68915637	RPE65	0	-	21132
chr1	115215711	115238239	AMPD1	0	-	22528
chr1	192981380	193029210	UCHL5	0	-	47830
chr1	115110178	115124250	BCAS2	0	-	14072
chr1	70671365	70718735	SRSF11	0	+	47370
chr1	70876901	70905534	CTH	0	+	28633
chr1	114522013	114578194	OLFML3	0	+	56181
chr1	16010815	16061264	PLEKHM2	0	+	50449
chr1	114239453	114302111	PHTF1	0	-	62658
chr1	16268364	16302627	ZBTB17	0	-	34263
chr1	117057156	117113661	CD58	0	-	56505
chr1	36038915	36060929	TFAP2E	0	+	22014
chr1	117297052	117311851	CD2	0	+	14799
chr1	117602948	117650075	TTF2	0	+	47127
chr1	199996742	200146548	NR5A2	0	+	149806
chr1	200938518	200992842	KIF21B	0	-	54324
chr1	201103900	201140702	TMEM9	0	-	36802
chr1	36554493	36559533	ADPRS	0	+	5040
chr1	36621180	36646450	MAP7D1	0	+	25270
chr1	119573839	119683277	WARS2	0	-	109438
chr1	119911402	119936753	HAO2	0	+	25351
chr1	36881428	36916052	OSCP1	0	-	34624
chr1	36921319	36929985	MRPS15	0	-	8666
chr1	231376953	231413719	GNPAT	0	+	36766
chr1	38147242	38157921	C1orf109	0	-	10679
chr1	39303870	39325444	RRAGC	0	-	21574
chr1	236139130	236228409	NID1	0	-	89279
chr1	40116901	40137779	NT5C1A	0	-	20878
chr1	40144320	40157157	HPCAL4	0	-	12837
chr1	236958560	237084578	MTR	0	+	126018
chr1	40361098	40367928	MYCL	0	-	6830
chr1	232533711	232766317	SIPA1L2	0	-	232606
chr1	40627059	40706593	RLF	0	+	79534
chr1	40997245	41013839	ZNF684	0	+	16594
chr1	41249459	41306124	KCNQ4	0	+	56665
chr1	41086352	41131354	RIMS3	0	-	45002
chr1	243651535	244014381	AKT3	0	-	362846
chr1	157090983	157108266	ETV3	0	-	17283
chr1	76190116	76253260	ACADM	0	+	63144
chr1	77333165	77533231	ST6GALNAC5	0	+	200066
chr1	160577896	160616834	SLAMF1	0	-	38938
chr1	160648536	160681621	CD48	0	-	33085
chr1	81771832	82459616	ADGRL2	0	+	687784
chr1	17393256	17445946	PADI2	0	-	52690
chr1	17345217	17380527	SDHB	0	-	35310
chr1	17300997	17307127	MFAP2	0	-	6130
chr1	84944942	84964035	RPF1	0	+	19093
chr1	202693623	202777615	KDM5B	0	-	83992
chr1	162531512	162571030	UAP1	0	+	39518
chr1	18081828	18153558	ACTL8	0	+	71730
chr1	163038565	163046592	RGS4	0	+	8027
chr1	202860244	202897764	KLHL12	0	-	37520
chr1	18434292	18704977	IGSF21	0	+	270685
chr1	85109389	85156486	SSX2IP	0	-	47097
chr1	86115100	86174116	ZNHIT6	0	-	59016
chr1	20438432	20446059	PLA2G2D	0	-	7627
chr1	205055270	205091143	RBBP5	0	-	35873
chr1	89472362	89488577	GBP3	0	-	16215
chr1	89517565	89531043	GBP1	0	-	13478
chr1	20990507	21044510	KIF17	0	-	54003
chr1	145764409	145827075	GPR89A	0	-	62666
chr1	205473724	205501921	CDK18	0	+	28197
chr1	205737114	205744610	RAB29	0	-	7496
chr1	21543740	21672065	ECE1	0	-	128325
chr1	24128375	24165110	HMGCL	0	-	36735
chr1	24122089	24127271	GALE	0	-	5182
chr1	23884417	23885992	ID3	0	-	1575
chr1	207626369	207663240	CR2	0	+	36871
chr1	207925382	207968858	CD46	0	+	43476
chr1	150293928	150325709	PRPF3	0	+	31781
chr1	43212006	43232755	P3H1	0	-	20749
chr1	43391024	43424564	SLC2A1	0	-	33540
chr1	43629846	43736607	EBNA1BP2	0	-	106761
chr1	43824652	43828874	CDC20	0	+	4222
chr1	43803489	43820137	MPL	0	+	16648
chr1	44398992	44402912	ARTN	0	+	3920
chr1	44412622	44433694	IPO13	0	+	21072
chr1	44440159	44443967	ATP6V0B	0	+	3808
chr1	44444615	44456842	B4GALT2	0	+	12227
chr1	44686742	44820932	ERI3	0	-	134190
chr1	45285516	45308925	PTCH2	0	-	23409
chr1	46016215	46035721	AKR1A1	0	+	19506
chr1	45976586	46008404	PRDX1	0	-	31818
chr1	169364108	169429907	CCDC181	0	-	65799
chr1	169433147	169455182	SLC19A2	0	-	22035
chr1	46859989	46879520	FAAH	0	+	19531
chr1	46806461	46830824	NSUN4	0	+	24363
chr1	93811464	93835050	DR1	0	+	23586
chr1	95362505	95392779	CNN3	0	-	30274
chr1	171454669	171562650	PRRC2C	0	+	107981
chr1	94994729	95007315	F3	0	-	12586
chr1	94883945	94984222	ABCD3	0	+	100277
chr1	171669300	171711214	VAMP4	0	-	41914
chr1	101455179	101491644	DPH5	0	-	36465
chr1	172628243	172636016	FASLG	0	+	7773
chr1	97187221	97289294	PTBP2	0	+	102073
chr1	173152870	173176470	TNFSF4	0	-	23600
chr1	173446469	173457954	PRDX6	0	+	11485
chr1	173793791	173827946	DARS2	0	+	34155
chr1	209859523	209908294	HSD11B1	0	+	48771
chr1	210001317	210030910	UTP25	0	+	29593
chr1	99355801	99693485	PLPPR5	0	-	337684
chr1	99729848	99775146	PLPPR4	0	+	45298
chr1	173872938	173886465	SERPINC1	0	-	13527
chr1	24828841	24867530	RCAN3	0	+	38689
chr1	25548767	25558993	SYF2	0	-	10226
chr1	25568740	25664704	RSRP1	0	-	95964
chr1	211431719	211489727	RCOR3	0	+	58008
chr1	26210672	26233482	STMN1	0	-	22810
chr1	25943282	26112697	MAN1C1	0	+	169415
chr1	211831999	211848972	NEK2	0	-	16973
chr1	26856252	26901521	RPS6KA1	0	+	45269
chr1	26758773	26797797	DHDDS	0	+	39024
chr1	212606262	212619721	NENF	0	+	13459
chr1	212899495	212965124	NSL1	0	-	65629
chr1	214156524	214214853	PROX1	0	+	58329
chr1	27019727	27108595	ARID1A	0	+	88868
chr1	214776538	214837914	CENPF	0	+	61376
chr1	28218035	28241257	RPA2	0	-	23222
chr1	28157293	28178187	PPP1R8	0	+	20894
chr1	28099730	28150954	STX12	0	+	51224
chr1	220921567	220958157	MTARC2	0	+	36590
chr1	48688357	48714316	SLC5A9	0	+	25959
chr1	52042851	52264099	OSBPL9	0	+	221248
chr1	52485803	52520863	TXNDC12	0	-	35060
chr7	158523686	158622944	ESYT2	0	-	99258
chr15	77224079	77246734	RCN2	0	+	22655
chr15	78916453	79020096	CHRNB4	0	-	103643
chr11	1244296	1283402	MUC5B	0	+	39106
chr2	3642422	3692234	COLEC11	0	+	49812
chr3	136055078	136471245	STAG1	0	-	416167
chr3	137842555	137851232	A4GNT	0	-	8677
chr19	1177557	1228430	STK11	0	+	50873
chr11	118307171	118397547	KMT2A	0	+	90376
chr11	102582527	102597781	MMP8	0	-	15254
chr11	116706467	116708338	APOA1	0	-	1871
chr19	48023947	48076405	ZNF541	0	-	52458
chr19	47931274	47975150	SLC8A2	0	-	43876
chr19	47978407	47987522	KPTN	0	-	9115
chr1	200520625	200589879	KIF14	0	-	69254
chr1	201328136	201346892	TNNT2	0	-	18756
chr1	200593024	200639035	DDX59	0	-	46011
chr1	200708021	200829832	CAMSAP2	0	+	121811
chr1	161736088	161947364	ATF6	0	+	211276
chr2	216807307	216898819	MREG	0	-	91512
chr2	217724181	217724787	TNP1	0	-	606
chr2	207630081	207660913	FASTKD2	0	+	30832
chr2	206546714	206662857	NRP2	0	+	116143
chr2	208394461	208470712	CREB1	0	+	76251
chr2	207938861	208031991	KLF7	0	-	93130
chr18	29202209	29265799	B4GALT6	0	-	63590
chr1	150240600	150253327	C1orf54	0	+	12727
chr1	150229646	150237478	CA14	0	+	7832
chr12	25157276	25261269	IRAG2	0	+	103993
chr11	74660306	74690078	SPCS2	0	+	29772
chr11	77899858	77926278	USP35	0	+	26420
chr6	80624531	80657270	ELOVL4	0	-	32739
chr6	76001575	76203516	FILIP1	0	-	201941
chr6	90539613	90584155	CASP8AP2	0	+	44542
chr6	79910962	79944455	HMGN3	0	-	33493
chr6	83602109	83775560	UBE3D	0	-	173451
chr6	88849583	88876066	CNR1	0	-	26483
chr1	70724682	70820417	ANKRD13C	0	-	95735
chr1	66998950	67216822	SGIP1	0	+	217872
chr6	144261437	144385736	PLAGL1	0	-	124299
chr6	146114638	146135931	FBXO30	0	-	21293
chr6	138188351	138204451	TNFAIP3	0	+	16100
chr6	131456607	131604675	AKAP7	0	+	148068
chr6	146864969	146876089	RAB32	0	+	11120
chr6	135502446	135540311	MYB	0	+	37865
chr6	135238531	135271253	ALDH8A1	0	-	32722
chr6	134490386	134639250	SGK1	0	-	148864
chr6	127587871	127609712	RNF146	0	+	21841
chr6	131791972	131905472	ARG1	0	+	113500
chr6	132269316	132272512	CCN2	0	-	3196
chr6	134210251	134216691	TCF21	0	+	6440
chr16	72146056	72210777	PMFBP1	0	-	64721
chr4	15606004	15683302	FBXL5	0	-	77298
chr12	59989810	60183636	SLC16A7	0	+	193826
chr12	64173613	64203572	RXYLT1	0	+	29959
chr19	21203440	21242856	ZNF430	0	+	39416
chr2	85788685	85809154	VAMP8	0	+	20469
chr18	3261477	3278459	MYL12B	0	+	16982
chr6	108881038	109005977	FOXO3	0	+	124939
chr6	109169619	109295679	ARMC2	0	+	126060
chr1	116242642	116311335	CASQ2	0	-	68693
chr4	88928787	88998929	PKD2	0	+	70142
chr4	89011302	89152780	ABCG2	0	-	141478
chr4	88896819	88904684	SPP1	0	+	7865
chr4	77968308	77997462	CCNI	0	-	29154
chr3	158449987	158547508	MFSD1	0	+	97521
chr1	220321635	220445871	RAB3GAP2	0	-	124236
chr16	4932508	5010742	PPL	0	-	78234
chr13	74260226	74708066	KLF12	0	-	447840
chr13	76123616	76180156	UCHL3	0	+	56540
chr13	58205878	58303445	PCDH17	0	+	97567
chr2	20760208	20850890	HS1BP3	0	-	90682
chr2	20883774	21022890	LDAH	0	-	139116
chr2	20110024	20189866	WDR35	0	-	79842
chr5	95220802	95297555	ELL2	0	-	76753
chr2	196602427	196933561	DNAH7	0	-	331134
chr2	204103700	204170749	CYP20A1	0	+	67049
chr2	200134228	200335989	SATB2	0	-	201761
chr5	133706875	133727799	UBE2B	0	+	20924
chr9	77337411	77503010	TRPM6	0	-	165599
chr9	74729511	74872109	GDA	0	+	142598
chr9	72999520	73029573	KLF9	0	-	30053
chr2	106679702	106694611	ECRG4	0	+	14909
chr2	9563780	9613230	CPSF3	0	+	49450
chr3	196673227	196695931	PIGZ	0	-	22704
chr3	196594727	196661585	SENP5	0	+	66858
chr1	230972865	231005335	C1orf198	0	-	32470
chr1	231297804	231357311	TRIM67	0	+	59507
chr1	236712305	236767816	HEATR1	0	-	55511
chr9	114979996	115095944	PTBP3	0	-	115948
chr9	110045418	110094473	RAD23B	0	+	49055
chr9	115923286	115983738	FKBP15	0	-	60452
chr9	111704849	111775802	CTNNAL1	0	-	70953
chr9	131445703	131458679	SET	0	+	12976
chr9	131266934	131306153	GLE1	0	+	39219
chr9	123514256	123555694	FBXW2	0	-	41438
chr9	123617929	123657174	PHF19	0	-	39245
chr9	127019885	127115586	NEK6	0	+	95701
chr9	116111821	116133513	BSPRY	0	+	21692
chr9	127908852	127952218	PPP6C	0	-	43366
chr9	124906337	124922058	NDUFA8	0	-	15721
chr9	116135699	116139266	HDHD3	0	-	3567
chr9	115142360	115234685	HSDL2	0	+	92325
chr9	128199672	128469513	MAPKAP1	0	-	269841
chr9	102584137	102629173	NR4A3	0	+	45036
chr9	102861525	103064457	INVS	0	+	202932
chr9	101569952	101612363	GALNT12	0	+	42411
chr9	126141933	126692431	DENND1A	0	-	550498
chr9	101978707	101984224	ALG2	0	-	5517
chr1	36931644	36948879	CSF3R	0	-	17235
chr18	60994959	61034461	KDSR	0	-	39502
chr18	61056423	61089716	VPS4B	0	-	33293
chr18	55102606	55158530	ONECUT2	0	+	55924
chr19	59024897	59050278	ZBTB45	0	-	25381
chr14	75230019	75326138	YLPM1	0	+	96119
chr14	73393085	73426411	DCAF4	0	+	33326
chr14	74706152	74729441	VSX2	0	+	23289
chr14	75179847	75205323	FCF1	0	+	25476
chr14	75408537	75422329	PGF	0	-	13792
chr14	94594116	94596590	IFI27L2	0	-	2474
chr14	74486052	74549566	BBOF1	0	+	63514
chr14	74942895	74960880	NPC2	0	-	17985
chr14	74111578	74170435	DNAL1	0	+	58857
chr14	77490886	77495051	IRF2BPL	0	-	4165
chr14	74034324	74042362	ACOT2	0	+	8038
chr14	74964886	75079081	LTBP2	0	-	114195
chr14	75120140	75179820	AREL1	0	-	59680
chr14	75480472	75518235	MLH3	0	-	37763
chr14	76099968	76421422	TTLL5	0	+	321454
chr14	74751972	74769758	ABCD4	0	-	17786
chr14	75348594	75370446	DLST	0	+	21852
chr14	94612465	94746071	PPP4R4	0	+	133606
chr14	76424440	76449354	TGFB3	0	-	24914
chr14	75530812	75586205	ZC2HC1C	0	+	55393
chr14	78174414	78227447	SLIRP	0	+	53033
chr14	73525240	73590607	RBM25	0	+	65367
chr14	91698876	91720269	GPR68	0	-	21393
chr14	76777055	76968180	ESRRB	0	+	191125
chr14	75469624	75479069	EIF2B2	0	+	9445
chr14	90734204	90798313	NRDE2	0	-	64109
chr2	23608050	23931481	KLHL29	0	+	323431
chr2	25450724	25565459	DNMT3A	0	-	114735
chr2	27255778	27264562	TMEM214	0	+	8784
chr2	23971534	24149993	ATAD2B	0	-	178459
chr2	38521096	38604427	ATL2	0	-	83331
chr2	30369807	30383399	YPEL5	0	+	13592
chr2	32502973	32541663	YIPF4	0	+	38690
chr2	64751433	64820139	AFTPH	0	+	68706
chr2	64681103	64688515	LGALSL	0	+	7412
chr2	68511303	68547183	CNRIP1	0	-	35880
chr2	60677655	60781602	BCL11A	0	-	103947
chr2	47572297	47614740	EPCAM	0	+	42443
chr6	74303102	74363715	SLC17A5	0	-	60613
chr6	71998514	72018762	OGFRL1	0	+	20248
chr10	102672720	102724891	SLF2	0	+	52171
chr10	94211441	94333853	IDE	0	-	122412
chr10	103986056	103989346	ELOVL3	0	+	3290
chr10	101292699	101296281	NKX2-3	0	+	3582
chr10	113909623	113975135	GPAM	0	-	65512
chr10	93388199	93392828	PPP1R3C	0	-	4629
chr10	101089113	101154087	CNNM1	0	+	64974
chr10	111967363	112047123	MXI1	0	+	79760
chr10	112050488	112064696	SMNDC1	0	-	14208
chr10	124690417	124713827	C10orf88	0	-	23410
chr10	96305086	96373662	HELLS	0	+	68576
chr10	97419580	97453900	TCTN3	0	-	34320
chr10	120863598	120897496	DENND10	0	+	33898
chr10	99437181	99446998	AVPI1	0	-	9817
chr10	122610817	122669036	WDR11	0	+	58219
chr10	103605356	103815950	ARMH3	0	-	210594
chr10	103585731	103603677	KCNIP2	0	-	17946
chr10	106113591	106214860	CFAP58	0	+	101269
chr10	101156627	101190381	GOT1	0	-	33754
chr10	104209594	104211300	C10orf95	0	-	1706
chr10	99526508	99531756	SFRP5	0	-	5248
chr17	63005407	63052858	GNA13	0	-	47451
chr17	44107282	44302755	KANSL1	0	-	195473
chr17	46626232	46682274	HOXB3	0	-	56042
chr5	172195099	172198198	DUSP1	0	-	3099
chr5	167975500	168006373	PANK3	0	-	30873
chr5	174151585	174157899	MSX2	0	+	6314
chr9	27109139	27230172	TEK	0	+	121033
chr9	4792944	4885917	RCL1	0	+	92973
chr9	26840683	26892801	CAAP1	0	-	52118
chr9	27284652	27297148	EQTN	0	-	12496
chr9	27325207	27529812	MOB3B	0	-	204605
chr9	5450503	5470566	CD274	0	+	20063
chr4	158125334	158287227	GRIA2	0	+	161893
chr6	151186815	151423023	MTHFD1L	0	+	236208
chr6	151815152	151942328	CCDC170	0	+	127176
chr6	150070579	150132556	PCMT1	0	+	61977
chr6	150921019	151164801	PLEKHG1	0	+	243782
chr6	153019032	153045704	MYCT1	0	+	26672
chrX	30576926	30595883	TASL	0	-	18957
chr5	139554741	139661637	CYSTM1	0	+	106896
chr5	141032968	141061797	ARAP3	0	-	28829
chr5	140557371	140560120	PCDHB8	0	+	2749
chr5	140571926	140575220	PCDHB10	0	+	3294
chr5	140588269	140592143	PCDHB12	0	+	3874
chr1	175036969	175117211	TNN	0	+	80242
chr1	173008342	173020081	TNFSF18	0	-	11739
chr1	170500960	170522975	GORAB	0	+	22015
chr6	160199530	160210735	TCP1	0	-	11205
chr6	167738559	167772991	TTLL2	0	+	34432
chr11	130736145	130786374	SNX19	0	-	50229
chr11	128761251	128791058	KCNJ5	0	+	29807
chr11	124636394	124670602	MSANTD2	0	-	34208
chr11	128804626	128813294	TP53AIP1	0	-	8668
chrX	69748790	70128561	TEX11	0	-	379771
chrX	69488155	69501690	ARR3	0	+	13535
chr4	147175127	147443524	SLC10A7	0	-	268397
chr8	110253148	110346350	NUDCD1	0	-	93202
chr8	110346553	110358183	ENY2	0	+	11630
chr10	23983675	24836777	KIAA1217	0	+	853102
chr10	18098352	18200091	KNOWN	0	+	101739
chr10	20105168	20578785	PLXDC2	0	+	473617
chr10	32556679	32667726	EPC1	0	-	111047
chr12	175933	287621	IQSEC3	0	+	111688
chr1	28914341	28974803	TAF12	0	-	60462
chr13	43787266	44361108	ENOX1	0	-	573842
chr13	43136872	43182149	TNFSF11	0	+	45277
chr13	41790505	41837713	MTRF1	0	-	47208
chr13	43597339	43688349	DNAJC15	0	+	91010
chr13	39584002	39612226	PROSER1	0	-	28224
chr13	38923986	38937756	UFM1	0	+	13770
chr13	41635645	41658142	WBP4	0	+	22497
chr13	41506060	41635576	ELF1	0	-	129516
chr13	37418968	37494902	SMAD9	0	-	75934
chr13	31709110	31736525	HSPH1	0	-	27415
chr13	41763970	41768705	KBTBD7	0	-	4735
chr13	37523875	37574900	ALG5	0	-	51025
chr5	137841784	137878925	ETF1	0	-	37141
chr5	135364677	135399507	TGFBI	0	+	34830
chr5	138282413	138629246	SIL1	0	-	346833
chr5	138677276	138705409	PAIP2	0	+	28133
chr5	137203547	137223540	MYOT	0	+	19993
chr5	137688374	137772717	KDM3B	0	+	84343
chr5	137801168	137804992	EGR1	0	+	3824
chr3	150259785	150321015	SERP1	0	-	61230
chr3	142315235	142432506	PLS1	0	+	117271
chr19	38104650	38183238	ZFP30	0	-	78588
chr12	95414005	95467404	NR2C1	0	-	53399
chr12	101673883	101780396	UTP20	0	+	106513
chr12	98909357	98944129	TMPO	0	+	34772
chr12	101786894	101801550	ARL1	0	-	14656
chr12	104382765	104457961	GLT8D2	0	-	75196
chr12	93963590	93977263	SOCS2	0	+	13673
chr12	104510864	104532019	NFYB	0	-	21155
chr12	102406618	102455927	WASHC3	0	-	49309
chr8	29190581	29208201	DUSP4	0	-	17620
chr8	27454434	27472217	CLU	0	-	17783
chr8	22877646	22926544	TNFRSF10B	0	-	48898
chr8	22402499	22433301	SORBS3	0	+	30802
chr8	27168999	27316908	PTK2B	0	+	147909
chr8	26605667	26724795	ADRA1A	0	-	119128
chr8	22298332	22398655	PPP3CC	0	+	100323
chr8	22435792	22455538	PDLIM2	0	+	19746
chr8	27348298	27403081	EPHX2	0	+	54783
chr1	11917521	11919002	NPPB	0	-	1481
chr1	11333255	11356106	UBIAD1	0	+	22851
chr1	12123360	12204264	TNFRSF8	0	+	80904
chr8	102190106	102218421	ZNF706	0	-	28315
chr8	54958927	55014577	LYPLA1	0	-	55650
chr8	75896740	75946793	CRISPLD1	0	+	50053
chr8	74206837	74237516	RDH10	0	+	30679
chr17	56270087	56282535	EPX	0	+	12448
chr17	55162453	55198707	AKAP1	0	+	36254
chr17	55015560	55038411	COIL	0	-	22851
chr17	54913748	54991441	TRIM25	0	-	77693
chr17	55055490	55084129	SCPEP1	0	+	28639
chr17	47676246	47755525	SPOP	0	-	79279
chr17	59477204	59486827	TBX2	0	+	9623
chr17	47778296	47786376	SLC35B1	0	-	8080
chr17	59529765	59562471	TBX4	0	+	32706
chr17	56634039	56769416	TEX14	0	-	135377
chr17	47787694	47866542	FAM117A	0	-	78848
chr2	97001504	97042829	NCAPH	0	+	41325
chr4	155548097	155674272	LRAT	0	+	126175
chr4	154387498	154557863	TMEM131L	0	+	170365
chr16	50186822	50269221	TENT4B	0	+	82399
chr16	50280048	50352046	ADCY7	0	+	71998
chr19	33366831	33462897	CEP89	0	-	96066
chr19	31640885	31840342	TSHZ3	0	-	199457
chr1	53361582	53392884	ECHDC2	0	-	31302
chr12	14656595	14720817	PLBD1	0	-	64222
chr12	11544474	11653975	PRB2	0	-	109501
chr12	21590549	21624184	PYROXD1	0	+	33635
chr12	21917889	21928534	KCNJ8	0	-	10645
chr12	12202778	12364018	BCL2L14	0	+	161240
chr13	20248892	20357159	PSPC1	0	-	108267
chr19	58038693	58068910	ZNF549	0	+	30217
chr19	58856544	58864858	A1BG	0	-	8314
chr19	58595205	58629794	ZSCAN18	0	-	34589
chr19	58141763	58155409	ZNF211	0	+	13646
chr3	73431582	73674092	PDZRN3	0	-	242510
chr1	185014658	185071735	RNF2	0	+	57077
chr1	185087233	185126204	TRMT1L	0	-	38971
chr3	122044095	122060816	CSTA	0	+	16721
chr3	119355304	119384171	POPDC2	0	-	28867
chr3	118930579	118959793	B4GALT4	0	-	29214
chr3	113435305	113465147	NAA50	0	-	29842
chr3	119243140	119278461	CD80	0	-	35321
chr11	28042166	28129703	KIF18A	0	-	87537
chr1	147374921	147381396	GJA8	0	+	6475
chr1	244816405	244872335	DESI2	0	+	55930
chr11	45907202	45928016	MAPK8IP1	0	+	20814
chr11	45868669	45904799	CRY2	0	+	36130
chr11	45931214	45940363	PEX16	0	-	9149
chr11	33037422	33055128	DEPDC7	0	+	17706
chr11	34460481	34493607	CAT	0	+	33126
chr13	20532817	20665968	ZMYM2	0	+	133151
chr13	20796101	20806504	GJB6	0	-	10403
chr13	20712394	20735191	GJA3	0	-	22797
chr12	72233487	72321028	TBC1D15	0	+	87541
chr1	32192718	32230494	ADGRB2	0	-	37776
chr1	31769829	31837800	ZCCHC17	0	+	67971
chr1	31838100	31849697	FABP3	0	-	11597
chr1	32479469	32526451	KHDRBS1	0	+	46982
chr1	32537632	32568467	TMEM39B	0	+	30835
chr3	46448657	46454488	CCRL2	0	+	5831
chr3	46395355	46402431	CCR2	0	+	7076
chr3	172161081	172166246	GHSR	0	-	5165
chr3	172223298	172241265	TNFSF10	0	-	17967
chr3	179040819	179056371	ZNF639	0	+	15552
chr3	164904508	164914897	SLITRK3	0	-	10389
chr3	178865902	178957881	PIK3CA	0	+	91979
chr4	39824483	39979576	PDS5A	0	-	155093
chr4	38968365	39034542	TMEM156	0	-	66177
chr4	39460624	39486729	LIAS	0	+	26105
chr10	125465723	125699783	CPXM2	0	-	234060
chr1	33938246	33967243	ZSCAN20	0	+	28997
chr1	33979598	34631443	CSMD2	0	-	651845
chr1	33351595	33364042	HPCA	0	+	12447
chr1	111489812	111506587	LRIF1	0	-	16775
chr2	144695635	145090135	GTDC1	0	-	394500
chr2	136871919	136876747	CXCR4	0	-	4828
chr2	135894486	136288788	ZRANB3	0	-	394302
chr5	75379208	75649764	SV2C	0	+	270556
chr13	28577411	28674729	FLT3	0	-	97318
chr13	27825499	27830828	RPL21	0	+	5329
chr13	28009780	28024728	MTIF3	0	-	14948
chr13	27844967	27849329	RASL11A	0	+	4362
chr13	30338508	30424754	UBL3	0	-	86246
chrX	128872925	128903512	XPNPEP2	0	+	30587
chrX	128913925	128929177	SASH3	0	+	15252
chrX	128673826	128726538	OCRL	0	+	52712
chr9	138453602	138458801	PAEP	0	+	5199
chr9	138437972	138441815	OBP2A	0	+	3843
chrX	79270252	79287273	TBX22	0	+	17021
chr1	203309756	203320886	FMOD	0	-	11130
chr1	203734305	203745500	LAX1	0	+	11195
chr5	175773065	175788810	KIAA1191	0	-	15745
chr1	160258384	160313356	COPA	0	-	54972
chr1	160799950	160832677	CD244	0	-	32727
chr1	160765864	160798051	LY9	0	+	32187
chr16	22825483	22927659	HS3ST2	0	+	102176
chr16	24549014	24584184	RBBP6	0	+	35170
chr16	11844442	11891114	ZC3H7A	0	-	46672
chr6	158530551	158589312	SERAC1	0	-	58761
chr10	81910645	81965328	ANXA11	0	-	54683
chr10	88426542	88495829	LDB3	0	+	69287
chr10	88853918	88951222	SHLD2	0	+	97304
chr10	82167585	82196871	PRXL2A	0	+	29286
chr16	3162561	3170518	ZNF205	0	+	7957
chr1	86812507	86862025	ODF2L	0	-	49518
chr1	78769568	79006386	PTGFR	0	+	236818
chr1	84971983	85033062	SPATA1	0	+	61079
chr1	100614004	100643829	LRRC39	0	-	29825
chr1	91380855	91487829	ZNF644	0	-	106974
chr1	93645476	93744287	CCDC18	0	+	98811
chr1	92764616	92867613	RPAP2	0	+	102997
chr18	77662420	77711657	SLC66A2	0	-	49237
chr1	148003642	148025863	KNOWN	0	-	22221
chr7	33149169	33916792	BBS9	0	+	767623
chr7	6010556	6048761	PMS2	0	-	38205
chr7	44788180	44809480	ZMIZ2	0	+	21300
chr7	5919458	5925994	OCM	0	+	6536
chr7	35840542	35946720	SEPTIN7	0	+	106178
chr7	36192863	36341147	EEPD1	0	+	148284
chr7	23145377	23217533	KLHL7	0	+	72156
chr7	35672269	35737069	HERPUD2	0	-	64800
chr7	26240782	26253227	CBX3	0	+	12445
chr7	29846102	29956677	WIPF3	0	+	110575
chr7	24323807	24331481	NPY	0	+	7674
chr7	22928990	23053749	FAM126A	0	-	124759
chr7	27193335	27197555	HOXA7	0	-	4220
chr7	41706766	41745432	INHBA	0	-	38666
chr7	32997016	33046542	FKBP9	0	+	49526
chr7	33053742	33102408	NT5C3A	0	-	48666
chr7	12726481	12730583	ARL4A	0	+	4102
chr7	44111661	44122129	POLM	0	-	10468
chr7	45197390	45225901	RAMP3	0	+	28511
chr7	19060614	19157259	TWIST1	0	-	96645
chr9	33041763	33076672	SMU1	0	-	34909
chr9	36136533	36163910	GLIPR2	0	+	27377
chr9	36190853	36304778	CLTA	0	+	113925
chr9	36036910	36124452	RECK	0	+	87542
chr9	33218363	33248565	SPINK4	0	+	30202
chr9	32384601	32454767	ACO1	0	+	70166
chr9	34957605	34982541	PHF24	0	+	24936
chr9	34457412	34520986	DNAI1	0	+	63574
chr9	34551430	34590138	CNTFR	0	-	38708
chr7	138516126	138666135	KIAA1549	0	-	150009
chr7	138145004	138274741	TRIM24	0	+	129737
chr7	134429003	134655480	CALD1	0	+	226477
chrX	51075083	51080377	NUDT10	0	+	5294
chr10	81370695	81375211	SFTPA1	0	+	4516
chr10	71331454	71333178	NEUROG3	0	-	1724
chr10	75668935	75677254	PLAU	0	+	8319
chr10	70847859	70864561	SRGN	0	+	16702
chr10	73724153	73773316	CHST3	0	+	49163
chr10	60272632	60591195	BICC1	0	+	318563
chr10	60028922	60049346	CISD1	0	+	20424
chr10	64571756	64578927	EGR2	0	-	7171
chr10	74766975	74856732	P4HA1	0	-	89757
chr10	70237755	70287280	SLC25A16	0	-	49525
chr10	58116988	58121034	ZWINT	0	-	4046
chr10	70883268	70934168	VPS26A	0	+	50900
chr12	114254543	114404130	RBM19	0	-	149587
chr12	120123596	120315124	CIT	0	-	191528
chr12	110562140	110656598	IFT81	0	+	94458
chr12	121163577	121177811	ACADS	0	+	14234
chr12	111065646	111142755	HVCN1	0	-	77109
chr12	113594978	113623284	DDX54	0	-	28306
chr12	116395710	116715498	MED13L	0	-	319788
chr1	51426417	51440306	CDKN2C	0	+	13889
chr1	51701945	51739119	RNF11	0	+	37174
chr12	26111165	26232825	RASSF8	0	+	121660
chr12	26274924	26452223	SSPN	0	+	177299
chr12	26488285	26986127	ITPR2	0	-	497842
chr12	28286182	28734444	CCDC91	0	+	448262
chr8	91803969	91971621	NECAB1	0	+	167652
chr8	87354776	87490649	WWP1	0	+	135873
chrX	23719172	23784592	ACOT9	0	-	65420
chrX	23682379	23704514	PRDX4	0	+	22135
chr19	14519610	14530195	DDX39A	0	-	10585
chr19	14543865	14582679	PKN1	0	+	38814
chr19	12841454	12845498	TRIR	0	-	4044
chr19	14491313	14519537	ADGRE5	0	+	28224
chr19	14588572	14606961	GIPC1	0	-	18389
chr13	50486838	50510626	SPRYD7	0	-	23788
chr13	50234810	50265622	EBPL	0	-	30812
chr13	52504572	52586261	ATP7B	0	-	81689
chr13	46528600	46626894	ZC3H13	0	-	98294
chr5	65018032	65167553	NLN	0	+	149521
chr5	64813593	64858995	CENPK	0	-	45402
chr10	7601232	7708961	ITIH5	0	-	107729
chr12	51157493	51214945	ATF1	0	+	57452
chr12	58176544	58201854	TSFM	0	+	25310
chr12	54891536	54942027	NCKAP1L	0	+	50491
chr12	56229217	56236750	MMP19	0	-	7533
chr12	53689075	53693236	PFDN5	0	+	4161
chr12	49760367	49921208	SPATS2	0	+	160841
chr12	52416616	52453291	NR4A1	0	+	36675
chr12	54943385	54973023	PDE1B	0	+	29638
chr12	54332615	54340328	HOXC13	0	+	7713
chr12	57522266	57607144	LRP1	0	+	84878
chr12	54366910	54371427	HOXC11	0	+	4517
chr12	52463030	52471279	ATG101	0	+	8249
chr12	54685895	54694799	NFE2	0	-	8904
chr12	54348687	54352740	HOXC12	0	+	4053
chr12	56401443	56432219	IKZF4	0	+	30776
chr12	54515061	54582792	SMUG1	0	-	67731
chr12	49521565	49525180	TUBA1B	0	-	3615
chr11	47593749	47600528	KBTBD4	0	-	6779
chr9	136528682	136605077	SARDH	0	-	76395
chr9	136501485	136524451	DBH	0	+	22966
chr1	47098409	47139539	ATPAF1	0	-	41130
chr1	47715811	47780564	STIL	0	-	64753
chrX	114238538	114254540	IL13RA2	0	-	16002
chr6	111195973	111220082	AMD1	0	+	24109
chr6	97337191	97345767	NDUFAF4	0	-	8576
chr6	99880201	99969604	USP45	0	-	89403
chrX	103028647	103047548	PLP1	0	+	18901
chrX	102930424	102943086	MORF4L2	0	-	12662
chrX	103265719	103268280	H2BW1	0	-	2561
chrX	103077257	103087187	RAB9B	0	-	9930
chrX	105066532	105202602	NRK	0	+	136070
chrX	103411134	103440583	FAM199X	0	+	29449
chrX	103494719	103499614	ESX1	0	-	4895
chrX	13707247	13728623	RAB9A	0	+	21376
chr2	172172256	172291312	METTL8	0	-	119056
chr2	166713985	166810361	TTC21B	0	-	96376
chr2	152126984	152146408	NMI	0	-	19424
chr2	152214106	152236560	TNFAIP6	0	+	22454
chr2	158383279	158485376	ACVR1C	0	-	102097
chr2	160175490	160473080	BAZ2B	0	-	297590
chr5	150816607	150871940	SLC36A1	0	+	55333
chr1	211916799	212004105	LPGAT1	0	-	87306
chr1	212859759	212873182	BATF3	0	-	13423
chr1	209848757	209849735	G0S2	0	+	978
chr17	68164814	68176185	KCNJ2	0	+	11371
chrX	131337052	131353508	RAP2C	0	-	16456
chr4	122722473	122738176	EXOSC9	0	+	15703
chr19	41197419	41231689	COQ8B	0	-	34270
chr1	207207711	207254369	PFKFB2	0	+	46658
chr1	207277578	207318317	C4BPA	0	+	40739
chr1	207262205	207273338	C4BPB	0	+	11133
chr11	87846419	87908611	RAB38	0	-	62192
chr11	94110482	94134585	GPR83	0	-	24103
chr8	141530255	141645732	AGO2	0	-	115477
chr4	2249159	2263836	MXD4	0	-	14677
chr9	91926110	91931618	CKS2	0	+	5508
chr2	223725660	223809357	ACSL3	0	+	83697
chr2	220236765	220264744	DNPEP	0	-	27979
chr2	223536377	223574649	MOGAT1	0	+	38272
chr2	220415450	220436581	OBSL1	0	-	21131
chr2	225243415	225266824	FAM124B	0	-	23409
chr16	67977377	68003504	SLC12A4	0	-	26127
chr16	67696848	67701168	ENKD1	0	-	4320
chr20	56063015	56070422	HMGB1P1	0	-	7407
chr20	54934030	54943719	FAM210B	0	+	9689
chr20	43803543	43805185	PI3	0	+	1642
chr20	43880880	43883205	SLPI	0	-	2325
chr20	44376583	44420571	WFDC3	0	-	43988
chr20	43104514	43123244	TTPAL	0	+	18730
chr20	47240790	47444536	PREX1	0	-	203746
chr20	43719855	43729768	KCNS1	0	-	9913
chr20	44650329	44688789	SLC12A5	0	+	38460
chr20	37230452	37279678	ARHGAP40	0	+	49226
chr20	43953928	43977064	SDC4	0	-	23136
chr20	46130631	46285621	NCOA3	0	+	154990
chr20	44044724	44085574	PIGT	0	+	40850
chr20	43922085	43937169	MATN4	0	-	15084
chr20	44689630	44718601	NCOA5	0	-	28971
chr20	56964285	57026157	VAPB	0	+	61872
chr20	49348117	49373332	PARD6B	0	+	25215
chr20	40030723	40247023	CHD6	0	-	216300
chr20	42543492	42698256	TOX2	0	+	154764
chr20	42875739	42909587	GDAP1L1	0	+	33848
chr20	42354804	42355642	GTSF1L	0	-	838
chr20	47538248	47653230	ARFGEF2	0	+	114982
chr20	47854483	47894963	ZNFX1	0	-	40480
chr20	57698436	57834168	ZNF831	0	+	135732
chr20	57875498	57901047	EDN3	0	+	25549
chr20	47662783	47713497	CSE1L	0	+	50714
chr20	56884771	56942563	RAB22A	0	+	57792
chr20	48120411	48184674	PTGIS	0	-	64263
chr20	47729876	47804904	STAU1	0	-	75028
chr20	58533478	58609066	CDH26	0	+	75588
chr20	48599517	48605423	SNAI1	0	+	5906
chr20	56223448	56286592	PMEPA1	0	-	63144
chr20	48552873	48570422	RNF114	0	+	17549
chr20	56725958	56736206	C20orf85	0	+	10248
chr20	49411431	49493714	BCAS4	0	+	82283
chr20	56136136	56143177	PCK1	0	+	7041
chr20	56178902	56195632	ZBP1	0	-	16730
chr5	7851299	7906138	MTRR	0	+	54839
chr19	33877856	34012729	PEPD	0	-	134873
chr19	34112859	34264414	CHST8	0	+	151555
chrX	53255010	53350548	IQSEC2	0	-	95538
chrX	155111008	155173433	VAMP7	0	+	62425
chrY	59214014	59276439	VAMP7	0	+	62425
chrX	155227361	155240482	IL9R	0	+	13121
chrY	59330367	59343488	IL9R	0	+	13121
chrX	2670081	2734541	XG	0	+	64460
chr2	74056043	74100786	STAMBP	0	+	44743
chr2	71291474	71306938	NAGK	0	+	15464
chr2	71336814	71357369	MCEE	0	-	20555
chr2	71409868	71454233	PAIP2B	0	-	44365
chr2	71357440	71377231	MPHOSPH10	0	+	19791
chr4	42410390	42659138	ATP8A1	0	-	248748
chr17	20902909	20947073	USP22	0	-	44164
chrX	84532402	84634722	POF1B	0	-	102320
chr19	46800299	46846690	HIF3A	0	+	46391
chr19	44416776	44439434	ZNF45	0	-	22658
chr19	43964939	43969760	LYPD3	0	-	4821
chrX	43808022	43832641	NDP	0	-	24619
chrX	40944698	41095832	USP9X	0	+	151134
chr6	49660071	49681303	CRISP2	0	-	21232
chr6	6144317	6321246	F13A1	0	-	176929
chr6	33986420	34123399	GRM4	0	-	136979
chr6	42192669	42419789	TRERF1	0	-	227120
chr6	34433838	34503006	PACSIN1	0	+	69168
chr6	26383324	26395102	BTN2A2	0	+	11778
chr6	13574459	13615390	SIRT5	0	+	40931
chr6	26027124	26027480	KNOWN	0	-	356
chr6	42989361	43001894	RRP36	0	+	12533
chr6	26500531	26510653	BTN1A1	0	+	10122
chr6	34725282	34741634	SNRPC	0	+	16352
chr6	25783143	25832280	SLC17A1	0	-	49137
chr6	2948393	2972399	SERPINB6	0	-	24006
chr6	43490072	43543775	XPO5	0	-	53703
chr6	43395104	43418165	ABCC10	0	+	23061
chr6	26234440	26235215	H1-3	0	-	775
chr6	42931603	42946919	PEX6	0	-	15316
chr6	2988221	3019989	NQO2	0	+	31768
chr6	41001366	41065526	OARD1	0	-	64160
chr6	27342394	27371687	ZNF391	0	+	29293
chr6	27093676	27100574	H2BC11	0	-	6898
chr6	27925019	27925960	OR2B6	0	+	941
chr6	42712236	42713841	TBCC	0	-	1605
chr6	34505579	34524110	SPDEF	0	-	18531
chr6	35085848	35116387	TCP11	0	-	30539
chr6	43597277	43608678	MAD2L1BP	0	+	11401
chr6	42981841	42989036	KLHDC3	0	+	7195
chr6	41235664	41254420	TREM1	0	-	18756
chr6	53512714	53530554	KLHL31	0	-	17840
chr6	55921388	56258892	COL21A1	0	-	337504
chr6	36644237	36655114	CDKN1A	0	+	10877
chr6	21593982	21598850	SOX4	0	+	4868
chr6	38643701	38670921	GLO1	0	-	27220
chr6	36708552	36807220	CPNE5	0	-	98668
chr6	39266777	39282237	KCNK17	0	-	15460
chr6	7107830	7252213	RREB1	0	+	144383
chr6	7268539	7347679	SSR1	0	-	79140
chr6	7390026	7418270	RIOK1	0	+	28244
chr6	5998232	6007838	NRN1	0	-	9606
chr6	8411668	8435794	SLC35B3	0	-	24126
chr6	4994951	5004297	RPP40	0	-	9346
chr6	16299343	16761722	ATXN1	0	-	462379
chr6	17615266	17707156	NUP153	0	-	91890
chr6	18224091	18264779	DEK	0	-	40688
chr6	8073593	8102792	EEF1E1	0	-	29199
chr6	49801970	49844809	CRISP1	0	-	42839
chr2	238536230	238722325	LRRFIP1	0	+	186095
chr2	238482965	238510257	RAB17	0	-	27292
chr4	74702357	74714781	CXCL6	0	+	12424
chr4	75230862	75254466	EREG	0	+	23604
chr11	55650773	55659286	TRIM51	0	+	8513
chr11	61520108	61555990	MYRF	0	+	35882
chr11	62009711	62012284	SCGB1D2	0	+	2573
chr11	61976145	61981415	SCGB2A1	0	+	5270
chr11	62201014	62323707	AHNAK	0	-	122693
chr3	10004366	10052886	EMC3	0	-	48520
chr3	8661072	8786726	SSUH2	0	-	125654
chr12	49372105	49376403	WNT1	0	+	4298
chr4	8183799	8243530	SH3TC1	0	+	59731
chr16	58553855	58663789	CNOT1	0	-	109934
chr16	56499552	56616579	BBS2	0	-	117027
chr16	56700642	56701977	MT1G	0	-	1335
chr16	56642496	56643409	MT2A	0	+	913
chr16	67143844	67182447	PHAF1	0	+	38603
chr16	58741035	58768246	GOT2	0	-	27211
chr16	57505834	57521239	DOK4	0	-	15405
chr13	100258923	100561713	CLYBL	0	+	302790
chr13	101255879	101327347	TMTC4	0	-	71468
chr13	98086423	98121382	RAP2A	0	+	34959
chr13	95672089	95953729	ABCC4	0	-	281640
chr13	107142093	107188010	EFNB2	0	-	45917
chr13	100098565	100216302	TM9SF2	0	+	117737
chr17	42219274	42239844	HROB	0	+	20570
chr6	168396921	168445771	KIF25	0	+	48850
chrX	118967985	118986961	UPF3B	0	-	18976
chrX	119004438	119005696	RNF113A	0	-	1258
chrX	118749687	118827333	SEPTIN6	0	-	77646
chrX	119392505	119445411	TMEM255A	0	-	52906
chrX	119005795	119010625	NDUFA1	0	+	4830
chr14	54416454	54425479	BMP4	0	-	9025
chr14	52781023	52795316	PTGER2	0	+	14293
chr4	2538374	2734300	FAM193A	0	+	195926
chr4	2965298	3042487	GRK4	0	+	77189
chr17	70117161	70122557	SOX9	0	+	5396
chr17	15207128	15244949	TEKT3	0	-	37821
chr17	14204398	14252721	HS3ST3B1	0	+	48323
chr17	8191081	8198718	SLC25A35	0	-	7637
chr17	73232694	73258444	GGA3	0	-	25750
chr17	73106047	73126367	ARMC7	0	+	20320
chr17	73201754	73231853	NUP85	0	+	30099
chr17	73269062	73285591	SLC25A19	0	-	16529
chr17	73262309	73267312	MIF4GD	0	-	5003
chr1	155533026	155584742	MSTO1	0	+	51716
chr9	135250935	135282238	TTF1	0	-	31303
chr9	135468384	135545788	DDX31	0	-	77404
chr19	55602282	55629005	PPP1R12C	0	-	26723
chr19	54677106	54693733	MBOAT7	0	-	16627
chr20	62169842	62179102	SRMS	0	-	9260
chr20	62711435	62731996	OPRL1	0	+	20561
chr20	62179244	62188048	FNDC11	0	+	8804
chr20	62152118	62153559	PPDPF	0	+	1441
chr2	113587328	113594393	IL1B	0	-	7065
chr2	113668742	113676459	IL37	0	+	7717
chr2	113341817	113346852	CHCHD5	0	+	5035
chr2	113973574	114036498	PAX8	0	-	62924
chr2	118846028	118868573	INSIG2	0	+	22545
chr2	113299492	113337395	POLR1B	0	+	37903
chr2	118673054	118771709	CCDC93	0	-	98655
chr2	113914902	113966973	PSD4	0	+	52071
chr19	6436090	6465214	SLC25A23	0	-	29124
chr19	6375159	6379069	PSPN	0	-	3910
chr19	6379583	6393992	GTF2F1	0	-	14409
chr19	6361542	6370253	CLPP	0	+	8711
chr19	6531037	6535935	TNFSF9	0	+	4898
chrX	122318006	122624766	GRIA3	0	+	306760
chrX	122734412	122866906	THOC2	0	-	132494
chr17	37560538	37607525	MED1	0	-	46987
chr17	37004113	37010017	RPL23	0	-	5904
chr1	63249803	63331187	ATG4C	0	+	81384
chr19	6583194	6604114	CD70	0	-	20920
chr19	6677715	6730573	C3	0	-	52858
chr19	6752171	6767474	SH2D3A	0	-	15303
chr19	6737936	6751541	TRIP10	0	+	13605
chr19	6661264	6670599	TNFSF14	0	-	9335
chr19	46031025	46105470	OPA3	0	-	74445
chr19	46110252	46148860	EML2	0	-	38608
chr19	46009837	46030241	VASP	0	+	20404
chr19	46318668	46366452	SYMPK	0	-	47784
chr20	5525085	5591652	GPCPD1	0	-	66567
chr20	3024268	3026393	GNRH2	0	+	2125
chr20	123231	126392	DEFB126	0	+	3161
chr20	22561636	22566093	FOXA2	0	-	4457
chr20	23059997	23066961	CD93	0	-	6964
chr20	23342819	23353699	GZF1	0	+	10880
chr20	21686297	21699119	PAX1	0	+	12822
chr20	23355156	23402156	NAPB	0	-	47000
chr20	3764498	3767387	CENPB	0	-	2889
chr20	1093883	1170059	PSMF1	0	+	76176
chr20	21491655	21494702	NKX2-2	0	-	3047
chr20	18568586	18747288	DTD1	0	+	178702
chr20	23406741	23425567	CSTL1	0	+	18826
chr20	7957993	8000452	TMX4	0	-	42459
chr20	23431040	23433513	CST11	0	-	2473
chr20	2082473	2157684	STK35	0	+	75211
chr20	327426	340304	NRSN2	0	+	12878
chr20	3801171	3809485	AP5S1	0	+	8314
chr20	17594323	17662940	RRBP1	0	-	68617
chr20	6748333	6760893	BMP2	0	+	12560
chr20	18268927	18297640	ZNF133	0	+	28713
chr20	17937623	18039832	OVOL2	0	-	102209
chr20	10381657	10414870	MKKS	0	-	33213
chr20	17474550	17549865	BFSP1	0	-	75315
chr20	17550720	17590564	DSTN	0	+	39844
chr20	9495005	9511171	LAMP5	0	+	16166
chr20	16710606	16723209	SNRPB2	0	+	12603
chr20	6021192	6034706	LRRN4	0	-	13514
chr20	404240	443210	TBC1D20	0	-	38970
chr20	3189514	3204516	ITPA	0	+	15002
chr20	584901	590953	TCF15	0	-	6052
chr20	814358	838106	FAM110A	0	+	23748
chr20	3026698	3028896	MRPS26	0	+	2198
chr19	3172344	3180330	S1PR4	0	+	7986
chr19	3185561	3209573	NCLN	0	+	24012
chr1	23630264	23670829	HNRNPR	0	-	40565
chr1	23685941	23696329	ZNF436	0	-	10388
chrX	101854096	101859087	ARMCX5	0	+	4991
chr20	34021145	34042568	GDF5	0	-	21423
chr20	32244893	32262269	NECAB3	0	-	17376
chr20	30193086	30194318	ID1	0	+	1232
chr20	32581452	32696114	RALY	0	+	114662
chr20	34129787	34145405	ERGIC3	0	+	15618
chr20	34287194	34288906	ROMO1	0	+	1712
chr20	31861286	31897677	BPIFB1	0	+	36391
chr20	34042985	34107108	CEP250	0	+	64123
chr20	30780307	30795546	PLAGL2	0	-	15239
chr20	33789548	33865934	MMP24OS	0	-	76386
chrX	16141688	16171641	GRPR	0	+	29953
chrX	53205465	53254604	KDM5C	0	-	49139
chrX	112017731	112084059	AMOT	0	-	66328
chr1	36065142	36107127	PSMB2	0	-	41985
chr1	36396319	36538101	AGO3	0	+	141782
chr1	45468212	45476996	HECTD3	0	-	8784
chr14	104028233	104180586	KLC1	0	+	152353
chr13	113139325	113242519	TUBGCP3	0	-	103194
chr13	113548692	113754056	MCF2L	0	+	205364
chr13	113777113	113803843	F10	0	+	26730
chr13	113812962	113826700	PROZ	0	+	13738
chr8	143822367	143823824	SLURP1	0	-	1457
chr19	36426260	36437526	LRFN3	0	+	11266
chr19	36630855	36641255	CAPNS1	0	+	10400
chr19	34895304	34917073	PDCD2L	0	+	21769
chr19	36119932	36128588	RBM42	0	+	8656
chr19	34919257	34962156	UBA2	0	+	42899
chr19	35934809	35942669	FFAR2	0	+	7860
chr19	36393431	36395279	HCST	0	+	1848
chr19	36139225	36149684	COX6B1	0	+	10459
chr17	39642388	39648798	KRT36	0	-	6410
chr17	38710021	38721724	CCR7	0	-	11703
chr17	38249046	38256842	NR1D1	0	-	7796
chr11	65154092	65180996	FRMD8	0	+	26904
chr11	64085593	64089283	PRDX5	0	+	3690
chr19	50168399	50177173	BCL2L12	0	+	8774
chr19	50179043	50192286	PRMT1	0	+	13243
chr19	50138549	50143400	RRAS	0	-	4851
chr19	50145466	50161899	SCAF1	0	+	16433
chr19	50094439	50129696	PRR12	0	+	35257
chr19	50243010	50266563	TSKS	0	-	23553
chr4	70796786	70812292	CSN1S1	0	+	15506
chr4	70916155	70924565	HTN1	0	+	8410
chr17	40932628	40949084	WNK4	0	+	16456
chr17	40962152	40985367	BECN1	0	-	23215
chr16	4364762	4389598	GLIS2	0	+	24836
chr17	28442539	28513493	NSRP1	0	+	70954
chr1	28525967	28559540	DNAJC8	0	-	33573
chr1	27860546	27930942	AHDC1	0	-	70396
chr1	27992575	27998723	IFI6	0	-	6148
chr12	6775643	6798738	ZNF384	0	-	23095
chrX	47511195	47518579	UXT	0	-	7384
chrX	47482571	47489704	CFP	0	-	7133
chrX	47494920	47510003	ELK1	0	-	15083
chr14	60558629	60635851	PCNX4	0	+	77222
chr14	56025790	56168244	KTN1	0	+	142454
chr14	61110139	61124977	SIX1	0	-	14838
chr14	63670832	63760226	RHOJ	0	+	89394
chr14	55614830	55658326	DLGAP5	0	-	43496
chr14	65002623	65012891	HSPA2	0	+	10268
chr14	64970430	65000408	ZBTB1	0	+	29978
chr14	64150934	64194783	SGPP1	0	-	43849
chr12	9301436	9360991	PZP	0	-	59555
chr17	30469473	30580393	RHOT1	0	+	110920
chr7	158649249	158749438	DYNC2I1	0	+	100189
chr9	133971863	133998539	AIF1L	0	+	26676
chr9	134133463	134151897	FAM78A	0	-	18434
chr9	134000960	134110050	NUP214	0	+	109090
chrX	153715645	153719029	SLC10A3	0	-	3384
chr19	4090319	4124119	MAP2K2	0	-	33800
chrX	100805530	100809683	ARMCX1	0	+	4153
chrX	100333868	100351356	TMEM35A	0	+	17488
chrX	100600649	100603730	TIMM8A	0	-	3081
chrX	64135682	64254593	ZC4H2	0	-	118911
chr5	179105629	179158642	CANX	0	+	53013
chr1	1246965	1260067	INTS11	0	-	13102
chr1	192605268	192629441	RGS13	0	+	24173
chr9	95606464	95640320	ZNF484	0	-	33856
chr9	95709805	95798518	FGD3	0	+	88713
chr1	41972036	42501596	HIVEP3	0	-	529560
chr1	41944446	41950354	EDN2	0	-	5908
chr14	99635624	99738534	BCL11B	0	-	102910
chr5	85913745	85916779	COX7C	0	+	3034
chr9	139776364	139821059	TRAF2	0	+	44695
chr19	17402940	17421045	ABHD8	0	-	18105
chr3	186935070	187009768	MASP1	0	-	74698
chr3	193116756	193310900	ATP13A4	0	-	194144
chr12	66696273	66737423	HELB	0	+	41150
chr12	69004635	69065681	RAP1B	0	+	61046
chr12	71518865	71835678	TSPAN8	0	-	316813
chr12	70037140	70093256	BEST3	0	-	56116
chr12	70132640	70216984	RAB3IP	0	+	84344
chr12	70909650	71031220	PTPRB	0	-	121570
chr12	68042118	68059186	DYRK2	0	+	17068
chr12	69753490	69784650	YEATS4	0	+	31160
chr7	141490017	141491167	TAS2R5	0	+	1150
chr7	151125918	151137899	CRYGN	0	-	11981
chr4	980785	998352	IDUA	0	+	17567
chr4	1003724	1020686	FGFRL1	0	+	16962
chr4	926175	952444	TMEM175	0	+	26269
chr1	26158404	26185949	AUNIP	0	-	27545
chr19	9945933	9960365	PIN1	0	+	14432
chr19	9920943	9938492	FBXL12	0	-	17549
chr1	19542154	19578046	EMC1	0	-	35892
chr1	20354672	20418404	PLA2G5	0	+	63732
chr1	19401004	19536760	UBR4	0	-	135756
chr1	21066759	21113816	HP1BP3	0	-	47057
chr19	14843204	14889372	ADGRE2	0	-	46168
chr19	16940209	16991164	SIN3B	0	+	50955
chr19	16466050	16582896	EPS15L1	0	-	116846
chr19	16435637	16439496	KLF2	0	+	3859
chr19	14900072	14946188	OR7C1	0	-	46116
chr19	16999810	17003417	F2RL3	0	+	3607
chr16	2034194	2037750	GFER	0	+	3556
chr16	2039661	2044276	SYNGR3	0	+	4615
chr16	3018025	3030480	PKMYT1	0	-	12455
chr16	734622	740444	WDR24	0	-	5822
chr16	742498	755808	FBXL16	0	-	13310
chr16	838046	850737	CHTF18	0	+	12691
chr1	39546988	39952849	MACF1	0	+	405861
chr19	11071608	11190102	SMARCA4	0	+	118494
chr19	4969124	5153609	KDM4B	0	+	184485
chr19	4815944	4831724	TICAM1	0	-	15780
chr5	148750887	148783765	IL17B	0	-	32878
chr17	2308856	2415185	METTL16	0	-	106329
chr2	220114432	220142624	TUBA4A	0	-	28192
chr2	219134374	219211516	PNKD	0	+	77142
chr13	24144509	24250243	TNFRSF19	0	+	105734
chr13	26706253	26796451	RNF6	0	-	90198
chr10	135175989	135186858	ECHS1	0	-	10869
chr19	57173348	57183151	ZNF835	0	-	9803
chr7	91570154	91739987	AKAP9	0	+	169833
chr7	93551047	93557922	GNG11	0	+	6875
chr7	96110938	96339192	SEM1	0	-	228254
chr7	93220885	93540577	GNGT1	0	+	319692
chr7	75162619	75368280	HIP1	0	-	205661
chr7	77166612	77269386	PTPN12	0	+	102774
chr7	75528518	75616173	POR	0	+	87655
chr7	75625656	75677322	STYXL1	0	-	51666
chr7	87900207	87936209	STEAP4	0	-	36002
chr7	79397344	79855497	GNAI1	0	+	458153
chr7	92116334	92157834	PEX1	0	-	41500
chr7	91321323	91510016	MTERF1	0	-	188693
chr7	94153516	94285884	SGCE	0	-	132368
chr7	92158087	92169795	RBM48	0	+	11708
chr19	40534167	40562138	ZNF780B	0	-	27971
chr19	39797206	39811503	LRFN1	0	-	14297
chr19	39897487	39900052	ZFP36	0	+	2565
chr4	57676026	57687908	SPINK2	0	-	11882
chr4	53728484	53733002	RASL11B	0	+	4518
chr4	57301907	57330744	PAICS	0	+	28837
chr4	55944648	55991762	KDR	0	-	47114
chr4	57259528	57301781	PPAT	0	-	42253
chr22	50656118	50683452	TUBGCP6	0	-	27334
chr22	50919972	50924869	ADM2	0	+	4897
chr22	20301761	20307603	DGCR6L	0	-	5842
chr22	20067755	20099400	DGCR8	0	+	31645
chr22	24094930	24096612	VPREB3	0	-	1682
chr22	21996591	21998588	SDF2L1	0	+	1997
chr22	30950622	30970652	GAL3ST1	0	-	20030
chr22	32586422	32601060	RFPL2	0	-	14638
chr22	39853017	39888199	MGAT3	0	+	35182
chr22	39915700	39918688	ATF4	0	+	2988
chr22	32750872	32757148	RFPL3	0	+	6276
chr22	37956487	37965412	CDC42EP1	0	+	8925
chr22	36536377	36562225	APOL3	0	-	25848
chr22	41075277	41078816	MCHR1	0	+	3539
chr22	26917962	26992681	TPST2	0	-	74719
chr22	38480659	38507022	BAIAP2L2	0	-	26363
chr22	37415676	37425862	MPST	0	+	10186
chr22	36113919	36125530	APOL5	0	+	11611
chr22	23915312	23922489	IGLL1	0	-	7177
chr22	36622255	36636000	APOL2	0	-	13745
chr22	37621310	37655634	RAC2	0	-	34324
chr22	30636442	30642748	LIF	0	-	6306
chr22	39348746	39388783	APOBEC3A	0	+	40037
chr22	39436609	39451977	APOBEC3F	0	+	15368
chr22	45809574	45828389	RIBC2	0	+	18815
chr17	39775694	39781094	KRT17	0	-	5400
chr17	19314438	19320589	RNF112	0	+	6151
chr17	19912178	20222339	SPECC1	0	+	310161
chr7	129932974	129964020	CPA4	0	+	31046
chr7	111366166	111846462	DOCK4	0	-	480296
chr7	124462440	124570037	POT1	0	-	107597
chr7	117824198	117844089	LSM8	0	+	19891
chr7	105517242	105676878	CDHR3	0	+	159636
chr7	102004319	102067123	PRKRIP1	0	+	62804
chr7	100805790	100808850	VGF	0	-	3060
chr7	131185021	131242976	PODXL	0	-	57955
chr7	113726382	114333827	FOXP2	0	+	607445
chr7	129074273	129128240	STRIP2	0	+	53967
chr7	100954195	100965104	IFT22	0	-	10909
chr7	130794855	131181391	MKLN1	0	+	386536
chr7	108210311	108215294	DNAJB9	0	+	4983
chr7	128470460	128499328	FLNC	0	+	28868
chr7	128379346	128413454	CALU	0	+	34108
chr7	128430811	128462186	CCDC136	0	+	31375
chr7	128828474	128853386	SMO	0	+	24912
chr7	128577511	128590092	IRF5	0	+	12581
chr7	129710374	129775545	KLHDC10	0	+	65171
chr7	123177051	123197958	NDUFA5	0	-	20907
chr7	121941357	121950745	FEZF1	0	-	9388
chr2	192109911	192290115	MYO1B	0	+	180204
chr2	177053396	177055635	HOXD1	0	+	2239
chr2	177001340	177037830	HOXD3	0	+	36490
chr2	177134123	177202753	MTX2	0	+	68630
chr2	178487972	178973066	PDE11A	0	-	485094
chr2	175663537	175870109	CHN1	0	-	206572
chr2	171669723	171717661	GAD1	0	+	47938
chr2	176987447	176989665	HOXD9	0	+	2218
chr2	176973518	176984665	HOXD10	0	+	11147
chr2	176957449	176960672	HOXD13	0	+	3223
chr15	28356186	28567325	HERC2	0	-	211139
chr15	25068784	25223870	SNRPN	0	+	155086
chr18	9334765	9402418	TWSG1	0	+	67653
chr10	49654079	49864310	ARHGAP22	0	-	210231
chr10	49892918	50191001	WDFY4	0	+	298083
chr15	40226316	40327792	EIF2AK4	0	+	101476
chr15	52484519	52588001	MYO5C	0	-	103482
chr15	57668165	57842915	CGNL1	0	+	174750
chr15	52043794	52108560	TMOD2	0	+	64766
chr15	43030928	43213007	TTBK2	0	-	182079
chr15	40820882	40857253	CCDC32	0	-	36371
chr15	41271078	41408478	INO80	0	-	137400
chr15	60711808	60771359	ICE2	0	-	59551
chr15	41221538	41231271	DLL4	0	+	9733
chr15	58245622	58790065	ALDH1A2	0	-	544443
chr15	59063391	59154099	MINDY2	0	+	90708
chr15	40697686	40728146	IVD	0	+	30460
chr15	40674922	40686489	KNSTRN	0	+	11567
chr15	48623208	48635570	DUT	0	+	12362
chr15	41245160	41248710	CHAC1	0	+	3550
chr15	68499330	68549549	CLN6	0	-	50219
chr15	52839242	52862080	ARPP19	0	-	22838
chr15	62144588	62352672	VPS13C	0	-	208084
chr15	74466051	74469213	ISLR	0	+	3162
chr15	74218330	74244478	LOXL1	0	+	26148
chr11	14464986	14521573	COPB1	0	-	56587
chr11	14526420	14665181	PSMA1	0	-	138761
chr7	56131695	56148363	SUMF2	0	+	16668
chr4	169418203	169849608	PALLD	0	+	431405
chr4	177241117	177253396	SPCS3	0	+	12279
chr11	27062272	27149356	BBOX1	0	+	87084
chr11	17809595	18034594	SERGEF	0	-	224999
chr11	18039102	18067816	TPH1	0	-	28714
chr11	19245610	19263167	E2F8	0	-	17557
chr4	183811213	183839089	DCTD	0	-	27876
chr17	5019327	5078329	USP6	0	+	59002
chr17	4710447	4726729	PLD2	0	+	16282
chr17	7482809	7485429	CD68	0	+	2620
chr17	7549945	7561088	ATP1B2	0	+	11143
chr17	7494548	7518215	FXR2	0	-	23667
chr17	4901245	4931696	KIF1C	0	+	30451
chr8	133787604	133861052	PHF20L1	0	+	73448
chr8	133582664	133687838	DNAAF11	0	-	105174
chr12	49082241	49110781	CCNT1	0	-	28540
chr12	44112795	44152596	PUS7L	0	-	39801
chr19	10663761	10676707	KRI1	0	-	12946
chr19	10764980	10803076	ILF3	0	+	38096
chr19	10713133	10755233	SLC44A2	0	+	42100
chr19	10683347	10697991	AP1M2	0	-	14644
chr19	10677136	10679735	CDKN2D	0	-	2599
chr8	17501304	17658603	MTUS1	0	-	157299
chr19	51580752	51587502	KLK14	0	-	6750
chr19	51628163	51639908	SIGLEC9	0	+	11745
chr19	51515995	51523431	KLK10	0	-	7436
chr14	23938888	23979071	NGDN	0	+	40183
chr14	24805231	24809228	RIPK3	0	-	3997
chr14	24787555	24804299	ADCY4	0	-	16744
chr14	31915242	31926712	DTD2	0	-	11470
chr14	20811774	20826063	PARP2	0	+	14289
chr14	31760994	31889756	HEATR5A	0	-	128762
chr14	35030299	35099366	SNX6	0	-	69067
chr14	34985144	35008910	EAPP	0	-	23766
chr14	34393433	34931980	EGLN3	0	-	538547
chr14	45672393	45722743	MIS18BP1	0	-	50350
chr14	24547871	24584219	NRL	0	-	36348
chr14	21269387	21271014	RNASE1	0	-	1627
chr14	23033807	23058130	DAD1	0	-	24323
chr14	20833826	20881660	TEP1	0	-	47834
chr5	111478138	111755010	EPB41L4A	0	-	276872
chr5	115140430	115152356	CDO1	0	-	11926
chr5	112212082	112257986	REEP5	0	-	45904
chr16	47188298	47498060	ITFG1	0	-	309762
chr17	74270130	74304357	QRICH2	0	-	34227
chr17	74132414	74137326	FOXJ1	0	-	4912
chr17	75084831	75213183	SEC14L1	0	+	128352
chr17	74466973	74497872	RHBDF2	0	-	30899
chr17	74449433	74466199	AANAT	0	+	16766
chrX	135747706	135863091	ARHGEF6	0	-	115385
chrX	135295379	135338641	MAP7D3	0	-	43262
chrX	137696888	138304939	FGF13	0	-	608051
chr8	37963011	38001594	ASH2L	0	+	38583
chr8	33330904	33370703	TTI2	0	-	39799
chr11	2904443	2907005	CDKN1C	0	-	2562
chr3	20202085	20227698	SGO1	0	-	25613
chr16	89238156	89261900	CDH15	0	+	23744
chr19	1852398	1863578	KLF16	0	-	11180
chr16	420788	437113	PGAP6	0	-	16325
chr19	3490819	3500672	DOHH	0	-	9853
chr19	19431638	19469563	MAU2	0	+	37925
chr19	416589	461033	SHC2	0	-	44444
chr19	812488	821955	PLPPR3	0	-	9467
chr19	1876809	1885495	ABHD17A	0	-	8686
chr20	36974885	37005655	LBP	0	+	30770
chr19	55682564	55691657	SYT5	0	-	9093
chr19	55663135	55669141	TNNI3	0	-	6006
chr16	88941266	89043615	CBFA2T3	0	-	102349
chr19	1397025	1401569	GAMT	0	-	4544
chr6	170151718	170181696	ERMARD	0	+	29978
chr6	170103998	170125662	PHF10	0	-	21664
chrX	150863079	150874396	PRRG3	0	+	11317
chr12	5153045	5155954	KCNA5	0	+	2909
chr12	3715799	3873985	CRACR2A	0	-	158186
chr9	91148948	91199189	NXNL2	0	+	50241
chrX	67867508	67945684	STARD8	0	+	78176
chrX	68724169	68752351	NALF2	0	+	28182
chrX	69642881	69653240	GDPD2	0	+	10359
chrX	23801290	23804327	SAT1	0	+	3037
chrX	54556616	54647954	GNL3L	0	+	91338
chr2	235860661	235964358	SH3BP4	0	+	103697
chrX	14891543	14940449	MOSPD2	0	+	48906
chr19	11309971	11373200	DOCK6	0	-	63229
chr19	11616744	11639987	ECSIT	0	-	23243
chr19	11200138	11244496	LDLR	0	+	44358
chr19	11661962	11670045	ELOF1	0	-	8083
chr19	11406815	11437672	TSPAN16	0	+	30857
chr19	11546105	11561783	PRKCSH	0	+	15678
chr19	11649582	11661138	CNN1	0	+	11556
chr13	115000362	115038198	CDC16	0	+	37836
chr8	143808641	143818345	THEM6	0	+	9704
chr19	45349432	45392480	NECTIN2	0	+	43048
chr19	45409048	45412650	APOE	0	+	3602
chr19	45393826	45406946	TOMM40	0	+	13120
chr19	45417504	45422606	APOC1	0	+	5102
chr9	92219927	92221470	GADD45G	0	+	1543
chrX	114345179	114468659	LRCH2	0	-	123480
chr7	153584182	154685995	DPP6	0	+	1101813
chr8	21777173	21864096	XPO7	0	+	86923
chr19	1782074	1812275	ATP8B3	0	-	30201
chr2	241653178	241763710	KIF1A	0	-	110532
chr19	17445729	17453540	GTPBP3	0	+	7811
chr19	17462259	17488151	PLVAP	0	-	25892
chr19	17513748	17516439	BST2	0	-	2691
chr19	17579578	17616977	SLC27A1	0	+	37399
chr7	72716513	72722823	NSUN5	0	-	6310
chr19	17359980	17393595	USHBP1	0	-	33615
chr19	17666458	17693971	COLGALT1	0	+	27513
chr19	17622445	17632097	PGLS	0	+	9652
chr6	158653268	158932860	TULP4	0	+	279592
chr6	158121419	158366109	SNX9	0	+	244690
chr6	107077453	107116292	QRSL1	0	+	38839
chr6	107349403	107372790	MTRES1	0	+	23387
chr6	159393903	159421234	RSPH3	0	-	27331
chr19	6210392	6279986	MLLT1	0	-	69594
chr6	168227573	168372703	AFDN	0	+	145130
chr19	39138289	39222229	ACTN4	0	+	83940
chr11	8413415	8615836	STK33	0	-	202421
chr2	240831867	240965160	NDUFA10	0	-	133293
chr7	100318091	100321323	EPO	0	+	3232
chr5	60628085	60841999	ZSWIM6	0	+	213914
chr19	17858527	17899377	FCHO1	0	+	40850
chr19	17712145	17799174	UNC13A	0	-	87029
chr19	17830051	17845322	MAP1S	0	+	15271
chr22	50984328	50989452	KLHDC7B	0	+	5124
chr2	1635659	1748624	PXDN	0	-	112965
chr19	18529674	18545372	SSBP4	0	+	15698
chr19	18485541	18499986	GDF15	0	+	14445
chr19	18451408	18480760	PGPEP1	0	+	29352
chr19	18367908	18385310	IQCN	0	-	17402
chr19	18417046	18433922	LSM4	0	-	16876
chr19	18390504	18392432	JUND	0	-	1928
chr19	49654455	49658653	HRC	0	-	4198
chr19	49660998	49715093	TRPM4	0	+	54095
chr22	44220389	44258393	SULT4A1	0	-	38004
chr19	7069714	7087979	ZNF557	0	+	18265
chr9	137967268	138013026	OLFM1	0	+	45758
chr9	138700333	138799392	CAMSAP1	0	-	99059
chr9	138824815	138853219	UBAC1	0	-	28404
chr20	62375021	62463391	ZBTB46	0	-	88370
chr20	62189439	62205592	HELZ2	0	-	16153
chr20	62605469	62611361	SAMD10	0	-	5892
chr11	1872134	1913497	LSP1	0	+	41363
chr11	1940933	1959936	TNNT3	0	+	19003
chr11	1860211	1862910	TNNI2	0	+	2699
chr9	137533649	137736689	COL5A1	0	+	203040
chr22	46067678	46241187	ATXN10	0	+	173509
chr9	140354404	140444854	PNPLA7	0	-	90450
chr19	39616410	39673456	PAK4	0	+	57046
chr7	156786745	156803357	MNX1	0	-	16612
chr20	25653831	25677489	ZNF337	0	-	23658
chr1	26560691	26605299	CEP85	0	+	44608
chr20	60528525	60640937	TAF4	0	-	112412
chr20	61038553	61051051	GATA5	0	-	12498
chr20	60985293	61002595	RBBP8NL	0	-	17302
chr20	60883011	60942368	LAMA5	0	-	59357
chr20	60806978	60871269	OSBPL2	0	+	64291
chr9	133320348	133376661	ASS1	0	+	56313
chr9	133539981	133558373	PRDM12	0	+	18392
chr9	133569108	133582675	EXOSC2	0	+	13567
chr9	134378176	134399193	POMT1	0	+	21017
chr9	133777825	133814673	FIBCD1	0	-	36848
chr19	59062819	59066472	CHMP2A	0	-	3653
chr19	59067079	59070321	UBE2M	0	-	3242
chr19	59055431	59062089	TRIM28	0	+	6658
chr16	684427	686366	METTL26	0	-	1939
chrX	24073063	24096927	EIF2S3	0	+	23864
chr19	47549167	47551882	TMEM160	0	-	2715
chr19	47523094	47549033	NPAS1	0	+	25939
chr19	39818993	39833012	GMFG	0	-	14019
chr19	40697333	40721482	MAP3K10	0	+	24149
chr1	3371229	3397677	ARHGEF16	0	+	26448
chr1	3695123	3713062	LRRC47	0	-	17939
chr1	28586029	28609002	SESN2	0	+	22973
chr1	28261511	28285668	SMPDL3B	0	+	24157
chr1	28562620	28573417	ATP5IF1	0	+	10797
chr1	28655513	28662476	MED18	0	+	6963
chr1	28199054	28213196	THEMIS2	0	+	14142
chr12	122755979	122907216	CLIP1	0	-	151237
chr12	123259073	123312075	CCDC62	0	+	53002
chr12	123319000	123347508	HIP1R	0	+	28508
chr19	9251073	9274100	ZNF317	0	+	23027
chr19	10225690	10230594	EIF3G	0	-	4904
chr19	10203014	10213354	ANGPTL6	0	-	10340
chr19	10244018	10341962	DNMT1	0	-	97944
chr19	9633899	9649321	ZNF426	0	-	15422
chrX	152935188	152954465	PNCK	0	-	19277
chrX	153991017	154005964	DKC1	0	+	14947
chrX	153686621	153706118	PLXNA3	0	+	19497
chrX	152907946	152916781	DUSP9	0	+	8835
chrX	154006959	154049282	MPP1	0	-	42323
chr19	54022781	54083523	ZNF331	0	+	60742
chr18	74534513	74684857	ZNF236	0	+	150344
chr19	33668509	33699770	LRP3	0	+	31261
chr17	65714047	65740647	NOL11	0	+	26600
chr1	10092890	10241297	UBE4B	0	+	148407
chr1	10696661	10856707	CASZ1	0	-	160046
chr22	46651560	46659240	PKDREJ	0	-	7680
chr9	97321002	97356106	FBP2	0	-	35104
chrX	47050260	47074527	UBA1	0	+	24267
chrX	46937754	46952713	RGN	0	+	14959
chr4	2073645	2243848	POLN	0	-	170203
chr6	149825631	149867179	PPIL4	0	-	41548
chr6	150263150	150270371	ULBP2	0	+	7221
chr6	151561102	151679694	AKAP12	0	+	118592
chr6	152442822	152958936	SYNE1	0	-	516114
chr6	150382189	150390257	ULBP3	0	-	8068
chr6	149979289	150039241	LATS1	0	-	59952
chr19	55583388	55599291	EPS8L1	0	+	15903
chr19	54777666	54785039	LILRB2	0	-	7373
chr20	34824053	34858840	AAR2	0	+	34787
chr20	30458437	30532803	TTLL9	0	+	74366
chr20	31749574	31769218	BPIFA2	0	+	19644
chr20	34289269	34330234	RBM39	0	-	40965
chr20	30225715	30232809	COX4I2	0	+	7094
chr20	32319463	32380075	ZNF341	0	+	60612
chr20	33459949	33515765	ACSS2	0	+	55816
chrX	65815479	65859140	EDA2R	0	-	43661
chrX	62854847	63029154	ARHGEF9	0	-	174307
chr17	42980527	42994305	GFAP	0	-	13778
chr17	42030101	42081837	PYY	0	-	51736
chr22	18074902	18111515	ATP6V1E1	0	-	36613
chr4	331603	378657	ZNF141	0	+	47054
chr19	8117202	8127544	CCL25	0	+	10342
chr16	85805364	85833214	EMC8	0	-	27850
chr16	85203131	85709810	GSE1	0	+	506679
chr16	89707224	89724146	CHMP1A	0	-	16922
chrX	80457601	80554046	SH3BGRL	0	+	96445
chrX	77154937	77162873	COX7B	0	+	7936
chr5	176873446	176883287	PRR7	0	+	9841
chr18	77155856	77289325	NFATC1	0	+	133469
chr8	39759794	39786309	IDO1	0	+	26515
chr1	40505905	40538321	CAP1	0	+	32416
chr1	40538382	40562932	PPT1	0	-	24550
chr17	29718693	29865230	RAB11FIP4	0	+	146537
chrX	73802811	73834459	RLIM	0	-	31648
chr14	103243786	103377837	TRAF3	0	+	134051
chr19	17160539	17186435	HAUS8	0	-	25896
chr19	14729929	14800839	ADGRE3	0	-	70910
chr3	15295860	15382875	SH3BP5	0	-	87015
chr3	17198654	18486309	TBC1D5	0	-	1287655
chr3	15247659	15294423	CAPN7	0	+	46764
chr3	16355081	16555533	RFTN1	0	-	200452
chr3	14716648	14814543	C3orf20	0	+	97895
chr3	15111580	15140670	RBSN	0	-	29090
chr3	16216187	16273499	GALNT15	0	+	57312
chr3	14444076	14530857	SLC6A6	0	+	86781
chr19	50832910	50886645	NR1H2	0	+	53735
chr19	51020149	51071692	LRRC4B	0	-	51543
chr5	132028320	132073330	KIF3A	0	-	45010
chr5	180211780	180242652	MGAT1	0	-	30872
chr5	179727698	179780336	GFPT2	0	-	52638
chr17	41150290	41154976	RPL27	0	+	4686
chr17	41003201	41010147	AOC3	0	+	6946
chr17	40023170	40086795	ACLY	0	-	63625
chr17	40925467	40931617	VPS25	0	+	6150
chr17	40910465	40915059	RAMP2	0	+	4594
chr17	40996597	41002724	AOC2	0	+	6127
chr5	140894583	140998622	DIAPH1	0	-	104039
chr5	141488344	141534005	NDFIP1	0	+	45661
chr5	138906016	139008019	UBE2D2	0	+	102003
chr7	132937829	133751342	EXOC4	0	+	813513
chr1	1227770	1244989	ACAP3	0	-	17219
chr1	1017198	1051741	C1orf159	0	-	34543
chr11	69832013	70035636	ANO1	0	+	203623
chr11	70116796	70231418	PPFIA1	0	+	114622
chr16	2205699	2228130	TRAF7	0	+	22431
chr9	96713909	96717637	BARX1	0	-	3728
chr9	95883778	95896533	NINJ1	0	-	12755
chr1	9005926	9035151	CA6	0	+	29225
chr1	5922871	6052533	NPHP4	0	-	129662
chr5	71403061	71505392	MAP1B	0	+	102331
chrX	117861096	117928498	IL13RA1	0	+	67402
chrX	117480036	117583924	WDR44	0	+	103888
chr5	80529139	80562217	CKMT2	0	+	33078
chr5	80597406	80609116	ZCCHC9	0	+	11710
chr17	39533921	39538558	KRT34	0	-	4637
chr17	39519750	39526065	KRT33B	0	-	6315
chr17	38632080	38657875	TNS4	0	-	25795
chr17	38544777	38574148	TOP2A	0	-	29371
chr17	37793343	37820454	STARD3	0	+	27111
chr17	38465432	38513895	RARA	0	+	48463
chr17	37782993	37792879	PPP1R1B	0	+	9886
chr8	136469699	136668965	KHDRBS3	0	+	199266
chr1	146646930	146714700	FMO5	0	-	67770
chr1	145575233	145586546	PIAS3	0	+	11313
chr1	146626685	146644129	PRKAB2	0	-	17444
chrX	17818169	17879457	RAI2	0	-	61288
chr5	70875358	70954533	MCCC2	0	+	79175
chr19	57862639	57871266	ZNF304	0	+	8627
chr19	56731039	56879752	ZSCAN5A	0	-	148713
chr19	58944181	58951520	ZNF132	0	-	7339
chr15	101811022	101817705	SELENOS	0	-	6683
chr15	101715932	101792253	CHSY1	0	-	76321
chr17	18128949	18148189	LLGL1	0	+	19240
chr8	42691817	42698468	THAP1	0	-	6651
chr19	33469498	33555794	RHPN2	0	-	86296
chr19	30189844	30206696	C19orf12	0	-	16852
chr19	33463115	33469135	FAAP24	0	+	6020
chr14	55308726	55369544	GCH1	0	-	60818
chr14	55590828	55612141	LGALS3	0	+	21313
chr19	14042000	14064204	PODNL1	0	-	22204
chr19	13906257	13943068	ZSWIM4	0	+	36811
chr19	12798867	12807445	FBXW9	0	-	8578
chr19	14072342	14117851	RFX1	0	-	45509
chr19	12203658	12251170	ZNF20	0	-	47512
chr19	14017014	14041692	CC2D1A	0	+	24678
chr2	20191813	20212429	MATN3	0	-	20616
chr11	4406127	4414932	TRIM21	0	-	8805
chr1	48761045	48937880	SPATA6	0	-	176835
chr1	46726868	46769288	LRRC41	0	-	42420
chr17	33254878	33308097	CCT6B	0	-	53219
chr3	47844399	47891685	DHX30	0	+	47286
chr3	12623600	12705700	RAF1	0	-	82100
chr3	10857886	10982400	SLC6A11	0	+	124514
chr3	12328867	12475855	PPARG	0	+	146988
chr3	13357735	13461822	NUP210	0	-	104087
chr1	161676762	161684142	FCRLA	0	+	7380
chr1	162760492	162782613	HSD17B7	0	+	22121
chr18	670318	712662	ENOSF1	0	-	42344
chr11	6495913	6502709	ARFIP2	0	-	6796
chr11	6255995	6265709	CNGA4	0	+	9714
chr11	5710840	5758319	TRIM22	0	+	47479
chr11	6616302	6624846	RRP8	0	-	8544
chr8	132916340	133025889	EFR3A	0	+	109549
chr2	86333346	86369280	PTCD3	0	+	35934
chr2	86371055	86422595	IMMT	0	-	51540
chr2	86426478	86440913	MRPL35	0	+	14435
chr2	237232790	237416178	IQCA1	0	-	183388
chr2	239079043	239112349	ILKAP	0	-	33306
chr2	239152685	239198743	PER2	0	-	46058
chr2	238767536	238820748	RAMP1	0	+	53212
chr10	129705367	129884119	PTPRE	0	+	178752
chr12	131356582	131362223	RAN	0	+	5641
chr5	40759491	40798476	PRKAA1	0	-	38985
chr5	40841410	40860277	CARD6	0	+	18867
chr17	2658999	2941035	RAP1GAP2	0	+	282036
chr17	2592680	2615957	CLUH	0	-	23277
chr17	1397871	1420036	INPP5K	0	-	22165
chr17	1732996	1803376	RPA1	0	+	70380
chr17	1665323	1680859	SERPINF1	0	+	15536
chr17	4172554	4269970	UBE2G1	0	-	97416
chr3	127872324	128127489	EEFSEC	0	+	255165
chr4	6910969	7034845	TBC1D14	0	+	123876
chr4	4237269	4249950	TMEM128	0	-	12681
chr6	99817277	99842071	COQ3	0	-	24794
chr6	99845505	99873207	PNISR	0	-	27702
chr6	105605775	105627889	POPDC3	0	-	22114
chr7	54819943	54827667	SEC61G	0	-	7724
chr7	55433030	55501430	LANCL2	0	+	68400
chr7	50526134	50633102	DDC	0	-	106968
chr4	71681500	71705614	GRSF1	0	-	24114
chr4	71521258	71547534	JCHAIN	0	-	26276
chr4	73939093	74124515	ANKRD17	0	-	185422
chr4	71554249	71556268	UTP3	0	+	2019
chr17	73717408	73753899	ITGB4	0	+	36491
chr17	73841780	73852588	WBP2	0	-	10808
chr17	73780887	73821880	UNK	0	+	40993
chr17	73870245	73874662	TRIM47	0	-	4417
chr1	71528974	71546972	ZRANB2	0	-	17998
chr17	7210318	7215782	EIF5A	0	+	5464
chr17	7737535	7758114	KDM6B	0	+	20579
chr17	6977856	6983626	CLEC10A	0	-	5770
chr17	4935895	4955304	SLC52A1	0	-	19409
chr17	7905933	7923660	GUCY2D	0	+	17727
chr17	6658766	6678966	XAF1	0	+	20200
chr17	7090506	7123160	DLG4	0	-	32654
chr8	99114572	99129399	RIDA	0	-	14827
chr8	100025494	100889808	VPS13B	0	+	864314
chr8	100973164	101143496	RGS22	0	-	170332
chr8	98881068	99048952	MATN2	0	+	167884
chr5	137774746	137782658	REEP2	0	+	7912
chr5	134240810	134343649	PCBD2	0	+	102839
chr17	26975364	26989207	SDF2	0	-	13843
chr17	27206353	27224751	FLOT2	0	-	18398
chr16	70695107	70719956	MTSS2	0	-	24849
chr20	3713332	3733758	HSPA12B	0	+	20426
chr20	9966774	10038951	ANKEF1	0	+	72177
chr20	10153043	10288906	SNAP25	0	+	135863
chr20	11871371	11907257	BTBD3	0	+	35886
chr20	5095599	5107272	PCNA	0	-	11673
chr20	23331428	23335408	NXT1	0	+	3980
chr20	19738250	19983101	RIN2	0	+	244851
chr20	2854066	3019722	PTPRA	0	+	165656
chr1	155657751	155708801	DAP3	0	+	51050
chr1	156339002	156355011	RHBG	0	+	16009
chr1	155882836	155904204	KHDC4	0	-	21368
chr1	160121376	160156770	ATP1A4	0	+	35394
chr1	156638555	156647199	NES	0	-	8644
chr1	156611182	156629324	BCAN	0	+	18142
chr1	156904632	157015534	ARHGEF11	0	-	110902
chr1	156030951	156040295	RAB25	0	+	9344
chr1	156589123	156595517	HAPLN2	0	+	6394
chr1	157715523	157746922	FCRL2	0	-	31399
chr1	155829358	155854990	SYT11	0	+	25632
chr11	68671331	68708070	IGHMBP2	0	+	36739
chr11	67410026	67418201	ACY3	0	-	8175
chr11	67429626	67448695	ALDH3B2	0	-	19069
chr11	68474908	68518988	TESMIN	0	-	44080
chr1	44435672	44439041	DPH2	0	+	3369
chr1	46049518	46084576	NASP	0	+	35058
chr20	36322357	36500531	CTNNBL1	0	+	178174
chr20	39969461	39989222	LPIN3	0	+	19761
chr20	44486253	44507761	ZSWIM3	0	+	21508
chr20	55966452	55984389	RBM38	0	+	17937
chr20	36531513	36573752	VSTM2L	0	+	42239
chr20	42824579	42839411	OSER1	0	-	14832
chr20	43124862	43150726	SERINC3	0	-	25864
chr5	78293387	78531861	DMGDH	0	-	238474
chr5	77296346	77590586	AP3B1	0	-	294240
chr1	62208149	62644347	PATJ	0	+	436198
chr1	62701837	62785105	KANK4	0	-	83268
chr1	16558187	16563678	CPLANE2	0	-	5491
chr1	15817327	15853029	CASP9	0	-	35702
chr5	150088002	150138657	DCTN4	0	-	50655
chr5	149237516	149324356	PDE6A	0	-	86840
chr13	25946112	26599989	ATP8A2	0	+	653877
chr13	29394476	30080084	MTUS2	0	+	685608
chr13	20397622	20437789	ZMYM5	0	-	40167
chr13	31191830	31234907	USPL1	0	+	43077
chr13	21351468	21477187	XPO4	0	-	125719
chr13	29233202	29253096	POMP	0	+	19894
chr13	26828241	26995119	CDK8	0	+	166878
chr13	31287615	31338563	ALOX5AP	0	+	50948
chr13	27131820	27263085	WASF3	0	+	131265
chr13	27329337	27334923	GPR12	0	-	5586
chr1	239549865	240078752	CHRM3	0	+	528887
chr17	8377525	8534694	MYH10	0	-	157169
chr17	17408877	17495022	PEMT	0	-	86145
chr17	10575791	10601692	SCO1	0	-	25901
chr17	16945771	17120993	MPRIP	0	+	175222
chr1	203148059	203155832	CHI3L1	0	-	7773
chr1	203136939	203144954	MYBPH	0	-	8015
chr1	204391756	204463933	PIK3C2B	0	-	72177
chr1	205111633	205180830	DSTYK	0	-	69197
chr1	203181955	203242769	CHIT1	0	-	60814
chr1	205758222	205782876	SLC41A1	0	-	24654
chr1	202162927	202288909	LGR6	0	+	125982
chr1	205197074	205254760	TMCC2	0	+	57686
chr13	36342789	36705519	DCLK1	0	-	362730
chr13	37005657	37017007	CCNA1	0	+	11350
chr13	40229764	40365802	COG6	0	+	136038
chr13	36875775	36944317	SPART	0	-	68542
chr13	43460524	43566407	EPSTI1	0	-	105883
chr13	38206200	38443939	TRPC4	0	-	237739
chr13	38136720	38172981	POSTN	0	-	36261
chr13	37393359	37403241	RFXAP	0	+	9882
chr13	45907606	45915419	TPT1	0	-	7813
chr13	45563664	45611804	GPALPP1	0	+	48140
chr13	33590561	33640280	KL	0	+	49719
chr13	34392206	34540695	RFC3	0	+	148489
chr13	33677274	33924767	STARD13	0	-	247493
chrX	107963176	107979793	IRS4	0	-	16617
chrX	106057101	106243442	MORC4	0	-	186341
chrX	102564274	102565935	BEX2	0	-	1661
chrX	105937024	106040246	RNF128	0	+	103222
chrX	102831159	102842657	TCEAL4	0	+	11498
chrX	102317579	102319099	BEX1	0	-	1520
chr17	71203492	71232892	FAM104A	0	-	29400
chr17	70642088	71088851	SLC39A11	0	-	446763
chr1	23037332	23247993	EPHB2	0	+	210661
chr1	24958207	24999772	SRRM1	0	+	41565
chr19	1985437	2034880	BTBD2	0	-	49443
chr19	8554940	8567524	PRAM1	0	-	12584
chr19	55851221	55859489	KMT5C	0	+	8268
chr19	8574562	8579051	ZNF414	0	-	4489
chr4	619362	664571	PDE6B	0	+	45209
chr19	55773591	55791749	HSPBP1	0	-	18158
chr19	1941171	1981337	CSNK1G2	0	+	40166
chr18	72163051	72190689	CNDP2	0	+	27638
chr11	63766030	63933585	MACROD1	0	-	167555
chr11	62599814	62609281	WDR74	0	-	9467
chr11	63273524	63284246	LGALS12	0	+	10722
chr11	63448918	63527363	RTN3	0	+	78445
chr11	63304280	63313934	PLAAT4	0	+	9654
chr11	63320242	63330851	PLAAT2	0	-	10609
chr16	15796992	15950885	MYH11	0	-	153893
chr16	15959576	15982482	CEP20	0	-	22906
chr5	6371987	6378684	MED10	0	-	6697
chr5	31639238	32111038	PDZD2	0	+	471800
chr22	31321117	31364760	MORC2	0	-	43643
chr22	33558212	34318829	LARGE1	0	-	760617
chr22	24299601	24303382	GSTT2B	0	-	3781
chr22	26138111	26427011	MYO18B	0	+	288900
chr22	37576206	37595425	C1QTNF6	0	-	19219
chr22	40390958	40439538	FAM83F	0	+	48580
chr22	30884889	30901698	SEC14L4	0	-	16809
chr7	150322463	150329736	GIMAP6	0	-	7273
chr7	150264457	150271041	GIMAP4	0	+	6584
chr7	140152833	140179336	MKRN1	0	-	26503
chr7	150782918	150841523	AGAP3	0	+	58605
chr7	149411872	149431664	KRBA1	0	+	19792
chr7	152456834	152552463	ACTR3B	0	+	95629
chr12	86268073	86276770	NTS	0	+	8697
chr12	92534054	92539622	BTG1	0	-	5568
chr12	85430092	85658235	LRRIQ1	0	+	228143
chr3	194123401	194219093	ATP13A3	0	-	95692
chr10	81697223	81742370	SFTPD	0	-	45147
chr10	82104501	82127829	DYDC2	0	+	23328
chr10	81838402	81852313	TMEM254	0	+	13911
chr12	29653773	29937692	TMTC1	0	-	283919
chr12	25358180	25403870	KRAS	0	-	45690
chr12	30781922	30848803	IPO8	0	-	66881
chr5	145490129	145562259	LARS1	0	-	72130
chr5	147405246	147516945	SPINK5	0	+	111699
chr8	82569149	82598566	IMPA1	0	-	29417
chr8	86019450	86058315	LRRCC1	0	+	38865
chr8	86089389	86129387	E2F5	0	+	39998
chr12	82617460	82752584	CCDC59	0	-	135124
chr11	9685624	9774540	SWAP70	0	+	88916
chr11	13298199	13408813	ARNTL	0	+	110614
chr11	10329860	10529126	AMPD3	0	+	199266
chr11	9798323	10326424	SBF2	0	-	528101
chr11	12115555	12380691	MICAL2	0	+	265136
chr11	14299468	14386052	RRAS2	0	-	86584
chr5	118788160	118972894	HSD17B4	0	+	184734
chr12	72003379	72061505	ZFC3H1	0	-	58126
chr8	30689060	30770524	TEX15	0	-	81464
chr8	29920519	29940724	SARAF	0	-	20205
chr8	33405272	33424646	RNF122	0	-	19374
chr8	33448848	33457541	DUSP26	0	-	8693
chr11	65101323	65121733	DPF2	0	+	20410
chr11	64570982	64578766	MEN1	0	-	7784
chr14	95234560	95236450	GSC	0	-	1890
chr14	93799565	94174222	UNC79	0	+	374657
chr14	73741815	73925323	NUMB	0	-	183508
chr14	92047040	92247051	CATSPERB	0	-	200011
chr14	74769772	74826711	VRTN	0	+	56939
chr14	70791798	70883701	COX16	0	-	91903
chr14	71108633	71142083	TTC9	0	+	33450
chr14	71047974	71067407	MED6	0	-	19433
chr14	67827045	67853233	EIF2S1	0	+	26188
chr8	23154410	23282841	LOXL2	0	-	128431
chr8	27947190	28048673	ELP3	0	+	101483
chr8	22570764	22857513	PEBP4	0	-	286749
chr8	24241798	24263526	ADAMDEC1	0	+	21728
chr18	46065402	46389588	CTIF	0	+	324186
chr18	48321490	48351772	MRO	0	-	30282
chr18	51677976	51751039	MBD2	0	-	73063
chr5	68513587	68525985	MRPS36	0	+	12398
chr5	68462962	68474072	CCNB1	0	+	11110
chr5	68530622	68573257	CDK7	0	+	42635
chr5	66475441	66492627	CD180	0	-	17186
chr3	10206603	10285429	IRAK2	0	+	78826
chr3	10183462	10195351	VHL	0	+	11889
chr3	5021122	5027008	BHLHE40	0	+	5886
chr3	5163934	5222596	ARL8B	0	+	58662
chr3	5229331	5261643	EDEM1	0	+	32312
chr3	1134342	1445901	CNTN6	0	+	311559
chr3	238446	451100	CHL1	0	+	212654
chr15	37181405	37393500	MEIS2	0	-	212095
chr15	35509546	35838394	DPH6	0	-	328848
chr15	34432875	34502297	KATNBL1	0	-	69422
chr15	34376218	34394063	EMC7	0	-	17845
chr1	110145713	110162551	GNAT2	0	-	16838
chr1	109234932	109245550	PRPF38B	0	+	10618
chr1	115590632	115632124	TSPAN2	0	-	41492
chr1	110254402	110318050	GSTM5	0	+	63648
chr1	114631913	114696502	SYT6	0	-	64589
chr1	108113783	108507802	VAV3	0	-	394019
chr1	109822178	109825808	PSRC1	0	-	3630
chr1	120290625	120311528	HMGCS2	0	-	20903
chr1	114356433	114414375	PTPN22	0	-	57942
chr1	109852190	109940540	SORT1	0	-	88350
chr1	117452538	117532975	PTGFRN	0	+	80437
chr1	110943871	110950564	LAMTOR5	0	-	6693
chr1	120454176	120643366	NOTCH2	0	-	189190
chr1	117653682	117665209	TRIM45	0	-	11527
chr1	111682101	111727726	CEPT1	0	+	45625
chr1	117544372	117579174	CD101	0	+	34802
chr1	117686209	117753582	VTCN1	0	-	67373
chr1	115828525	115881391	NGF	0	-	52866
chr1	114436816	114447823	AP4B1	0	-	11007
chr18	10525902	10552761	NAPG	0	+	26859
chr18	12446511	12658106	SPIRE1	0	-	211595
chr12	42632249	42853517	PPHLN1	0	+	221268
chr12	48357352	48362661	TMEM106C	0	+	5309
chr12	46751971	46766556	SLC38A2	0	-	14585
chr2	9724096	9771126	YWHAQ	0	-	47030
chr2	8861211	8977760	KIDINS220	0	-	116549
chr2	10091822	10142405	GRHL1	0	+	50583
chr2	11319885	11488456	ROCK2	0	-	168571
chr2	7005688	7038370	RSAD2	0	+	32682
chr2	16080672	16087129	MYCN	0	+	6457
chr2	11817721	11967535	LPIN1	0	+	149814
chr11	18416107	18429972	LDHA	0	+	13865
chr11	26210389	26684836	ANO3	0	+	474447
chr5	55230923	55290850	IL6ST	0	-	59927
chr5	52776456	52782964	FST	0	+	6508
chr1	196857144	196887925	CFHR4	0	+	30781
chr1	201508255	201796097	NAV1	0	+	287842
chr1	193091113	193223945	CDC73	0	+	132832
chr1	201924631	201939792	TIMM17A	0	+	15161
chr1	197237334	197447585	CRB1	0	+	210251
chr16	23701631	23724547	ERN2	0	-	22916
chr18	55267888	55289445	NARS1	0	-	21557
chr18	56887390	56898006	GRP	0	+	10616
chr18	59854488	59977482	RELCH	0	+	122994
chr10	5932166	5979557	FBH1	0	+	47391
chr10	6130997	6159420	RBM17	0	+	28423
chr10	6052652	6104333	IL2RA	0	-	51681
chr10	5903579	5931869	ANKRD16	0	-	28290
chr10	11784365	11806069	ECHDC3	0	+	21704
chr10	5985602	6020150	IL15RA	0	-	34548
chr18	20777108	21017925	TMEM241	0	-	240817
chr18	24034874	24237365	KCTD1	0	-	202491
chr5	169064272	169510386	DOCK2	0	+	446114
chr12	13349657	13372875	EMP1	0	+	23218
chr12	23682438	24715478	SOX5	0	-	1033040
chr12	10378657	10482207	KLRD1	0	+	103550
chr12	10594863	10607284	KLRC1	0	-	12421
chr11	46878268	46940193	LRP4	0	-	61925
chr11	47236016	47260768	DDB2	0	+	24752
chrX	134166385	134167576	RTL8C	0	+	1191
chrX	129305936	129318844	RAB33A	0	+	12908
chrX	129535961	129547630	RBMX2	0	+	11669
chrX	131157330	131209971	STK26	0	+	52641
chr11	94277006	94354587	PIWIL4	0	+	77581
chr1	31404353	31538838	PUM1	0	-	134485
chr1	32256023	32281623	SPOCD1	0	-	25600
chr1	33240838	33283632	YARS1	0	-	42794
chr1	33789224	33896696	PHC2	0	-	107472
chr1	38158153	38175391	CDCA8	0	+	17238
chr1	38032417	38061538	GNL2	0	-	29121
chr1	36273617	36323491	AGO4	0	+	49874
chr1	60280458	60341994	HOOK1	0	+	61536
chr1	60358980	60392445	CYP2J2	0	-	33465
chr1	52521871	52556388	BTF3L4	0	+	34517
chr1	52873954	53019159	TUT4	0	-	145205
chr18	28638806	28682485	DSC2	0	-	43679
chr18	29027704	29058665	DSG3	0	+	30961
chr18	33709407	33760520	ELP2	0	+	51113
chr18	28898123	28939209	DSG1	0	+	41086
chr18	28569331	28622781	DSC3	0	-	53450
chr18	28709199	28742819	DSC1	0	-	33620
chr18	32073255	32471808	DTNA	0	+	398553
chr18	33877676	34360183	FHOD3	0	+	482507
chr11	61447863	61514473	DAGLA	0	+	66610
chr11	57295937	57298276	TIMM10	0	-	2339
chr19	47852572	47885961	DHX34	0	+	33389
chr11	57001051	57004724	APLNR	0	-	3673
chr11	61560452	61634826	FADS2	0	+	74374
chr11	59620273	59633962	TCN1	0	-	13689
chr19	47835432	47850586	C5AR2	0	+	15154
chr4	56294070	56413076	CLOCK	0	-	119006
chr13	110958159	111165556	COL4A2	0	+	207397
chr13	96085858	96232013	CLDN10	0	+	146155
chr13	99853028	100038758	UBAC2	0	+	185730
chr13	107194021	107220485	ARGLU1	0	-	26464
chr13	103249308	103332308	TPP2	0	+	83000
chr13	103436631	103451326	POGLUT2	0	-	14695
chr13	111293759	111365950	CARS2	0	-	72191
chr11	128834955	129149219	ARHGAP32	0	-	314264
chr11	130274818	130298504	ADAMTS8	0	-	23686
chr11	128328656	128457453	ETS1	0	-	128797
chr11	124933198	124960412	SLC37A2	0	+	27214
chr4	39408550	39453153	KLB	0	+	44603
chr5	112043195	112181936	APC	0	+	138741
chr5	110998318	111333161	NREP	0	-	334843
chr5	110428019	110466200	WDR36	0	+	38181
chr9	77703430	77762181	OSTF1	0	+	58751
chr9	79000442	79009433	RFK	0	-	8991
chr9	86274883	86322873	UBQLN1	0	-	47990
chr9	88556061	88640377	NAA35	0	+	84316
chr9	77561499	77567828	C9orf40	0	-	6329
chr9	75766781	75785309	ANXA1	0	+	18528
chr9	90338966	90346384	CTSL	0	+	7418
chr9	74298282	74431606	CEMIP2	0	-	133324
chr9	88161454	88356944	AGTPBP1	0	-	195490
chr9	88641061	88715088	GOLM1	0	-	74027
chr9	71939483	72007474	FAM189A2	0	+	67991
chr9	80912041	80945009	PSAT1	0	+	32968
chr9	88879461	88898017	ISCA1	0	-	18556
chr5	156822542	157002783	ADAM19	0	-	180241
chr5	156512433	156569880	HAVCR2	0	-	57447
chr5	159676090	159772403	CCNJL	0	-	96313
chr12	118587606	118810712	TAOK3	0	-	223106
chr12	109460894	109525828	USP30	0	+	64934
chr12	113830250	113864106	SDS	0	-	33856
chr12	120779133	120806967	MSI1	0	-	27834
chr12	121416346	121440315	HNF1A	0	+	23969
chr12	117579796	117628275	FBXO21	0	-	48479
chr12	115108060	115121980	TBX3	0	-	13920
chr12	121455566	121477049	OASL	0	-	21483
chr12	117293949	117319246	HRK	0	-	25297
chr12	117175983	117291436	RNFT2	0	+	115453
chr12	121647868	121671909	P2RX4	0	+	24041
chr12	120427040	120532298	BICDL1	0	+	105258
chr12	113494535	113535833	DTX1	0	+	41298
chr12	112563342	112591408	TRAFD1	0	+	28066
chr7	86781725	86825653	DMTF1	0	+	43928
chr7	76751751	76958850	CCDC146	0	+	207099
chr7	77423045	77427751	TMEM60	0	-	4706
chr7	79998891	80308593	CD36	0	+	309702
chr4	69794181	69817522	UGT2A3	0	-	23341
chr7	108110861	108210110	PNPLA8	0	-	99249
chr7	128095903	128098472	HILPDA	0	+	2569
chr7	128349115	128371797	GARIN1B	0	+	22682
chr7	104751151	105039755	SRPK2	0	-	288604
chr7	128502096	128550773	KCP	0	-	48677
chr7	115850560	115898837	TES	0	+	48277
chr7	114562149	114659971	MDFIC	0	+	97822
chr6	74171301	74218959	MTO1	0	+	47658
chr6	69345174	70100463	ADGRB3	0	+	755289
chr6	90142871	90343553	ANKRD6	0	+	200682
chr6	73951037	74020088	KHDC1	0	-	69051
chr6	84833960	84937361	CEP162	0	-	103401
chr6	86159302	86205509	NT5E	0	+	46207
chr6	84743491	84800600	MRAP2	0	+	57109
chr6	93949738	94129405	EPHA7	0	-	179667
chr6	88384578	88411951	AKIRIN2	0	-	27373
chr6	88299785	88377171	ORC3	0	+	77386
chr6	80194708	80247175	LCA5	0	-	52467
chr6	91223292	91296805	MAP3K7	0	-	73513
chr6	87795216	87804824	CGA	0	-	9608
chr11	36317838	36486754	PRR5L	0	+	168916
chr11	33880122	33913623	LMO2	0	-	33501
chr11	45950870	46143005	PHF21A	0	-	192135
chr11	34127164	34169217	NAT10	0	+	42053
chr11	34642640	34684835	EHF	0	+	42195
chr11	34500338	34546740	ELF5	0	-	46402
chr11	32851473	32879666	PRRG4	0	+	28193
chr11	34073278	34124157	CAPRIN1	0	+	50879
chr12	54026510	54071192	ATP5MC2	0	-	44682
chr12	56119107	56123491	CD63	0	-	4384
chr12	49687035	49692469	PRPH	0	+	5434
chr12	56078352	56110188	ITGA7	0	-	31836
chr12	55341799	55378546	TESPA1	0	-	36747
chr12	56114151	56118489	RDH5	0	+	4338
chr12	49717019	49725514	TROAP	0	+	8495
chr12	58131796	58144002	TSPAN31	0	+	12206
chr12	51487439	51566918	TFCP2	0	-	79479
chr12	56660674	56664750	COQ10A	0	+	4076
chr12	50260679	50298000	FAIM2	0	-	37321
chr12	56710007	56727837	PAN2	0	-	17830
chr12	53662083	53687422	ESPL1	0	+	25339
chr12	54673977	54680872	HNRNPA1	0	+	6895
chr12	52345483	52390862	ACVR1B	0	+	45379
chr12	58087624	58122125	OS9	0	+	34501
chr12	49932813	49952120	KCNH3	0	+	19307
chr6	136663419	136871957	MAP7	0	-	208538
chr6	109687717	109703670	CD164	0	-	15953
chr6	108616195	108847999	AFG1L	0	+	231804
chr6	138743180	139013708	NHSL1	0	-	270528
chr6	135604545	135819572	AHI1	0	-	215027
chr6	126068810	126082415	HEY2	0	+	13605
chr6	122793076	123047518	KNOWN	0	+	254442
chr6	142379467	142468259	NMBR	0	-	88792
chr6	144471624	144513076	STX11	0	+	41452
chr4	48137800	48271855	TEC	0	-	134055
chr2	73455138	73460367	PRADC1	0	-	5229
chr2	74881355	74910980	SEMA4F	0	+	29625
chr2	73460548	73480149	CCT7	0	+	19601
chr2	73518057	73520829	EGR4	0	-	2772
chr2	73441350	73454349	SMYD5	0	+	12999
chr2	71680691	71913893	DYSF	0	+	233202
chr2	73143389	73163200	EMX1	0	+	19811
chr12	70760070	70828072	KCNMB4	0	+	68002
chr12	65107225	65153211	GNS	0	-	45986
chr12	69235977	69365350	CPM	0	-	129373
chr16	84682117	84701292	KLHL36	0	+	19175
chr16	81272294	81324747	BCO1	0	+	52453
chr16	82181403	82203829	MPHOSPH6	0	-	22426
chr16	85061388	85127836	KIAA0513	0	+	66448
chr16	66754796	66785512	DYNC1LI2	0	-	30716
chr16	67193835	67198473	FBXL8	0	+	4638
chr16	57546093	57570483	CCDC102A	0	-	24390
chr16	67271586	67306094	SLC9A5	0	+	34508
chr1	230826522	230881322	AGT	0	-	54800
chr1	247108849	247242113	ZNF670-ZNF695	0	-	133264
chr1	233119181	233431471	PCNX2	0	-	312290
chr1	233749852	233808260	KCNK1	0	+	58408
chr1	229761994	229795947	URB2	0	+	33953
chr1	230883130	230937749	CAPN9	0	+	54619
chr1	229652329	229694454	ABCB10	0	-	42125
chr1	229728881	229761869	TAF5L	0	-	32988
chr1	182347233	182361341	GLUL	0	-	14108
chr1	180941848	180992257	STX6	0	-	50409
chr1	182610951	182653722	RGS8	0	-	42771
chr1	182542769	182558391	RNASEL	0	-	15622
chr1	182808482	182857117	DHX9	0	+	48635
chr1	180882033	180920750	KIAA1614	0	+	38717
chr1	179923908	180084010	CEP350	0	+	160102
chr1	182758428	182799519	NPL	0	+	41091
chr1	184759858	184943640	NIBAN1	0	-	183782
chr1	182992555	183114727	LAMC1	0	+	122172
chr1	173900222	173991495	RC3H1	0	-	91273
chr2	231772033	231825781	GPR55	0	-	53748
chr2	224822180	224832431	MRPL44	0	+	10251
chr2	223064606	223163717	PAX3	0	-	99111
chr2	225629807	225907185	DOCK10	0	-	277378
chr2	219575558	219620139	TTLL4	0	+	44581
chr2	219314974	219433074	USP37	0	-	118100
chr2	231729354	231743963	ITM2C	0	+	14609
chr2	228548479	228582744	SLC19A3	0	-	34265
chr2	224839762	224904035	SERPINE2	0	-	64273
chr2	220144064	220151620	DNAJB2	0	+	7556
chr2	219745574	219764303	WNT10A	0	+	18729
chr2	219646472	219680016	CYP27A1	0	+	33544
chr2	233415369	233448354	EIF4E2	0	+	32985
chr2	232063260	232241559	ARMC9	0	+	178299
chr2	231577557	231685790	CAB39	0	+	108233
chr2	98262525	98264846	COX5B	0	+	2321
chr2	100016938	100106497	REV1	0	-	89559
chr2	103331089	103353347	MFSD9	0	-	22258
chr2	96914252	96931735	TMEM127	0	-	17483
chr2	109510927	109605828	EDAR	0	-	94901
chr2	105880848	105946192	TGFBRAP1	0	-	65344
chr2	109065563	109125871	GCC2	0	+	60308
chr2	105654527	105716418	MRPS9	0	+	61891
chr2	105858200	105859924	GPR45	0	+	1724
chr2	105953989	105965668	C2orf49	0	+	11679
chr2	97778890	97930258	ANKRD36	0	+	151368
chr2	149402009	149545138	EPC2	0	+	143129
chr2	131594487	131804836	ARHGEF4	0	+	210349
chr12	108956358	108963144	ISCU	0	+	6786
chr12	103981051	104160497	STAB2	0	+	179446
chr12	95910336	95945252	USP44	0	-	34916
chr12	100660918	100735493	SCYL2	0	+	74575
chr12	106631659	106698057	CKAP4	0	-	66398
chr12	94542353	94701451	PLXNC1	0	+	159098
chr12	108079576	108106939	PWP1	0	+	27363
chr12	102271358	102405908	DRAM1	0	+	134550
chr12	105501102	105562908	WASHC4	0	+	61806
chr12	105195579	105352522	SLC41A2	0	-	156943
chr3	38029550	38048679	VILL	0	+	19129
chr3	57994125	58157978	FLNB	0	+	163853
chr13	52706775	52733996	NEK3	0	-	27221
chr13	53417024	53422776	PCDH8	0	-	5752
chr13	51483883	51598256	RNASEH2B	0	+	114373
chr13	53029564	53050763	CKAP2	0	+	21199
chr13	53277399	53313955	CNMD	0	-	36556
chr13	75857639	76056305	TBC1D4	0	-	198666
chr13	52951302	52990508	THSD1	0	-	39206
chr13	47127303	47327175	LRCH1	0	+	199872
chr13	48319871	48612104	SUCLA2	0	-	292233
chr13	50106082	50159694	RCBTB1	0	-	53612
chr13	48627459	48669267	MED4	0	-	41808
chr13	50069746	50103117	PHF11	0	+	33371
chr13	76194570	76434006	LMO7	0	+	239436
chr13	78109809	78219398	SCEL	0	+	109589
chr13	48806748	48844493	ITM2B	0	+	37745
chr13	80910111	80915261	SPRY2	0	-	5150
chr13	78469616	78549664	EDNRB	0	-	80048
chr13	46700055	46786006	LCP1	0	-	85951
chr13	50018410	50069139	SETDB2	0	+	50729
chr7	29959720	30029905	SCRN1	0	-	70185
chr7	47314752	47622156	TNS3	0	-	307404
chr7	44037496	44049723	SPDYE1	0	+	12227
chr7	2443223	2488119	CHST12	0	+	44896
chr7	23349828	23510110	IGF2BP3	0	-	160282
chr7	23275586	23314727	GPNMB	0	+	39141
chr7	22157854	22396773	RAPGEF5	0	-	238919
chr7	6414158	6443598	RAC1	0	+	29440
chr7	23221460	23240630	NUP42	0	+	19170
chr7	6617065	6629005	ZDHHC4	0	+	11940
chr7	36552549	36764154	AOAH	0	-	211605
chr7	16685756	16746148	BZW2	0	+	60392
chr7	45139699	45151646	TBRG4	0	-	11947
chr7	44605403	44614650	DDX56	0	-	9247
chr7	48002885	48019212	HUS1	0	-	16327
chr7	45120036	45128568	NACAD	0	-	8532
chr7	44084239	44109055	DBNL	0	+	24816
chr7	45039074	45116068	CCM2	0	+	76994
chr7	45002261	45018687	MYO1G	0	-	16426
chr7	2671620	2704436	TTYH3	0	+	32816
chr14	20724717	20774119	TTC5	0	-	49402
chr14	37049209	37051819	NKX2-8	0	-	2610
chr14	23990066	24025401	ZFHX2	0	-	35335
chr15	80972025	81047962	ABHD17C	0	+	75937
chr15	78729773	78793795	IREB2	0	+	64022
chr15	85360587	85416710	ALPK3	0	+	56123
chr17	46908380	46943884	CALCOCO2	0	+	35504
chr17	48556221	48563335	RSAD1	0	+	7114
chr17	43035360	43186384	NMT1	0	+	151024
chr17	48585745	48608862	MYCBPAP	0	+	23117
chr17	56048908	56065620	VEZF1	0	-	16712
chr17	62224587	62340620	TEX2	0	-	116033
chr17	61957575	61959304	GH2	0	-	1729
chr17	59756500	59940920	BRIP1	0	-	184420
chr3	187086173	187089864	RTP4	0	+	3691
chr3	179280674	179306195	ACTL6A	0	+	25521
chr3	185632346	185655891	TRA2B	0	-	23545
chr2	166051503	166248820	SCN2A	0	+	197317
chr2	160568968	160627538	MARCHF7	0	+	58570
chr2	158175143	158184225	ERMN	0	-	9082
chr2	158114217	158175003	GALNT5	0	+	60786
chr2	167260083	167467992	SCN7A	0	-	207909
chr2	161993419	162092741	TANK	0	+	99322
chr3	170075466	170114623	SKIL	0	+	39157
chr1	220141942	220219872	EPRS1	0	-	77930
chr1	150039336	150117507	VPS45	0	+	78171
chr1	215740647	215795149	KCTD3	0	+	54502
chr1	213224575	213448117	RPS6KC1	0	+	223542
chr2	114195268	114253781	CBWD2	0	+	58513
chr2	113730780	113743235	IL36G	0	+	12455
chr2	113856892	113891593	IL1RN	0	+	34701
chr2	113816215	113822959	IL36RN	0	+	6744
chr2	130908965	130940323	SMPD4	0	-	31358
chr2	128458601	128568761	WDR33	0	-	110160
chr2	131095506	131100272	CCDC115	0	-	4766
chr2	128698791	128785694	SAP130	0	-	86903
chr2	127805603	127864864	BIN1	0	-	59261
chr2	131100450	131105540	IMP4	0	+	5090
chr2	128994290	129076442	HS6ST1	0	-	82152
chr2	128848774	128953251	UGGT1	0	+	104477
chr2	127413709	127454243	GYPC	0	+	40534
chr10	17686150	17758823	STAM	0	+	72673
chr10	27035522	27150016	ABI1	0	-	114494
chr10	27399040	27444195	YME1L1	0	-	45155
chr10	22045477	22292698	DNAJC1	0	-	247221
chr9	107509964	107522401	NIPSNAP3A	0	+	12437
chr9	131644412	131680318	LRRC8A	0	+	35906
chr9	130547958	130553071	CDK9	0	+	5113
chr9	113006090	113018787	TXN	0	-	12697
chr9	131217465	131263571	ODF2	0	+	46106
chr9	114122965	114247025	ECPAS	0	-	124060
chr9	132565436	132573560	TOR1B	0	+	8124
chr9	106856541	106903700	SMC2	0	+	47159
chr9	110247133	110252763	KLF4	0	-	5630
chr9	132575221	132586523	TOR1A	0	-	11302
chr9	129677053	129985445	RALGPS1	0	+	308392
chr9	130267618	130341268	NIBAN2	0	-	73650
chr9	125239237	125240205	OR1J1	0	-	968
chr9	130670165	130679320	ST6GALNAC4	0	-	9155
chr9	100263462	100364025	TMOD1	0	+	100563
chr9	124329336	124547809	DAB2IP	0	+	218473
chr9	130341649	130458306	STXBP1	0	+	116657
chr9	130159417	130170703	SLC2A8	0	+	11286
chr9	123151153	123342448	CDK5RAP2	0	-	191295
chr9	115800657	115819039	ZFP37	0	-	18382
chr9	115983824	116026772	SLC31A1	0	+	42948
chr9	104161133	104172942	ZNF189	0	+	11809
chr9	104182842	104211946	ALDOB	0	-	29104
chr9	102668936	102736816	STX17	0	+	67880
chr9	116037922	116056289	PRPF4	0	+	18367
chr9	130556876	130576606	FPGS	0	+	19730
chr9	132596977	132644107	USP20	0	+	47130
chr9	116848406	116861572	KIF12	0	-	13166
chr9	117349986	117361195	ATP6V1G1	0	+	11209
chr9	129986544	130155939	GARNL3	0	+	169395
chr9	104149915	104160900	MRPL50	0	-	10985
chr9	130697378	130700133	DPM2	0	-	2755
chr9	127615696	127620169	WDR38	0	+	4473
chr9	101050391	101471217	GABBR2	0	-	420826
chr9	127115744	127177723	PSMB7	0	-	61979
chr9	127243515	127269699	NR5A1	0	-	26184
chr9	100666771	100684782	TRMO	0	-	18011
chr9	127962821	127996440	RABEPK	0	+	33619
chr9	100437191	100459622	XPA	0	-	22431
chr9	100395950	100436030	NCBP1	0	+	40080
chr9	100745623	100778225	ANP32B	0	+	32602
chr9	125560668	125590867	PDCL	0	-	30199
chr9	99791959	99918838	CTSV	0	-	126879
chr9	129376207	129463311	LMX1B	0	+	87104
chr9	127624409	127640012	ARPC5L	0	+	15603
chr8	120569326	120685693	ENPP2	0	-	116367
chr8	120846216	120868134	DSCC1	0	-	21918
chr8	128747680	128755197	MYC	0	+	7517
chr8	120428686	120436674	CCN3	0	+	7988
chr9	6215786	6257983	IL33	0	+	42197
chr9	7796500	7888380	DMAC1	0	-	91880
chr9	6011025	6015625	RANBP6	0	-	4600
chr9	37485945	37503694	POLR1E	0	+	17749
chr9	33921691	34049386	UBAP2	0	-	127695
chr9	32886599	33025128	APTX	0	-	138529
chr9	36336393	36487545	RNF38	0	-	151152
chr9	35696945	35732192	TLN1	0	-	35247
chr9	34709002	34710133	CCL21	0	-	1131
chr9	35649292	35650928	SIT1	0	-	1636
chr9	841690	969090	DMRT1	0	+	127400
chr9	34989638	34998897	DNAJB5	0	+	9259
chr9	34613542	34620520	DCTN3	0	-	6978
chr9	35609979	35646807	CD72	0	-	36828
chr9	35814448	35865515	TMEM8B	0	+	51067
chr9	37422663	37436987	GRHPR	0	+	14324
chr9	38392699	38398658	ALDH1B1	0	+	5959
chr9	35658872	35675863	ARHGEF39	0	-	16991
chr9	38406525	38424451	IGFBPL1	0	-	17926
chr9	19230433	19374279	DENND4C	0	+	143846
chr9	19375713	19380234	RPS6	0	-	4521
chr6	42897218	42907032	CNPY3	0	+	9814
chr6	41514119	41570122	FOXP4	0	+	56003
chr6	43008515	43042833	KLC4	0	+	34318
chr6	17759414	17987866	KIF13A	0	-	228452
chr6	28192664	28201265	ZSCAN9	0	+	8601
chr6	37137928	37143204	PIM1	0	+	5276
chr6	16238818	16295780	GMPR	0	+	56962
chr6	37400995	37450603	CMTR1	0	+	49608
chr6	10393419	10419892	TFAP2A	0	-	26473
chr6	44094651	44123256	TMEM63B	0	+	28605
chr6	41737914	41754280	FRS3	0	-	16366
chr6	43445261	43474294	TJAP1	0	+	29033
chr6	44126548	44152138	CAPN11	0	+	25590
chr6	54172657	54254940	TINAG	0	+	82283
chr6	54971258	55147415	HCRTR2	0	+	176157
chr6	24544332	24646419	KIAA0319	0	-	102087
chr6	391739	411443	IRF4	0	+	19704
chr6	3269196	3457284	SLC22A23	0	-	188088
chr6	53659295	53788923	LRRC1	0	+	129628
chr6	52991759	53013639	GCM1	0	-	21880
chr6	1389811	1395838	FOXF2	0	+	6027
chr6	3118608	3153812	BPHL	0	+	35204
chr6	3064058	3115421	RIPK1	0	+	51363
chr6	34204650	34214008	HMGA1	0	+	9358
chr6	30695486	30710509	FLOT1	0	-	15023
chr6	30710976	30712325	IER3	0	-	1349
chr6	30667584	30685224	MDC1	0	-	17640
chr6	28249349	28270326	PGBD1	0	+	20977
chr6	30594619	30614600	ATAT1	0	+	19981
chr6	18128542	18155308	TPMT	0	-	26766
chr6	18387581	18469101	RNF144B	0	+	81520
chr6	30655824	30659197	NRM	0	-	3373
chr6	36933583	36954074	MTCH1	0	-	20491
chr6	30881982	30894236	VARS2	0	+	12254
chr6	42018251	42055199	TAF8	0	+	36948
chr6	17600533	17611950	FAM8A1	0	+	11417
chr6	10671651	10695030	C6orf52	0	-	23379
chr4	15937200	15940363	FGFBP1	0	-	3163
chr4	15004105	15071777	CPEB2	0	+	67672
chr4	153857475	153900823	FHDC1	0	+	43348
chr4	154605222	154627412	TLR2	0	+	22190
chr11	76839292	76926286	MYO7A	0	+	86994
chr11	72547790	72853363	FCHSD2	0	-	305573
chr11	74971166	75062749	ARRB1	0	-	91583
chr11	74811608	74917594	SLCO2B1	0	+	105986
chr11	76060942	76092176	THAP12	0	-	31234
chr11	82904754	82971736	ANKRD42	0	+	66982
chr11	71713910	71791739	NUMA1	0	-	77829
chr11	85405267	85522202	SYTL2	0	-	116935
chr11	82684175	82782965	RAB30	0	-	98790
chr11	85368786	85393951	CREBZF	0	-	25165
chr11	76368568	76381791	LRRC32	0	-	13223
chr11	82533978	82681626	PRCP	0	-	147648
chr11	78146666	78286239	NARS2	0	-	139573
chr11	71640064	71708643	RNF121	0	+	68579
chr8	55047801	55061074	MRPL15	0	+	13273
chr8	75736769	75767264	PI15	0	+	30495
chr8	63961112	63998612	TTPA	0	-	37500
chr8	63927440	63951966	GGH	0	-	24526
chr8	70579281	70747213	SLCO5A1	0	-	167932
chr8	70378859	70573150	SULF1	0	+	194291
chr8	56686005	56739004	TGS1	0	+	52999
chr8	59465483	59495418	SDCBP	0	+	29935
chr4	170290855	170533783	NEK1	0	-	242928
chr4	169137442	169240034	DDX60	0	-	102592
chr11	114441313	114466508	NXPE4	0	-	25195
chr11	121323023	121504472	SORL1	0	+	181449
chr11	116618886	116643703	BUD13	0	-	24817
chr11	101322295	101743293	TRPC6	0	-	420998
chr11	102391239	102401481	MMP7	0	-	10242
chr11	102447563	102496063	MMP20	0	-	48500
chr11	102562218	102576500	MMP27	0	-	14282
chr11	101918168	101955285	CFAP300	0	+	37117
chr11	102921415	102962923	DCUN1D5	0	-	41508
chr11	101981178	102104155	YAP1	0	+	122977
chr11	119981994	120056237	TRIM29	0	-	74243
chr11	118894461	118901616	SLC37A4	0	-	7155
chr11	120107349	120190654	POU2F3	0	+	83305
chr11	109735021	110167437	RDX	0	-	432416
chr11	110300672	110335608	FDX1	0	+	34936
chr11	110447766	110583912	ARHGAP20	0	-	136146
chr11	102813724	102826461	MMP13	0	-	12737
chr11	117771356	117800174	TMPRSS13	0	-	28818
chr11	104896124	104905977	CASP1	0	-	9853
chr11	104864962	104893895	CASP5	0	-	28933
chr11	107373453	107436468	ALKBH8	0	-	63015
chr15	67835041	68099455	MAP2K5	0	+	264414
chr15	44719820	44821236	CTDSPL2	0	+	101416
chr15	42066632	42120053	MAPKBP1	0	+	53421
chr15	69706585	69740766	KIF23	0	+	34181
chr15	68588870	68724502	ITGA11	0	-	135632
chr15	40886218	40956540	KNL1	0	+	70322
chr15	42841026	42862192	HAUS2	0	+	21166
chr15	41700606	41775761	RTF1	0	+	75155
chr15	69745153	69748544	RPLP1	0	+	3391
chr15	69591251	69700119	PAQR5	0	+	108868
chr15	71145578	71345997	LRRC49	0	+	200419
chr15	41028082	41048049	RMDN3	0	-	19967
chr15	41785591	41795749	ITPKA	0	+	10158
chr15	70946893	71055897	UACA	0	-	109004
chr15	66994574	67075187	SMAD6	0	+	80613
chr15	40570377	40600136	PLCB2	0	-	29759
chr15	43415477	43477342	TMEM62	0	+	61865
chr15	58881008	59041990	ADAM10	0	-	160982
chr15	45422131	45457774	DUOX1	0	+	35643
chr15	47476298	48066425	SEMA6D	0	+	590127
chr15	52401460	52404972	BCL2L10	0	-	3512
chr15	55473004	55489247	RSL24D1	0	-	16243
chr15	42140344	42186251	SPTBN5	0	-	45907
chr15	57884106	58006943	GCOM1	0	+	122837
chr1	94027298	94312706	BCAR3	0	-	285408
chr1	84330707	84464833	TTLL7	0	-	134126
chr1	93913675	94020218	FNBP1L	0	+	106543
chr1	89401456	89458636	KYAT3	0	-	57180
chr1	89318316	89357627	GTF2B	0	-	39311
chr1	79085587	79111830	IFI44L	0	+	26243
chr1	78445226	78604128	GIPC2	0	+	158902
chr1	94614544	94740624	ARHGAP29	0	-	126080
chr1	79115481	79129763	IFI44	0	+	14282
chr1	75667814	76076799	SLC44A5	0	-	408985
chr1	86889854	86922236	CLCA2	0	+	32382
chr1	84864167	84880701	DNASE2B	0	+	16534
chr1	100652475	100715390	DBT	0	-	62915
chr1	100731772	100758325	RTCA	0	+	26553
chr2	27667244	27712672	IFT172	0	-	45428
chr2	26531415	26618753	SELENOI	0	+	87338
chr2	27321757	27341996	CGREF1	0	-	20239
chr2	25042038	25143106	ADCY3	0	-	101068
chr2	55861196	55920998	PNPT1	0	-	59802
chr2	44001178	44037149	DYNC2LI1	0	+	35971
chr2	39963200	40006407	THUMPD2	0	-	43207
chr2	65297830	65357465	RAB1A	0	-	59635
chr2	65454922	65498387	ACTR2	0	+	43465
chr2	27422455	27435826	SLC5A6	0	-	13371
chr2	27301483	27309271	EMILIN1	0	+	7788
chr2	48016455	48133637	FBXO11	0	-	117182
chr2	45168841	45173210	SIX3	0	+	4369
chr2	44113363	44223365	LRPPRC	0	-	110002
chr2	27505297	27530307	TRIM54	0	+	25010
chr2	25600067	25896516	DTNB	0	-	296449
chr10	104221638	104262469	ACTR1A	0	-	40831
chr10	96796529	96829254	CYP2C8	0	-	32725
chr10	95066186	95242091	MYOF	0	-	175905
chr10	100007447	100027951	LOXL4	0	-	20504
chr10	90639491	90734910	STAMBPL1	0	+	95419
chr10	90965386	90967074	CH25H	0	-	1688
chr10	102986751	102989220	LBX1	0	-	2469
chr10	89511269	89601118	ATAD1	0	-	89849
chr10	124030811	124097674	BTBD16	0	+	66863
chr10	94333862	94415152	KIF11	0	+	81290
chr10	123748678	124014060	TACC2	0	+	265382
chr10	112257665	112271291	DUSP5	0	+	13626
chr10	105206543	105212159	CALHM2	0	-	5616
chr10	104433488	104474154	ARL3	0	-	40666
chr10	95256369	95288849	CEP55	0	+	32480
chr10	91461347	91534696	KIF20B	0	+	73349
chr10	97471536	97637023	ENTPD1	0	+	165487
chr10	94586588	94819250	EXOC6	0	+	232662
chr10	95753688	96092580	PLCE1	0	+	338892
chr3	137879830	137893791	DBR1	0	-	13961
chr3	132136346	132257876	DNAJC13	0	+	121530
chr10	75134859	75173834	ANXA7	0	-	38975
chr10	74927877	75004262	FAM149B1	0	+	76385
chr10	73855790	73976892	ASCC1	0	-	121102
chr10	72432262	72522197	ADAMTS14	0	+	89935
chr10	79793518	79816571	RPS24	0	+	23053
chr10	70320094	70454244	TET1	0	+	134150
chr10	70173821	70231878	DNA2	0	-	58057
chr2	201450737	201541787	AOX1	0	+	91050
chr2	216176679	216214496	ATIC	0	+	37817
chr2	217277106	217347776	SMARCAL1	0	+	70670
chr2	215590370	215674407	BARD1	0	-	84037
chr2	191894302	192016322	STAT4	0	-	122020
chr2	190526111	190535557	ASNSD1	0	+	9446
chr2	170648443	170668574	SSB	0	+	20131
chr2	191511472	191557492	NAB1	0	+	46020
chr2	202655184	202760273	CDK15	0	+	105089
chr2	170440852	170497916	PPIG	0	+	57064
chr2	170385018	170430385	FASTKD1	0	-	45367
chr2	207602487	207630052	MDH1B	0	-	27565
chr2	197053823	197458408	HECW2	0	-	404585
chr2	209100953	209130798	IDH1	0	-	29845
chr2	174937175	175113327	OLA1	0	-	176152
chr2	175212750	175260440	CIR1	0	-	47690
chr2	182756457	182795465	ITPRID2	0	+	39008
chr2	175612320	175652663	CHRNA1	0	-	40343
chr2	203499692	203634480	FAM117B	0	+	134788
chr2	187454737	187545628	ITGAV	0	+	90891
chr2	190425316	190448484	SLC40A1	0	-	23168
chr3	122513916	122599986	SLC49A4	0	+	86070
chr3	101043049	101232085	SENP7	0	-	189036
chr3	107096286	107097482	CCDC54	0	+	1196
chr3	122246771	122283424	PARP9	0	-	36653
chr15	50716577	50806618	USP8	0	+	90041
chr15	49280673	49338644	SECISBP2L	0	-	57971
chr15	52121825	52239492	TMOD3	0	+	117667
chr15	50994463	51058145	SPPL2A	0	-	63682
chr15	69452923	69564556	GLCE	0	+	111633
chr15	45459412	45493373	SHF	0	-	33961
chr15	63568217	63601325	APH1B	0	+	33108
chr15	65871091	65903627	INTS14	0	-	32536
chr15	65487098	65503811	CILP	0	-	16713
chr15	65526798	65592956	PARP16	0	-	66158
chr15	75315927	75409803	PPCDC	0	+	93876
chr15	74701630	74726299	SEMA7A	0	-	24669
chr15	74738318	74753523	UBL7	0	-	15205
chr4	89647106	90032549	FAM13A	0	-	385443
chr4	89299891	89364249	HERC6	0	+	64358
chr4	89378270	89427314	HERC5	0	+	49044
chr4	134070449	134129761	PCDH10	0	+	59312
chr4	113460489	113558151	ZGRF1	0	-	97662
chr4	113152896	113194266	AP1AR	0	+	41370
chr4	83955600	83996971	COPS4	0	+	41371
chr4	83273651	83295656	HNRNPD	0	-	22005
chr4	82008524	82136376	PRKG2	0	-	127852
chr4	82347547	82965397	RASGEF1B	0	-	617850
chr4	83739662	83822319	SEC31A	0	-	82657
chr4	84457067	84527028	GPAT3	0	+	69961
chr4	123747863	123819391	FGF2	0	+	71528
chr4	122745484	122791642	BBS7	0	-	46158
chr4	123073486	123285322	KIAA1109	0	+	211836
chr4	95679106	96079599	BMPR1B	0	+	400493
chr4	99182535	99365009	RAP1GDS1	0	+	182474
chr4	128982441	129144086	LARP1B	0	+	161645
chr4	90800683	90875780	MMRN1	0	+	75097
chr4	120415552	120549959	PDE5A	0	-	134407
chr4	121606074	121844025	PRDM5	0	-	237951
chr4	122795636	122873215	TRPC3	0	-	77579
chr4	76922428	76928662	CXCL9	0	-	6234
chr4	79697496	79837519	BMP2K	0	+	140023
chr4	77870904	77961537	SEPTIN11	0	+	90633
chr4	78978477	79465423	FRAS1	0	+	486946
chr4	77079890	77155689	SCARB2	0	-	75799
chr4	78078360	78354542	CCNG2	0	+	276182
chr4	78634541	78740769	CNOT6L	0	-	106228
chr4	76649761	76735439	USO1	0	+	85678
chr4	76501706	76555900	CDKL2	0	-	54194
chr4	77356382	77704406	SHROOM3	0	+	348024
chr4	79472901	79531605	ANXA3	0	+	58704
chr4	106290234	106395224	PPA2	0	-	104990
chr4	104026506	104119602	CENPE	0	-	93096
chr4	106603784	106817143	INTS12	0	-	213359
chr4	111286889	111486441	ENPEP	0	+	199552
chr4	108968701	109090112	LEF1	0	-	121411
chr4	108910870	108956397	HADH	0	+	45527
chr4	110834039	110934922	EGF	0	+	100883
chr4	108511433	108641390	PAPSS1	0	-	129957
chr4	110354928	110462052	SEC24B	0	+	107124
chr4	101944566	102269435	PPP3CA	0	-	324869
chr4	103172237	103352415	SLC39A8	0	-	180178
chr4	100485238	100545154	MTTP	0	+	59916
chr16	1756167	1820352	MAPK8IP3	0	+	64185
chr9	116207011	116360023	RGS3	0	+	153012
chr22	24936391	24951903	GUCD1	0	-	15512
chr22	31556168	31603005	RNF185	0	+	46837
chr22	44639545	44708831	SHISAL1	0	-	69286
chr22	44568836	44615413	PARVG	0	+	46577
chr12	569105	672675	B4GALNT3	0	+	103570
chr12	15066973	15091471	ERP27	0	-	24498
chr12	11802608	12048311	ETV6	0	+	245703
chr12	10365057	10375727	GABARAPL1	0	+	10670
chr12	39687030	39837192	KIF21A	0	-	150162
chr12	39040624	39301232	CPNE8	0	-	260608
chr12	32552492	32798984	FGD4	0	+	246492
chr12	34175403	34182629	ALG10	0	+	7226
chr12	18395895	18801350	PIK3C2G	0	+	405455
chr12	31433518	31479992	SINHCAF	0	-	46474
chr12	18836103	18891034	PLCZ1	0	-	54931
chr12	19556979	19873735	AEBP2	0	+	316756
chr12	20848266	20906320	SLCO1C1	0	+	58054
chr12	22778009	22843599	ETNK1	0	+	65590
chr12	44229770	44783545	TMEM117	0	+	553775
chr12	7282294	7311541	CLSTN3	0	+	29247
chr12	9102640	9163356	KLRG1	0	+	60716
chr12	6560856	6575683	TAPBPL	0	+	14827
chr12	7268332	7281485	RBP5	0	-	13153
chr12	7341281	7371170	PEX5	0	+	29889
chr12	6802957	6809981	PIANP	0	-	7024
chr12	47158544	47226191	SLC38A4	0	-	67647
chr12	46312914	46385903	SCAF11	0	-	72989
chr12	48366750	48398337	COL2A1	0	-	31587
chr12	81651754	82153332	PPFIA2	0	-	501578
chr12	59265931	59314285	LRIG3	0	-	48354
chr12	58148886	58154194	MARCHF9	0	+	5308
chr12	57846106	57853063	INHBE	0	+	6957
chr12	75874533	75897643	GLIPR1	0	+	23110
chr12	76419227	76425556	PHLDA1	0	-	6329
chr12	80799774	81072802	KNOWN	0	+	273028
chr12	89741012	89746278	DUSP6	0	-	5266
chr12	89813495	89919824	POC1B	0	-	106329
chr12	88536073	88593664	TMTC3	0	+	57591
chr12	91496406	91505271	LUM	0	-	8865
chr12	91444268	91451801	KERA	0	-	7533
chr12	96337109	96362498	AMDHD1	0	+	25389
chr12	97301002	97347558	NEDD1	0	+	46556
chr12	100967461	101022066	GAS2L3	0	+	54605
chr12	125670932	126146923	TMEM132B	0	+	475991
chr12	129277739	129308503	SLC15A4	0	-	30764
chr12	104359600	104382652	TDG	0	+	23052
chr12	113623331	113630173	RITA1	0	+	6842
chr12	110288750	110318346	GLTP	0	-	29596
chr12	110338069	110421646	TCHP	0	+	83577
chr12	110151630	110208300	FAM222A	0	+	56670
chr12	109715783	109747089	FOXN4	0	-	31306
chr13	25875662	25939528	NUP58	0	+	63866
chr13	25820360	25861626	MTMR6	0	-	41266
chr13	29274201	29293107	SLC46A3	0	-	18906
chr13	30083551	30169825	SLC7A1	0	-	86274
chr13	28120050	28194666	LNX2	0	-	74616
chr12	56390964	56400425	SUOX	0	+	9461
chr12	53894705	53900215	TARBP2	0	+	5510
chr12	57345215	57353158	RDH16	0	-	7943
chr12	49480439	49488584	DHH	0	-	8145
chr12	52300692	52317145	ACVRL1	0	+	16453
chr12	54756229	54758271	GPR84	0	-	2042
chr12	56615799	56623638	NABP2	0	+	7839
chr13	32974860	33002448	N4BP2L1	0	-	27588
chr12	56556143	56583351	SMARCC2	0	-	27208
chr13	32889223	32974405	BRCA2	0	+	85182
chr12	49046994	49076021	KANSL2	0	-	29027
chr12	50523072	50561316	CERS5	0	-	38244
chr12	53585107	53601066	ITGB7	0	-	15959
chr12	53551447	53574709	CSAD	0	-	23262
chr12	49490919	49504683	LMBR1L	0	-	13764
chr12	53693479	53700961	MYG1	0	+	7482
chr12	56512034	56538458	ESYT1	0	+	26424
chr12	50101508	50158717	TMBIM6	0	+	57209
chr12	56631591	56652168	ANKRD52	0	-	20577
chr12	52937693	52946929	KRT71	0	-	9236
chr13	44717286	44735393	SMIM2	0	-	18107
chr13	52158591	52341845	WDFY2	0	+	183254
chr13	53216566	53217908	HNRNPA1L2	0	+	1342
chr13	47345391	47371555	ESD	0	-	26164
chr13	48877880	49173572	RB1	0	+	295692
chr12	123773656	123849394	SBNO1	0	-	75738
chr12	122086648	122110537	MORN3	0	-	23889
chr12	122241915	122270562	SETD1B	0	+	28647
chr12	123349877	123380674	VPS37B	0	-	30797
chr12	123237371	123255611	DENR	0	+	18240
chr13	60239717	60738062	DIAPH3	0	-	498345
chr13	78271822	78338377	SLAIN1	0	+	66555
chr13	79885959	79980612	RBM26	0	-	94653
chr13	97873688	98046374	MBNL2	0	+	172686
chr13	100615218	100624021	ZIC5	0	-	8803
chr13	108870740	108886591	ABHD13	0	+	15851
chr13	111175413	111214069	RAB20	0	-	38656
chr13	113978478	114018463	GRTP1	0	-	39985
chr13	113862507	113921422	CUL4A	0	+	58915
chr14	38064834	38510647	TTC6	0	+	445813
chr14	38677109	38682272	SSTR1	0	+	5163
chr14	23516271	23526747	CDH24	0	-	10476
chr14	23352431	23356887	REM2	0	+	4456
chr14	26912296	27067239	NOVA1	0	-	154943
chr14	47308832	48144808	MDGA2	0	-	835976
chr14	51706880	51724373	TMX1	0	+	17493
chr14	51955818	52197445	FRMD6	0	+	241627
chr14	56584532	56768242	PELI2	0	+	183710
chr14	60062694	60337494	RTN1	0	-	274800
chr14	58466453	58764857	ARMH4	0	-	298404
chr14	62278692	62579268	SYT16	0	+	300576
chr14	61447832	61581034	SLC38A6	0	+	133202
chr14	57857262	57882624	NAA30	0	+	25362
chr14	70883824	70927144	ADAM21	0	+	43320
chr14	69517598	69619867	DCAF5	0	-	102269
chr14	64063757	64108589	WDR89	0	-	44832
chr14	63166182	63568755	KCNH5	0	-	402573
chr14	81726996	81902809	STON2	0	-	175813
chr14	90261013	90421121	EFCAB11	0	-	160108
chr14	88471479	88481155	GPR65	0	+	9676
chr14	75894419	75940814	JDP2	0	+	46395
chr14	96858465	96955764	AK7	0	+	97299
chr14	94385240	94395954	FAM181A	0	+	10714
chr14	92788925	92967825	SLC24A4	0	+	178900
chr14	92335755	92414331	FBLN5	0	-	78576
chr14	94746797	94759605	SERPINA10	0	-	12808
chr14	105452112	105476819	CLBA1	0	+	24707
chr14	100789676	100796758	SLC25A47	0	+	7082
chr14	102605840	102691184	WDR20	0	+	85344
chr15	34521985	34630261	SLC12A6	0	-	108276
chr15	44096690	44116888	MFAP1	0	-	20198
chr15	57210821	57591479	TCF12	0	+	380658
chr15	45315345	45369383	SORD	0	+	54038
chr15	44069285	44096625	SERF2	0	+	27340
chr15	45384848	45406370	DUOX2	0	-	21522
chr15	52015208	52043782	LYSMD2	0	-	28574
chr15	50534144	50558162	HDC	0	-	24018
chr15	59887074	59932438	GCNT3	0	+	45364
chr15	59951345	59981538	BNIP2	0	-	30193
chr15	40327891	40331382	SRP14	0	-	3491
chr15	40731920	40760435	BAHD1	0	+	28515
chr15	40650420	40670822	DISP2	0	+	20402
chr15	43015742	43029326	CDAN1	0	-	13584
chr15	70340129	70390515	TLE3	0	-	50386
chr15	75628361	75635565	COMMD4	0	+	7204
chr15	76135648	76193419	UBE2Q2	0	+	57771
chr15	77285700	77329816	PSTPIP1	0	+	44116
chr15	80253234	80263538	BCL2A1	0	-	10304
chr15	77712754	77777949	HMG20A	0	+	65195
chr15	76640245	77197785	SCAPER	0	-	557540
chr15	77333745	77376326	TSPAN3	0	-	42581
chr15	78570177	78592045	WDR61	0	-	21868
chr8	71022017	71316043	NCOA2	0	-	294026
chr15	75647548	75660953	MAN2C1	0	-	13405
chr15	81293264	81298129	TLNRD1	0	+	4865
chr15	63334831	63364114	TPM1	0	+	29283
chr15	99191768	99507759	IGF1R	0	+	315991
chr15	98503933	98517063	ARRDC4	0	+	13130
chr15	65107831	65117867	PIF1	0	-	10036
chr15	63796710	63886839	USP3	0	+	90129
chr15	74630100	74659987	CYP11A1	0	-	29887
chr15	72978520	73030816	BBS4	0	+	52296
chr15	74287014	74340168	PML	0	+	53154
chr15	75011883	75017877	CYP1A1	0	-	5994
chr15	100511642	100882210	ADAMTS17	0	-	370568
chr15	75128459	75135687	ULK3	0	-	7228
chr15	101829989	102065405	PCSK6	0	-	235416
chr15	75136071	75165706	SCAMP2	0	-	29635
chr15	89420525	89438828	HAPLN3	0	-	18303
chr15	90014629	90039820	RHCG	0	-	25191
chr15	89753100	89764845	RLBP1	0	-	11745
chr15	89787176	89860492	FANCI	0	+	73316
chr15	89630690	89745586	ABHD2	0	+	114896
chr15	90234042	90286869	WDR93	0	+	52827
chr15	90118700	90174287	TICRR	0	+	55587
chr15	88402982	88800022	NTRK3	0	-	397040
chr15	89441914	89456699	MFGE8	0	-	14785
chr15	90544556	90625438	ZNF710	0	+	80882
chr15	91473410	91497323	UNC45A	0	+	23913
chr15	92937111	93011958	ST8SIA2	0	+	74847
chr15	94774767	95027181	MCTP2	0	+	252414
chr15	91411818	91426794	FURIN	0	+	14976
chr15	90931474	91045471	IQGAP1	0	+	113997
chr15	91073155	91188577	CRTC3	0	+	115422
chr15	82422547	82555114	EFL1	0	-	132567
chr15	84115980	84287495	SH3GL3	0	+	171515
chr15	85212769	85259691	SEC11A	0	-	46922
chr16	4827607	4838399	SEPTIN12	0	-	10792
chr16	4853204	4897289	GLYR1	0	-	44085
chr16	8882680	8956391	PMM2	0	+	73711
chr16	31366455	31394320	ITGAX	0	+	27865
chr16	31482906	31489281	TGFB1I1	0	+	6375
chr16	31500792	31520630	RUSF1	0	-	19838
chr16	31469401	31478487	ARMC5	0	+	9086
chr16	14529557	14726585	PARN	0	-	197028
chr16	53735604	54192424	FTO	0	+	456820
chr16	21964609	21994981	UQCRC2	0	+	30372
chr16	22357257	22448486	CDR2	0	-	91229
chr16	24930710	25026987	ARHGAP17	0	-	96277
chr16	46736194	46824319	MYLK3	0	-	88125
chr16	48114793	48189929	ABCC12	0	-	75136
chr16	50582307	50683160	NKD1	0	+	100853
chr16	72078188	72128330	TXNL4B	0	-	50142
chr16	72816784	73925770	ZFHX3	0	-	1108986
chr16	74442529	74455376	CLEC18B	0	-	12847
chr16	57126495	57182281	CPNE2	0	+	55786
chr16	57023397	57117443	NLRC5	0	+	94046
chr16	57769651	57791156	KATNB1	0	+	21505
chr16	57792129	57896957	KIFC3	0	-	104828
chr16	77281710	77468931	ADAMTS18	0	-	187221
chr16	77756389	77776157	NUDT7	0	+	19768
chr16	66637777	66647795	CMTM3	0	+	10018
chr16	66613351	66622178	CMTM2	0	+	8827
chr16	64977656	65160015	CDH11	0	-	182359
chr16	84087366	84150547	MBTPS1	0	-	63181
chr16	82660570	83834245	CDH13	0	+	1173675
chr16	87439852	87526630	ZCCHC14	0	-	86778
chr16	84509961	84587639	MEAK7	0	-	77678
chr16	84224744	84230774	ADAD2	0	+	6030
chr16	85932722	85956212	IRF8	0	+	23490
chr16	718100	724174	RHOT2	0	+	6074
chr16	1993975	2007607	RPL3L	0	-	13632
chr16	2012059	2014842	RPS2	0	-	2783
chr16	2009539	2011976	NDUFB10	0	+	2437
chr16	2587980	2653189	PDPK1	0	+	65209
chr16	90015105	90034468	DEF8	0	+	19363
chr16	89939978	89980035	TCF25	0	+	40057
chr16	88880142	88923378	GALNS	0	-	43236
chr16	90086037	90111383	GAS8	0	+	25346
chr17	17380308	17396535	MED9	0	+	16227
chr17	15932471	16121499	NCOR1	0	-	189028
chr17	17149930	17184587	COPS3	0	-	34657
chr17	17942722	17971719	GID4	0	+	28997
chr17	16450268	16472518	ZNF287	0	-	22250
chr17	12569207	12672266	MYOCD	0	+	103059
chr17	25783474	25953464	KSR1	0	+	169990
chr16	67756973	67840463	RANBP10	0	-	83490
chr16	67708434	67753242	GFOD2	0	-	44808
chr16	69775774	69788829	NOB1	0	-	13055
chr17	18743398	18834600	PRPSAP2	0	+	91202
chr17	53828412	53920191	PCTP	0	+	91779
chr17	52976748	53039317	TOM1L1	0	+	62569
chr17	48939584	48945339	TOB1	0	-	5755
chr17	411743	624957	VPS53	0	-	213214
chr17	3343313	3417146	SPATA22	0	-	73833
chr17	2240792	2284352	SGSM2	0	+	43560
chr17	45600308	45702031	NPEPPS	0	+	101723
chr17	46210804	46507637	SKAP1	0	-	296833
chr17	45909000	45915085	LRRC46	0	+	6085
chr17	27952956	28257294	SSH2	0	-	304338
chr17	30592851	30651678	RHBDL3	0	+	58827
chr17	66255323	66418872	ARSG	0	+	163549
chr17	66863430	66951533	ABCA8	0	-	88103
chr17	57697045	57774317	CLTC	0	+	77272
chr17	58754814	59470199	BCAS3	0	+	715385
chr18	23596217	23671181	SS18	0	-	74964
chr18	23806409	23971649	TAF4B	0	+	165240
chr18	12328943	12377226	AFG3L2	0	-	48283
chr18	12407895	12432237	PRELID3A	0	+	24342
chr18	11981024	12030876	IMPA2	0	+	49852
chr18	11689263	11885684	GNAL	0	+	196421
chr18	33688494	33709348	SLC39A6	0	-	20854
chr18	33564350	33647539	RPRD1A	0	-	83189
chr18	33552588	33559249	C18orf21	0	+	6661
chr18	33161081	33291798	GALNT1	0	+	130717
chr18	31158183	31331159	ASXL3	0	+	172976
chr18	904872	912173	ADCYAP1	0	+	7301
chr18	29339547	29340843	SLC25A52	0	-	1296
chr18	29704840	30050845	GAREM1	0	-	346005
chr18	19109245	19180845	ESCO1	0	-	71600
chr18	21742009	21977844	OSBPL1A	0	-	235835
chr18	19749550	19782491	GATA6	0	+	32941
chr18	18822193	19106073	GREB1L	0	+	283880
chr17	4573069	4607632	PELP1	0	-	34563
chr18	21086148	21166470	NPC1	0	-	80322
chr18	43266990	43332485	SLC14A1	0	+	65495
chr17	4613891	4624794	ARRB2	0	+	10903
chr17	4736635	4801356	MINK1	0	+	64721
chr17	7529552	7531194	SAT2	0	-	1642
chr17	7076750	7082883	ASGR1	0	-	6133
chr17	8782228	8869029	PIK3R5	0	-	86801
chr17	7565097	7590856	TP53	0	-	25759
chr17	78010431	78074412	CCDC40	0	+	63981
chr17	79825597	79829254	ARHGDIA	0	-	3657
chr17	80175810	80219005	SLC16A3	0	+	43195
chr17	78143791	78183130	CARD14	0	+	39339
chr17	72209710	72258159	TTYH2	0	+	48449
chr17	80612849	80656574	RAB40B	0	-	43725
chr17	78108168	78120950	EIF4A3	0	-	12782
chr17	80709918	80903790	TBCD	0	+	193872
chr17	80674582	80688204	FN3KRP	0	+	13622
chr17	80416056	80448413	NARF	0	+	32357
chr17	78518619	78940171	RPTOR	0	+	421552
chr17	80477589	80602538	FOXK2	0	+	124949
chr17	73876416	73893032	TRIM65	0	-	16616
chr17	77765931	77775482	CBX8	0	-	9551
chr17	80278900	80291950	SECTM1	0	-	13050
chr17	74138546	74236574	RNF157	0	-	98028
chr17	79163393	79196799	CEP131	0	-	33406
chr17	77806955	77813239	CBX4	0	-	6284
chr18	43906772	44043103	RNF165	0	+	136331
chr18	46562757	46987717	DYM	0	-	424960
chr18	48086457	48258196	MAPK4	0	+	171739
chr18	47793252	47808144	MBD1	0	-	14892
chr18	59992520	60058521	TNFRSF11A	0	+	66001
chr18	60190258	60254942	ZCCHC2	0	+	64684
chr18	71740588	71815078	FBXO15	0	-	74490
chr18	57567228	57571537	PMAIP1	0	+	4309
chr17	39958199	39968856	P3H4	0	-	10657
chr17	40731531	40762641	RETREG3	0	-	31110
chr17	37844167	37886679	ERBB2	0	+	42512
chr17	37894180	37903544	GRB7	0	+	9364
chr17	37824234	37826728	PNMT	0	+	2494
chr17	37313147	37323737	ARL5C	0	-	10590
chr17	37366794	37382198	STAC2	0	-	15404
chr17	38599702	38613977	IGFBP4	0	+	14275
chr17	39968932	39979465	FKBP10	0	+	10533
chr18	77730813	77793949	TXNL4A	0	-	63136
chr19	13317256	13743839	CACNA1A	0	-	426583
chr19	14183348	14185874	MISP3	0	+	2526
chr19	14198663	14201848	SAMD1	0	-	3185
chr19	15346330	15443356	BRD4	0	-	97026
chr19	3314401	3469215	NFIC	0	+	154814
chr19	507497	519654	TPGS1	0	+	12157
chr19	281040	291403	PLPP2	0	-	10363
chr21	43218385	43299591	PRDM15	0	-	81206
chr21	45719934	45747259	PFKL	0	+	27325
chr19	4791746	4801285	FEM1A	0	+	9539
chr19	6772719	6857377	VAV1	0	+	84658
chr19	17516531	17544533	MVB12A	0	+	28002
chr19	16272179	16284336	CIB3	0	-	12157
chr19	4360367	4400544	SH3GL1	0	-	40177
chr19	5784843	5791236	DUS3L	0	-	6393
chr19	4674353	4724685	DPP9	0	-	50332
chr19	42348806	42356401	DMRTC2	0	+	7595
chr19	36825355	36870103	ZFP14	0	-	44748
chr11	215030	236931	SIRT3	0	-	21901
chr11	319676	329475	IFITM3	0	-	9799
chr11	289126	296107	PGGHG	0	+	6981
chr21	33245333	33416946	HUNK	0	+	171613
chr21	47401684	47424964	COL6A1	0	+	23280
chr21	34696692	34732170	IFNAR1	0	+	35478
chr21	33031979	33041244	SOD1	0	+	9265
chr21	47518026	47552762	COL6A2	0	+	34736
chr21	44834363	44847011	SIK1	0	-	12648
chr21	45666222	45682099	DNMT3L	0	-	15877
chr21	45770046	45862964	TRPM2	0	+	92918
chr21	27252861	27543446	APP	0	-	290585
chr21	37529080	37666572	DOP1B	0	+	137492
chr21	33683329	33765321	URB1	0	-	81992
chr14	105235686	105262088	AKT1	0	-	26402
chr1	206944109	207016326	IL19	0	+	72217
chr19	47616531	47713893	SAE1	0	+	97362
chr19	49164664	49176338	NTN5	0	-	11674
chr19	48988528	49017192	LMTK3	0	-	28664
chr19	45281126	45303909	CBLC	0	+	22783
chr19	34972663	35003209	WTIP	0	+	30546
chr19	8645124	8675620	ADAMTS10	0	-	30496
chr5	1392909	1445555	SLC6A3	0	-	52646
chr2	241526151	241557122	CAPN10	0	+	30971
chr19	8585662	8642461	MYO1F	0	-	56799
chr19	54296995	54327657	NLRP12	0	-	30662
chr19	56598732	56632664	ZNF787	0	-	33932
chr19	11039487	11044211	TIMM29	0	+	4724
chr19	8130286	8214476	FBN3	0	-	84190
chr19	10982229	11033751	CARM1	0	+	51522
chr19	7895104	7929862	EVI5L	0	+	34758
chr17	19398698	19482347	SLC47A1	0	+	83649
chr17	4699439	4701797	PSMB6	0	+	2358
chr19	51913274	51921057	SIGLEC10	0	-	7783
chr19	49999622	50002965	RPS11	0	+	3343
chr19	49925676	49926698	PTH2	0	-	1022
chr19	49990767	49996314	RPL13A	0	+	5547
chr19	51600863	51611666	CTU1	0	-	10803
chr19	50058725	50093519	NOSIP	0	-	34794
chr19	51814898	51834145	IGLON5	0	+	19247
chr19	50031260	50050219	RCN3	0	+	18959
chr19	52516018	52533493	ZNF614	0	-	17475
chr1	9095165	9148537	SLC2A5	0	-	53372
chr1	8412457	8908980	RERE	0	-	496523
chr1	2522078	2564455	MMEL1	0	-	42377
chr1	1853390	1935276	CFAP74	0	-	81886
chr1	2985732	3355185	PRDM16	0	+	369453
chr1	17575593	17610728	PADI3	0	+	35135
chr1	15563017	15726779	FHAD1	0	+	163762
chr1	16450832	16482564	EPHA2	0	-	31732
chr1	16524349	16539147	ARHGEF19	0	-	14798
chr1	15736384	15756835	EFHD2	0	+	20451
chr1	10532345	10690815	PEX14	0	+	158470
chr1	10458649	10480568	PGD	0	+	21919
chr1	24382525	24438625	MYOM3	0	-	56100
chr1	26503975	26516375	CNKSR1	0	+	12400
chr1	24018232	24023325	RPL11	0	+	5093
chr1	24446261	24469630	IL22RA1	0	-	23369
chr1	36179478	36184495	C1orf216	0	-	5017
chr1	35859484	36023551	KIAA0319L	0	-	164067
chr1	50883222	50889115	DMRTA2	0	-	5893
chr4	128802048	128820379	PLK4	0	+	18331
chr1	27681675	27693452	MAP3K6	0	-	11777
chr1	27695601	27701315	FCN3	0	-	5714
chr1	27202623	27216774	GPN2	0	-	14151
chr1	27668511	27680428	SYTL1	0	+	11917
chr1	27561123	27635127	WDTC1	0	+	74004
chr1	21766621	21811498	NBPF3	0	+	44877
chr1	22148737	22263803	HSPG2	0	-	115066
chr1	63906441	64059392	ITGB3BP	0	-	152951
chr1	67873493	67896098	SERBP1	0	-	22605
chr1	85731459	85742315	BCL10	0	-	10856
chr1	86046444	86050272	CCN1	0	+	3828
chr1	84543745	84704181	PRKACB	0	+	160436
chr1	77554674	77685115	PIGK	0	-	130441
chr1	32042086	32053287	TINAGL1	0	+	11201
chr1	33546705	33589093	AZIN2	0	+	42388
chr1	45240923	45244451	RPS8	0	+	3528
chr1	45205490	45233439	KIF2C	0	+	27949
chr1	43990858	44089337	PTPRF	0	+	98479
chr1	45249257	45253842	BEST4	0	-	4585
chr1	47223510	47285085	CYP4B1	0	+	61575
chr1	55446301	55457961	TMEM61	0	+	11660
chr1	87794563	87814606	LMO4	0	+	20043
chr1	110009168	110024756	SYPL2	0	+	15588
chr1	91177096	91182859	BARHL2	0	-	5763
chr1	93544792	93604636	MTF2	0	+	59844
chr1	95285898	95360802	SLC44A3	0	+	74904
chr1	117117021	117210377	IGSF3	0	-	93356
chr1	120162000	120190889	ZNF697	0	-	28889
chr1	112938836	113006078	CTTNBP2NL	0	+	67242
chr1	110574199	110617263	STRIP1	0	+	43064
chr1	109941664	109969070	PSMA5	0	-	27406
chr1	112016414	112021134	C1orf162	0	+	4720
chr1	111413810	111442544	CD53	0	+	28734
chr1	110993771	110999980	PROK1	0	+	6209
chr1	109792161	109818373	CELSR2	0	+	26212
chr1	145524969	145543868	ITGA10	0	+	18899
chr1	168048780	168106905	GPR161	0	-	58125
chr1	165631453	165667799	ALDH9A1	0	-	36346
chr1	168148200	168171347	TIPRL	0	+	23147
chr1	169101769	169337186	NME7	0	-	235417
chr1	166808684	166825596	POGK	0	+	16912
chr1	167498354	167523042	CREG1	0	-	24688
chr1	167905021	168045081	DCAF6	0	+	140060
chr1	167022073	167135716	GPA33	0	-	113643
chr1	165370159	165414592	RXRG	0	-	44433
chr1	168250115	168283664	TBX19	0	+	33549
chr1	165693530	165796992	TMCO1	0	-	103462
chr1	168545843	168551307	XCL1	0	+	5464
chr1	168510006	168513235	XCL2	0	-	3229
chr1	167190113	167396582	POU2F1	0	+	206469
chr1	166944819	166991451	MAEL	0	+	46632
chr1	166864948	166944777	ILDR2	0	-	79829
chr1	168664706	168698444	DPT	0	-	33738
chr1	165600450	165631033	MGST3	0	+	30583
chr1	167778623	167883453	ADCY10	0	-	104830
chr1	175913967	176176422	COP1	0	-	262455
chr1	161040788	161059348	NECTIN4	0	-	18560
chr1	161122566	161128646	UFC1	0	+	6080
chr1	161135846	161147803	PPOX	0	+	11957
chr1	161475220	161493803	FCGR2A	0	+	18583
chr1	163080911	163291581	RGS5	0	-	210670
chr1	161284171	161332996	SDHC	0	+	48825
chr1	161070346	161087845	PFDN2	0	-	17499
chr1	161199456	161208034	NR1I3	0	-	8578
chr1	161129240	161135513	USP21	0	+	6273
chr1	156720402	156770607	PRCC	0	+	50205
chr1	157483167	157522305	FCRL5	0	-	39138
chr1	156698234	156706752	METTL25B	0	+	8518
chr1	156707095	156711382	MRPL24	0	-	4287
chr1	160160365	160171676	CASQ1	0	+	11311
chr1	156669398	156675608	CRABP2	0	-	6210
chr1	179068465	179198819	ABL2	0	-	130354
chr1	180601158	180859415	XPR1	0	+	258257
chr1	182567758	182573524	RGS16	0	-	5766
chr1	179851177	179889212	TOR1AIP1	0	+	38035
chr1	179712426	179785333	FAM163A	0	+	72907
chr1	185703523	186160081	HMCN1	0	+	456558
chr1	183605220	183897666	RGL1	0	+	292446
chr1	219347211	219386207	LYPLAL1	0	+	38996
chr1	197881032	197904608	LHX9	0	+	23576
chr1	150980896	151008189	PRUNE1	0	+	27293
chr1	151778547	151804321	RORC	0	-	25774
chr1	151512781	151556059	TUFT1	0	+	43278
chr1	149895209	149899695	SF3B4	0	-	4486
chr1	150480538	150486265	ECM1	0	+	5727
chr1	150459890	150480078	TARS2	0	+	20188
chr1	151482986	151511168	CGN	0	+	28182
chr1	151584482	151671567	SNX27	0	+	87085
chr1	150898739	150937220	SETDB1	0	+	38481
chr1	150533371	150552214	MCL1	0	-	18843
chr1	150767356	150782053	CTSK	0	-	14697
chr1	151313116	151319802	RFX5	0	-	6686
chr1	151264273	151300191	PI4KB	0	-	35918
chr1	151170425	151222012	PIP5K1A	0	+	51587
chr1	150190717	150208504	ANP32E	0	-	17787
chr1	150969025	150980852	MINDY1	0	-	11827
chr1	150954725	150968110	ANXA9	0	+	13385
chr1	151336780	151345183	SELENBP1	0	-	8403
chr1	150573327	150602088	ENSA	0	-	28761
chr1	151104161	151119107	SEMA6C	0	-	14946
chr1	150782189	150849184	ARNT	0	-	66995
chr1	151375200	151431970	POGZ	0	-	56770
chr1	150670536	150693371	HORMAD1	0	-	22835
chr1	150618706	150669630	GOLPH3L	0	-	50924
chr1	151043054	151098018	GABPB2	0	+	54964
chr1	206808881	206857764	DYRK3	0	+	48883
chr1	212113741	212208899	INTS7	0	-	95158
chr1	213123862	213165379	VASH2	0	+	41517
chr1	222731244	222763275	TAF1A	0	-	32031
chr1	214454445	214510474	SMYD2	0	+	56029
chr1	223394161	223537575	SUSD4	0	-	143414
chr1	221874766	221915431	DUSP10	0	-	40665
chr1	222695600	222721446	HHIPL2	0	-	25846
chr1	223967595	224033656	TP53BP2	0	-	66061
chr1	154298001	154323780	ATP8B2	0	+	25779
chr1	153954093	153958834	RAB13	0	-	4741
chr1	153362508	153363549	S100A8	0	-	1041
chr1	154127780	154167124	TPM3	0	-	39344
chr1	153965161	154127592	NUP210L	0	-	162431
chr1	153430220	153433127	S100A7	0	-	2907
chr1	154192655	154243986	UBAP2L	0	+	51331
chr1	154244831	154248351	HAX1	0	+	3520
chr1	154669931	154842757	KCNN3	0	-	172826
chr1	153761506	153895836	GATAD2B	0	-	134330
chr1	153634264	153643504	ILF2	0	-	9240
chr1	155867599	155881195	RIT1	0	-	13596
chr1	153700526	153747284	INTS3	0	+	46758
chr1	152274641	152297715	FLG	0	-	23074
chr1	229566112	229569851	ACTA1	0	-	3739
chr1	231359509	231376933	C1orf131	0	-	17424
chr1	230193737	230417868	GALNT2	0	+	224131
chr1	231041989	231114621	TTC13	0	-	72632
chr1	246887711	246931439	SCCPDH	0	+	43728
chr1	235824341	236047024	LYST	0	-	222683
chr1	233463470	233520894	MAP3K21	0	+	57424
chr1	243287730	243418650	CEP170	0	-	130920
chr1	227915901	227969527	SNAP47	0	+	53626
chr1	225965515	225978170	SRP9	0	+	12655
chr1	224415036	224517891	NVL	0	-	102855
chr1	226170403	226187044	SDE2	0	-	16641
chr1	224363458	224381143	DEGS1	0	+	17685
chr1	224301813	224349749	FBXO28	0	+	47936
chr1	228270409	228286913	ARF1	0	+	16504
chr1	226124298	226129083	LEFTY2	0	-	4785
chr1	224544560	224567161	CNIH4	0	+	22601
chr1	226819391	226927024	ITPKB	0	-	107633
chr1	228327663	228336685	GUK1	0	+	9022
chr1	227177566	227506193	CDC42BPA	0	-	328627
chr1	224622362	224928256	CNIH3	0	+	305894
chr1	228288427	228293112	C1orf35	0	-	4685
chr2	8992820	9143838	MBOAT2	0	-	151018
chr1	226547911	226595855	PARP1	0	-	47944
chr1	225589204	225616627	LBR	0	-	27423
chr1	228106357	228135633	WNT9A	0	-	29276
chr1	204123947	204159452	REN	0	-	35505
chr1	204042243	204096871	SOX13	0	+	54628
chr1	204100190	204121172	ETNK2	0	-	20982
chr1	202995619	203047868	PPFIA4	0	+	52249
chr1	204187981	204346793	PLEKHA6	0	-	158812
chr1	202116141	202130716	PTPN7	0	-	14575
chr1	202102532	202113871	ARL8A	0	-	11339
chr2	19551246	19558384	OSR1	0	-	7138
chr2	20646835	20649201	RHOB	0	+	2366
chr2	10861226	10925236	ATP6V1C2	0	+	64010
chr2	38789111	38830728	HNRNPLL	0	-	41617
chr2	38893223	38968379	GALM	0	+	75156
chr2	44589086	44999731	CAMKMT	0	+	410645
chr2	44059081	44110127	ABCG8	0	+	51046
chr2	42396493	42559688	EML4	0	+	163195
chr2	47387223	47404060	CALM2	0	-	16837
chr2	63346694	64054977	WDPCP	0	-	708283
chr2	64119280	64246562	VPS54	0	-	127282
chr2	25956622	26101356	ASXL2	0	-	144734
chr2	67624454	67639221	ETAA1	0	+	14767
chr2	70508494	70520872	SNRPG	0	-	12378
chr2	27346657	27353680	ABHD1	0	+	7023
chr2	66660584	66801001	MEIS1	0	+	140417
chr2	96257749	96265526	TRIM43	0	+	7777
chr2	96931897	96939911	CIAO1	0	+	8014
chr2	96940076	96987009	SNRNP200	0	-	46933
chr2	71205510	71212629	ANKRD53	0	+	7119
chr2	73956231	73964527	TPRKB	0	-	8296
chr2	73867850	73869549	NAT8	0	-	1699
chr2	72403113	73053170	EXOC6B	0	-	650057
chr2	73169165	73302747	SFXN5	0	-	133582
chr2	71213072	71222003	TEX261	0	-	8931
chr2	74745258	74753408	DQX1	0	-	8150
chr2	73988909	74007259	DUSP11	0	-	18350
chr2	107418056	107503564	ST6GAL2	0	-	85508
chr2	110879888	110962643	NPHP1	0	-	82755
chr2	110841447	110873599	MALL	0	-	32152
chr2	88469814	88486155	THNSL2	0	+	16341
chr2	120997640	121052286	RALB	0	+	54646
chr2	119913819	119916327	C1QL2	0	-	2508
chr2	120436743	120444083	TMEM177	0	+	7340
chr2	114384806	114400973	RABL2A	0	+	16167
chr2	113403516	113421402	SLC20A1	0	+	17886
chr2	112895962	112945795	FBLN7	0	+	49833
chr2	112969106	113012713	ZC3H8	0	-	43607
chr2	98962651	99015064	CNGA3	0	+	52413
chr2	97749320	97760619	FAHD2B	0	-	11299
chr2	100161881	100808890	AFF3	0	-	647009
chr2	136499304	136542626	UBXN4	0	+	43322
chr2	139426727	139537960	NXPH2	0	-	111233
chr2	139259340	139331117	SPOPL	0	+	71777
chr2	137523115	138435288	THSD7B	0	+	912173
chr2	128601127	128615729	POLR2D	0	-	14602
chr2	128619204	128643541	AMMECR1L	0	-	24337
chr2	154728435	155310491	GALNT13	0	+	582056
chr2	159313464	159539391	PKP4	0	+	225927
chr2	166841151	167005724	SCN1A	0	-	164573
chr2	162280843	162841792	SLC4A10	0	+	560949
chr2	175260458	175294303	SCRN3	0	+	33845
chr2	176788610	176867567	LNPK	0	-	78957
chr2	180306709	180726339	ZNF385B	0	-	419630
chr2	174219548	174233725	CDCA7	0	+	14177
chr2	172949468	172954405	DLX1	0	+	4937
chr2	170683964	170940641	UBR3	0	+	256677
chr2	189156396	189460658	GULP1	0	+	304262
chr2	187558787	187630686	FAM171B	0	+	71899
chr2	197504278	197628214	CCDC150	0	+	123936
chr2	210636556	210864024	UNC80	0	+	227468
chr2	209224438	209719227	PTH2R	0	+	494789
chr2	207804242	207834198	CPO	0	+	29956
chr2	203879331	204091101	NBEAL1	0	+	211770
chr2	210886145	211036133	KANSL1L	0	-	149988
chr2	214149113	215275225	SPAG16	0	+	1126112
chr2	215796266	216003349	ABCA12	0	-	207083
chr3	3742498	4508957	SUMF1	0	-	766459
chr2	227700297	227863931	RHBDD1	0	+	163634
chr2	237476430	237490997	ACKR3	0	+	14567
chr2	234826018	234928166	TRPM8	0	+	102148
chr2	239146908	239149303	HES6	0	-	2395
chr2	239008981	239041928	ESPNL	0	+	32947
chr2	241418839	241508626	ANKMY1	0	-	89787
chr2	232825955	233209060	DIS3L2	0	+	383105
chr3	9745510	9771592	CPNE9	0	+	26082
chr3	10068054	10143616	FANCD2	0	+	75562
chr3	11831916	11888393	TAMM41	0	-	56477
chr3	19988589	20026667	RAB5A	0	+	38078
chr2	220040947	220050197	RETREG2	0	+	9250
chr2	219262979	219270664	CTDSP1	0	+	7685
chr2	219433303	219461803	CNOT9	0	+	28500
chr2	217122588	217237206	MARCHF4	0	-	114618
chr2	220462579	220481173	STK11IP	0	+	18594
chr2	220363587	220378620	GMPPA	0	+	15033
chr3	2140497	3099643	CNTN4	0	+	959146
chr3	32567466	32612350	DYNC1LI1	0	-	44884
chr3	28616282	30051882	RBMS3	0	+	1435600
chr3	30767689	30936153	GADL1	0	-	168464
chr3	31699404	32119072	OSBPL10	0	-	419668
chr3	43120721	43147577	POMGNT2	0	-	26856
chr3	39183346	39196053	CSRNP1	0	-	12707
chr3	39424861	39438842	SLC25A38	0	+	13981
chr3	37493606	37864998	ITGA9	0	+	371392
chr3	38323785	38360066	SLC22A14	0	+	36281
chr3	37284682	37408370	GOLGA4	0	+	123688
chr3	37903371	38025960	CTDSPL	0	+	122589
chr3	36421995	36589499	STAC	0	+	167504
chr3	12938542	13324781	IQSEC1	0	-	386239
chr3	61547243	62283284	PTPRG	0	+	736041
chr3	57124010	57204334	IL17RD	0	-	80324
chr3	72798428	72911065	SHQ1	0	-	112637
chr3	66119285	66438540	SLC25A26	0	+	319255
chr3	69103881	69129559	UBA3	0	-	25678
chr3	69134088	69155243	ARL6IP5	0	+	21155
chr3	69068978	69101490	TMF1	0	-	32512
chr12	56679700	56709843	ENSG00000144785	0	-	30143
chr3	45596886	45727833	LIMD1	0	+	130947
chr3	99357319	99518070	COL8A1	0	+	160751
chr3	101498046	101547075	NXPE3	0	+	49029
chr3	100328445	100414323	ADGRG7	0	+	85878
chr3	108099215	108248169	MYH15	0	-	148954
chr3	111451344	111695364	PHLDB2	0	+	244020
chr3	111697857	111712215	ABHD10	0	+	14358
chr3	111717586	111732734	TAGLN3	0	+	15148
chr3	119316722	119348658	PLA1A	0	+	31936
chr3	120403785	120461840	RABL3	0	-	58055
chr3	119298115	119308792	ADPRH	0	+	10677
chr3	118619404	118864915	IGSF11	0	-	245511
chr3	112251357	112280893	ATG3	0	-	29536
chr3	132757235	133116619	TMEM108	0	+	359384
chr3	148415571	148460795	AGTR1	0	+	45224
chr3	150803073	151154860	MED12L	0	+	351787
chr3	125822405	125916837	ALDH1L1	0	-	94432
chr3	125247702	125314341	OSBPL11	0	-	66639
chr3	142442876	142526730	TRPC1	0	+	83854
chr3	172348039	172429008	NCEH1	0	-	80969
chr3	172607147	172859025	SPATA16	0	-	251878
chr8	12281920	12293915	FAM86B2	0	-	11995
chr3	187871072	188608460	LPP	0	+	737388
chr3	194308402	194354418	TMEM44	0	-	46016
chr3	197395738	197476598	RUBCN	0	-	80860
chr3	51433298	51534031	DCAF1	0	-	100733
chr3	51422722	51426828	MANF	0	+	4106
chr3	120626919	121143608	STXBP5L	0	+	516689
chr3	121554030	121605373	EAF2	0	+	51343
chr3	121706170	121741094	ILDR1	0	-	34924
chr3	196046213	196065374	TM4SF19	0	-	19161
chr3	195473636	195538844	MUC4	0	-	65208
chr4	20253528	20622184	SLIT2	0	+	368656
chr3	183852826	183863915	EIF2B5	0	+	11089
chr3	183947373	183960117	VWA5B2	0	+	12744
chr4	952675	980683	DGKQ	0	-	28008
chr4	4269428	4291881	LYAR	0	-	22453
chr4	68334480	68411221	CENPC	0	-	76741
chr4	66185281	66536213	EPHA5	0	-	350932
chr4	47596016	47840123	CORIN	0	-	244107
chr4	47487292	47595503	ATP10D	0	+	108211
chr4	48887036	48908954	OCIAD2	0	-	21918
chr4	48485360	48491543	SLC10A4	0	+	6183
chr4	87744621	87770537	SLC10A6	0	-	25916
chr4	83550692	83719949	SCD5	0	-	169257
chr4	84011201	84058228	PLAC8	0	-	47027
chr4	83351743	83382330	ENOPH1	0	+	30587
chr4	100467866	100485196	TRMT10A	0	-	17330
chr4	88081255	88161466	KLHL8	0	-	80211
chr4	90621496	90759466	SNCA	0	-	137970
chr4	89442149	89444927	PYURF	0	-	2778
chr4	106962756	107237840	TBCK	0	-	275084
chr4	114339210	114683083	CAMK2D	0	-	343873
chr4	101107027	101111939	DDIT4L	0	-	4912
chr4	113739188	114305377	ANK2	0	+	566189
chr4	123844225	124240588	SPATA5	0	+	396363
chr4	119606547	119636588	METTL14	0	+	30041
chr4	120133742	120216673	USP53	0	+	82931
chr4	140417095	140527853	SETD7	0	-	110758
chr4	164031225	164088042	NAF1	0	-	56817
chr4	164445450	165305202	MARCHF1	0	-	859752
chr4	154701743	154710235	SFRP2	0	-	8492
chr4	154631312	154681176	RNF175	0	-	49864
chr4	157681606	157892951	PDGFC	0	-	211345
chr4	175558071	175750398	GLRA3	0	-	192327
chr5	10441636	10472141	ROPN1L	0	+	30505
chr5	1801521	1816162	NDUFS6	0	+	14641
chr5	10353807	10440500	MARCHF6	0	+	86693
chr5	1008917	1039058	NKD2	0	+	30141
chr5	19471405	20575982	CDH18	0	-	1104577
chr5	5140443	5320417	ADAMTS16	0	+	179974
chr5	6633540	6674499	SRD5A1	0	+	40959
chr5	16662016	16936397	MYO10	0	-	274381
chr5	14581901	14616289	OTULINL	0	+	34388
chr5	40825364	40835324	RPL37	0	-	9960
chr5	57749809	57755966	PLK2	0	-	6157
chr5	54398474	54406080	GZMA	0	+	7606
chr5	67511568	67597649	PIK3R1	0	+	86081
chr5	82933624	83016674	HAPLN1	0	-	83050
chr5	77781038	78065844	LHFPL2	0	-	284806
chr5	80708623	81047616	SSBP2	0	-	338993
chr5	74364100	74532736	ANKRD31	0	-	168636
chr5	75699110	76003957	IQGAP2	0	+	304847
chr5	76248870	76276983	CRHBP	0	+	28113
chr5	86563700	86687748	RASA1	0	+	124048
chr5	102421704	102455842	GIN1	0	-	34138
chr5	102455853	102548500	PPIP5K2	0	+	92647
chr5	102089685	102365434	PAM	0	+	275749
chr5	70751478	70863647	BDP1	0	+	112169
chr5	70330843	70363516	GTF2H2	0	-	32673
chr5	68389818	68426896	SLC30A5	0	+	37078
chr5	72794233	72801492	BTF3	0	+	7259
chr5	107194736	107717799	FBXL17	0	-	523063
chr5	94987885	95034415	SPATA9	0	-	46530
chr5	110405760	110413724	TSLP	0	+	7964
chr5	118604387	118735383	TNFAIP8	0	+	130996
chr5	114856605	114880472	FEM1C	0	-	23867
chr5	115420713	115748459	COMMD10	0	+	327746
chr5	126626488	126801429	MEGF10	0	+	174941
chr5	128795974	129074376	ADAMTS19	0	+	278402
chr5	143537726	143550278	YIPF5	0	-	12552
chr5	142149942	142608576	ARHGAP26	0	+	458634
chr5	134812603	135225459	SLC25A48	0	+	412856
chr5	134094461	134190823	DDX46	0	+	96362
chr5	156346303	156390237	TIMD4	0	-	43934
chr5	158584417	158637061	RNF145	0	-	52644
chr5	159774761	159797648	C1QTNF2	0	-	22887
chr5	160715436	160976050	GABRB2	0	-	260614
chr5	147763498	147822399	FBXO38	0	+	58901
chr5	148737600	148749216	PCYOX1L	0	+	11616
chr5	150409506	150473138	TNIP1	0	-	63632
chr5	151150606	151192472	G3BP1	0	+	41866
chr5	177540533	177553082	N4BP3	0	+	12549
chr5	177557997	177577569	RMND5B	0	+	19572
chr5	173034148	173043662	BOD1	0	-	9514
chr5	166406034	167691162	TENM2	0	+	1285128
chr6	3849607	3851554	FAM50B	0	+	1947
chr6	2663863	2770564	MYLK4	0	-	106701
chr6	5261277	5829425	FARS2	0	+	568148
chr6	13358062	13487894	GFOD1	0	-	129832
chr6	20534688	21232635	CDKAL1	0	+	697947
chr5	139175393	139224051	PSD2	0	+	48658
chr5	140078265	140086271	ZMAT2	0	+	8006
chr5	137588069	137610310	GFRA3	0	-	22241
chr5	136953189	137071778	KLHL3	0	-	118589
chr6	24171983	24358287	DCDC2	0	-	186304
chr5	180620924	180632293	TRIM7	0	-	11369
chr5	180649499	180662808	TRIM41	0	+	13309
chr5	176946790	176981587	FAM193B	0	-	34797
chr6	46671938	46703430	PLA2G7	0	-	31492
chr6	47199268	47277641	TNFRSF21	0	-	78373
chr5	175953713	175965026	RNF44	0	-	11313
chr6	49398073	49430966	MMUT	0	-	32893
chr5	179527795	179636211	RASGEF1C	0	-	108416
chr5	176928905	176938275	DOK3	0	-	9370
chr6	26597181	26600967	ABT1	0	+	3786
chr6	30644166	30655672	PPP1R18	0	-	11506
chr6	39760074	39872653	DAAM2	0	+	112579
chr6	57179603	57513376	PRIM2	0	+	333773
chr6	53794780	54131078	MLIP	0	+	336298
chr6	55299171	55443995	HMGCLL1	0	-	144824
chr6	63985856	64029888	LGSN	0	-	44032
chr6	36973422	36996845	FGD2	0	+	23423
chr6	35181733	35220856	SCUBE3	0	+	39123
chr2	242127924	242165391	ANO7	0	+	37467
chr6	43211219	43255996	TTBK1	0	+	44777
chr6	42847354	42857663	RPL7L1	0	+	10309
chr6	44225903	44233525	NFKBIE	0	-	7622
chr6	46517317	46620567	CYP39A1	0	-	103250
chr6	83072923	83077137	TPBG	0	+	4214
chr6	79644136	79788004	PHIP	0	-	143868
chr6	84222253	84235423	PRSS35	0	+	13170
chr6	97590037	97731093	MMS22L	0	-	141056
chr6	99719044	99797938	FAXC	0	-	78894
chr6	89790470	89794879	PNRC1	0	+	4409
chr6	89855774	89875284	PM20D2	0	+	19510
chr6	88223177	88299746	RARS2	0	-	76569
chr6	108023358	108145521	SCML4	0	-	122163
chr6	121400640	121655891	TBC1D32	0	-	255251
chr6	110299459	110301923	GPR6	0	+	2464
chr6	125283583	125413779	RNF217	0	+	130196
chr6	127439816	127520626	RSPO3	0	+	80810
chr6	129897277	130031322	ARHGAP18	0	-	134045
chr6	139349882	139364439	ABRACL	0	+	14557
chr6	133090509	133134478	SLC18B1	0	-	43969
chr6	136552162	136571473	MTFR2	0	-	19311
chr6	134308719	134373762	SLC2A12	0	-	65043
chr6	146185381	146285559	SHPRH	0	-	100178
chr6	143381633	143662195	AIG1	0	+	280562
chr6	159057506	159065775	DYNLT1	0	-	8269
chr6	155153831	155578857	TIAM2	0	+	425026
chr6	158957468	159056461	TMEM181	0	+	98993
chr6	160221281	160241736	PNLDC1	0	+	20455
chr6	153071932	153080900	VIP	0	+	8968
chr6	151773393	151791236	ARMT1	0	+	17843
chr6	160769410	160873609	SLC22A3	0	+	104199
chr7	12370511	12443567	VWDE	0	-	73056
chr7	2767739	2883942	GNA12	0	-	116203
chr7	1036622	1177896	C7orf50	0	-	141274
chr7	3340884	4308632	SDK1	0	+	967748
chr7	6629652	6648357	INTS15	0	+	18705
chr7	28338940	28865511	CREB5	0	+	526571
chr7	55086710	55279321	EGFR	0	+	192611
chr11	64833772	64851636	CDCA5	0	-	17864
chr7	45951844	45961473	IGFBP3	0	-	9629
chr7	44915898	44925129	PURB	0	-	9231
chr7	45927959	45933259	IGFBP1	0	+	5300
chr7	75677369	75696826	MDH2	0	+	19457
chr7	76239303	76256596	POMZP3	0	-	17293
chr7	56119378	56131682	CCT6A	0	+	12304
chr7	56078744	56119297	PSPH	0	-	40553
chr7	72726532	72742085	TRIM50	0	-	15553
chr7	64838712	64866049	ZNF92	0	+	27337
chr7	105245219	105517045	ATXN7L1	0	-	271826
chr7	112402432	112430478	TMEM168	0	-	28046
chr7	100424442	100464632	SLC12A9	0	+	40190
chr7	100277130	100291873	GIGYF1	0	-	14743
chr7	99474581	99517154	TRIM4	0	-	42573
chr7	100331218	100395419	ZAN	0	+	64201
chr7	129804553	129847610	TMEM209	0	-	43057
chr7	134671259	134832715	AGBL3	0	+	161456
chr7	134916731	134943415	STRA8	0	+	26684
chr7	138710452	138720788	ZC3HAV1L	0	-	10336
chr7	134832824	134850967	TMEM140	0	+	18143
chr17	60536019	60692842	TLK2	0	+	156823
chr7	143087382	143105949	EPHA1	0	-	18567
chr7	156742406	156765870	NOM1	0	+	23464
chr7	158423861	158497495	NCAPG2	0	-	73634
chrX	5758678	6146908	NLGN4X	0	-	388230
chrX	9754469	9917483	SHROOM2	0	+	163014
chr7	139025105	139108203	LUC7L2	0	+	83098
chr7	140218220	140373793	DENND2A	0	-	155573
chrX	19552095	19905718	SH3KBP1	0	-	353623
chrX	34645192	34675402	TMEM47	0	-	30210
chrX	41374187	41782807	CASK	0	-	408620
chrX	44732434	44972024	KDM6A	0	+	239590
chrX	57160963	57163956	SPIN2A	0	-	2993
chrX	64808257	64961793	MSN	0	+	153536
chrX	49967364	50094913	CCNB3	0	+	127549
chrX	73641328	73753752	SLC16A2	0	+	112424
chrX	45007618	45060146	DIPK2B	0	-	52528
chrX	47229977	47273897	ZNF157	0	+	43920
chrX	46433200	46457931	CHST7	0	+	24731
chrX	46306727	46356857	KRBOX4	0	+	50130
chrX	47304577	47342621	ZNF41	0	-	38044
chrX	69501943	69504852	RAB41	0	+	2909
chrX	70586072	70752224	TAF1	0	+	166152
chrX	78400185	78430815	GPR174	0	+	30630
chrX	70474664	70521372	NONO	0	+	46708
chrX	48911101	48927509	CCDC120	0	+	16408
chrX	78003206	78014211	LPAR4	0	+	11005
chrX	69260392	69269788	AWAT2	0	-	9396
chrX	70752937	70795742	OGT	0	+	42805
chrX	70276182	70293276	SNX12	0	-	17094
chrX	70521600	70525221	ITGB1BP2	0	+	3621
chrX	70798287	70833433	GCNA	0	+	35146
chrX	84498997	84528368	ZNF711	0	+	29371
chrX	95939711	96859996	DIAPH2	0	+	920285
chrX	102330738	102348071	NXF3	0	-	17333
chrX	106871658	106895223	PRPS1	0	+	23565
chrX	105855160	105922669	RADX	0	+	67509
chrX	106692882	106848485	FRMPD3	0	+	155603
chrX	113818551	114144624	HTR2C	0	+	326073
chrX	117629778	117820126	DOCK11	0	+	190348
chrX	130407480	130712873	IGSF1	0	-	305393
chrX	130192320	130223859	ARHGAP36	0	+	31539
chrX	132669773	133121127	GPC3	0	-	451354
chrX	135930163	135962923	RBMX	0	-	32760
chr8	6264113	6506029	MCPH1	0	+	241916
chr8	8640864	8751140	MFHAS1	0	-	110276
chr8	356428	427967	FBXO25	0	+	71539
chrX	150884507	150891666	FATE1	0	+	7159
chrX	151080967	151093643	MAGEA4	0	+	12676
chrX	151999511	152038273	NSDHL	0	+	38762
chrX	152066611	152142025	ZNF185	0	+	75414
chrX	151995538	151999301	CETN2	0	-	3763
chrX	153618315	153637504	RPL10	0	+	19189
chr8	19261672	19615540	CSGALNACT1	0	-	353868
chr8	20054892	20084330	ATP6V1B2	0	+	29438
chr8	28747912	28922281	HMBOX1	0	+	174369
chr8	42607763	42651535	CHRNA6	0	-	43772
chr8	25276774	25282170	GNRH1	0	-	5396
chr8	22477931	22526661	BIN3	0	-	48730
chr8	21766384	21771201	DOK2	0	-	4817
chr8	23386469	23432976	SLC25A37	0	+	46507
chr8	23101150	23119513	CHMP7	0	+	18363
chr8	25042204	25275598	DOCK5	0	+	233394
chr8	37620113	37637286	PLPBP	0	+	17173
chr8	37594119	37615940	ERLIN2	0	+	21821
chr8	52232137	52722005	PXDNL	0	-	489868
chr8	54764355	54871863	RGS20	0	+	107508
chr8	38585704	38710546	TACC1	0	+	124842
chr8	41345719	41368614	GOLGA7	0	+	22895
chr8	41386737	41402549	GINS4	0	+	15812
chr8	38127222	38239790	NSD3	0	-	112568
chr8	66933788	67013480	DNAJC5B	0	+	79692
chr8	67039131	67087720	TRIM55	0	+	48589
chr8	71547553	71581420	LACTB2	0	-	33867
chr8	73921091	73960358	TERF1	0	+	39267
chr8	92221722	92410383	SLC26A7	0	+	188661
chr8	86999552	87166454	ATP6V0D2	0	+	166902
chr8	110586207	110704020	SYBU	0	-	117813
chr8	105342552	105479283	DPYS	0	-	136731
chr8	98656412	98742488	MTDH	0	+	86076
chr8	105501459	105601486	LRP12	0	-	100027
chr8	110551940	110582301	EBAG9	0	+	30361
chr8	101162851	101166231	POLR2K	0	+	3380
chr8	120177273	120257913	MAL2	0	+	80640
chr8	117654369	117779164	EIF3H	0	-	124795
chr8	125500726	125551699	TATDN1	0	-	50973
chr8	124191200	124222319	FAM83A	0	+	31119
chr8	130760442	130798870	GSDMC	0	-	38428
chr8	146052903	146072894	ZNF7	0	+	19991
chr8	145754563	145911231	ARHGAP39	0	-	156668
chr8	145635126	145642228	SLC39A4	0	-	7102
chr8	144656955	144660819	NAPRT	0	-	3864
chr9	2621182	2660056	VLDLR	0	+	38874
chr9	4709556	4742043	AK3	0	-	32487
chr9	6413151	6507054	UHRF2	0	+	93903
chr9	14081842	14398982	NFIB	0	-	317140
chr9	19108373	19149288	PLIN2	0	-	40915
chr9	19053139	19102902	HAUS6	0	-	49763
chr9	22002902	22009304	CDKN2B	0	-	6402
chr9	21967751	21995300	CDKN2A	0	-	27549
chr9	27535638	27573864	C9orf72	0	-	38226
chr9	37120571	37358146	ZCCHC7	0	+	237575
chr9	34634719	34637841	SIGMAR1	0	-	3122
chr9	70432004	70497240	KNOWN	0	-	65236
chr9	80850978	80894606	CEP78	0	+	43628
chr9	87283290	87710666	NTRK2	0	+	427376
chr9	86237964	86259045	IDNK	0	+	21081
chr9	91620686	91793733	SHC3	0	-	173047
chr9	93976097	94124200	AUH	0	-	148103
chr9	97136851	97223324	MFSD14B	0	+	86473
chr9	97488981	97849441	AOPEP	0	+	360460
chr9	103791009	104087417	PLPPR1	0	+	296408
chr9	109625447	109775915	ZNF462	0	+	150468
chr9	115446206	115480429	INIP	0	-	34223
chr9	114659094	114697649	UGCG	0	+	38555
chr9	115513040	115643951	SNX30	0	+	130911
chr9	124101265	124132582	STOM	0	-	31317
chr9	123970072	124095121	GSN	0	+	125049
chr9	125026882	125093616	MRRF	0	+	66734
chr9	127279554	127533590	NR6A1	0	-	254036
chr9	116148592	116163570	ALAD	0	-	14978
chr9	119185391	120177348	ASTN2	0	-	991957
chr9	116075502	116102578	WDR31	0	-	27076
chr9	136228326	136243037	SURF4	0	-	14711
chr9	136218613	136223552	SURF1	0	-	4939
chr9	136195612	136203025	SURF6	0	-	7413
chr9	136205149	136214986	MED22	0	-	9837
chr9	136215073	136218281	RPL7A	0	+	3208
chr9	135906062	135933890	GTF3C5	0	+	27828
chr9	130882972	130890741	PTGES2	0	-	7769
chr9	132371163	132398414	NTMT1	0	+	27251
chr9	130830480	130871524	SLC25A25	0	+	41044
chr9	131798900	131834361	MIGA2	0	+	35461
chr9	132500610	132515321	PTGES	0	-	14711
chr9	130911350	130915732	LCN2	0	+	4382
chr9	130213768	130265778	LRSAM1	0	+	52010
chr9	133046882	133309510	KNOWN	0	+	262628
chr9	132815705	132902448	GPR107	0	+	86743
chr9	139886874	139888436	PAXX	0	+	1562
chr9	139323071	139334297	INPP5E	0	-	11226
chr9	139334548	139378211	SEC16A	0	-	43663
chr9	140448896	140473377	DPH7	0	-	24481
chr9	139388885	139440500	NOTCH1	0	-	51615
chr9	140772234	141019076	CACNA1B	0	+	246842
chr9	138898383	138987135	NACC2	0	-	88752
chr10	11865338	11914276	PROSER2	0	+	48938
chr10	11502509	11653665	USP6NL	0	-	151156
chr10	23384508	23410942	MSRB2	0	+	26434
chr10	15253642	15413288	FAM171A1	0	-	159646
chr10	15820169	15902506	MINDY3	0	-	82337
chr10	18240768	18332221	SLC39A12	0	+	91453
chr10	16632610	16859462	RSU1	0	-	226852
chr10	17357420	17496594	ST8SIA6	0	-	139174
chr10	34398488	35104253	PARD3	0	-	705765
chr10	37414526	37521495	ANKRD30A	0	+	106969
chr10	31607424	31818742	ZEB1	0	+	211318
chr10	61005890	61122939	FAM13C	0	-	117049
chr10	64893007	64914791	NRBF2	0	+	21784
chr10	85954293	85979377	CDHR1	0	+	25084
chr10	85990422	86019716	RGR	0	+	29294
chr10	79712906	79789280	POLR3A	0	-	76374
chr10	69681656	69835058	HERC4	0	-	153402
chr10	77191382	78319926	LRMDA	0	+	1128544
chr10	75572259	75634349	CAMK2G	0	-	62090
chr10	92671853	92680844	ANKRD1	0	-	8991
chr10	92500580	92617796	HTR7	0	-	117216
chr10	92631709	92668310	RPP30	0	+	36601
chr10	95427640	95462349	FRA10AC1	0	-	34709
chr10	111756126	111895323	ADD3	0	+	139197
chr10	118888032	118897812	VAX1	0	-	9780
chr10	74092588	74114907	DNAJB12	0	-	22319
chr10	72163901	72188374	EIF4EBP2	0	+	24473
chr10	72007085	72043760	NPFFR1	0	-	36675
chr10	115511021	115543188	PLEKHS1	0	+	32167
chr10	114710006	114927437	TCF7L2	0	+	217431
chr10	129894923	129924687	MKI67	0	-	29764
chr10	135168662	135171529	FUOM	0	-	2867
chr10	134145658	134195012	LRRC27	0	+	49354
chr10	105995114	106027217	GSTO1	0	+	32103
chr10	105127723	105148822	TAF5	0	+	21099
chr10	103892751	103910090	PPRC1	0	+	17339
chr10	106069456	106098223	ITPRIP	0	-	28767
chr10	105156383	105206051	PDCD11	0	+	49668
chr10	127700950	128077046	ADAM12	0	-	376096
chr10	121259329	121302231	RGS10	0	-	42902
chr11	13409555	13484844	BTBD10	0	-	75289
chr11	10326620	10328944	ADM	0	+	2324
chr11	22647055	22834547	GAS2	0	+	187492
chr11	27515965	27528316	LIN7C	0	-	12351
chr11	40135753	41481323	LRRC4C	0	-	1345570
chr11	31453948	31531192	IMMP1L	0	-	77244
chr11	62172575	62190667	SCGB1A1	0	+	18092
chr11	1849537	1858751	SYT8	0	+	9214
chr11	6947635	7022235	ZNF215	0	+	74600
chr11	43702230	43878167	HSD17B12	0	+	175937
chr11	35453370	35551848	PAMR1	0	-	98478
chr11	46354455	46402104	DGKZ	0	+	47649
chr11	57067112	57092426	TNKS1BP1	0	-	25314
chr11	58407899	58499447	GLYAT	0	-	91548
chr11	57364860	57386644	SERPING1	0	+	21784
chr11	57093460	57103366	SSRP1	0	-	9906
chr11	57252007	57283253	SLC43A1	0	-	31246
chr11	48001977	48192391	PTPRJ	0	+	190414
chr11	46958240	47185936	CSTPP1	0	+	227696
chr11	47487485	47587121	CELF1	0	-	99636
chr11	86013253	86056985	HIKESHI	0	+	43732
chr11	86085778	86134151	CCDC81	0	+	48373
chr11	94898677	94965705	SESN3	0	-	67028
chr11	94823010	94865809	ENDOD1	0	+	42799
chr11	96082405	96123120	CCDC82	0	-	40715
chr11	75133438	75144248	KLHL35	0	-	10810
chr11	78363874	79152074	TENM4	0	-	788200
chr11	75273101	75283828	SERPINH1	0	+	10727
chr11	76778008	76837201	CAPN5	0	+	59193
chr11	77585464	77705761	INTS4	0	-	120297
chr11	77033062	77185680	PAK1	0	-	152618
chr11	75110559	75133324	RPS3	0	+	22765
chr11	113185301	113254266	TTC12	0	+	68965
chr11	112831969	113149158	NCAM1	0	+	317189
chr11	113280327	113346413	DRD2	0	-	66086
chr11	113775518	113819801	HTR3B	0	+	44283
chr11	108027942	108093365	NPAT	0	-	65423
chr11	134201768	134248235	GLB1L2	0	+	46467
chr20	10415953	10617477	SLX4IP	0	+	201524
chr11	71796941	71814343	LAMTOR1	0	-	17402
chr11	120382455	120859615	GRIK4	0	+	477160
chr11	130029677	130080257	ST14	0	+	50580
chr11	118914899	118927938	HYOU1	0	-	13039
chr20	23965687	23969416	GGTLC1	0	-	3729
chr20	3648612	3662893	ADAM33	0	-	14281
chr20	18117872	18169031	KAT14	0	+	51159
chr11	62360686	62369337	MTA2	0	-	8651
chr11	61129436	61145362	TMEM138	0	+	15926
chr20	2517219	2624226	TMC2	0	+	107007
chr11	62369690	62380247	EML3	0	-	10557
chr11	61891470	61920641	INCENP	0	+	29171
chr11	60635015	60643166	ZP1	0	+	8151
chr1	2357419	2436971	PLCH2	0	+	79552
chr11	59855734	59865940	MS4A2	0	+	10206
chr11	62382768	62389626	B3GAT3	0	-	6858
chr11	124824017	124911385	CCDC15	0	+	87368
chr11	125495058	125546150	CHEK1	0	+	51092
chr11	125312777	125462463	FEZ1	0	-	149686
chr11	124622479	124632186	ESAM	0	-	9707
chr11	126293253	126873355	KIRREL3	0	-	580102
chr11	118124131	118135251	MPZL2	0	-	11120
chr11	118033521	118047354	SCN2B	0	-	13833
chr11	117049452	117068161	SIDT2	0	+	18709
chr20	42735230	42815828	JPH2	0	-	80598
chr20	36838905	36889174	KIAA1755	0	-	50269
chr20	44515130	44516261	SPATA25	0	-	1131
chr20	35380194	35402221	DSN1	0	-	22027
chr20	35405850	35491941	SOGA1	0	-	86091
chr20	34542486	34618622	CNBD2	0	+	76136
chr20	44802378	44937137	CDH22	0	-	134759
chr20	60697517	60710430	LSM14B	0	+	12913
chr20	61826781	61847491	YTHDF1	0	-	20710
chr20	60963690	60982341	CABLES2	0	-	18651
chr11	69467844	69490184	LTO1	0	-	22340
chr11	63993413	63998158	NUDT22	0	+	4745
chr11	63973398	63991368	FERMT3	0	+	17970
chr11	64019002	64036622	PLCB3	0	+	17620
chr11	64856796	64879334	VPS51	0	+	22538
chr16	30097114	30103245	TBX6	0	-	6131
chr16	30087299	30096697	PPP4C	0	+	9398
chr16	30035748	30064299	TLCD3B	0	-	28551
chr16	30016835	30034591	DOC2A	0	-	17756
chr16	29985189	30003582	TAOK2	0	+	18393
chr16	29952206	29984371	TMEM219	0	+	32165
chr12	66218240	66360071	HMGA2	0	+	141831
chr11	102706532	102714340	MMP3	0	-	7808
chrX	21390919	21672813	CNKSR2	0	+	281894
chr11	98891679	100229616	CNTN5	0	+	1337937
chr12	9980077	9997606	KLRF1	0	+	17529
chr12	10222153	10264226	CLEC1A	0	-	42073
chr10	27961803	28034989	MKX	0	-	73186
chr10	28339922	28623415	MPP7	0	-	283493
chr10	33176201	33294720	ITGB1	0	-	118519
chr10	47157983	47174093	KNOWN	0	-	16110
chr10	43867084	43871783	FXYD4	0	+	4699
chr16	30907935	30914868	CTF1	0	+	6933
chr11	94695785	94706750	CWC15	0	-	10965
chr10	63661443	63856703	ARID5B	0	+	195260
chr13	70274726	70682625	KLHL1	0	-	407899
chr16	61681146	62070939	CDH8	0	-	389793
chr13	114110134	114145266	DCUN1D2	0	-	35132
chr13	114145336	114208905	TMCO3	0	+	63569
chr11	124964285	124981659	TMEM218	0	-	17374
chr11	126152392	126168740	TIRAP	0	+	16348
chr13	21302870	21348100	EEF1AKMT1	0	-	45230
chr13	21547175	21635725	LATS2	0	-	88550
chr13	21714258	21723236	SAP18	0	+	8978
chr4	62066044	62944053	ADGRL3	0	+	878009
chr18	34409069	34812135	KIAA1328	0	+	403066
chr13	51796470	51858375	FAM124A	0	+	61905
chr14	39699435	39857717	MIA2	0	+	158282
chr2	138721590	138773934	HNMT	0	+	52344
chr2	149894621	150071776	LYPD6B	0	+	177155
chr10	112631553	112659764	PDCD4	0	+	28211
chr10	112836787	112840665	ADRA2A	0	+	3878
chr4	176554085	176923815	GPM6A	0	-	369730
chr4	176986992	177103969	WDR17	0	+	116977
chr4	177105730	177116736	SPATA4	0	-	11006
chr4	177604689	177714076	VEGFC	0	-	109387
chr18	66382446	66722426	CCDC102B	0	+	339980
chr18	72201735	72254448	CNDP1	0	+	52713
chr15	39880558	40075042	FSIP1	0	-	194484
chr11	83166055	85338966	DLG2	0	-	2172911
chr1	192127592	192154945	RGS18	0	+	27353
chr11	86502101	86663952	PRSS23	0	+	161851
chr5	32227100	32313093	MTMR12	0	-	85993
chr2	182818968	182996125	PPP1R1C	0	+	177157
chr11	111116450	111157126	C11orf53	0	+	40676
chr5	10250041	10266501	CCT5	0	+	16460
chr5	10225619	10250009	ATPSCKMT	0	-	24390
chr10	128593978	129250781	DOCK1	0	+	656803
chr11	111797868	111893377	DIXDC1	0	+	95509
chr11	111896132	111935128	DLAT	0	+	38996
chr11	111944810	111955874	NKAPD1	0	+	11064
chr11	112097090	112140678	PTS	0	+	43588
chr10	22823783	23003507	PIP4K2A	0	-	179724
chr2	11273254	11291443	C2orf50	0	+	18189
chr13	39261214	39461268	FREM2	0	+	200054
chr13	41129804	41240778	FOXO1	0	-	110974
chr2	36582921	36778278	CRIM1	0	+	195357
chr4	119643978	119759838	SEC24D	0	-	115860
chr12	123405498	123466196	ABCB9	0	-	60698
chr12	123899586	123921231	RILPL2	0	-	21645
chr12	125431371	125473677	DHX37	0	-	42306
chr12	125396150	125401914	UBC	0	-	5764
chr3	4535029	4889190	ITPR1	0	+	354161
chr4	139085251	139163503	SLC7A11	0	-	78252
chr10	25270908	25351208	ENKUR	0	-	80300
chr10	25463731	25891158	GPR158	0	+	427427
chr10	30900708	30918691	LYZL2	0	-	17983
chr12	1901129	2027832	CACNA2D4	0	-	126703
chr12	2079938	2807116	CACNA1C	0	+	727178
chr3	24158644	24537247	THRB	0	-	378603
chr3	25760435	25831530	NGLY1	0	-	71095
chr11	18551156	18610294	UEVLD	0	-	59138
chr12	105380094	105467975	NOPCHAP1	0	+	87881
chr12	107349497	107372556	TMEM263	0	+	23059
chr12	107712198	108053419	BTBD11	0	+	341221
chr12	109915207	109974510	UBE3B	0	+	59303
chr10	61786056	62493248	ANK3	0	-	707192
chr10	59951278	60027654	IPMK	0	-	76376
chr10	79550549	79686513	DLG5	0	-	135964
chr10	82031576	82049414	MAT1A	0	-	17838
chr12	40148827	40499891	SLC2A13	0	-	351064
chr12	42475647	42538676	GXYLT1	0	-	63029
chr10	320130	735608	DIP2C	0	-	415478
chr4	99800427	99850284	EIF4E	0	-	49857
chr3	65339200	66024593	MAGI1	0	-	685393
chr13	103418238	103426161	TEX30	0	-	7923
chr5	122847871	122952743	CSNK1G3	0	+	104872
chr5	121297670	121411265	SRFBP1	0	+	113595
chr14	32798504	33306890	AKAP6	0	+	508386
chr14	33403602	34290069	NPAS3	0	+	886467
chr14	35514323	35585836	FAM177A1	0	+	71513
chr14	36767770	36789843	MBIP	0	-	22073
chr14	37667099	38048330	MIPOL1	0	+	381231
chr11	44117198	44273512	EXT2	0	+	156314
chr2	663877	677406	TMEM18	0	-	13529
chr11	86152150	86383678	ME3	0	-	231528
chr5	33523640	33892124	ADAMTS12	0	-	368484
chr14	31959162	32330430	NUBPL	0	+	371268
chr1	198126124	198291550	NEK7	0	+	165426
chr1	198492352	198510075	ATP6V1G3	0	-	17723
chr5	108083542	108532542	FER	0	+	449000
chr14	77893018	77924295	VIPAS39	0	-	31277
chr4	125585203	125633887	ANKRD50	0	-	48684
chr10	11962021	12085169	UPF2	0	-	123148
chr10	12237964	12292588	CDC123	0	+	54624
chr4	129786076	130014755	SCLT1	0	-	228679
chr10	12938625	13141652	CCDC3	0	-	203027
chr10	13685706	14504141	FRMD4A	0	-	818435
chr12	15475191	15755109	PTPRO	0	+	279918
chr12	15773068	16035263	EPS8	0	-	262195
chr11	134123442	134135749	ACAD8	0	+	12307
chr11	134118173	134123264	THYN1	0	-	5091
chr11	134094565	134117682	VPS26B	0	+	23117
chr10	114206756	114578503	VTI1A	0	+	371747
chr4	17461884	17513829	QDPR	0	-	51945
chr10	116581503	116659591	FHIP2A	0	+	78088
chr12	101111304	101522419	ANO4	0	+	411115
chr15	56536169	56738195	TEX9	0	+	202026
chr4	146520194	146581185	MMAA	0	+	60991
chr4	146678779	146859975	ZNF827	0	-	181196
chr4	148402069	148466106	EDNRA	0	+	64037
chr4	148999913	149365850	NR3C2	0	-	365937
chr10	5029967	5060223	AKR1C2	0	-	30256
chr10	134000452	134019263	DPYSL4	0	+	18811
chr10	135051359	135055432	VENTX	0	+	4073
chr10	135075924	135090372	ADAM8	0	-	14448
chr10	7745279	7791483	ITIH2	0	+	46204
chr10	7792925	7829956	KIN	0	-	37031
chr2	46808076	46844194	PIGF	0	-	36118
chr2	190539016	190625919	ANKAR	0	+	86903
chr2	191208296	191236391	INPP1	0	+	28095
chr2	191273081	191373931	MFSD6	0	+	100850
chr2	7057543	7208417	RNF144A	0	+	150874
chr2	9346894	9545812	ASAP2	0	+	198918
chr2	9628615	9696861	ADAM17	0	-	68246
chr11	128556430	128683162	FLI1	0	+	126732
chr11	128706210	128737268	KCNJ1	0	-	31058
chr11	129685743	129729898	TMEM45B	0	+	44155
chr4	184020410	184241930	WWC2	0	+	221520
chr4	185676749	185747972	ACSL1	0	-	71223
chr4	186064420	186071536	SLC25A4	0	+	7116
chr12	31824076	31882055	AMN1	0	-	57979
chr12	32259769	32536567	BICD1	0	+	276798
chr14	51098776	51135024	SAV1	0	-	36248
chr13	44398045	44453876	CCDC122	0	-	55831
chr13	44947801	44971850	SERP2	0	+	24049
chr2	15307040	15701464	NBAS	0	-	394424
chr3	21453710	22414812	ZNF385D	0	-	961102
chr4	156775890	156841558	TDO2	0	+	65668
chr13	23862828	24007902	SACS	0	-	145074
chr13	25670274	25673392	PABPC3	0	+	3118
chr13	25456417	25497027	CENPJ	0	-	40610
chr5	41925356	41941845	FBXO4	0	+	16489
chr5	43444354	43483995	TMEM267	0	-	39641
chr5	43376747	43412493	CCL28	0	-	35746
chr5	49961733	50142353	PARP8	0	+	180620
chr10	117816436	118036315	GFRA1	0	-	219879
chr10	120433679	120514761	CACUL1	0	-	81082
chr6	56322785	56819628	DST	0	-	496843
chr6	56819905	56892144	BEND6	0	+	72239
chr10	121331314	121356541	TIAL1	0	-	25227
chr10	121410892	121437331	BAG3	0	+	26439
chr12	129337972	129469513	GLT1D1	0	+	131541
chr1	146032647	146082765	KNOWN	0	-	50118
chr2	223916908	224063117	KCNE4	0	+	146209
chr1	174128548	174964445	RABGAP1L	0	+	835897
chr2	130896860	130902707	CCDC74B	0	-	5847
chr2	130949318	130956012	TUBA3E	0	-	6694
chr1	176826438	177134109	ASTN1	0	-	307671
chr2	131805449	131851033	FAM168B	0	-	45584
chr1	214522043	214725792	PTPN14	0	-	203749
chr2	134877554	135212192	MGAT5	0	+	334638
chr2	135213330	135476570	TMEM163	0	-	263240
chr12	119609360	119662660	HSPB8	0	+	53300
chr2	38978676	39012144	GEMIN6	0	+	33468
chr2	39892122	39945103	TMEM178A	0	+	52981
chr13	79172497	79177687	POU4F1	0	-	5190
chr13	79188424	79233290	OBI1	0	-	44866
chr13	49227847	49285362	CYSLTR2	0	+	57515
chr13	50202643	50208008	ARL11	0	+	5365
chr18	42260138	42648475	SETBP1	0	+	388337
chr11	30344651	30359770	ARL14EP	0	+	15119
chr18	43380546	43547295	EPG5	0	-	166749
chr18	43563502	43652238	PSTPIP2	0	-	88736
chr18	43660214	43684300	ATP5F1A	0	-	24086
chr18	43684344	43708299	HAUS1	0	+	23955
chr18	43753519	43846955	C18orf25	0	+	93436
chr2	169690642	169769881	SPC25	0	-	79239
chr2	173420101	173473397	PDK1	0	+	53296
chr11	14665350	14893590	PDE3B	0	+	228240
chr2	85360515	85537510	TCF7L1	0	+	176995
chr2	85545150	85555374	TGOLN2	0	-	10224
chr2	85645837	85664152	SH2D6	0	+	18315
chr14	90528338	90652197	KCNK13	0	+	123859
chr1	162467041	162499421	UHMK1	0	+	32380
chr5	81267842	81572676	ATG10	0	+	304834
chr5	136310987	136934068	SPOCK1	0	-	623081
chr5	79783788	79838382	FAM151B	0	+	54594
chr1	166825747	166845501	TADA1	0	-	19754
chr11	106544745	106889202	GUCY1A2	0	-	344457
chr11	107197086	107328551	CWF19L2	0	-	131465
chr5	78531954	78623034	JMY	0	+	91080
chr5	78668459	78809957	HOMER1	0	-	141498
chr5	82373317	82649606	XRCC4	0	+	276289
chr2	198591603	198651486	BOLL	0	-	59883
chr19	58452201	58459074	ZNF256	0	-	6873
chr10	14939358	14996431	DCLRE1C	0	-	57073
chr10	15074226	15115852	OLAH	0	+	41626
chr10	15144583	15210692	NMT2	0	-	66109
chr19	58545393	58565999	ZSCAN1	0	+	20606
chr19	58878985	58892397	ZNF837	0	-	13412
chr13	27640293	27745948	USP12	0	-	105655
chr3	191046874	191116448	CCDC50	0	+	69574
chr5	110559351	110830584	CAMK4	0	+	271233
chr5	114460459	114516243	TRIM36	0	-	55784
chr2	43449541	43453745	ZFP36L2	0	-	4204
chr13	28712643	28869472	PAN3	0	+	156829
chr2	43864399	43995126	PLEKHH2	0	+	130727
chr11	102267063	102341115	TMEM123	0	-	74052
chr11	105480721	105852819	GRIA4	0	+	372098
chr5	35617946	35814713	SPEF2	0	+	196767
chr4	88394487	88452213	SPARCL1	0	-	57726
chr4	88571432	88585513	DMP1	0	+	14081
chr4	88742550	88767966	MEPE	0	+	25416
chr3	151961617	152183569	MBNL1	0	+	221952
chr5	35904390	35938881	CAPSL	0	-	34491
chr5	36192691	36242381	NADK2	0	-	49690
chr3	32147181	32210201	GPD1L	0	+	63020
chr6	121756741	121770873	GJA1	0	+	14132
chr5	54526980	54529436	CCNO	0	-	2456
chr2	71035775	71047731	CLEC4F	0	-	11956
chr2	32390910	32449448	SLC30A6	0	+	58538
chr2	33661391	33789817	RASGRP3	0	+	128426
chr10	47894023	47949412	KNOWN	0	+	55389
chr13	95254111	95286915	GPR180	0	+	32804
chr1	67218142	67244730	DYNLT5	0	+	26588
chr1	67278568	67390539	DNAI4	0	-	111971
chr10	90579653	90611601	ANKRD22	0	-	31948
chr13	98794816	99107430	FARP1	0	+	312614
chr10	91174325	91181362	IFIT5	0	+	7037
chr10	91190056	91316398	SLC16A12	0	-	126342
chr10	91342745	91404999	PANK1	0	-	62254
chr4	81105033	81125483	PRDM8	0	+	20450
chr4	81951862	81978781	BMP3	0	+	26919
chr4	83343718	83351615	HNRNPDL	0	-	7897
chr10	94449712	94455404	HHEX	0	+	5692
chr6	144606471	145174170	UTRN	0	+	567699
chr6	128289930	128841761	PTPRK	0	-	551831
chr7	64432150	64467062	ZNF117	0	-	34912
chr5	57878048	58155221	RAB3C	0	+	277173
chr5	68710892	68740157	MARVELD2	0	+	29265
chr5	68665120	68710628	RAD17	0	+	45508
chr12	27175479	27219276	MED21	0	+	43797
chr3	145787227	145881440	PLOD2	0	-	94213
chr4	5053207	5502721	STK32B	0	+	449514
chr6	24126414	24155128	NRSN1	0	+	28714
chr3	147111209	147228080	ZIC1	0	+	116871
chr4	22346694	22517689	ADGRA3	0	-	170995
chr3	148508889	148577974	CPB1	0	+	69085
chr4	25000469	25032568	LGI2	0	-	32099
chr5	64062195	64398239	CWC27	0	+	336044
chr1	181002510	181031074	MR1	0	+	28564
chr5	68485401	68506184	CENPH	0	+	20783
chr6	4706393	4955785	CDYL	0	+	249392
chr16	10721358	10788787	TEKT5	0	-	67429
chr4	102332443	102995969	BANK1	0	+	663526
chr16	11772939	11836713	TXNDC11	0	-	63774
chr5	39371777	39462402	DAB2	0	-	90625
chr2	135596186	135659604	ACMSD	0	+	63418
chr2	111490116	111878187	ACOXL	0	+	388071
chr2	112369216	112642267	ANAPC1	0	-	273051
chr5	95860971	96115299	CAST	0	+	254328
chr4	141178440	141306882	SCOC	0	+	128442
chr4	141309607	141348815	CLGN	0	-	39208
chr5	89688074	89705583	CETN3	0	-	17509
chr4	144434855	144478639	SMARCA5	0	+	43784
chr2	107007746	107084869	RGPD3	0	-	77123
chr12	64900781	65091344	RASSF3	0	+	190563
chr1	245003940	245027862	HNRNPU	0	-	23922
chr2	109335938	109402266	RANBP2	0	+	66328
chr1	247002400	247095250	AHCTF1	0	-	92850
chr2	112656184	112787138	MERTK	0	+	130954
chr2	112812846	112876895	TMEM87B	0	+	64049
chr12	71031853	71314518	PTPRR	0	-	282665
chr2	157180949	157198860	NR4A2	0	-	17911
chr2	159027585	159313265	CCDC148	0	-	285680
chr2	160788517	160919126	PLA2R1	0	-	130609
chr2	161128662	161350318	RBMS1	0	-	221656
chr3	62355356	62359999	FEZF2	0	-	4643
chr3	111011566	111384597	CD96	0	+	373031
chr6	46620652	46645927	SLC25A27	0	+	25275
chr6	46965445	47010086	ADGRF1	0	-	44641
chr6	168453775	168502191	FRMD1	0	-	48416
chr8	130851839	131029750	CYRIB	0	-	177911
chr8	131064350	131455920	ASAP1	0	-	391570
chr18	29409160	29533099	TRAPPC8	0	-	123939
chr5	94727070	94786158	FAM81B	0	+	59088
chr5	1456595	1524077	LPCAT1	0	-	67482
chr5	92283	190087	PLEKHG4B	0	+	97804
chr16	4658884	4665028	UBALD1	0	-	6144
chr13	111968531	111996596	TEX29	0	+	28065
chr13	114053926	114107803	ADPRHL1	0	-	53877
chr3	32433190	32524559	CMTM7	0	+	91369
chr3	33318517	33445154	FBXL2	0	+	126637
chr2	87011733	87035519	CD8A	0	-	23786
chr2	88991191	89050446	RPIA	0	+	59255
chr15	23255242	23268823	KNOWN	0	+	13581
chr9	8314246	10613002	PTPRD	0	-	2298756
chr9	12775019	12823059	LURAP1L	0	+	48040
chr16	75327596	75467401	CFDP1	0	-	139805
chr16	85007781	85045141	ZDHHC7	0	-	37360
chr16	85131964	85146078	CIBAR2	0	-	14114
chr7	25174311	25219975	C7orf31	0	-	45664
chr7	27870192	28220414	JAZF1	0	-	350222
chr16	81478413	81745367	CMIP	0	+	266954
chr2	228844671	229046403	SPHKAP	0	-	201732
chr17	68049570	68131749	KCNJ16	0	+	82179
chr2	229715242	230136003	PID1	0	-	420761
chr2	230628553	230787955	TRIP12	0	-	159402
chr19	33864591	33873592	CEBPG	0	+	9001
chr19	34286838	34306668	KCTD15	0	+	19830
chr19	35248978	35264134	ZNF599	0	-	15156
chr1	85391266	85462796	MCOLN2	0	-	71530
chr19	35615417	35633355	LGI4	0	-	17938
chr1	85784164	86044046	DDAH1	0	-	259882
chr5	65435799	65479443	SREK1	0	+	43644
chr5	98189689	98264711	CHD1	0	-	75022
chr17	53959662	54594377	ANKFN1	0	+	634715
chr1	87380318	87575665	HS2ST1	0	+	195347
chr17	55333212	55762050	MSI2	0	+	428838
chr7	81575760	82073093	CACNA2D1	0	-	497333
chr6	116956781	116989957	ZUP1	0	-	33176
chr17	13397349	13505246	HS3ST3A1	0	-	107897
chr17	57297828	57353331	GDPD1	0	+	55503
chr6	117996632	118031890	NUS1	0	+	35258
chr7	84624869	84816372	SEMA3D	0	-	191503
chr14	63838082	64010095	PPP2R5E	0	-	172013
chr17	18853658	18925908	SLC5A10	0	+	72250
chr1	77747704	78025651	AK5	0	+	277947
chr18	21718951	21741564	CABYR	0	+	22613
chr18	22006598	22033495	IMPACT	0	+	26897
chr18	21178890	21242875	ANKRD29	0	-	63985
chr6	71276620	71299272	SDHAF4	0	+	22652
chr18	24486445	24765272	CHST9	0	-	278827
chr11	119286186	119295695	THY1	0	-	9509
chr16	84178892	84212373	DNAAF1	0	+	33481
chr16	85723690	85784735	C16orf74	0	-	61045
chr16	87635441	87731762	JPH3	0	+	96321
chr5	14704909	14871887	ANKH	0	-	166978
chr5	14664773	14699959	OTULIN	0	+	35186
chr11	122526430	122685181	UBASH3B	0	+	158751
chr11	124753587	124768396	ROBO4	0	-	14809
chr11	124735328	124751367	ROBO3	0	+	16039
chr11	124481324	124490252	PANX3	0	+	8928
chr11	124609838	124617106	NRGN	0	+	7268
chr5	16473147	16617210	RETREG1	0	-	144063
chr5	21750782	22853453	CDH12	0	-	1102671
chr3	100082275	100119933	TOMM70	0	-	37658
chr3	100468000	100712359	ABI3BP	0	-	244359
chr8	108261710	108510283	ANGPT1	0	-	248573
chr17	65373397	65693372	PITPNC1	0	+	319975
chr15	100940600	101085200	CERS3	0	-	144600
chr17	64298731	64806861	PRKCA	0	+	508130
chr15	101459532	101618462	LRRK1	0	+	158930
chr17	63631655	64188251	CEP112	0	-	556596
chr2	242716237	242743702	GAL3ST2	0	+	27465
chr17	66970629	67057090	ABCA9	0	-	86461
chr17	67074843	67138036	ABCA6	0	-	63193
chr17	67143355	67240987	ABCA10	0	-	97632
chr6	131949582	132068558	ENPP3	0	+	118976
chr4	37455547	37625117	C4orf19	0	+	169570
chr4	41258430	41270472	UCHL1	0	+	12042
chr1	222791439	222841349	MIA3	0	+	49910
chr1	222988364	223179337	DISP1	0	+	190973
chr3	170776203	171178197	TNIK	0	-	401994
chr8	11278985	11333417	FAM167A	0	-	54432
chr8	11627148	11644854	NEIL2	0	+	17706
chr9	70943224	71145977	PGM5	0	+	202753
chr1	228194699	228248972	WNT3A	0	+	54273
chr1	228395745	228566577	OBSCN	0	+	170832
chr8	12579415	12613582	LONRF1	0	-	34167
chr1	228581374	228594536	TRIM11	0	-	13162
chr1	225674467	225840844	ENAH	0	-	166377
chr1	229456758	229479041	CCSAP	0	-	22283
chr4	170015410	170192107	SH3RF1	0	-	176697
chr1	89721872	89738543	GBP5	0	-	16671
chr10	124913918	124929983	BUB3	0	+	16065
chr2	170501935	170550915	CFAP210	0	-	48980
chr10	128113566	128487277	C10orf90	0	-	373711
chr1	93298294	93427079	DIPK1A	0	-	128785
chr2	176040986	176046438	ATP5MC3	0	-	5452
chr9	43684902	43924049	KNOWN	0	+	239147
chr6	89805678	89827790	SRSF12	0	-	22112
chr4	186421814	186456661	PDLIM3	0	-	34847
chr4	186506598	186877806	SORBS2	0	-	371208
chr8	74851404	74884542	ELOC	0	-	33138
chr8	74903627	74941314	LY96	0	+	37687
chr21	18885361	18965897	CXADR	0	+	80536
chr21	18965971	18985263	BTG3	0	-	19292
chr21	19161291	19191703	C21orf91	0	-	30412
chr21	19273580	19639690	CHODL	0	+	366110
chr21	22370727	22915650	NCAM2	0	+	544923
chr18	5954705	6415236	L3MBTL4	0	-	460531
chr7	31790793	32467743	PDE1C	0	-	676950
chr21	26957968	26979829	MRPL39	0	-	21861
chr21	27011570	27089874	JAM2	0	+	78304
chr21	27106881	27144771	GABPA	0	+	37890
chr21	28208074	28217728	ADAMTS1	0	-	9654
chr21	28290241	28339407	ADAMTS5	0	-	49166
chr3	12525920	12583048	TSEN2	0	+	57128
chr17	33762115	33775856	SLFN13	0	-	13741
chr3	14186647	14220121	XPC	0	-	33474
chr3	14693269	14714166	CCDC174	0	+	20897
chr3	14852360	14976078	FGD5	0	+	123718
chr3	16298568	16306476	DPH3	0	-	7908
chr3	16844159	17132096	PLCL2	0	+	287937
chr18	47808713	47814209	CXXC1	0	-	5496
chr18	47901410	47920538	SKA1	0	+	19128
chr18	9546789	9615238	PPP4R1	0	-	68449
chr18	10454632	10489946	APCDD1	0	+	35314
chr18	10666480	11149568	PIEZO2	0	-	483088
chr17	9548015	9633004	USP43	0	+	84989
chr3	133543079	133614726	RAB6B	0	-	71647
chr3	134514102	134979309	EPHB1	0	+	465207
chr20	24986866	25039616	ACSS1	0	-	52750
chr17	48770559	48785275	ANKRD40	0	-	14716
chr17	11880756	11900792	ZNF18	0	-	20036
chr17	49707674	50237377	CA10	0	-	529703
chr7	55503749	55640681	VOPP1	0	-	136932
chr4	107842959	108204963	DKK2	0	-	362004
chr4	108852705	108874617	CYP2U1	0	+	21912
chr7	5470966	5553440	FBXL18	0	-	82474
chr2	95940197	95957056	PROM2	0	+	16859
chr6	109814058	110012420	AK9	0	-	198362
chr8	103661012	103667953	KLF10	0	-	6941
chr7	157331750	158380515	PTPRN2	0	-	1048765
chr8	103838339	103906092	AZIN1	0	-	67753
chr8	104033291	104085279	ATP6V1C1	0	+	51988
chr8	92006030	92053100	PIP4P2	0	-	47070
chr8	92082424	92099323	OTUD6B	0	+	16899
chr6	110931181	111137161	CDK19	0	-	205980
chr6	111279909	111289093	GTF3C6	0	+	9184
chr9	15163620	15307358	TTC39B	0	-	143738
chr8	6566163	6619024	AGPAT5	0	+	52861
chr10	99218081	99258551	MMS19	0	-	40470
chr10	99472930	99477907	MARVELD1	0	+	4977
chr10	99496878	99520664	ZFYVE27	0	+	23786
chr10	101370276	101382550	SLC25A28	0	-	12274
chr21	15743436	15755805	HSPA13	0	-	12369
chr21	15857549	16031142	SAMSN1	0	-	173593
chr21	17102301	17252383	USP25	0	+	150082
chr5	125695824	125832186	GRAMD2B	0	+	136362
chr5	132332677	132362296	ZCCHC10	0	-	29619
chr16	46830515	46865092	C16orf87	0	-	34577
chr1	113215763	113243378	MOV10	0	+	27615
chr2	120124500	120130126	DBI	0	+	5626
chr1	113454469	113500215	SLC16A1	0	-	45746
chr16	50099878	50141183	HEATR3	0	+	41305
chr7	72430016	72439997	TRIM74	0	-	9981
chr2	122484521	122494487	NIFK	0	-	9966
chr14	23235731	23242251	OXA1L	0	+	6520
chr14	23242431	23299029	SLC7A7	0	-	56598
chrX	140991680	140997160	MAGEC1	0	+	5480
chr5	154062546	154197165	LARP1	0	+	134619
chr5	152869175	153193429	GRIA1	0	+	324254
chr7	133812052	133949347	LRGUK	0	+	137295
chr5	56215429	56267502	MIER3	0	-	52073
chr7	135242665	135333505	NUP205	0	+	90840
chr16	25247322	25269166	ZKSCAN2	0	-	21844
chr9	74526426	74600970	C9orf85	0	+	74544
chr10	98353072	98480271	PIK3AP1	0	-	127199
chr2	178977151	179003738	RBM45	0	+	26587
chr2	179390716	179695529	TTN	0	-	304813
chrX	65241580	65259967	VSIG4	0	-	18387
chr7	148700154	148725754	PDIA4	0	-	25600
chr16	27214829	27233089	KDM8	0	+	18260
chr16	21995186	22012437	PDZD9	0	-	17251
chr2	201838441	201936394	FAM126B	0	-	97953
chr2	202352144	202483901	C2CD6	0	-	131757
chr2	202484907	202508293	TMEM237	0	-	23386
chr2	202898578	202903164	FZD7	0	+	4586
chr1	118496213	118727851	SPAG17	0	-	231638
chr8	120885957	121063157	DEPTOR	0	+	177200
chr1	240177648	240638487	FMN2	0	+	460839
chr9	104296135	104325626	RNF20	0	+	29491
chr5	149109861	149234585	PPARGC1B	0	+	124724
chr7	36892511	37488826	ELMO1	0	-	596315
chr5	149340321	149373018	SLC26A2	0	+	32697
chr5	157170720	157187717	LSM11	0	+	16997
chr9	19049425	19051023	RRAGA	0	+	1598
chr9	19507450	19789035	SLC24A2	0	-	281585
chr3	140947568	141086595	PXYLP1	0	+	139027
chr8	131792547	132053155	ADCY8	0	-	260608
chr3	141205869	141334186	RASA2	0	+	128317
chr6	151720033	151773293	RMND1	0	-	53260
chr6	150339470	150346668	RAET1L	0	-	7198
chrX	154425284	154468122	VBP1	0	+	42838
chrX	154487520	154493776	RAB39B	0	-	6256
chrX	154505500	154563966	CLIC2	0	-	58466
chrX	147582137	148082193	AFF2	0	+	500056
chr8	16884747	16980151	MICU3	0	+	95404
chr12	66741211	67462942	GRIP1	0	-	721731
chr12	57939809	57980416	KIF5A	0	+	40607
chr8	18248792	18258728	NAT2	0	+	9936
chrX	149009941	149014609	MAGEA8	0	+	4668
chr8	18384813	18942240	PSD3	0	-	557427
chr9	77595706	77643339	CARNMT1	0	-	47633
chr10	74451901	74647452	MCU	0	+	195551
chr14	74181825	74256988	MIDEAS	0	-	75163
chr10	75013520	75118622	CFAP70	0	-	105102
chr9	80037995	80263238	GNA14	0	-	225243
chr9	80331013	80646727	GNAQ	0	-	315714
chr12	65444406	65515085	WIF1	0	-	70679
chr1	110082494	110091028	GPR61	0	+	8534
chr8	89044239	89340254	MMP16	0	-	296015
chr10	75910960	76469721	ADK	0	+	558761
chr10	78629359	79398127	KCNMA1	0	-	768768
chr14	75988798	76013336	BATF	0	+	24538
chr4	73146686	73434938	ADAMTS3	0	-	288252
chr8	95731931	95806064	DPY19L4	0	+	74133
chr8	95907761	96128683	NDUFAF6	0	+	220922
chr8	96257141	96281429	CFAP418	0	-	24288
chr15	81299374	81441520	CFAP161	0	+	142146
chr15	84322840	84708594	ADAMTSL3	0	+	385754
chr4	76932337	77035201	ART3	0	+	102864
chr15	85427885	85489029	SLC28A1	0	+	61144
chr15	83478380	83504860	WHAMM	0	+	26480
chr4	78432907	78532988	CXCL13	0	+	100081
chr21	30244513	30257693	N6AMT1	0	-	13180
chr21	30376705	30391681	RWDD2B	0	-	14976
chr21	30396950	30426809	USP16	0	+	29859
chr21	30428126	30446118	CCT8	0	-	17992
chr21	30449792	30548210	MAP3K7CL	0	+	98418
chr21	30566392	31003071	BACH1	0	+	436679
chr21	31586324	31588415	CLDN8	0	-	2091
chr21	32490734	32932290	TIAM1	0	-	441556
chr21	33043313	33104431	SCAF4	0	-	61118
chr9	90581356	90589668	CDK20	0	-	8312
chr10	105062553	105110901	PCGF6	0	-	48348
chr10	105881816	105886143	SFR1	0	+	4327
chr10	106401048	107025000	SORCS3	0	+	623952
chr10	104474295	104503249	SFXN2	0	+	28954
chr14	104378625	104394606	ATP5MJ	0	-	15981
chr19	5830419	5839733	FUT6	0	-	9314
chr14	104394793	104519004	TDRD9	0	+	124211
chr5	170846651	170884630	FGF18	0	+	37979
chr5	141232655	141258811	PCDH1	0	-	26156
chr5	145316141	145461354	SH3RF2	0	+	145213
chr8	97154561	97173034	GDF6	0	-	18473
chr8	97235175	97247774	UQCRB	0	-	12599
chr8	97251626	97273838	MTERF3	0	-	22212
chr8	97274130	97349223	PTDSS1	0	+	75093
chr5	145960305	146464347	PPP2R2B	0	-	504042
chrX	133930425	133988865	PABIR3	0	+	58440
chr10	70939990	70968855	SUPV3L1	0	+	28865
chr8	101145579	101158045	FBXO43	0	-	12466
chr10	70980088	71027308	HKDC1	0	+	47220
chr10	71029740	71161640	HK1	0	+	131900
chr10	71897737	71906456	TYSND1	0	-	8719
chrX	133507318	133562821	PHF6	0	+	55503
chr6	74405508	74538040	CD109	0	+	132532
chr6	40359330	40555103	LRFN2	0	-	195773
chr10	72191692	72207707	NODAL	0	-	16015
chr11	57319129	57335757	UBE2L6	0	-	16628
chr11	57435219	57468654	ZDHHC5	0	+	33435
chr11	57471182	57479693	MED19	0	-	8511
chr6	37787503	38122400	ZFAND3	0	+	334897
chr15	73852355	73926475	NPTN	0	-	74120
chr10	76584685	76792382	KAT6B	0	+	207697
chr10	76859344	76941881	SAMD8	0	+	82537
chr8	37716136	37757015	RAB11FIP1	0	-	40879
chr8	35092993	35654068	UNC5D	0	+	561075
chr11	58601538	58671688	GLYATL2	0	-	70150
chrX	129040097	129063737	UTP14A	0	+	23640
chrX	129258641	129299853	AIFM1	0	-	41212
chr6	36095586	36112301	MAPK13	0	+	16715
chr8	38034051	38070819	BAG4	0	+	36768
chr11	60223319	60238225	MS4A1	0	+	14906
chr8	124054208	124164393	TBC1D31	0	+	110185
chr8	124428966	124482268	NTAQ1	0	+	53302
chr8	124332090	124428590	ATAD2	0	-	96500
chr8	124510129	124553446	FBXO32	0	-	43317
chr8	126103921	126379362	NSMCE2	0	+	275441
chr16	30613879	30635333	ZNF689	0	-	21454
chr16	30662038	30667734	PRR14	0	+	5696
chr16	30669752	30682131	FBRS	0	+	12379
chr1	100169526	100232191	FRRS1	0	-	62665
chr16	30759614	30772497	PHKG2	0	+	12883
chr1	100549119	100598511	SASS6	0	-	49392
chr16	31439052	31439681	COX6A2	0	-	629
chr16	31404656	31437826	ITGAD	0	+	33170
chrX	136648286	136659850	ZIC3	0	+	11564
chr3	184529931	184770402	VPS8	0	+	240471
chr2	232260421	232265875	B3GNT7	0	+	5454
chr15	40453224	40513324	BUB1B	0	+	60100
chr2	232597143	232650982	PDE6D	0	-	53839
chr3	9773413	9789703	BRPF1	0	+	16290
chr3	10334815	10362796	SEC13	0	-	27981
chr3	38537618	38583652	EXOG	0	+	46034
chr1	183217372	183387515	NMNAT2	0	-	170143
chr1	52607761	52814343	ZFYVE9	0	+	206582
chr3	10365707	10749692	ATP2B2	0	-	383985
chr3	42438575	42452102	LYZL4	0	-	13527
chr3	11033872	11080933	SLC6A1	0	+	47061
chr16	18816182	18937730	SMG1	0	-	121548
chr5	72251868	72386349	FCHO2	0	+	134481
chr8	30242027	30429773	RBPMS	0	+	187746
chr5	72416396	72427636	TMEM171	0	+	11240
chr3	12045862	12233532	SYN2	0	+	187670
chr8	31496738	32713184	NRG1	0	+	1216446
chr1	186344970	186390510	ODR4	0	+	45540
chr1	53662464	53679869	CPT2	0	+	17405
chr1	16767216	16786573	NECAP2	0	+	19357
chr1	53708036	53794141	LRP8	0	-	86105
chr7	154735397	154794834	PAXIP1	0	-	59437
chr7	89796904	89867451	STEAP2	0	+	70547
chr1	54691106	54879152	SSBP3	0	-	188046
chr14	23305769	23318250	MMP14	0	+	12481
chr7	90893748	90900641	FZD1	0	+	6893
chr7	92076796	92089389	GATAD1	0	+	12593
chr9	95820970	95847415	SUSD3	0	+	26445
chr16	69984608	69998355	CLEC18A	0	+	13747
chr14	24422943	24438488	DHRS4	0	+	15545
chr1	12806148	12823847	CFAP107	0	+	17699
chr6	35704809	35716856	ARMC12	0	+	12047
chr16	70409880	70473140	ST3GAL2	0	-	63260
chr16	70488498	70514177	FCSK	0	+	25679
chr16	70613798	70694585	IL34	0	+	80787
chr14	24759804	24768986	DHRS1	0	-	9182
chr3	53362990	53847760	CACNA1D	0	+	484770
chrX	2852086	2886516	ARSL	0	-	34430
chr4	55523434	55606949	KIT	0	+	83515
chr16	70835987	71264625	HYDIN	0	-	428638
chr4	57204453	57253674	AASDH	0	-	49221
chr16	71498458	71598992	ZNF19	0	-	100534
chr3	54156574	55108584	CACNA2D3	0	+	952010
chr15	59157374	59389618	RNF111	0	+	232244
chr15	59397325	59417244	CCNB2	0	+	19919
chr15	59424633	59665070	MYO1E	0	-	240437
chr3	57261754	57312133	APPL1	0	+	50379
chrX	105412298	105452949	PWWP3B	0	+	40651
chr5	148651422	148723200	AFAP1L1	0	+	71778
chrX	106956451	107020572	TSC22D3	0	-	64121
chr21	38595721	38640220	VPS26C	0	-	44499
chr21	38737875	38898660	DYRK1A	0	+	160785
chr21	39527643	39679279	KCNJ15	0	+	151636
chr21	39751949	40033704	ERG	0	-	281755
chr21	40177107	40196879	ETS2	0	+	19772
chr11	44748015	44953974	TSPAN18	0	+	205959
chr6	44221833	44225627	SLC35B2	0	-	3794
chrX	109245859	109425962	TMEM164	0	+	180103
chr11	46299213	46342959	CREB3L1	0	+	43746
chr21	43305221	43374127	C2CD2	0	-	68906
chrX	30845559	30993201	TAB3	0	-	147642
chr17	79218611	79269347	SLC38A10	0	-	50736
chr9	116172334	116191970	C9orf43	0	+	19636
chr9	112260605	112934792	PALM2AKAP2	0	+	674187
chr9	116638562	116818873	ZNF618	0	+	180311
chr7	137065783	137531838	DGKI	0	-	466055
chr9	117373486	117408702	TMEM268	0	+	35216
chr7	138279030	138386107	SVOPL	0	-	107077
chr7	138915102	138992982	UBN2	0	+	77880
chr7	140419127	140624729	BRAF	0	-	205602
chr4	25649633	25680370	SLC34A2	0	+	30737
chr15	89346667	89418584	ACAN	0	+	71917
chr7	1606968	1610641	PSMG3	0	-	3673
chr12	121078429	121105127	CABP1	0	+	26698
chr4	39184124	39287430	WDR19	0	+	103306
chr7	139993493	140104233	SLC37A3	0	-	110740
chr2	153191688	153506340	FMNL2	0	+	314652
chr2	26395957	26412532	GAREM2	0	+	16575
chr12	121200313	121342161	SPPL3	0	-	141848
chr2	27070615	27173219	DPYSL5	0	+	102604
chr2	26624788	26679579	DRC1	0	+	54791
chr4	13362978	13485989	RAB28	0	-	123011
chr1	2487078	2496821	TNFRSF14	0	+	9743
chr1	2439976	2458036	PANK4	0	-	18060
chr2	26804073	26864234	CIB4	0	-	60161
chr15	66187417	66546094	MEGF11	0	-	358677
chr1	2323214	2336881	RER1	0	+	13667
chr7	4836686	4923347	RADIL	0	-	86661
chr1	2159758	2241652	SKI	0	+	81894
chr7	5229827	5273471	WIPI2	0	+	43644
chr1	25870097	25895377	LDLRAP1	0	+	25280
chr2	236402687	237040437	AGAP1	0	+	637750
chr1	26286258	26324608	PAFAH2	0	-	38350
chr1	26346375	26362955	EXTL1	0	+	16580
chr1	26363743	26372609	SLC30A2	0	-	8866
chr2	28112808	28561768	BABAM2	0	+	448960
chr1	26377792	26394927	TRIM63	0	-	17135
chr12	122356498	122441833	CFAP251	0	+	85335
chr11	6701616	6704571	MRPL17	0	-	2955
chr2	96808908	96811179	DUSP2	0	-	2271
chr1	24526048	24690972	GRHL3	0	+	164924
chr1	26607819	26644854	UBXN11	0	-	37035
chr9	96793076	96872138	PTPDC1	0	+	79062
chr2	31133333	31378068	GALNT14	0	-	244735
chr3	136581050	136670448	NCK1	0	+	89398
chr12	122277433	122301502	HPD	0	-	24069
chr8	144451046	144466391	RHPN1	0	+	15345
chr1	3541579	3546691	TPRG1L	0	+	5112
chr12	122652285	122688018	LRRC43	0	+	35733
chr9	99401859	99417599	PRXL2C	0	-	15740
chr2	31557187	31637608	XDH	0	-	80421
chr1	28286099	28294604	XKR8	0	+	8505
chr2	97426639	97477611	CNNM4	0	+	50972
chr1	28296855	28415148	EYA3	0	-	118293
chr3	137780832	137834660	DZIP1L	0	-	53828
chrX	101768610	101771667	TMSB15A	0	-	3057
chr9	97861336	98189078	FANCC	0	-	327742
chr3	138066490	138124376	MRAS	0	+	57886
chr1	27730734	27816678	WASF2	0	-	85944
chr18	19230862	19284741	ABHD3	0	-	53879
chr3	138153428	138200528	ESYT3	0	+	47100
chr3	138327448	138352218	FAIM	0	+	24770
chr1	27331511	27339341	TENT5B	0	-	7830
chr3	139654027	140296239	CLSTN2	0	+	642212
chr18	316737	500722	COLEC12	0	-	183985
chrX	119639775	119737929	CUL4B	0	-	98154
chr1	6307413	6321158	GPR153	0	-	13745
chr20	45186462	45313106	SLC13A3	0	-	126644
chr1	39351479	39407502	RHBDL2	0	-	56023
chr7	69063282	70258492	AUTS2	0	+	1195210
chrX	50329796	50557302	SHROOM4	0	-	227506
chr6	26158350	26171577	H2BC5	0	+	13227
chr5	137620958	137674044	CDC25C	0	-	53086
chr6	26277837	26285866	H4C8	0	-	8029
chrX	103173479	103221285	TMSB15B	0	+	47806
chr2	219221580	219232822	CATIP	0	+	11242
chr2	101869348	101886778	CNOT11	0	+	17430
chr20	47909931	48100834	KCNB1	0	-	190903
chr7	128784724	128809540	TSPAN33	0	+	24816
chr5	139226364	139422884	NRG2	0	-	196520
chr7	128864871	129070052	AHCYL2	0	+	205181
chr20	48249482	48330415	B4GALT5	0	-	80933
chr1	158147820	158156217	CD1D	0	+	8397
chr1	158224214	158228059	CD1A	0	+	3845
chr20	48519928	48532066	SPATA2	0	-	12138
chr1	158259713	158264564	CD1C	0	+	4851
chr1	158297741	158301321	CD1B	0	-	3580
chr16	20944433	21170762	DNAH3	0	-	226329
chr1	158323486	158327343	CD1E	0	+	3857
chr7	129906703	129929638	CPA2	0	+	22935
chr7	74188358	74203659	NCF1	0	+	15301
chr7	129984656	130008571	CPA5	0	+	23915
chr7	94536514	94925727	PPP1R9A	0	+	389213
chr16	88636811	88698372	ZC3H18	0	+	61561
chr2	220059959	220074373	ZFAND2B	0	+	14414
chr6	27253682	27280052	POM121L2	0	-	26370
chr11	75145685	75236986	GDPD5	0	-	91301
chr7	95401818	95739634	DYNC1I1	0	+	337816
chrX	54959394	55024967	PFKFB1	0	-	65573
chrX	55035488	55057410	ALAS2	0	-	21922
chr7	44617493	44621886	TMED4	0	-	4393
chr1	204365620	204381015	PPP1R15B	0	-	15395
chr7	130146079	130353588	COPG2	0	-	207509
chr11	76155967	76264075	EMSY	0	+	108108
chrX	55246779	55250541	PAGE5	0	+	3762
chr8	41434706	41482520	GPAT4	0	+	47814
chr7	47779800	47988063	PKD1L1	0	-	208263
chr6	28346732	28367524	ZSCAN12	0	-	20792
chr1	159887897	159895297	TAGLN2	0	-	7400
chr1	205566684	205601139	ELK4	0	-	34455
chr1	205626979	205649637	SLC45A3	0	-	22658
chr1	159750722	159752333	DUSP23	0	+	1611
chr16	88762907	88772816	RNF166	0	-	9909
chr1	19923473	19984949	NBL1	0	+	61476
chr1	19991368	20007459	HTR6	0	+	16091
chr1	161009041	161015767	USF1	0	-	6726
chr16	89762765	89768113	SPATA2L	0	-	5348
chr1	161090764	161102478	DEDD	0	-	11714
chr8	21881636	21894408	NPM2	0	+	12772
chrX	68835911	69259322	EDA	0	+	423411
chr8	21899909	21906320	FGF17	0	+	6411
chr1	20915579	20945396	CDA	0	+	29817
chr1	20959951	20978004	PINK1	0	+	18053
chr8	21906506	21940038	DMTN	0	+	33532
chr8	21946661	21962422	FHIP2B	0	+	15761
chr1	161166894	161184513	NDUFS2	0	+	17619
chr16	24857162	24922949	SLC5A11	0	+	65787
chr1	161185024	161190489	FCER1G	0	+	5465
chr1	161192082	161193421	APOA2	0	-	1339
chr1	161274525	161279758	MPZ	0	-	5233
chr17	44910567	44964096	WNT9B	0	+	53529
chr1	64935812	65158741	CACHD1	0	+	222929
chr5	130581186	130734140	CDC42SE2	0	+	152954
chr1	29213603	29446558	EPB41	0	+	232955
chr21	33640539	33651360	MIS18A	0	-	10821
chr11	77806290	77850706	ALG8	0	-	44416
chr9	139834887	139839190	FBXW5	0	-	4303
chr21	34001069	34100351	SYNJ1	0	-	99282
chr21	34106210	34144103	PAXBP1	0	-	37893
chr17	45900638	45908907	MRPL10	0	-	8269
chr21	34775719	34851655	IFNGR2	0	+	75936
chr21	34876238	34915797	GART	0	-	39559
chr1	149874870	149889396	SV2A	0	-	14526
chr1	201349961	201369043	LAD1	0	-	19082
chr8	23699442	23712319	STC1	0	-	12877
chr1	201372896	201398994	TNNI1	0	-	26098
chr1	201452658	201478584	CSRP1	0	-	25926
chr17	46802125	46806112	HOXB13	0	-	3987
chr21	35736305	35743680	KCNE2	0	+	7375
chr17	46970127	46973233	ATP5MC1	0	+	3106
chr17	46985769	47006418	UBE2Z	0	+	20649
chr1	150254953	150259505	CIART	0	+	4552
chr17	47006678	47022204	SNF8	0	-	15526
chr21	36041293	36090525	CLIC6	0	+	49232
chr21	36160098	37376965	RUNX1	0	-	1216867
chr17	47074747	47133507	IGF2BP1	0	+	58760
chr21	37507377	37518860	CBR3	0	+	11483
chr2	74620963	74648789	ENSG00000159239	0	-	27826
chr15	35082431	35087750	ACTC1	0	-	5319
chr21	37692487	37758446	MORC3	0	+	65959
chr21	37832919	37948867	CLDN14	0	-	115948
chr21	38120927	38362536	HLCS	0	-	241609
chr22	43593286	43739378	SCUBE1	0	-	146092
chr17	43471268	43511787	ARHGAP27	0	-	40519
chr15	73043635	73078187	ADPGK	0	-	34552
chr1	202909954	202927700	ADIPOR1	0	-	17746
chr1	202931001	202936403	CYB5R1	0	-	5402
chr1	151227185	151239955	PSMD4	0	+	12770
chr1	17312453	17338423	ATP13A2	0	-	25970
chr2	74785010	74875465	M1AP	0	-	90455
chr1	151372036	151374413	PSMB4	0	+	2377
chr16	55358115	55364668	IRX6	0	+	6553
chr1	203274619	203278730	BTG2	0	+	4111
chr2	75061254	75120486	HK2	0	+	59232
chr12	7187513	7245203	KNOWN	0	-	57690
chr15	42867804	43013196	STARD9	0	+	145392
chr1	151843342	151882113	THEM4	0	-	38771
chr1	152078793	152087920	TCHH	0	-	9127
chr15	43235095	43398311	UBR1	0	-	163216
chr16	56395364	56459457	AMFR	0	-	64093
chr1	43849588	43855479	MED8	0	-	5891
chr15	43568469	43594453	TGM7	0	-	25984
chr22	24030323	24041363	RGL4	0	+	11040
chr1	153122058	153123366	SPRR2G	0	-	1308
chr1	153269592	153285428	PGLYRP3	0	-	15836
chr15	76629114	76634816	ISL2	0	+	5702
chr16	57220049	57274381	RSPRY1	0	+	54332
chr1	46085716	46089729	CCDC17	0	-	4013
chr1	46092976	46153785	GPBP1L1	0	-	60809
chr16	66836778	66907159	NAE1	0	-	70381
chr16	57576555	57625593	ADGRG5	0	+	49038
chr16	57728705	57765717	DRC7	0	+	37012
chr16	58010339	58022020	TEPP	0	+	11681
chr3	126200009	126236616	UROC1	0	-	36607
chr1	47140331	47184818	EFCAB14	0	-	44487
chr4	1160720	1202750	SPON2	0	-	42030
chr3	126423083	126679263	CHCHD6	0	+	256180
chr4	1205233	1244121	CTBP1	0	-	38888
chr16	67360701	67419107	LRRC36	0	+	58406
chr16	67423712	67427421	TPPP3	0	-	3709
chr16	67428055	67450736	ZDHHC1	0	-	22681
chr16	67471917	67515084	ATP6V0D1	0	-	43167
chr16	67516474	67517450	AGRP	0	-	976
chr4	2271309	2420378	ZFYVE28	0	-	149069
chr16	67678891	67691472	CARMIL2	0	+	12581
chr7	142829170	142836832	PIP	0	+	7662
chr7	143050493	143059863	FAM131B	0	-	9370
chr4	3294748	3441640	RGS12	0	+	146892
chr16	67927157	67963579	PSKH1	0	+	36422
chr17	906759	1133032	ABR	0	-	226273
chr19	44290026	44331358	LYPD5	0	-	41332
chr22	29168662	29185289	CCDC117	0	+	16627
chr19	44507109	44518076	ZNF230	0	+	10967
chr9	35791000	35809729	NPR2	0	+	18729
chr19	44455375	44471861	ZNF221	0	+	16486
chr19	44732882	44809199	ZNF235	0	-	76317
chr22	42318036	42322810	TNFRSF13C	0	-	4774
chr19	47364254	47508334	ARHGAP35	0	+	144080
chr19	47123725	47128346	PTGIR	0	-	4621
chr19	47104331	47114039	CALM3	0	+	9708
chr1	32666196	32671054	CCDC28B	0	+	4858
chr1	32671272	32674283	IQCC	0	+	3011
chr1	32830234	32860332	BSDC1	0	-	30098
chr1	1407145	1433228	ATAD3B	0	+	26083
chr1	1477053	1510243	SSU72	0	-	33190
chr1	1189289	1209244	UBE2J2	0	-	19955
chr1	33722093	33766320	ZNF362	0	+	44227
chr1	33327869	33338083	FNDC5	0	-	10214
chr19	17003762	17137625	CPAMD8	0	-	133863
chr3	122078438	122102078	MIX23	0	-	23640
chrX	150564987	150577836	VMA21	0	+	12849
chr3	123752216	124445172	KALRN	0	+	692956
chr19	19649057	19657468	CILP2	0	+	8411
chr21	43619799	43717354	ABCG1	0	+	97555
chr21	43731777	43735519	TFF3	0	-	3742
chr21	43766466	43771106	TFF2	0	-	4640
chr21	43782391	43786644	TFF1	0	-	4253
chr21	43791996	43816200	TMPRSS3	0	-	24204
chr21	43823556	43867794	UBASH3A	0	+	44238
chr21	43916118	44001550	SLC37A1	0	+	85432
chr21	44073731	44195619	PDE9A	0	+	121888
chr21	44263204	44299678	WDR4	0	-	36474
chr21	44299754	44333414	NDUFV3	0	+	33660
chr21	44394620	44454041	PKNOX1	0	+	59421
chr21	44473301	44497053	CBS	0	-	23752
chr21	44513066	44527680	U2AF1	0	-	14614
chr21	44949066	45079369	HSF2BP	0	-	130303
chr21	45079441	45115960	RRP1B	0	+	36519
chr21	45138975	45182188	PDXK	0	+	43213
chrX	153746149	153775787	G6PD	0	-	29638
chr21	45192392	45196211	CSTB	0	-	3819
chr21	45209394	45225174	RRP1	0	+	15780
chr21	45285104	45407473	AGPAT3	0	+	122369
chr21	45432190	45526433	TRAPPC10	0	+	94243
chrX	153903526	153979858	GAB3	0	-	76332
chr21	45553492	45629997	GATD3	0	+	76505
chr21	45635265	45661329	ICOSLG	0	-	26064
chr21	45748827	45759285	CFAP410	0	-	10458
chr19	20959110	20992801	ZNF66	0	+	33691
chr21	45875393	45882079	LRRC3	0	+	6686
chr21	46305868	46351904	ITGB2	0	-	46036
chr21	46359927	46396904	SLX9	0	+	36977
chr21	47556074	47575493	FTCD	0	-	19419
chr21	47581062	47604390	SPATC1L	0	-	23328
chr21	47608055	47648738	LSS	0	-	40683
chr9	136627016	136857726	VAV2	0	-	230710
chr21	47655047	47706211	MCM3AP	0	-	51164
chr21	47720095	47743789	C21orf58	0	-	23694
chr21	47744038	47865682	PCNT	0	+	121644
chr21	47878804	47989928	DIP2A	0	+	111124
chr21	48018517	48025121	S100B	0	-	6604
chr21	48055507	48085036	PRMT2	0	+	29529
chr19	51870352	51872257	CLDND2	0	-	1905
chr19	22115760	22193751	ZNF208	0	-	77991
chr9	136279478	136324524	ADAMTS13	0	+	45046
chr9	136325087	136335970	CACFD1	0	+	10883
chr9	136336216	136344249	SLC2A6	0	-	8033
chr19	53935237	53965116	ZNF761	0	+	29879
chr9	137772656	137779369	FCN2	0	+	6713
chr9	138387027	138393580	PIERCE1	0	-	6553
chr19	21264965	21308073	KNOWN	0	+	43108
chr9	139221932	139254057	GPSM1	0	+	32125
chr9	130469267	130478281	CFAP157	0	+	9014
chr19	41082759	41097305	SHKBP1	0	+	14546
chr19	55550476	55582659	RDH13	0	-	32183
chr9	131492065	131534693	ZER1	0	-	42628
chr9	131464782	131483195	PKN3	0	+	18413
chr19	40972148	41082370	SPTBN4	0	+	110222
chr19	55793440	55823930	BRSK1	0	+	30490
chr19	55888194	55889614	TMEM190	0	+	1420
chr9	134164846	134234409	PLPP7	0	+	69563
chr17	27717381	27878921	TAOK1	0	+	161540
chr9	134728315	134955254	MED27	0	-	226939
chr19	42702750	42724292	DEDD2	0	-	21542
chr11	116714118	116969153	SIK3	0	-	255035
chr11	118097405	118123080	MPZL3	0	-	25675
chr11	118064440	118095809	JAML	0	-	31369
chr17	27052915	27070473	NEK8	0	+	17558
chr11	117075053	117103241	PCSK7	0	-	28188
chr19	5623046	5668489	SAFB	0	+	45443
chr11	118215059	118225876	CD3G	0	+	10817
chr1	153606458	153618782	CHTOP	0	+	12324
chr1	154975106	154990999	ZBTB7B	0	+	15893
chr1	154955814	154965587	FLAD1	0	+	9773
chr1	154934774	154946871	SHC1	0	-	12097
chr11	118938529	118952682	VPS11	0	+	14153
chr11	119037277	119054725	NLRX1	0	+	17448
chr1	154554171	154600489	ADAR	0	-	46318
chr1	154377669	154441926	IL6R	0	+	64257
chr1	154521053	154531504	UBE2Q1	0	-	10451
chr1	154540254	154552489	CHRNB2	0	+	12235
chr1	153920145	153931091	CRTC2	0	-	10946
chr3	43396351	43733086	ANO10	0	-	336735
chr1	155278539	155290457	FDPS	0	+	11918
chr1	155290685	155300905	RUSC1	0	+	10220
chr1	155216996	155225274	FAM189B	0	-	8278
chr1	156163723	156182587	SLC25A44	0	+	18864
chr1	156052364	156109872	LMNA	0	+	57508
chr3	46412437	46417697	CCR5	0	+	5260
chr3	46963216	47023500	CCDC12	0	-	60284
chr1	156005090	156023589	UBQLN4	0	-	18499
chr3	46876601	46923662	MYL3	0	-	47061
chr7	100032905	100034120	PPP1R35	0	-	1215
chr1	156890424	156902886	LRRC71	0	+	12462
chr1	157644111	157670559	FCRL3	0	-	26448
chr7	99564343	99573665	AZGP1	0	-	9322
chr5	176513906	176525145	FGFR4	0	+	11239
chr19	13227676	13251961	NACC1	0	+	24285
chr8	143781529	143786545	LY6K	0	+	5016
chr19	13261225	13265725	IER2	0	+	4500
chr7	99071500	99102480	ZNF394	0	-	30980
chr8	144099399	144105249	LY6E	0	+	5850
chr8	145648984	145653946	VPS28	0	-	4962
chr8	145654158	145669823	TONSL	0	-	15665
chr19	14583278	14586166	PTGER1	0	-	2888
chr19	1354710	1378430	PWWP3A	0	+	23720
chr8	145736671	145743229	RECQL4	0	-	6558
chr8	145743376	145750556	LRRC14	0	+	7180
chr7	101006156	101202304	COL26A1	0	+	196148
chr8	145703352	145727504	PPP1R16A	0	+	24152
chr7	102073553	102097272	ORAI2	0	+	23719
chr7	101928382	101962178	SH2B2	0	+	33796
chr5	179233398	179265078	SQSTM1	0	+	31680
chr8	146015150	146017972	RPL8	0	-	2822
chr5	179159823	179204284	MAML1	0	+	44461
chr19	15579456	15609767	PGLYRP2	0	-	30311
chr7	102105403	102113615	LRWD1	0	+	8212
chr7	102453285	102715286	FBXL13	0	-	262001
chr7	102740223	102790007	NAPEPLD	0	-	49784
chr5	180017105	180018499	SCGB3A1	0	-	1394
chr19	3224659	3297074	CELF5	0	+	72415
chr19	3538259	3574288	MFSD12	0	-	36029
chr22	18834324	18848562	NOVEL	0	+	14238
chr22	21982378	21984353	YDJC	0	-	1975
chr22	21987005	21991618	CCDC116	0	+	4613
chr3	183873165	183891402	DVL3	0	+	18237
chr3	183892477	183902002	AP2M1	0	+	9525
chr3	183903883	183911800	ABCF3	0	+	7917
chr3	195941093	196014828	PCYT1A	0	-	73735
chr19	39481354	39523425	FBXO27	0	-	42071
chr19	35988122	36004560	DMKN	0	-	16438
chr3	197236654	197300194	BDH1	0	-	63540
chr19	36316274	36360189	NPHS1	0	-	43915
chr19	36641824	36643351	COX7A1	0	-	1527
chr11	537527	554912	LRRC56	0	+	17385
chr17	37219566	37310647	PLXDC1	0	-	91081
chr17	37913971	38020565	IKZF3	0	-	106594
chr17	72838162	72857627	GRIN2C	0	-	19465
chr17	72858619	72869156	FDXR	0	-	10537
chr17	73663331	73704142	SAP30BP	0	+	40811
chr17	73937588	73975258	ACOX1	0	-	37670
chr17	74305559	74380602	PRPSAP1	0	-	75043
chr19	52308069	52394203	ZNF577	0	-	86134
chr19	48835613	48867316	TMEM143	0	-	31703
chr17	34745936	34808104	KNOWN	0	-	62168
chr17	39991937	40004636	KLHL10	0	+	12699
chr19	49891476	49921247	KASH5	0	+	29771
chr12	55038373	55042277	DCD	0	-	3904
chr12	54789045	54813050	ITGA5	0	-	24005
chr12	54762917	54785082	ZNF385A	0	-	22165
chr19	50472857	50479076	SIGLEC16	0	+	6219
chr17	41878167	41910538	MPP3	0	-	32371
chr17	41924516	41941007	CD300LG	0	+	16491
chr17	42081990	42086436	NAGS	0	+	4446
chr17	42111696	42144987	LSM12	0	-	33291
chr17	42247815	42256452	ASB16	0	+	8637
chr19	50979657	50994128	EMC10	0	+	14471
chr19	51009255	51014477	JOSD2	0	-	5222
chr19	51162512	51223059	SHANK1	0	-	60547
chr17	42430583	42441221	FAM171A2	0	-	10638
chr17	42785976	42829632	DBF4B	0	+	43656
chr12	50355655	50359465	AQP5	0	+	3810
chr12	50370706	50426919	RACGAP1	0	-	56213
chr12	50786166	50873787	LARP4	0	+	87621
chr12	52400730	52409673	TAMALIN	0	+	8943
chr19	10426888	10444314	RAVER1	0	-	17426
chr6	33689439	33714682	IP6K3	0	-	25243
chr6	33738979	33756907	LEMD2	0	-	17928
chr17	4534214	4545589	ALOX15	0	-	11375
chr6	41117075	41122085	TREML1	0	-	5010
chr17	4636828	4643223	CXCL16	0	-	6395
chr17	5112215	5138155	SCIMP	0	-	25940
chr17	6915954	6920839	RNASEK-C17orf49	0	+	4885
chr17	6926369	6933609	BCL6B	0	+	7240
chr17	7004641	7019019	ASGR2	0	-	14378
chr17	7341592	7348256	FGF11	0	+	6664
chr17	8280834	8286531	RPL26	0	-	5697
chr16	96407	103608	POLR3K	0	-	7201
chr16	103828	107669	SNRNP25	0	+	3841
chr16	699311	717833	WDR90	0	+	18522
chr16	731670	734528	JMJD8	0	-	2858
chr16	819428	833370	MSLNL	0	-	13942
chr16	1826713	1843701	SPSB3	0	-	16988
chr16	1961476	1968416	HS3ST6	0	-	6940
chr16	2510087	2514964	TEDC2	0	+	4877
chr16	2479395	2508855	CCNF	0	+	29460
chr16	2525052	2559561	TBC1D24	0	+	34509
chr16	2521298	2524146	NTN3	0	+	2848
chr16	3077683	3086945	BICDL2	0	-	9262
chr16	2933214	2949383	FLYWCH2	0	+	16169
chr16	2880254	2889586	ZG16B	0	+	9332
chr16	3355406	3368852	ZNF75A	0	+	13446
chr16	4003388	4166443	ADCY9	0	-	163055
chr11	70313959	70963623	SHANK2	0	-	649664
chr11	71996539	72145724	CLPB	0	-	149185
chr11	74699324	74729938	NEU3	0	+	30614
chr11	62104920	62160884	ASRGL1	0	+	55964
chr11	62443970	62446589	UBXN1	0	-	2619
chr11	62495541	62507765	TTC9C	0	+	12224
chr11	62559595	62573774	NXF1	0	-	14179
chr11	62574332	62599523	STX5	0	-	25191
chr11	65142663	65151172	SLC25A45	0	-	8509
chr3	52027538	52029911	RPL29	0	-	2373
chr3	52828784	52843025	ITIH3	0	+	14241
chr11	64889252	64902003	SYVN1	0	-	12751
chr11	64126620	64139687	RPS6KA4	0	+	13067
chr11	68080059	68216743	LRP5	0	+	136684
chr11	69513006	69518790	FGF19	0	-	5784
chr1	47649254	47656716	PDZK1IP1	0	-	7462
chr1	47681962	47697897	TAL1	0	-	15935
chr1	47799462	47860538	CMPK1	0	+	61076
chr1	50489701	50669444	ELAVL4	0	+	179743
chr1	53150121	53164019	COA7	0	-	13898
chr1	53192125	53293008	ZYG11B	0	+	100883
chr1	53552851	53608310	SLC1A7	0	-	55459
chr1	53692572	53704190	MAGOH	0	-	11618
chr1	55007930	55104865	ACOT11	0	+	96935
chr1	55222571	55230196	PARS2	0	-	7625
chr1	55271736	55307925	LEXM	0	+	36189
chr1	55464606	55482845	BSND	0	+	18239
chr1	55532032	55681037	USP24	0	-	149005
chr1	6581407	6614573	NOL9	0	-	33166
chr1	57110987	57181008	PRKAA2	0	+	70021
chr1	6650784	6674667	KLHL21	0	-	23883
chr1	45482071	45771881	ZSWIM5	0	-	289810
chr1	28995290	29045865	GMEB1	0	+	50575
chr1	8378174	8404227	SLC45A1	0	+	26053
chr1	26126684	26144712	SELENON	0	+	18028
chr1	65613232	65697828	AK4	0	+	84596
chr1	65298906	65533437	JAK1	0	-	234531
chr1	9982171	10003465	LZIC	0	-	21294
chr1	10057264	10076079	RBP7	0	+	18815
chr1	16083102	16113089	FBLIM1	0	+	29987
chr1	16062753	16067887	SLC25A34	0	+	5134
chr1	19609067	19615264	AKR7A3	0	-	6197
chr1	11751767	11785914	DRAXIN	0	+	34147
chr1	13909960	13944452	PDPN	0	+	34492
chr1	13801441	13840498	LRRC38	0	-	39057
chr1	12627939	12678216	DHRS3	0	-	50277
chr1	31184124	31196432	MATN1	0	-	12308
chr1	31205316	31230621	LAPTM5	0	-	25305
chr1	31342313	31381605	SDC3	0	-	39292
chr1	32095467	32110497	PEF1	0	-	15030
chr1	33116743	33151812	RBBP4	0	+	35069
chr1	33207431	33240571	KIAA1522	0	+	33140
chr1	32817122	32829913	TSSK3	0	+	12791
chr1	20008733	20126438	TMCO4	0	-	117705
chr1	20808884	20812703	CAMK2N1	0	-	3819
chr1	21835890	21904903	ALPL	0	+	69013
chr1	22443806	22470462	WNT4	0	-	26656
chr1	1109260	1133316	TTLL10	0	+	24056
chr1	1215816	1227409	SCNN1D	0	+	11593
chr1	1288069	1297157	MXRA8	0	-	9088
chr1	3404515	3528072	MEGF6	0	-	123557
chr1	3663024	3688209	CCDC27	0	+	25185
chr1	68511569	68517400	DIRAS3	0	-	5831
chr1	60452941	60539442	C1orf87	0	-	86501
chr1	61330931	61928460	NFIA	0	+	597529
chr1	59109112	59165762	MYSM1	0	-	56650
chr1	62146718	62191095	TM2D1	0	-	44377
chr1	62901968	62917475	USP1	0	+	15507
chr1	78409740	78444794	FUBP1	0	-	35054
chr1	78354198	78409580	NEXN	0	+	55382
chr1	79355449	79747809	ADGRL4	0	-	392360
chr1	74491699	74663871	LRRIQ3	0	-	172172
chr1	75198836	75232362	TYW3	0	+	33526
chr1	75594119	75627218	LHX8	0	+	33099
chr1	99127257	99226056	SNX7	0	+	98799
chr1	107682629	108027545	NTNG1	0	+	344916
chr1	109102711	109187522	FAM102B	0	+	84811
chr1	109190912	109204148	HENMT1	0	-	13236
chr1	109358520	109506106	AKNAD1	0	-	147586
chr1	85715636	85725355	C1orf52	0	-	9719
chr1	85464830	85598821	DNAI3	0	+	133991
chr1	89571815	89616139	GBP2	0	-	44324
chr1	110026101	110035426	ATXN7L2	0	+	9325
chr1	89646827	89664625	GBP4	0	-	17798
chr1	90460669	90501092	ZNF326	0	+	40423
chr1	91726323	91870413	HFM1	0	-	144090
chr1	190066788	190447534	BRINP3	0	-	380746
chr1	92938600	92952482	GFI1	0	-	13882
chr1	196194909	196578355	KCNT2	0	-	383446
chr1	100315917	100389579	AGL	0	+	73662
chr1	101185298	101204601	VCAM1	0	+	19303
chr1	101337928	101360735	EXTL2	0	-	22807
chr1	101361632	101447313	SLC30A7	0	+	85681
chr1	200374068	200379184	ZNF281	0	-	5116
chr1	183589981	183604918	ARPC5	0	-	14937
chr1	247579458	247612410	NLRP3	0	+	32952
chr1	247460714	247495169	ZNF496	0	-	34455
chr1	248020489	248043440	TRIM58	0	+	22951
chr1	159921282	159924027	SLAMF9	0	-	2745
chr1	160051328	160060353	KCNJ9	0	+	9025
chr1	160061130	160068733	IGSF8	0	-	7603
chr1	162601163	162757195	DDR2	0	+	156032
chr1	160175170	160185166	PEA15	0	+	9996
chr1	160370354	160398460	VANGL2	0	+	28106
chr1	160454820	160493052	SLAMF6	0	-	38232
chr1	161952982	161993659	OLFML2B	0	-	40677
chr1	161691334	161697933	FCRLB	0	+	6599
chr1	173469599	173572211	SLC9C2	0	-	102612
chr1	161068151	161070136	KLHDC9	0	+	1985
chr1	165171104	165325952	LMX1A	0	-	154848
chr1	213031617	213072705	FLVCR1	0	+	41088
chr1	212738676	212794119	ATF3	0	+	55443
chr1	110881128	110889303	RBM15	0	+	8175
chr1	179334855	179523870	AXDND1	0	+	189015
chr1	179560748	179660407	TDRD5	0	+	99659
chr1	181057836	181062036	IER5	0	+	4200
chr2	241938035	242034983	SNED1	0	+	96948
chr1	220230824	220263804	BPNT1	0	-	32980
chr1	217804666	218045038	SPATA17	0	+	240372
chr1	220863705	220872495	C1orf115	0	+	8790
chr1	144146808	144224481	PUTATIVE	0	+	77673
chr1	147101453	147142646	ACP6	0	-	41193
chr1	245318287	245872734	KIF26B	0	+	554447
chr1	246703863	246729563	TFB2M	0	-	25700
chr1	246729746	246831897	CNST	0	+	102151
chr2	48667737	48742530	PPP1R21	0	+	74793
chr1	205305189	205326218	KLHDC8A	0	-	21029
chr1	205797153	205819260	PM20D1	0	-	22107
chr2	42275161	42285657	PKDCC	0	+	10496
chr2	42989639	42991275	OXER1	0	-	1636
chr2	42994229	43019733	HAAO	0	-	25504
chr1	206858250	206907626	MAPKAPK2	0	+	49376
chr1	207038968	207042568	IL20	0	+	3600
chr1	207076662	207096592	FCMR	0	-	19930
chr1	207101867	207119811	PIGR	0	-	17944
chr1	223889295	223963720	CAPN2	0	+	74425
chr1	228294380	228297013	MRPL55	0	-	2633
chr2	61108626	61158747	REL	0	+	50121
chr2	61167357	61245394	PUS10	0	-	78037
chr2	61293006	61365169	SANBR	0	+	72163
chr1	228595636	228604562	TRIM17	0	-	8926
chr2	198432948	198540769	RFTN2	0	-	107821
chr1	231762536	232177018	DISC1	0	+	414482
chr2	30945637	31043408	CAPN13	0	-	97771
chr2	32092878	32264874	DPY30	0	-	171996
chr2	200820040	200873263	MAIP1	0	+	53223
chr2	11052060	11054351	KCNF1	0	+	2291
chr2	11295324	11318996	SLC66A3	0	+	23672
chr2	14772824	14790938	LRATD1	0	+	18114
chr2	155554367	155714866	KCNJ3	0	+	160499
chr2	55399683	55459699	CLHC1	0	-	60016
chr2	183698002	183731365	FRZB	0	-	33363
chr2	183943287	183964736	DUSP19	0	+	21449
chr2	55746740	55772215	CFAP36	0	+	25475
chr2	183982241	184026408	NUP35	0	+	44167
chr2	109403213	109501933	CCDC138	0	+	98720
chr2	73481810	73511606	FBXO41	0	-	29796
chr2	74119441	74146992	ACTG2	0	+	27551
chr2	17845079	17981509	SMC6	0	-	136430
chr2	17720393	17838285	VSNL1	0	+	117892
chr2	132285248	132291239	CCDC74A	0	+	5991
chr1	226249552	226259720	H3-3A	0	+	10168
chr2	132905164	133015542	ANKRD30BL	0	-	110378
chr2	230899698	230933709	SLC16A14	0	-	34011
chr2	95537175	95542568	TEKT4	0	+	5393
chr2	119599747	119605224	EN1	0	-	5477
chr4	52886872	52904465	SGCB	0	-	17593
chr4	52917470	52963465	SPATA18	0	+	45995
chr2	120302008	120419827	CFAP221	0	+	117819
chr2	223289262	223427340	SGPP2	0	+	138078
chr2	121103712	121109379	INHBB	0	+	5667
chr4	95128762	95212443	SMARCAD1	0	+	83681
chr4	95219686	95264027	HPGDS	0	-	44341
chr4	95373008	95589378	PDLIM5	0	+	216370
chr2	97163383	97173846	NEURL3	0	-	10463
chr1	150335567	150449042	RPRD2	0	+	113475
chr2	97490263	97523671	ANKRD23	0	-	33408
chr1	150702555	150738433	CTSS	0	-	35878
chr4	4861392	4865663	MSX1	0	+	4271
chr1	151008797	151020196	BNIPL	0	+	11399
chr4	15341442	15447791	C1QTNF7	0	+	106349
chr1	151129140	151142772	SCNM1	0	+	13632
chr1	151148780	151167797	VPS72	0	-	19017
chr2	128014866	128051742	ERCC3	0	-	36876
chr2	101887681	101925163	RNF149	0	-	37482
chr2	128193783	128284462	IWS1	0	-	90679
chr2	74362527	74375039	BOLA3	0	-	12512
chr2	37869025	37965611	CDC42EP3	0	-	96586
chr1	152004982	152020383	S100A11	0	-	15401
chr1	152551857	152552992	LCE3D	0	-	1135
chr1	152881022	152884362	IVL	0	+	3340
chr1	152974223	152976332	SPRR3	0	+	2109
chr2	39024871	39103075	DHX57	0	-	78204
chr1	153012208	153014407	SPRR2D	0	-	2199
chr1	153302596	153321317	PGLYRP4	0	-	18721
chr2	68906733	69053965	ARHGAP25	0	+	147232
chr1	153330330	153333499	S100A9	0	+	3169
chr1	153346187	153348097	S100A12	0	-	1910
chr2	70674416	70781325	TGFA	0	-	106909
chr1	154474695	154520623	TDRD10	0	+	45928
chr2	208576264	208626563	CCNYL1	0	+	50299
chr2	208627322	208634630	FZD5	0	-	7308
chr4	17802278	17812381	DCAF16	0	-	10103
chr1	154171561	154178809	CFAP141	0	-	7248
chr2	232786519	232791106	NPPC	0	-	4587
chr4	44684217	44728605	GNPDA2	0	-	44388
chr4	47916159	48042190	NIPAL1	0	+	126031
chr4	80822300	81046608	ANTXR2	0	-	224308
chr4	84328496	84377008	HELQ	0	-	48512
chr3	88101094	88199035	CGGBP1	0	-	97941
chr4	84380670	84444501	ABRAXAS1	0	-	63831
chr2	175296299	175351822	GPR155	0	-	55523
chr2	159651829	159719293	DAPL1	0	+	67464
chr1	154897216	154909195	PMVK	0	-	11979
chr1	154916552	154928599	PBXIP1	0	-	12047
chr3	190023496	190040235	CLDN1	0	-	16739
chr1	114471946	114520491	HIPK1	0	+	48545
chr1	154966062	154966791	LENEP	0	+	729
chr1	155006300	155023406	DCST1	0	+	17106
chr2	238232646	238322971	COL6A3	0	-	90325
chr1	200860176	200884870	INAVA	0	+	24694
chr3	67048731	67061634	KBTBD8	0	+	12903
chr3	68780917	69002448	TAFA4	0	-	221531
chr3	69024368	69062835	EOGT	0	-	38467
chr1	156561548	156579299	NAXE	0	+	17751
chr3	119187810	119213555	POGLUT1	0	+	25745
chr1	116519134	116612675	SLC22A15	0	+	93541
chr4	26483018	26492106	CCKAR	0	-	9088
chr1	201159952	201198080	IGFN1	0	+	38128
chr1	116915290	116952883	ATP1A1	0	+	37593
chr3	121613248	121663035	SLC15A2	0	+	49787
chr3	71820806	71834357	PROK2	0	-	13551
chr3	120043356	120068201	LRRC58	0	-	24845
chr3	120111140	120169840	FSTL1	0	-	58700
chr1	201865584	201915716	LMOD1	0	-	50132
chr1	201977073	201986311	ELF3	0	+	9238
chr4	56422686	56458412	PDCL2	0	-	35726
chr1	202976502	202993976	TMEM183A	0	+	17474
chr2	216946589	216967506	TMEM169	0	+	20917
chr4	57896939	57976551	IGFBP7	0	-	79612
chr2	219027564	219031685	CXCR1	0	-	4121
chr2	219081864	219119079	ARPC2	0	+	37215
chr1	156278759	156337664	CCT3	0	-	58905
chr1	156252726	156262976	TMEM79	0	+	10250
chr1	155978839	155990742	SSR2	0	-	11903
chr2	219528615	219536725	RNF25	0	-	8110
chr2	219536792	219567439	STK36	0	+	30647
chr1	203059782	203136533	ADORA1	0	+	76751
chr1	206516200	206637783	KNOWN	0	+	121583
chr3	27147975	27410951	NEK10	0	-	262976
chr2	219854911	219858144	CRYBA2	0	-	3233
chr3	108268711	108308491	CIP2A	0	-	39780
chr3	27757440	27764202	EOMES	0	-	6762
chr2	180809603	180872024	CWC22	0	-	62421
chr3	30648093	30735634	TGFBR2	0	+	87541
chr3	13521224	13547924	HDAC11	0	+	26700
chr3	108541617	108573852	TRAT1	0	+	32235
chr3	13590625	13679922	FBLN2	0	+	89297
chr2	220101320	220110200	GLB1L	0	-	8880
chr3	31574130	31679108	STT3B	0	+	104978
chr3	14153577	14166370	CHCHD4	0	-	12793
chr1	204797779	204991950	NFASC	0	+	194171
chr2	201374731	201448819	SGO2	0	+	74088
chr3	167453031	167543357	SERPINI1	0	+	90326
chr3	33537737	33759848	CLASP2	0	-	222111
chr2	84650652	84687169	SUCLG1	0	-	36517
chr1	205271191	205290873	NUAK2	0	-	19682
chr3	169940212	170023765	PRKCI	0	+	83553
chr1	158801141	158819296	MNDA	0	+	18155
chr1	158900586	158946849	PYHIN1	0	+	46263
chr1	158969758	159024945	IFI16	0	+	55187
chr1	159031389	159157633	AIM2	0	-	126244
chr3	19920964	19988517	EFHB	0	-	67553
chr3	170606207	170626433	EIF5A2	0	-	20226
chr3	170582664	170587997	RPL22L1	0	-	5333
chr3	160473390	160796690	PPM1L	0	+	323300
chr2	203637873	203736489	ICA1L	0	-	98616
chr2	204718611	204738688	CTLA4	0	+	20077
chr2	204801486	204826300	ICOS	0	+	24814
chr3	72420976	72495772	RYBP	0	-	74796
chr3	112640052	112693950	CD200R1	0	-	53898
chr3	112709831	112733907	GTPBP8	0	+	24076
chr3	113161565	113234034	SPICE1	0	-	72469
chr3	113682984	113775441	CCDC191	0	-	92457
chr3	62384021	62861091	CADPS	0	-	477070
chr4	85413138	85420445	NKX6-1	0	-	7307
chr4	85504280	85572487	CDS1	0	+	68207
chr4	85590750	85887843	WDFY3	0	-	297093
chr4	73918079	73935472	COX18	0	-	17393
chr4	74262831	74287199	ALB	0	+	24368
chr3	63848831	63989138	ATXN7	0	+	140307
chr3	63996226	64009686	PSMD6	0	-	13460
chr3	64077912	64431152	PRICKLE2	0	-	353240
chr3	64501330	64673676	ADAMTS9	0	-	172346
chr4	89178772	89205921	PPM1K	0	-	27149
chr3	150377672	150421758	ERICH6	0	-	44086
chr3	155588439	155661809	GMPS	0	+	73370
chr3	156391024	156424559	TIPARP	0	+	33535
chr3	156864297	156878549	CCNL1	0	-	14252
chr3	57231866	57261634	HESX1	0	-	29768
chr3	36753912	36806044	DCLK3	0	-	52132
chr3	57741177	57915730	SLMAP	0	+	174553
chr4	39454207	39460551	RPL9	0	-	6344
chr4	39547956	39640522	SMIM14	0	-	92566
chr3	58291972	58310422	RPP14	0	+	18450
chr3	58223259	58281420	ABHD6	0	+	58161
chr3	58177984	58200424	DNASE1L3	0	-	22440
chr3	58703092	59035810	CFAP20DC	0	-	332718
chr4	40425284	40632892	RBM47	0	-	207608
chr4	40812044	41218731	APBB2	0	-	406687
chr3	9944296	9958086	IL17RE	0	+	13790
chr3	9987226	9994092	PRRT3	0	-	6866
chr3	142534764	142608048	PCOLCE2	0	-	73284
chr3	142683339	142779567	U2SURP	0	+	96228
chr3	9691117	9744077	MTMR14	0	+	52960
chr4	74902306	74904524	CXCL3	0	-	2218
chr4	74861359	74864394	CXCL5	0	-	3035
chr4	74979891	75168816	MTHFD2L	0	+	188925
chr4	74735110	74737025	CXCL1	0	+	1915
chr3	146109208	146213778	PLSCR2	0	-	104570
chr4	77234150	77343021	CCDC158	0	-	108871
chr3	148583083	148614990	CPA3	0	+	31907
chr3	149036285	149052201	TM4SF18	0	-	15916
chr3	133317019	133381224	TOPBP1	0	-	64205
chr3	133784147	133969701	RYK	0	-	185554
chr2	27886293	27918233	SLC4A1AP	0	+	31940
chr2	28680012	28867008	PLB1	0	+	186996
chr2	29005383	29073477	SPDYA	0	+	68094
chr3	44779153	44803111	KIAA1143	0	-	23958
chr3	44803213	44914868	KIF15	0	+	111655
chr2	29117533	29171085	WDR43	0	+	53552
chr3	44956749	45017677	ZDHHC3	0	-	60928
chr3	45123769	45187914	CDCP1	0	-	64145
chr3	45043040	45077563	CLEC3B	0	+	34523
chr3	45796941	45838066	SLC6A20	0	-	41125
chr3	45864808	45957534	LZTFL1	0	-	92726
chr3	45959395	46037316	FYCO1	0	-	77921
chr3	46536101	46542440	RTP3	0	+	6339
chr3	46556875	46648438	LRRC2	0	-	91563
chr3	47537130	47555202	ELP6	0	-	18072
chr3	124944513	125094169	ZNF148	0	-	149656
chr3	139279022	139396859	NMNAT3	0	-	117837
chr1	35178338	35325356	SMIM12	0	-	147018
chr3	127290075	127317110	TPRA1	0	-	27035
chr3	183415585	183530412	YEATS2	0	+	114827
chr1	37261128	37500116	GRIK3	0	-	238988
chr1	37940181	37949978	ZC3H12A	0	+	9797
chr1	37955594	37980367	MEAF6	0	-	24773
chr1	38000050	38019894	SNIP1	0	-	19844
chr3	184079498	184086384	POLR2H	0	+	6886
chr3	126061478	126076251	KLF15	0	-	14773
chr3	126113752	126155399	CFAP100	0	+	41647
chr3	185224050	185270376	LIPH	0	-	46326
chr3	128338812	128399918	RPN1	0	-	61106
chr3	185300284	185351339	SENP2	0	+	51055
chr1	40089107	40105315	HEYL	0	-	16208
chr3	129148450	129239353	IFT122	0	+	90903
chr3	186507669	186524847	RFC4	0	-	17178
chr3	186838736	186898696	RPL39L	0	-	59960
chr3	52435024	52444024	BAP1	0	-	9000
chr3	53258728	53290068	TKT	0	-	31340
chr3	53190025	53226733	PRKCD	0	+	36708
chr3	53122499	53164469	RFT1	0	-	41970
chr3	52937588	53080766	SFMBT1	0	-	143178
chr3	52579368	52719933	PBRM1	0	-	140565
chr4	1339479	1389777	UVSSA	0	+	50298
chr3	56761446	57113357	ARHGEF3	0	-	351911
chr4	1694458	1714071	SLBP	0	-	19613
chr4	3505339	3534173	LRPAP1	0	-	28834
chr3	195924323	195938308	ZDHHC19	0	-	13985
chr3	196074533	196159301	UBXN7	0	-	84768
chr3	196195654	196230639	RNF168	0	-	34985
chr3	196366646	196462878	PIGX	0	+	96232
chr3	196707461	196756706	MELTF	0	-	49245
chr4	6695605	6698897	S100P	0	+	3292
chr4	7967037	8160559	ABLIM2	0	-	193522
chr1	40974413	40981710	EXO5	0	+	7297
chr1	43198764	43205925	CLDN19	0	-	7161
chr1	43282793	43310662	ERMAP	0	+	27869
chr1	43312244	43318148	ZNF691	0	+	5904
chr4	108745719	108836203	SGMS2	0	+	90484
chr4	99916810	99983960	METAP1	0	+	67150
chr4	100817405	100867775	DNAJB14	0	-	50370
chr4	100869243	100871512	H2AZ1	0	-	2269
chr4	101316498	101801283	EMCN	0	-	484785
chr4	103806205	103940876	SLC9B1	0	-	134671
chr4	103941025	104006986	SLC9B2	0	-	65961
chr4	129190392	129209984	PGRMC2	0	-	19592
chr3	48198636	48229907	CDC25A	0	-	31271
chr3	48264837	48266981	CAMP	0	+	2144
chr3	48282590	48340743	ZNF589	0	+	58153
chr3	48413709	48442666	FBXW12	0	+	28957
chr3	48445261	48471495	PLXNB1	0	-	26234
chr3	48473574	48481866	CCDC51	0	-	8292
chr3	48488114	48509044	ATRIP	0	+	20930
chr3	48509197	48542259	SHISA5	0	-	33062
chr4	124317950	124324915	SPRY1	0	+	6965
chr3	49591910	49708982	BSN	0	+	117072
chr3	49711447	49721404	APEH	0	+	9957
chr4	128544426	128647892	INTU	0	+	103466
chr3	49726971	49758962	RNF123	0	+	31991
chr4	128702976	128761888	HSPA4L	0	+	58912
chr4	128886461	128961108	ABHD18	0	+	74647
chr3	49895421	49907368	CAMKV	0	-	11947
chr3	49944593	49967606	MON1A	0	-	23013
chr3	49924435	49941306	MST1R	0	-	16871
chr3	51572735	51702683	RAD54L2	0	+	129948
chr3	51741084	51752629	GRM2	0	+	11545
chr3	52082935	52090587	DUSP7	0	-	7652
chr3	52109242	52188706	POC1A	0	-	79464
chr4	109663204	109684210	ETNPPL	0	-	21006
chr3	52288450	52322036	WDR82	0	-	33586
chr4	111538579	111563279	PITX2	0	-	24700
chr4	120217574	120225600	C4orf3	0	-	8026
chr4	119201193	119274158	PRSS12	0	-	72965
chr4	118954773	119179789	NDST3	0	+	225016
chr4	174252527	174255583	HMGB2	0	-	3056
chr4	174291120	174298683	SAP30	0	+	7563
chr4	174305852	174327531	SCRG1	0	-	21679
chr4	174446120	174451380	HAND2	0	-	5260
chr4	120976778	120988013	MAD2L1	0	-	11235
chr4	122589101	122618150	ANXA5	0	-	29049
chr4	122680036	122686582	SMIM43	0	-	6546
chr4	156263810	156298122	MAP9	0	-	34312
chr4	156587878	156658211	GUCY1A1	0	+	70333
chr4	175157809	175204818	FBXO8	0	-	47009
chr4	175204881	175254531	CEP44	0	+	49650
chr4	175411326	175444305	HPGD	0	-	32979
chr4	159814286	159959912	C4orf45	0	-	145626
chr4	159122756	159176568	TMEM144	0	+	53812
chr4	159045626	159094470	GASK1B	0	-	48844
chr4	164245114	164265984	NPY1R	0	-	20870
chr4	140222600	140341187	NAA15	0	+	118587
chr4	142557736	142655140	IL15	0	+	97404
chr4	152330328	152591655	FHIP1A	0	+	261327
chr4	153701089	153839615	ARFIP1	0	+	138526
chr5	5420777	5490333	ICE1	0	+	69556
chr4	146031990	146101741	OTUD4	0	-	69751
chr4	147096855	147121152	LSM6	0	+	24297
chr4	148538537	148593195	TMEM184C	0	+	54658
chr5	52285170	52390609	ITGA2	0	+	105439
chr5	52391509	52405893	MOCS2	0	-	14384
chr5	83236373	83680698	EDIL3	0	-	444325
chr5	87485450	87565293	TMEM161B	0	-	79843
chr5	60047618	60140101	ELOVL7	0	-	92483
chr5	60241004	60450358	NDUFAF2	0	+	209354
chr5	121465241	121518353	ZNF474	0	+	53112
chr5	36098509	36151989	LMBRD2	0	-	53480
chr5	36247015	36302216	RANBP3L	0	-	55201
chr5	36876871	37066515	NIPBL	0	+	189644
chr5	63461670	63668696	RNF180	0	+	207026
chr5	89825161	90460254	ADGRV1	0	+	635093
chr5	110831731	110848288	STARD4	0	-	16557
chr5	114539709	114598574	PGGT1B	0	-	58865
chr5	114602887	114632390	CCDC112	0	-	29503
chr5	10564182	10657928	ANKRD33B	0	+	93746
chr5	10275987	10308014	CMBL	0	-	32027
chr5	126380927	126409198	C5orf63	0	-	28271
chr5	126853332	126890777	PRRC1	0	+	37445
chr5	76114758	76131140	F2RL1	0	+	16382
chr5	52856463	52979168	NDUFS4	0	+	122705
chr5	147204135	147211234	SPINK1	0	-	7099
chr5	54273695	54318499	ESM1	0	-	44804
chr5	148724993	148734146	GRPEL2	0	+	9153
chr5	54408799	54469005	CDC20B	0	-	60206
chr5	94890805	94940806	ARSK	0	+	50001
chr5	95049226	95160087	RHOBTB3	0	+	110861
chr5	79615444	79617661	SPZ1	0	+	2217
chr5	79407474	79551867	SERINC5	0	-	144393
chr4	185009859	185142383	ENPP6	0	-	132524
chr4	185570821	185616117	PRIMPOL	0	+	45296
chr5	96211690	96255407	ERAP2	0	+	43717
chr5	78985659	79096063	CMYA5	0	+	110404
chr5	38258511	38465582	EGFLAM	0	+	207071
chr5	71015102	71016875	CARTPT	0	+	1773
chr5	38938022	39074501	RICTOR	0	-	136479
chr5	78907943	78984069	TENT2	0	+	76126
chr5	158122924	158526924	EBF1	0	-	404000
chr5	158690298	158713044	UBLCP1	0	+	22746
chr5	72861268	72879205	UTP15	0	+	17937
chr4	186990065	187009227	TLR3	0	+	19162
chr4	187130133	187179625	KLKB1	0	+	49492
chr5	1253262	1295183	TERT	0	-	41921
chr5	196983	218268	CCDC127	0	-	21285
chr6	1312333	1314993	FOXQ1	0	+	2660
chr5	131409482	131411863	CSF2	0	+	2381
chr5	132086511	132142933	SEPTIN8	0	-	56422
chr5	132157833	132166351	SHROOM1	0	-	8518
chr5	132196873	132202576	GDF9	0	-	5703
chr5	132209136	132210738	LEAP2	0	+	1602
chr6	101410577	102529497	GRIK2	0	+	1118920
chr6	74123238	74162020	CGAS	0	-	38782
chr6	123100861	123105219	FABP7	0	+	4358
chr5	170736252	170739143	TLX3	0	+	2891
chr6	139561198	139613135	TXLNB	0	-	51937
chr6	139692944	139695785	CITED2	0	-	2841
chr6	166571144	166582188	TBXT	0	-	11044
chr5	172483355	172566287	CREBRF	0	+	82932
chr5	174904065	174956745	SFXN1	0	+	52680
chr6	130465460	130686570	SAMD3	0	-	221110
chr6	130687162	130764212	TMEM200A	0	+	77050
chr6	137464957	137494785	IL22RA2	0	-	29828
chr6	168693510	168720457	DACT2	0	-	26947
chr6	107473766	107780768	PDSS2	0	-	307002
chr6	147525553	147711612	STXBP5	0	+	186059
chr5	55147185	55218682	IL31RA	0	+	71497
chr5	55395507	55529157	ANKRD55	0	-	133650
chr6	36916039	36932613	PI16	0	+	16574
chr7	6448757	6523821	DAGLB	0	-	75064
chr7	36363761	36429734	KIAA0895	0	-	65973
chr7	23544399	23571660	TRA2A	0	-	27261
chr5	153570290	153800544	GALNT10	0	+	230254
chr5	153825557	153840613	SAP30L	0	+	15056
chr5	149822198	149829302	RPS14	0	-	7104
chr5	45255050	45696600	HCN1	0	-	441550
chr5	150040444	150058930	MYOZ3	0	+	18486
chr7	106841817	107204706	COG5	0	-	362889
chr7	112459202	112579930	BMT2	0	-	120728
chr7	112718386	112727833	GPR85	0	-	9447
chr5	159828648	159848718	SLU7	0	-	20070
chr7	33134409	33149017	RP9	0	-	14608
chr5	159848862	159855746	PTTG1	0	+	6884
chr5	134074185	134087847	CAMLG	0	+	13662
chr7	33943920	34196039	BMPER	0	+	252119
chr6	39156747	39197251	KCNK5	0	-	40504
chr6	39297766	39693184	KIF6	0	-	395418
chr7	6728064	6746578	ZNF12	0	-	18514
chr7	89783770	89794143	STEAP1	0	+	10373
chr7	20821899	20826505	SP8	0	-	4606
chr7	7606506	7648563	MIOS	0	+	42057
chr7	86506222	86688970	ELAPOR2	0	-	182748
chr6	159071046	159185908	SYTL3	0	+	114862
chr7	123092247	123175131	IQUB	0	-	82884
chr8	80674606	80680092	HEY1	0	-	5486
chr8	81540686	81787016	ZNF704	0	-	246330
chr8	82192771	82197012	FABP5	0	+	4241
chr6	159455500	159466184	TAGAP	0	-	10684
chr7	94024207	94060539	COL1A2	0	+	36332
chr6	159590432	159693140	FNDC1	0	+	102708
chr7	135365979	135414006	SLC13A4	0	-	48027
chr7	97736174	97838950	LMTK2	0	+	102776
chr8	11700033	11727042	CTSB	0	-	27009
chr8	55370495	55373452	SOX17	0	+	2957
chr8	12940870	13462119	DLC1	0	-	521249
chr7	45613739	45762715	ADCY1	0	+	148976
chr7	48026745	48068716	SUN3	0	-	41971
chr7	48075108	48100901	C7orf57	0	+	25793
chr8	76320149	76479069	HNF4G	0	+	158920
chr8	77892494	77913280	PEX2	0	-	20786
chr8	117858173	117887015	RAD21	0	-	28842
chr8	117962512	118188953	SLC30A8	0	+	226441
chr8	118532952	118552501	MED30	0	+	19549
chr8	119935796	119964124	TNFRSF11B	0	-	28328
chr8	73976778	74036323	SBSPON	0	-	59545
chr7	155250824	155257526	EN2	0	+	6702
chr8	110975865	110988000	KCNV1	0	-	12135
chr8	48173470	48648868	SPIDR	0	+	475398
chr7	103766788	103848495	ORC5	0	-	81707
chr8	6728114	6735458	DEFB1	0	-	7344
chr7	856252	936072	SUN1	0	+	79820
chr8	107282372	107764922	OXR1	0	+	482550
chr8	109619079	109799823	TMEM74	0	-	180744
chr7	1581871	1600457	TMEM184A	0	-	18586
chr7	150688105	150711676	NOS3	0	+	23571
chr7	1468101	1499106	MICALL2	0	-	31005
chr8	86285665	86361269	CA3	0	+	75604
chr7	1509913	1544025	INTS1	0	-	34112
chr7	150754297	150773613	SLC4A2	0	+	19316
chr8	87226292	87333375	SLC7A13	0	-	107083
chr7	150773711	150777953	FASTK	0	-	4242
chr7	150778172	150780580	TMUB1	0	-	2408
chr5	125936617	125962944	PHAX	0	+	26327
chr5	125866892	125931054	ALDH7A1	0	-	64162
chr7	4721926	4811073	FOXK1	0	+	89147
chr8	99956631	99964332	OSR2	0	+	7701
chr8	101928751	101965616	YWHAZ	0	-	36865
chr8	104152941	104242533	BAALC	0	+	89592
chr8	104310661	104345094	FZD6	0	+	34433
chr8	104383766	104395217	CTHRC1	0	+	11451
chr8	95825539	95893974	INTS8	0	+	68435
chr8	95499917	95565757	VIRMA	0	-	65840
chr9	14737150	14910993	FREM1	0	-	173843
chr8	95261481	95274578	GEM	0	-	13097
chr8	94870035	94938296	PDP1	0	+	68261
chr8	94767072	94831462	TMEM67	0	+	64390
chr9	34610483	34612101	RPP25L	0	-	1618
chr9	34379017	34397826	C9orf24	0	-	18809
chr9	34366664	34376896	MYORG	0	-	10232
chr9	34329504	34343709	NUDT2	0	+	14205
chr8	125318430	125384942	TMEM65	0	-	66512
chr9	15464064	15510993	PSIP1	0	-	46929
chr9	15553041	16061661	CCDC171	0	+	508620
chr9	93372114	93405144	DIRAS2	0	-	33030
chr9	93564069	93660831	SYK	0	+	96762
chr9	107526410	107540045	NIPSNAP3B	0	+	13635
chr9	107543287	107690436	ABCA1	0	-	147149
chr9	94171327	94186114	NFIL3	0	-	14787
chr7	128116783	128146656	METTL2B	0	+	29873
chr8	40388109	40755352	ZMAT4	0	-	367243
chr8	41502696	41508336	NKX6-3	0	-	5640
chr8	133697253	133772958	TMEM71	0	-	75705
chr9	72658764	72841888	MAMDC2	0	+	183124
chr8	68334273	68658613	CPA6	0	-	324340
chr8	69243190	69731258	C8orf34	0	+	488068
chr9	75136524	75453213	TMC1	0	+	316689
chr9	75515587	75695358	ALDH1A1	0	-	179771
chr6	18155560	18224085	KDM1B	0	+	68525
chr8	42995607	43057998	HGSNAT	0	+	62391
chr9	85594505	85678092	RASEF	0	-	83587
chr9	86354340	86444431	GKAP1	0	-	90091
chr9	86449014	86536380	KIF27	0	-	87366
chr9	86553226	86571901	C9orf64	0	-	18675
chr9	86582998	86595531	HNRNPK	0	-	12533
chr9	113127528	113342160	SVEP1	0	-	214632
chr7	142568961	142583490	TRPV6	0	-	14529
chr7	142636440	142637955	LLCFC1	0	+	1515
chr9	101493611	101559247	ANKS6	0	-	65636
chr9	97365415	97402531	FBP1	0	-	37116
chr9	104235452	104295819	PGAP4	0	-	60367
chrX	35937851	36403432	CFAP47	0	+	465581
chr7	73248920	73256846	METTL27	0	-	7926
chrX	38660693	38665790	MID1IP1	0	+	5097
chrX	23926123	23957626	CXorf58	0	+	31503
chr9	115249107	115431677	KIAA1958	0	+	182570
chrX	23352966	23422491	PTCHD1	0	+	69525
chr9	116059373	116065656	RNF183	0	-	6283
chrX	99546642	99665271	PCDH19	0	-	118629
chrX	15337574	15353676	PIGA	0	-	16102
chrX	15363718	15402535	VEGFD	0	-	38817
chr9	125871779	126030865	STRBP	0	-	159086
chr7	73183327	73184600	CLDN3	0	-	1273
chr9	128024073	128129486	GAPVD1	0	+	105413
chr9	95858499	95875565	CARD19	0	+	17066
chr9	95946404	96082854	WNK2	0	+	136450
chr9	99148223	99180652	ZNF367	0	-	32429
chrX	83572882	83757487	HDX	0	-	184605
chr9	32552997	32573160	KNOWN	0	-	20163
chr9	33383177	33402680	AQP7	0	-	19503
chr9	33461351	33473928	NOL6	0	-	12577
chr9	33441154	33447594	AQP3	0	-	6440
chr9	35053925	35072665	VCP	0	-	18740
chr9	35087234	35096616	PIGO	0	-	9382
chr9	35099773	35103192	STOML2	0	-	3419
chrX	79925002	80065376	BRWD3	0	-	140374
chr13	88323626	88348527	SLITRK5	0	+	24901
chr9	36572859	36677680	MELK	0	+	104821
chr10	23216953	23327452	ARMC3	0	+	110499
chr10	23728004	23731306	OTUD1	0	+	3302
chr10	32094326	32217804	ARHGAP12	0	-	123478
chr11	91957984	92629639	FAT3	0	+	671655
chr11	93063137	93171653	DEUP1	0	+	108516
chr10	93169037	93274586	HECTD2	0	+	105549
chrX	70145429	70150975	SLC7A3	0	-	5546
chr14	39866888	39901670	FBXO33	0	-	34782
chrX	134654584	134716435	INTS6L	0	+	61851
chr14	42076079	42373752	LRFN5	0	+	297673
chr8	30891304	31033654	WRN	0	+	142350
chr10	45950033	46090354	MARCHF8	0	-	140321
chr14	35178319	35184029	CFL2	0	-	5710
chr13	53226844	53275044	SUGT1	0	+	48200
chr14	81641796	81687721	GTF2A1	0	-	45925
chr10	81142081	81205380	ZCCHC24	0	-	63299
chr11	74041361	74109478	PGM2L1	0	-	68117
chr10	61410522	61495760	SLC16A9	0	-	85238
chr11	71927645	71932994	FOLR2	0	+	5349
chr11	71934745	71950191	INPPL1	0	+	15446
chr13	20761602	20767077	GJB2	0	-	5475
chr13	20977805	21100012	CRYL1	0	-	122207
chr11	124789101	124806308	HEPACAM	0	-	17207
chr13	21727734	21750691	SKA3	0	-	22957
chr13	22066830	22178320	MICU2	0	-	111490
chr11	82868030	82898493	PCF11	0	+	30463
chr11	125034583	125303285	PKNOX2	0	+	268702
chr14	50085248	50087344	RPL36AL	0	-	2096
chr14	50091892	50101962	DNAAF2	0	-	10070
chrX	140926102	140985618	MAGEC3	0	+	59516
chr10	45496371	45500774	ZNF22	0	+	4403
chr14	89078775	89259297	EML5	0	-	180522
chr14	50248801	50319539	NEMF	0	-	70738
chr11	126071991	126081587	RPUSD4	0	-	9596
chr14	50359797	50363772	ARF6	0	+	3975
chr14	89290497	89347422	TTC8	0	+	56925
chr14	77582911	77725838	TMEM63C	0	+	142927
chr14	77731826	77737549	NGB	0	-	5723
chr14	77860364	77889866	NOXRED1	0	-	29502
chr13	28535055	28543452	CDX2	0	-	8397
chr10	4828821	4890254	AKR1E2	0	+	61433
chr13	41701705	41706938	KBTBD6	0	-	5233
chrX	57313139	57515626	FAAH2	0	+	202487
chr14	59100685	59115039	DACT1	0	+	14354
chr13	97637967	97646984	OXGR1	0	-	9017
chr10	13263766	13276374	UCMA	0	-	12608
chr10	13480484	13571014	BEND7	0	-	90530
chr10	7830110	7849778	ATP5F1C	0	+	19668
chr10	7860460	8058594	TAF3	0	+	198134
chr10	50222281	50323567	VSTM4	0	-	101286
chr10	76969912	76991206	VDAC2	0	+	21294
chr10	76993399	76995788	COMTD1	0	-	2389
chr10	119036785	119134951	PDZD8	0	-	98166
chr10	77157588	77161522	ZNF503	0	-	3934
chr10	126490388	126525236	ABRAXAS2	0	+	34848
chr9	139098179	139137658	QSOX2	0	-	39479
chr10	120057437	120101840	FAM204A	0	-	44403
chr5	176558831	176727214	NSD1	0	+	168383
chr10	120927232	120938324	PRDX3	0	-	11092
chrX	129756299	130037208	ENOX2	0	-	280909
chr10	85899238	85914597	GHITM	0	+	15359
chr9	139270019	139294628	SNAPC4	0	-	24609
chr12	10323141	10344403	TMEM52B	0	+	21262
chr9	139305093	139318213	PMPCA	0	+	13120
chr9	139296374	139305066	ENTR1	0	-	8692
chrX	131211018	131262048	FRMD7	0	-	51030
chr9	135600965	135754164	AK8	0	-	153199
chr9	135766735	135822261	TSC1	0	-	55526
chrX	133594195	133654543	HPRT1	0	+	60348
chr12	12510012	12624167	BORCS5	0	+	114155
chr9	139607024	139619194	DIPK1B	0	+	12170
chr9	140476533	140484964	ZMYND19	0	-	8431
chr10	70587288	70655188	STOX1	0	+	67900
chr10	43572512	43625799	RET	0	+	53287
chr10	70715891	70744824	DDX21	0	+	28933
chr10	43278243	43330385	BMS1	0	+	52142
chr10	134020996	134145351	STK32C	0	-	124355
chr10	30301732	30404423	JCAD	0	-	102691
chr14	20925840	20929624	PIP4P1	0	-	3784
chr14	21458132	21465194	METTL17	0	+	7062
chr14	21467414	21470030	SLC39A2	0	+	2616
chr14	21484922	21539031	NDRG2	0	-	54109
chr9	140342022	140353786	NSMF	0	-	11764
chr14	21558236	21572881	ZNF219	0	-	14645
chr12	88373812	88427814	C12orf50	0	-	54002
chr10	115438921	115490666	CASP7	0	+	51745
chr14	65016638	65056099	PPP1R36	0	+	39461
chr5	180467225	180488521	BTNL9	0	+	21296
chr10	115880621	115933991	CCDC186	0	-	53370
chr10	115999013	116054248	VWA2	0	+	55235
chr14	21989231	22005350	SALL2	0	-	16119
chr10	116697954	116737435	TRUB1	0	+	39481
chr13	46108657	46189874	ERICH6B	0	-	81217
chr14	73436159	73493839	ZFYVE1	0	-	57680
chr10	118423207	118429775	C10orf82	0	-	6568
chr10	118430703	118609762	HSPA12A	0	-	179059
chr10	99079028	99081672	FRAT1	0	+	2644
chr10	99258681	99330963	UBTD1	0	+	72282
chr10	99332256	99343641	ANKRD2	0	+	11385
chr12	77415028	77459349	E2F7	0	-	44321
chr11	100558019	100864672	ARHGAP42	0	+	306653
chr11	45943172	45950647	LARGE2	0	+	7475
chr11	47199073	47207994	PACSIN3	0	-	8921
chr14	90990908	91282823	TTC7B	0	-	291915
chr11	47428683	47438047	SLC39A13	0	+	9364
chr11	47440320	47448024	PSMC3	0	-	7704
chr11	47459315	47470695	RAPSN	0	-	11380
chr11	47681143	47736941	AGBL2	0	-	55798
chr14	92588313	92638489	CPSF2	0	+	50176
chr12	27599669	27655118	SMCO2	0	+	55449
chr14	93648544	93651268	MOAP1	0	-	2724
chr14	94547647	94570192	IFI27L1	0	+	22545
chr14	94571182	94583032	IFI27	0	+	11850
chr14	94953611	94984181	SERPINA12	0	-	30570
chr14	95648277	95786245	CLMN	0	-	137968
chr12	41582122	41968547	PDZRN4	0	+	386425
chr12	96260826	96336413	CCDC38	0	-	75587
chr11	20691097	21597232	NELL1	0	+	906135
chr10	16478942	16555744	PTER	0	+	76802
chr10	18429353	18832486	CACNB2	0	+	403133
chr10	17631031	17659373	HACD1	0	-	28342
chr10	18948360	18970568	ARL5B	0	+	22208
chr11	93211638	93276674	KNOWN	0	-	65036
chr11	93394848	93463524	CEP295	0	+	68676
chr12	75433857	75603619	KCNC2	0	-	169762
chr11	34172534	34379557	ABTB2	0	-	207023
chr10	99894381	100004654	R3HCC1L	0	+	110273
chr11	94439597	94609913	AMOTL1	0	+	170316
chr10	124218067	124274423	HTRA1	0	+	56356
chr15	38545037	38649450	SPRED1	0	+	104413
chr15	40091209	40212467	GPR176	0	-	121258
chr11	133938966	134021896	JAM3	0	+	82930
chr14	23845982	23848981	CMTM5	0	+	2999
chr11	134144139	134189458	GLB1L3	0	+	45319
chr11	130318540	130346540	ADAMTS15	0	+	28000
chr16	46918274	46965201	GPT2	0	+	46927
chr15	63481759	63559975	RAB8B	0	+	78216
chr12	99007183	99038891	IKBIP	0	-	31708
chr15	40861498	40867148	RPUSD2	0	+	5650
chr10	102288829	102319755	HIF1AN	0	+	30926
chr15	41107649	41120907	PPP1R14D	0	-	13258
chr15	41136216	41150405	SPINT1	0	+	14189
chr15	48700510	48937918	FBN1	0	-	237408
chr12	63536539	63544981	AVPR1A	0	-	8442
chr12	100597447	100660857	DEPDC4	0	-	63410
chr14	103986004	103989170	CKB	0	-	3166
chr14	103995533	104003410	TRMT61A	0	+	7877
chr10	103113790	103317078	BTRC	0	+	203288
chr10	103330317	103369419	DPCD	0	+	39102
chr11	43333513	43366079	API5	0	+	32566
chr14	104552023	104581919	ASPG	0	+	29896
chr10	103825106	103827793	HPS6	0	+	2687
chr10	103911933	103923628	NOLC1	0	+	11695
chr11	43902361	43941824	ALKBH3	0	+	39463
chr15	26788693	27184686	GABRB3	0	-	395993
chr10	72575661	72655573	SGPL1	0	+	79912
chr12	69864129	69973573	FRS2	0	+	109444
chr12	69979206	69995350	CCT2	0	+	16144
chr15	72766671	72895328	ARIH1	0	+	128657
chr11	122940580	123065956	CLMP	0	-	125376
chr11	123499895	123525952	SCN3B	0	-	26057
chr11	123594622	123612383	ZNF202	0	-	17761
chr15	49619159	49913126	FAM227B	0	-	293967
chr17	53046088	53250993	STXBP4	0	+	204905
chr21	27838528	27945605	CYYR1	0	-	107077
chr11	107879624	107978488	CUL5	0	+	98864
chr12	70219007	70352877	MYRFL	0	+	133870
chr10	104503705	104594273	WBP1L	0	+	90568
chr6	31865562	31913450	C2	0	+	47888
chr19	30156366	30166384	PLEKHF1	0	+	10018
chr17	53796988	53809482	TMEM100	0	-	12494
chr11	6411670	6416228	SMPD1	0	+	4558
chr11	6416355	6440644	APBB1	0	-	24289
chr10	75404639	75423561	SYNPO2L	0	-	18922
chr11	108179246	108338258	C11orf65	0	-	159012
chr11	35684323	35839557	TRIM44	0	+	155234
chr11	6624938	6632105	ILK	0	+	7167
chr11	6633999	6640679	TPP1	0	-	6680
chr11	6642561	6677040	DCHS1	0	-	34479
chr18	70409549	70535381	NETO1	0	-	125832
chr10	75183337	75193319	MSS51	0	-	9982
chr18	71918081	71959208	CYB5A	0	-	41127
chr10	75257296	75385875	USP54	0	-	128579
chr11	36531922	36614706	RAG1	0	+	82784
chr11	36615919	36697245	IFTAP	0	+	81326
chr19	33622996	33666705	WDR88	0	+	43709
chr18	76829285	77138287	ATP9B	0	+	309002
chr11	7534529	7678358	PPFIBP2	0	+	143829
chr11	75428883	75444003	MOGAT2	0	+	15120
chr11	7686331	7698453	CYB5R2	0	-	12122
chr18	61420169	61472610	SERPINB7	0	+	52441
chr19	34745457	34846471	GARRE1	0	+	101014
chr18	61637263	61687013	SERPINB8	0	+	49750
chr11	8040791	8127790	TUB	0	+	86999
chr11	8245856	8290263	LMO1	0	-	44407
chr15	53805938	54055075	WDR72	0	-	249137
chr15	78632695	78640567	CRABP1	0	+	7872
chrX	101137260	101187004	ZMAT1	0	-	49744
chr11	74518784	74660245	XRRA1	0	-	141461
chr11	8633584	8704241	TRIM66	0	-	70657
chr11	8714898	8932498	DENND2B	0	-	217600
chr16	80631804	80838495	CDYL2	0	-	206691
chr7	98444111	98468394	TMEM130	0	-	24283
chr15	55903742	56035350	PRTG	0	-	131608
chr11	9302201	9336183	TMEM41B	0	-	33982
chr16	81134480	81253975	PKD1L2	0	-	119495
chr11	9481866	9550071	ZNF143	0	+	68205
chr18	66340925	66382345	TMX3	0	-	41420
chr11	9595217	9615004	WEE1	0	+	19787
chr17	19281034	19286857	MAPK7	0	+	5823
chr16	23847304	24231932	PRKCB	0	+	384628
chr15	83781490	83876575	HDGFL3	0	-	95085
chr10	75561669	75571556	NDST2	0	-	9887
chr7	99690351	99699563	MCM7	0	-	9212
chr16	78056412	78100658	CLEC3A	0	+	44246
chr18	52568740	52626692	CCDC68	0	-	57952
chr12	8685901	8693501	CLEC4E	0	-	7600
chr7	99661656	99680171	ZNF3	0	-	18515
chr12	8834196	8935691	RIMKLB	0	+	101495
chr12	8975217	9039597	A2ML1	0	+	64380
chr16	66461198	66527432	BEAN1	0	+	66234
chr16	66541906	66586447	TK2	0	-	44541
chr15	79603454	79719774	TMED3	0	+	116320
chr18	56807098	56826064	SEC11C	0	+	18966
chr11	86748886	87039866	TMEM135	0	+	290980
chr17	16245848	16256970	CENPV	0	-	11122
chr16	66942025	66952820	CDH16	0	-	10795
chr16	66955582	66959439	RRAD	0	-	3857
chr16	66965968	66968326	CIAO2B	0	-	2358
chr17	9479944	9546764	CFAP52	0	+	66820
chr18	58038295	58040008	MC4R	0	-	1713
chr20	36120874	36156333	BLCAP	0	-	35459
chr15	30652769	30686052	CHRFAM7A	0	-	33283
chr16	10420291	10577495	ATF7IP2	0	+	157204
chr11	102641233	102651359	MMP10	0	-	10126
chr16	10854776	10912651	TVP23A	0	-	57875
chrX	102631323	102633092	BEX3	0	+	1769
chr11	113558269	113577095	TMPRSS5	0	-	18826
chr11	16798844	17035962	PLEKHA7	0	-	237118
chr19	58488444	58514717	ZNF606	0	-	26273
chr15	45003556	45011049	B2M	0	+	7493
chr15	85291823	85349676	ZNF592	0	+	57853
chr15	44580917	44707956	GOLM2	0	+	127039
chr11	113845797	113861035	HTR3A	0	+	15238
chr11	114128509	114184258	NNMT	0	+	55749
chr16	71762903	71843104	AP1G1	0	-	80201
chr17	33570090	33600674	SLFN5	0	+	30584
chr15	43920701	43960316	CATSPER2	0	-	39615
chr16	15528332	15718885	BMERB1	0	+	190553
chr11	18091482	18127634	SAAL1	0	-	36152
chr15	64447939	64455333	PPIB	0	-	7394
chr11	18433865	18473610	LDHC	0	+	39745
chr15	64364764	64386056	CIAO2A	0	-	21292
chr11	58910221	58922512	FAM111A	0	+	12291
chr16	75145758	75150678	LDHD	0	-	4920
chr15	90207598	90222658	PLIN1	0	-	15060
chr16	75476952	75499395	TMEM170A	0	-	22443
chr15	90293106	90294480	MESP1	0	-	1374
chr15	90328126	90358633	ANPEP	0	-	30507
chr16	23194066	23228204	SCNN1G	0	+	34138
chr15	65032090	65067788	RBPMS2	0	-	35698
chr11	19372271	20143147	NAV2	0	+	770876
chr11	58672871	58811000	GLYATL1	0	+	138129
chr16	23652787	23688793	DCTN5	0	+	36006
chr16	75681671	75795770	TERF2IP	0	+	114099
chr15	65440557	65477680	CLPX	0	-	37123
chr12	57388276	57392231	GPR182	0	+	3955
chr12	57392620	57400330	ZBTB39	0	-	7710
chr12	57422301	57444982	MYO1A	0	-	22681
chr16	23766347	23770256	CHP2	0	+	3909
chr12	57449426	57481846	NEMP1	0	-	32420
chr15	42450899	42500505	VPS39	0	-	49606
chr11	59404189	59436510	PATL1	0	-	32321
chr12	58299822	58352931	ATP23	0	+	53109
chr22	37764000	37823514	ELFN2	0	-	59514
chr11	59480929	59573355	STX3	0	+	92426
chr11	59573613	59578251	MRPL16	0	-	4638
chr12	57984957	57997201	PIP4K2C	0	+	12244
chr15	31231144	31283831	MTMR10	0	-	52687
chr20	43514343	43537173	YWHAB	0	+	22830
chr15	45722777	45740959	C15orf48	0	+	18182
chr15	33010205	33037307	GREM1	0	+	27102
chr7	100081550	100092425	NYAP1	0	+	10875
chr7	100060982	100076855	TSC22D4	0	-	15873
chr15	66585555	66626236	DIS3L	0	+	40681
chr15	43489425	43513216	EPB42	0	-	23791
chr15	67356101	67487511	SMAD3	0	+	131410
chr18	30517366	31021065	CCDC178	0	-	503699
chr11	60524340	60544206	MS4A15	0	+	19866
chr15	43803156	43823818	MAP1A	0	+	20662
chr15	91498111	91506355	RCCD1	0	+	8244
chr18	32556892	32723434	MAPRE2	0	+	166542
chr12	57869228	57911352	MARS1	0	+	42124
chr15	44038592	44065477	PDIA3	0	+	26885
chr7	100813777	100823574	NAT16	0	-	9797
chr8	23536210	23540451	NKX3-1	0	-	4241
chr22	25202136	25323545	SGSM1	0	+	121409
chr22	41763337	41795330	TEF	0	+	31993
chr22	42095507	42195460	MEI1	0	+	99953
chr17	47209822	47254202	B4GALNT2	0	+	44380
chr9	128509624	128729656	PBX3	0	+	220032
chr17	47481411	47492267	PHB1	0	-	10856
chr18	19192275	19213485	SNRPD1	0	+	21210
chr9	130478358	130493869	TTC16	0	+	15511
chr17	48187404	48207524	SAMD14	0	-	20120
chr9	130683160	130693064	PIP5KL1	0	-	9904
chr17	48348767	48358846	TMEM92	0	+	10079
chr9	130702861	130743268	FAM102A	0	-	40407
chr17	48503519	48552206	ACSF2	0	+	48687
chr9	131084823	131096351	COQ4	0	+	11528
chr9	131102806	131123749	SLC27A4	0	+	20943
chr9	131133640	131154295	URM1	0	+	20655
chr9	131174030	131199630	CERCAM	0	+	25600
chr9	131843390	131852717	DOLPP1	0	+	9327
chr9	132427926	132484953	PRRX2	0	+	57027
chr15	75487984	75504510	C15orf39	0	+	16526
chr15	74392652	74430881	ISLR2	0	+	38229
chr17	45973516	46006323	SP2	0	+	32807
chr17	46029333	46035249	PRR15L	0	-	5916
chr16	19078936	19091417	COQ7	0	+	12481
chr17	1323983	1366456	CRK	0	-	42473
chr15	78276378	78370066	TBC1D2B	0	-	93688
chr16	50727499	50766988	NOD2	0	+	39489
chr16	50700211	50715264	SNX20	0	-	15053
chr18	44056935	44237183	LOXHD1	0	-	180248
chr18	44497455	44629849	KATNAL2	0	+	132394
chr19	23487793	23578273	ZNF91	0	-	90480
chr11	2150342	2179621	IGF2	0	-	29279
chr11	117103341	117157170	RNF214	0	+	53829
chr17	37617739	37721160	CDK12	0	+	103421
chr16	68021649	68113223	DUS2	0	+	91574
chr12	121016567	121019205	POP5	0	-	2638
chr17	77070906	77084681	ENGASE	0	+	13775
chr17	77085427	77512230	RBFOX3	0	-	426803
chr11	118209790	118213420	CD3D	0	-	3630
chr17	77906142	78009671	TBC1D16	0	-	103529
chr17	79202077	79212891	TEPSIN	0	-	10814
chr18	47349159	47721534	MYO5B	0	-	372375
chr11	3659742	3663546	ART5	0	-	3804
chr11	3875757	4114440	STIM1	0	+	238683
chr11	4115937	4160162	RRM1	0	+	44225
chr11	4701401	4719084	OR51E2	0	-	17683
chr11	4619902	4629461	TRIM68	0	-	9559
chr17	80693491	80709072	FN3K	0	+	15581
chr19	44669226	44682534	ZNF226	0	+	13308
chr19	44978645	45004576	ZNF180	0	-	25931
chrX	294668	347690	PPP2R3B	0	-	53022
chrY	244668	297690	PPP2R3B	0	-	53022
chr16	31072164	31085561	ZNF668	0	-	13397
chr19	47137210	47139798	GNG8	0	-	2588
chr17	56295909	56345879	LPO	0	+	49970
chr17	58227303	58248260	CA4	0	+	20957
chr17	57286761	57292600	SMG8	0	+	5839
chr19	16177831	16213812	TPM4	0	+	35981
chr19	1103993	1106790	GPX4	0	+	2797
chr19	1248552	1259142	MIDN	0	+	10590
chr19	17634110	17664648	NIBAN3	0	+	30538
chr19	18747835	18782531	KLHL26	0	+	34696
chr19	19496635	19619741	GATAD2A	0	+	123106
chr16	88718343	88729569	MVD	0	-	11226
chr16	88870197	88875666	CDT1	0	+	5469
chr16	89334038	89556969	ANKRD11	0	-	222931
chr16	89724148	89737680	SPATA33	0	+	13532
chr17	26782770	26941215	RSKR	0	-	158445
chr17	27030215	27038906	PROCA1	0	-	8691
chr16	89627085	89630950	RPL13	0	+	3865
chr12	48730963	48745197	ZNF641	0	-	14234
chr12	48961467	48963849	LALBA	0	-	2382
chr12	49207577	49222724	CACNB3	0	+	15147
chr17	27224799	27230097	DHRS13	0	-	5298
chr17	27893070	27900175	TP53I13	0	+	7105
chr12	49412758	49454577	KMT2D	0	-	41819
chr12	49458459	49463808	RHEBL1	0	-	5349
chr12	49582519	49668383	TUBA1C	0	+	85864
chr19	52839496	52871031	ZNF610	0	+	31535
chr19	52901102	52921665	ZNF528	0	+	20563
chr19	40946751	40950242	SERTAD3	0	-	3491
chr12	50184929	50222533	NCKAP5L	0	-	37604
chr12	50344520	50352661	AQP2	0	+	8141
chr12	50497765	50505096	GPD1	0	+	7331
chr19	36249044	36262068	PROSER3	0	+	13024
chr19	41699115	41713444	CYP2S1	0	+	14329
chr19	41725128	41767671	AXL	0	+	42543
chr19	36378555	36393205	NFKBID	0	-	14650
chr19	54663846	54676944	TMC4	0	-	13098
chr12	52281793	52285511	ANKRD33	0	+	3718
chr19	54862991	54882165	LAIR1	0	-	19174
chr19	54926393	54948084	TTYH1	0	+	21691
chr19	54960065	54973196	LENG8	0	+	13131
chr19	54976210	54984443	CDC42EP5	0	-	8233
chr19	55009100	55021897	LAIR2	0	+	12797
chr19	42817461	42829216	TMEM145	0	+	11755
chr8	140739968	141468678	TRAPPC9	0	-	728710
chr19	44331473	44356169	ZNF283	0	+	24696
chr19	38734675	38783255	SPINT2	0	+	48580
chr19	38794198	38807913	YIF1B	0	-	13715
chr19	55670029	55678090	DNAAF3	0	-	8061
chr8	143866298	143867955	LY6D	0	-	1657
chr19	3958451	3971121	DAPK3	0	-	12670
chr19	3976054	3985461	EEF2	0	-	9407
chr19	4292224	4302428	TMIGD2	0	-	10204
chr19	4402637	4445015	CHAF1A	0	+	42378
chr19	4472294	4502220	HDGFL2	0	+	29926
chr19	4542605	4581788	SEMA6B	0	-	39183
chr19	56643968	56672262	ZNF444	0	+	28294
chr17	702550	883016	NXN	0	-	180466
chr17	635652	646208	TLCD3A	0	+	10556
chr17	660337	685534	GLOD4	0	-	25197
chr8	145734453	145736596	MFSD3	0	+	2143
chr8	145728356	145732557	GPT	0	+	4201
chr8	145691426	145699585	KIFC2	0	+	8159
chr17	1472562	1532180	SLC43A2	0	-	59618
chr17	1549439	1553160	RILP	0	-	3721
chr17	1646130	1658559	SERPINF2	0	+	12429
chr17	1619817	1641893	WDR81	0	+	22076
chr17	2225690	2239951	TSR1	0	-	14261
chr17	4460222	4464113	GGT6	0	-	3891
chr19	51322402	51327043	KLK1	0	-	4641
chr19	51409607	51414651	KLK4	0	-	5044
chr19	51446559	51456349	KLK5	0	-	9790
chr19	51461887	51472929	KLK6	0	-	11042
chr19	51525472	51531295	KLK11	0	-	5823
chr19	51558883	51568371	KLK13	0	-	9488
chr19	53097313	53193757	ZNF83	0	-	96444
chr12	52562780	52585798	KRT80	0	-	23018
chr12	53068520	53074191	KRT1	0	-	5671
chr19	6306153	6333623	ACER1	0	-	27470
chr11	63678702	63684636	RCOR2	0	-	5934
chr19	8428173	8439254	ANGPTL4	0	+	11081
chr19	8373167	8386263	ENSG00000167774	0	-	13096
chr12	53491220	53496129	IGFBP6	0	+	4909
chr12	53497270	53518319	SOAT2	0	+	21049
chr19	8916846	8942990	ZNF558	0	-	26144
chr11	67373124	67380025	NDUFV1	0	+	6901
chr11	67273968	67276120	CDK2AP2	0	-	2152
chr11	67395409	67397408	NUDT8	0	-	1999
chr11	67398774	67407234	TBX10	0	-	8460
chr17	72537212	72542254	CD300C	0	-	5042
chr17	72462538	72480933	CD300A	0	+	18395
chr17	6692452	6735080	TEKT1	0	-	42628
chr17	72946837	72969261	HID1	0	-	22424
chr17	73008765	73017356	MRPL58	0	+	8591
chr17	7758384	7759417	TMEM88	0	+	1033
chr17	74034856	74068598	SRP68	0	-	33742
chr17	74864486	74946475	MGAT5B	0	+	81989
chr17	76126851	76139049	TMC8	0	+	12198
chr17	76170172	76183314	TK1	0	-	13142
chr8	56608983	56685966	TMEM68	0	-	76983
chr17	38109516	38134021	GSDMA	0	+	24505
chr17	40340817	40346550	GHDC	0	-	5733
chr16	284520	322182	FAM234A	0	+	37662
chr17	41831106	41836159	SOST	0	-	5053
chr16	2047655	2059822	ZNF598	0	-	12167
chr16	2190804	2204166	RAB26	0	+	13362
chr16	2254249	2259454	MLST8	0	+	5205
chr16	2273581	2285743	E4F1	0	+	12162
chr16	2285817	2288712	DNASE1L2	0	+	2895
chr16	2289403	2302301	ECI1	0	-	12898
chr16	2325882	2390747	ABCA3	0	-	64865
chr16	2732524	2759031	KCTD5	0	+	26507
chr16	2802627	2822539	SRRM2	0	+	19912
chr16	3589033	3627404	NLRC3	0	-	38371
chr11	61066923	61110068	DDB1	0	-	43145
chr11	60897729	60929087	VPS37C	0	-	31358
chr11	61025758	61062788	VWCE	0	-	37030
chr11	61664773	61687741	RAB3IL1	0	-	22968
chr11	61717535	61732987	BEST1	0	+	15452
chr11	62529037	62534182	POLR2G	0	+	5145
chr11	62623476	62656352	SLC3A2	0	+	32876
chr11	63228876	63258666	PLAAT5	0	-	29790
chr11	63580928	63595188	SPINDOC	0	+	14260
chr11	73723763	73882255	C2CD3	0	-	158492
chr3	36868310	36986548	TRANK1	0	-	118238
chr3	39149171	39180394	TTC21A	0	+	31223
chr3	39448207	39467746	RPSA	0	+	19539
chr3	40428675	40470235	ENTPD3	0	+	41560
chr3	41288090	42003622	ULK4	0	-	715532
chr11	70049402	70053496	FADD	0	+	4094
chr11	65306030	65326401	LTBP3	0	-	20371
chr11	64812290	64826025	NAALADL1	0	-	13735
chr11	64755417	64764490	BATF2	0	-	9073
chr11	64323162	64340347	SLC22A11	0	+	17185
chr11	64532078	64546258	SF1	0	-	14180
chr11	64552390	64570713	MAP4K2	0	-	18323
chr11	64107676	64125006	CCDC88B	0	+	17330
chr8	27491385	27534293	SCARA3	0	+	42908
chr8	27727400	27850190	SCARA5	0	-	122790
chr8	28174503	28200872	PNOC	0	+	26369
chr7	99686592	99689810	COPS6	0	+	3218
chr11	117015000	117047610	PAFAH1B2	0	+	32610
chr16	4746511	4784379	ANKS3	0	-	37868
chr16	4743563	4745860	NUDT16L1	0	+	2297
chr6	56911330	56920037	KIAA1586	0	+	8707
chr1	229406809	229441641	RAB4A	0	+	34832
chr16	3254247	3255188	OR1F1	0	+	941
chr22	38822332	38851205	KCNJ4	0	-	28873
chr3	9439299	9520924	SETD5	0	+	81625
chr6	54711569	54809897	FAM83B	0	+	98328
chr1	228612546	228613061	H3-4	0	-	515
chr1	228675083	228687600	RNF187	0	+	12517
chr8	42752089	42885678	HOOK3	0	+	133589
chr14	55518365	55536912	MAPK1IP1L	0	+	18547
chr10	74033678	74035794	KNOWN	0	+	2116
chr4	26165077	26436753	RBPJ	0	+	271676
chr4	25314396	25372005	ZCCHC4	0	+	57609
chr14	52734416	52743442	PTGDR	0	+	9026
chr18	21572737	21715574	TTC39C	0	+	142837
chr1	235710985	235814054	GNG4	0	-	103069
chr5	171636650	171710768	UBTD2	0	-	74118
chr17	40128439	40173394	DNAJC7	0	-	44955
chr1	234740015	234745924	IRF2BP2	0	-	5909
chr5	169532901	169536738	FOXI1	0	+	3837
chr1	234509202	234520826	COA6	0	+	11624
chr2	149632819	149883273	KNOWN	0	+	250454
chr14	50087517	50090199	MGAT2	0	+	2682
chr16	67876223	67878098	THAP11	0	+	1875
chr2	150426151	150444292	MMADHC	0	-	18141
chr3	58413357	58419584	PDHB	0	-	6227
chr3	58318607	58411854	PXK	0	+	93247
chr6	26156557	26157343	H1-4	0	+	786
chr8	52730135	52811746	PCMTD1	0	-	81611
chr3	58477823	58488087	KCTD6	0	+	10264
chr7	40165626	40174221	MPLKIP	0	-	8595
chr3	58490863	58523010	ACOX2	0	-	32147
chr3	58549844	58613337	FAM107A	0	-	63493
chr4	185306856	185395712	IRF2	0	-	88856
chr3	39304986	39323226	CX3CR1	0	-	18240
chr3	39224701	39234087	XIRP1	0	-	9386
chr3	38887255	39093648	SCN11A	0	-	206393
chr3	57557090	57583947	ARF4	0	-	26857
chr1	40420784	40435640	MFSD2A	0	+	14856
chr2	242615162	242626359	DTYMK	0	-	11197
chr2	242626500	242668893	ING5	0	+	42393
chr2	242576628	242613272	ATG4B	0	+	36644
chr16	74705753	74734858	MLKL	0	-	29105
chr16	74655297	74700775	RFWD3	0	-	45478
chr4	40192631	40248587	RHOH	0	+	55956
chr2	239047309	239061588	KLHL30	0	+	14279
chr16	23399814	23464510	COG7	0	-	64696
chr11	63952744	63972015	STIP1	0	+	19271
chr16	23289552	23392615	SCNN1B	0	+	103063
chr8	21971932	21990897	HR	0	-	18965
chr18	9708272	9862548	RAB31	0	+	154276
chr8	21995533	21999464	REEP4	0	-	3931
chr6	32008930	32083111	TNXB	0	-	74181
chr8	22004343	22014597	LGI3	0	-	10254
chr8	22022653	22069839	BMP1	0	+	47186
chr16	28834320	28848558	ATXN2L	0	+	14238
chr8	22077216	22089614	PHYHIP	0	-	12398
chr4	186366336	186392906	CCDC110	0	-	26570
chr8	22102646	22112114	POLR3D	0	+	9468
chr2	192699036	192711814	CAVIN2	0	-	12778
chr18	8705554	8832776	MTCL1	0	+	127222
chr2	237073879	237077029	GBX2	0	-	3150
chr1	145398250	145417545	HJV	0	+	19295
chr17	43238067	43247407	HEXIM2	0	+	9340
chr8	42889337	42940931	FNTA	0	+	51594
chr1	31882412	31907527	SERINC2	0	+	25115
chr4	184580420	184634747	TRAPPC11	0	+	54327
chr11	62676151	62689279	CHRM1	0	-	13128
chr2	189839099	189877472	COL3A1	0	+	38373
chr8	21547910	21669869	GFRA2	0	-	121959
chr4	184426211	184433582	ING2	0	+	7371
chr4	184365788	184370217	CDKN2AIP	0	+	4429
chr6	7590431	7612200	SNRNP48	0	+	21769
chr11	62539101	62559478	TMEM223	0	-	20377
chr8	42273993	42397069	SLC20A2	0	-	123076
chr16	80574631	80584708	DYNLRB2	0	+	10077
chr17	40465342	40540558	STAT3	0	-	75216
chr20	44509866	44513905	ZSWIM1	0	+	4039
chr1	144811744	144830413	KNOWN	0	+	18669
chr8	38854273	38962964	ADAM9	0	+	108691
chr5	37812779	37840143	GDNF	0	-	27364
chr1	39491990	39500308	NDUFS5	0	+	8318
chr19	35417807	35436074	ZNF30	0	+	18267
chr5	36035123	36071460	UGT3A2	0	-	36337
chr8	127564688	127570723	LRATD2	0	-	6035
chr18	13217497	13652754	LDLRAD4	0	+	435257
chr16	67323331	67360663	KCTD19	0	-	37332
chr1	110905473	110933704	SLC16A4	0	-	28231
chr5	35852797	35879705	IL7R	0	+	26908
chr16	67261006	67263181	TMEM208	0	+	2175
chr2	140988992	142888585	LRP1B	0	-	1899593
chr20	43752066	43753106	WFDC12	0	-	1040
chr1	110527387	110566364	AHCYL1	0	+	38977
chr5	34929664	34959069	DNAJC21	0	+	29405
chr20	43160426	43252888	PKIG	0	+	92462
chr2	97541619	97652317	FAM178B	0	-	110698
chr2	97525455	97536494	SEMA4C	0	-	11039
chr4	106067032	106200973	TET2	0	+	133941
chr4	105389465	105416058	CXXC4	0	-	26593
chr12	124155657	124192946	TCTN2	0	+	37289
chr15	43825660	43882406	PPIP5K1	0	-	56746
chr4	99391518	99579762	TSPAN5	0	-	188244
chr9	37438099	37465447	ZBTB5	0	-	27348
chr15	43622870	43646767	ADAL	0	+	23897
chr15	43615847	43622780	LCMT2	0	-	6933
chr16	69221050	69342955	SNTB2	0	+	121905
chr3	159706622	159713806	IL12A	0	+	7184
chr19	32836500	32878573	ZNF507	0	+	42073
chr4	4417469	4544073	STX18	0	-	126604
chr4	4291978	4323513	ZBTB49	0	+	31535
chr3	158362316	158413370	GFM1	0	+	51054
chr9	35869460	35870398	OR13J1	0	-	938
chr2	85978467	86018506	ATOH8	0	+	40039
chr3	137483157	137485176	SOX14	0	+	2019
chr11	94227145	94232744	ANKRD49	0	+	5599
chr2	85884437	85895864	SFTPB	0	-	11427
chr2	85829979	85876406	USP39	0	+	46427
chr4	2743375	2758069	TNIP2	0	-	14694
chr2	85822848	85824831	RNF181	0	+	1983
chr2	85811554	85820529	VAMP5	0	+	8975
chr15	99791567	99930934	LRRC28	0	+	139367
chr15	42431232	42448834	PLA2G4F	0	-	17602
chr9	34521041	34522988	ENHO	0	-	1947
chr5	123972606	124084500	ZNF608	0	-	111894
chr3	136537489	136574730	SLC35G2	0	+	37241
chr2	233924677	234116549	INPP5D	0	+	191872
chr4	1813206	1857883	LETM1	0	-	44677
chr16	75252886	75260236	CTRB1	0	+	7350
chr16	75238001	75241059	CTRB2	0	-	3058
chrY	59100480	59115127	KNOWN	0	+	14647
chr5	122680584	122759286	CEP120	0	-	78702
chr14	25278660	25519353	STXBP6	0	-	240693
chr2	228189867	228222552	MFF	0	+	32685
chr17	25956824	25976586	LGALS9	0	+	19762
chr4	778745	819917	CPLX1	0	-	41172
chr6	3722848	3751947	PXDC1	0	-	29099
chr19	51645556	51656783	SIGLEC7	0	+	11227
chr2	11798304	11810321	NTSR2	0	-	12017
chr2	11584501	11606303	E2F6	0	-	21802
chr15	68570083	68588200	FEM1B	0	+	18117
chr4	47452804	47465719	COMMD8	0	-	12915
chr19	29696227	29704058	UQCRFS1	0	-	7831
chr2	228029340	228179508	COL4A3	0	+	150168
chr15	66679175	66783994	MAP2K1	0	+	104819
chr19	51479724	51487355	KLK7	0	-	7631
chr5	179041179	179061785	HNRNPH1	0	-	20606
chr2	227596028	227664536	IRS1	0	-	68508
chrX	153287024	153402578	MECP2	0	-	115554
chr13	115047076	115071292	UPF3A	0	+	24216
chr3	166957631	167125662	ZBBX	0	-	168031
chr5	56775845	56778638	ACTBL2	0	-	2793
chr9	94325373	94712510	ROR2	0	-	387137
chrX	66763863	66950461	AR	0	+	186598
chrX	2137547	2420846	DHRSX	0	-	283299
chrY	2087547	2370846	DHRSX	0	-	283299
chr3	122458846	122512678	HSPBAP1	0	-	53832
chrX	1522032	1572655	ASMTL	0	-	50623
chrY	1472032	1522655	ASMTL	0	-	50623
chrX	1505045	1511006	SLC25A6	0	-	5961
chrY	1455045	1461006	SLC25A6	0	-	5961
chr15	40763183	40765357	CHST14	0	+	2174
chr4	75858305	75975325	PARM1	0	+	117020
chr8	58907082	59116838	FAM110B	0	+	209756
chr10	28064115	28288008	ODAD2	0	-	223893
chr10	116054583	116164515	AFAP1L2	0	-	109932
chr8	48920975	48977268	UBE2V2	0	+	56293
chr9	129567285	129600489	ZBTB43	0	+	33204
chr19	50194155	50216988	CPT1C	0	+	22833
chr1	55505120	55530525	PCSK9	0	+	25405
chr16	28109297	28223286	XPO6	0	-	113989
chr22	28144265	28197744	MN1	0	-	53479
chr16	27236315	27280093	NSMCE1	0	-	43778
chr7	23637001	23684327	CCDC126	0	+	47326
chr16	29496011	29517320	NPIPB12	0	-	21309
chr1	52373628	52456372	RAB3B	0	-	82744
chr16	30362094	30366629	CD2BP2	0	-	4535
chr1	38076951	38100564	RSPO1	0	-	23613
chr5	176784925	176799597	RGS14	0	+	14672
chr16	30368423	30381815	TBC1D10B	0	-	13392
chr5	176742806	176778841	LMAN2	0	-	36035
chr1	247670360	247740992	GCSAML	0	+	70632
chr1	155165379	155178842	THBS3	0	-	13463
chrX	15706953	15806534	CA5B	0	+	99581
chr1	155107820	155111333	SLC50A1	0	+	3513
chr1	155100352	155107375	EFNA1	0	+	7023
chr16	21413558	21459888	NPIPB3	0	-	46330
chr5	148303202	148442726	SH3TC2	0	-	139524
chrX	15808279	15848817	ZRSR2	0	+	40538
chr3	160822484	160971320	NMD3	0	+	148836
chr5	148206174	148208186	ADRB2	0	+	2012
chr5	53751529	53752207	HSPB3	0	+	678
chr3	155755490	156256927	KCNAB1	0	+	501437
chr4	78783984	78873939	MRPL1	0	+	89955
chr4	37828282	37864558	PGM2	0	+	36276
chr5	146614526	146767418	STK32A	0	+	152892
chr22	24105177	24108050	C22orf15	0	+	2873
chr15	79724678	79764646	MINAR1	0	+	39968
chr16	20344373	20367623	UMOD	0	-	23250
chr16	20320896	20339130	GP2	0	-	18234
chr15	75890424	75918810	SNUPN	0	-	28386
chr12	94071151	94288616	CRADD	0	+	217465
chr15	75661720	75748183	SIN3A	0	-	86463
chr3	93698983	93774522	ARL13B	0	+	75539
chr14	21423646	21424595	RNASE2	0	+	949
chr8	141667999	142012315	PTK2	0	-	344316
chr1	28473677	28520447	PTAFR	0	-	46770
chr15	75755592	75871656	PTPN9	0	-	116064
chr14	21249427	21250626	RNASE6	0	+	1199
chr1	153651164	153666468	NPR1	0	+	15304
chr8	140613081	140716352	KCNK9	0	-	103271
chr4	74606236	74609433	CXCL8	0	+	3197
chr2	167051695	167232511	SCN9A	0	-	180816
chr4	74437267	74486348	RASSF6	0	-	49081
chr8	139600478	139926284	COL22A1	0	-	325806
chr8	97506041	97624018	SDC2	0	+	117977
chr1	153003679	153005376	SPRR1B	0	+	1697
chr1	152956557	152958290	SPRR1A	0	+	1733
chr8	38831747	38846182	HTRA4	0	+	14435
chr8	38758753	38831431	PLEKHA2	0	+	72678
chr1	25071873	25170812	CLIC4	0	+	98939
chr2	165750864	165812035	SLC38A11	0	-	61171
chr19	46913586	46916821	CCDC8	0	-	3235
chr11	28129795	28548588	METTL15	0	+	418793
chr22	22868060	22874613	ZNF280A	0	-	6553
chr2	145121931	145278624	ZEB2	0	-	156693
chrX	70432661	70445366	GJB1	0	+	12705
chr2	70314609	70316335	PCBP1	0	+	1726
chr5	130491076	130560161	HINT1	0	-	69085
chr5	118171769	118324242	DTWD2	0	-	152473
chr9	139889060	139891020	CLIC3	0	-	1960
chr15	83924636	83953416	BNC1	0	-	28780
chr2	69623245	69664760	NFU1	0	-	41515
chr2	69240308	69476459	ANTXR1	0	+	236151
chr2	113493926	113522241	CKAP2L	0	-	28315
chr15	83657193	83680393	C15orf40	0	-	23200
chr2	68694704	68882994	APLF	0	+	188290
chr2	113125946	113192065	RGPD8	0	-	66119
chr22	21771660	21805752	HIC2	0	+	34092
chr1	23410523	23504301	LUZP1	0	-	93778
chr2	111395105	111435640	BUB1	0	-	40535
chr16	28985542	28995869	SPNS1	0	+	10327
chr17	79981181	79989027	LRRC45	0	+	7846
chr15	78857862	78887611	CHRNA5	0	+	29749
chr9	139567595	139581909	AGPAT2	0	-	14314
chr17	79934683	79975282	ASPSCR1	0	+	40599
chr17	80036214	80056170	FASN	0	-	19956
chr3	128886670	128902765	CNBP	0	-	16095
chr16	56659387	56661024	MT1E	0	+	1637
chr17	80015382	80023763	DUS1L	0	-	8381
chr17	80008567	80015346	GPS1	0	+	6779
chr17	79993012	79995585	DCXR	0	-	2573
chr10	44139308	44144329	ZNF32	0	-	5021
chr4	16503164	16900301	LDB2	0	-	397137
chr17	79989554	79992080	RAC3	0	+	2526
chr15	76228310	76352136	NRG4	0	-	123826
chr2	109150127	109303702	LIMS1	0	+	153575
chr15	76352299	76521462	TMEM266	0	+	169163
chr3	173114074	174012162	NLGN1	0	+	898088
chr4	16162128	16229033	TAPT1	0	-	66905
chr2	64068086	64118696	UGP2	0	+	50610
chr15	77905369	78113242	LINGO1	0	-	207873
chr10	43881065	43904634	HNRNPF	0	-	23569
chr10	43633893	43680750	CSGALNACT2	0	+	46857
chr4	30721991	31148427	PCDH7	0	+	426436
chr3	78646389	79817148	ROBO1	0	-	1170759
chr3	152552920	152559228	P2RY1	0	+	6308
chr5	10971948	11904558	CTNND2	0	-	932610
chr7	100728762	100741248	TRIM56	0	+	12486
chr16	31539221	31540124	AHSP	0	+	903
chr12	49359123	49365518	WNT10B	0	-	6395
chr1	1846547	1848735	CALML6	0	+	2188
chrX	16964781	17171395	REPS2	0	+	206614
chr7	100547187	100611118	KNOWN	0	+	63931
chrX	16737735	16783463	SYAP1	0	+	45728
chr16	31271288	31344213	ITGAM	0	+	72925
chr7	65670304	65885530	TPST1	0	+	215226
chr3	149192484	149221181	TM4SF4	0	+	28697
chr1	179809102	179846938	TOR1AIP2	0	-	37836
chr3	149086809	149095479	TM4SF1	0	-	8670
chr1	20208888	20239438	OTUD3	0	+	30550
chr15	31767601	32162992	OTUD7A	0	-	395391
chr7	65425671	65447202	GUSB	0	-	21531
chr9	136895427	136933657	BRD3	0	-	38230
chr15	31619038	31727868	KLF13	0	+	108830
chr8	105602961	106816767	ZFPM2	0	+	1213806
chr16	30565085	30569695	ZNF764	0	-	4610
chr2	128056244	128146041	MAP3K2	0	-	89797
chr6	144416021	144416710	SF3B5	0	-	689
chr3	44690224	44702283	ZNF35	0	+	12059
chr4	153690506	153700882	TIGD4	0	-	10376
chr17	7308193	7323179	NLGN2	0	+	14986
chr2	128293259	128395304	MYO7B	0	+	102045
chr4	153539780	153601164	TMEM154	0	-	61384
chr3	39850405	40301812	MYRIP	0	+	451407
chr3	105085753	105295744	ALCAM	0	+	209991
chr7	75956116	75988308	YWHAG	0	-	32192
chr2	181831975	181941312	UBE2E3	0	+	109337
chr17	7835419	7853238	CNTROB	0	+	17819
chr3	101818088	102198685	ZPLD1	0	+	380597
chr17	7825177	7833174	KCNAB3	0	-	7997
chr14	94929054	94946026	SERPINA9	0	-	16972
chr5	177134982	177211436	FAM153A	0	-	76454
chr5	175665370	175772994	SIMC1	0	+	107624
chr4	165991760	166129701	TMEM192	0	-	137941
chr7	75121598	75133640	SPDYE5	0	+	12042
chr14	94770585	94789726	SERPINA6	0	-	19141
chr16	89284111	89303549	ZNF778	0	+	19438
chr15	23043279	23100005	NIPA1	0	-	56726
chr9	116231	118417	FOXD4	0	-	2186
chr1	200842109	200843306	GPR25	0	+	1197
chr3	23847446	23933131	UBE2E1	0	+	85685
chr11	111473173	111601579	SIK2	0	+	128406
chr4	141780961	142134031	RNF150	0	-	353070
chr6	117586721	117594728	VGLL2	0	+	8007
chr17	7348380	7361029	CHRNB1	0	+	12649
chr4	144106070	144145027	USP38	0	+	38957
chr17	73083822	73102257	SLC16A5	0	+	18435
chr20	25593571	25604650	NANP	0	-	11079
chr11	113258501	113271138	ANKK1	0	+	12637
chr5	159292087	159400019	ADRA1B	0	+	107932
chr5	159614374	159665742	FABP6	0	+	51368
chr5	159488808	159546457	PWWP2A	0	-	57649
chr11	11862970	11983434	USP47	0	+	120464
chr3	33840063	33911199	PDCD6IP	0	+	71136
chr7	148936742	148952697	ZNF212	0	+	15955
chr2	62051983	62081278	FAM161A	0	-	29295
chr7	148892638	148923329	ZNF282	0	+	30691
chr3	33038101	33138694	GLB1	0	-	100593
chr5	154198052	154238812	FAXDC2	0	-	40760
chr3	33155506	33189265	CRTAP	0	+	33759
chr7	148287858	148312952	C7orf33	0	+	25094
chr8	87566205	87755903	CNGB3	0	-	189698
chr11	107578104	107590419	SLN	0	-	12315
chr3	32280171	32411813	CMTM8	0	+	131642
chr17	20352708	20370852	LGALS9B	0	-	18144
chr17	9153788	9479908	STX8	0	-	326120
chr10	62538089	62554610	CDK1	0	+	16521
chr17	16284112	16286059	UBB	0	+	1947
chr11	129733531	129765485	NFRKB	0	-	31954
chr8	82390654	82395471	FABP4	0	-	4817
chr10	49361131	49482739	FRMPD2	0	-	121608
chr11	129769601	129872730	PRDM10	0	-	103129
chr2	62423250	62451866	B3GNT2	0	+	28616
chr14	75745529	75748933	FOS	0	+	3404
chr14	75598172	75643315	TMED10	0	-	45143
chr4	146402346	146480328	SMAD1	0	+	77982
chr20	23856571	23860385	CST5	0	-	3814
chr20	23804406	23807366	CST2	0	-	2960
chr10	119301956	119309057	EMX2	0	+	7101
chr20	23728199	23731905	CST1	0	-	3706
chr12	53720359	53739099	SP7	0	-	18740
chr7	143318045	143427503	TCAF2	0	+	109458
chr7	82992554	83278455	SEMA3E	0	-	285901
chr1	204586298	204654866	LRRN2	0	-	68568
chr1	211744910	211752503	SLC30A1	0	-	7593
chr4	150999597	151178590	DCLK2	0	+	178993
chr2	185463256	185804219	ZNF804A	0	+	340963
chr17	72420990	72447792	GPRC5C	0	+	26802
chr2	103353364	103636358	TMEM182	0	+	282994
chr12	53290971	53343738	KRT8	0	-	52767
chr12	53231588	53242876	KRT78	0	-	11288
chr17	15848444	15879060	ADORA2B	0	+	30616
chr12	57316917	57328192	SDR9C7	0	-	11275
chr10	131265454	131569247	MGMT	0	+	303793
chr12	52643084	52702947	KRT86	0	+	59863
chr5	140052620	140071122	HARS1	0	-	18502
chr12	52817854	52828155	KRT75	0	-	10301
chr12	31535160	31744070	DENND5B	0	-	208910
chr5	140011313	140013285	CD14	0	-	1972
chr5	138744277	138780180	DNAJC18	0	-	35903
chr12	52862300	52867589	KRT6C	0	-	5289
chr5	138732252	138739778	SPATA24	0	-	7526
chr20	37101459	37207502	RALGAPB	0	+	106043
chr12	56295197	56326402	PYM1	0	-	31205
chr5	138723156	138725770	MZB1	0	-	2614
chr2	101436601	101613291	NPAS2	0	+	176690
chr1	204159469	204165619	KISS1	0	-	6150
chr2	100888337	100938963	LONRF2	0	-	50626
chr4	88343725	88380607	NUDT9	0	+	36882
chr4	88224941	88244038	HSD17B13	0	-	19097
chr12	56498321	56507694	PA2G4	0	+	9373
chr4	46736844	46911262	COX7B2	0	-	174418
chr4	110967002	111120355	ELOVL6	0	-	153353
chr12	52708085	52715182	KRT83	0	-	7097
chr10	6186897	6296607	PFKFB3	0	+	109710
chr16	18995256	19075264	TMC7	0	+	80008
chr6	2887504	2903543	SERPINB9	0	-	16039
chr5	3595946	3601517	IRX1	0	+	5571
chr18	25512843	25757910	CDH2	0	-	245067
chr5	2745959	2751791	IRX2	0	-	5832
chr5	49692026	49739082	EMB	0	-	47056
chr2	45232321	45236591	SIX2	0	-	4270
chr18	3496030	4455307	DLGAP1	0	-	959277
chr12	56735381	56753987	STAT2	0	-	18606
chr5	162873532	162887108	NUDCD2	0	-	13576
chr19	46386866	46389399	IRF2BP1	0	-	2533
chr5	132387705	132442141	HSPA4	0	+	54436
chr19	46367247	46377055	FOXA3	0	+	9808
chr7	102993177	103086654	SLC26A5	0	-	93477
chr5	155297354	156194799	SGCD	0	+	897445
chr12	54849734	54867386	GTSF1	0	-	17652
chr8	146155744	146176274	ZNF16	0	-	20530
chr7	102715328	102740206	ARMC10	0	+	24878
chr2	54197975	54532437	ACYP2	0	+	334462
chr22	50624342	50638027	TRABD	0	+	13685
chr7	102120423	102158224	RASA4B	0	-	37801
chr18	67956281	67997435	SOCS6	0	+	41154
chr9	103340361	103350671	CAVIN4	0	+	10310
chr19	45574758	45579736	ZNF296	0	-	4978
chr17	46839596	46894591	TTLL6	0	-	54995
chr8	145486055	145515082	KNOWN	0	-	29027
chr6	43543922	43588260	POLH	0	+	44338
chr11	7260009	7490274	SYT9	0	+	230265
chr2	18059114	18542882	KCNS3	0	+	483768
chr10	32297943	32345353	KIF5B	0	-	47410
chr7	124383939	124405846	GPR37	0	-	21907
chr15	85923802	86292589	AKAP13	0	+	368787
chr8	57212564	57233335	SDR16C5	0	-	20771
chr8	57124245	57131368	CHCHD7	0	+	7123
chr4	8271481	8308825	HTRA3	0	+	37344
chr2	48541776	48606434	FOXN2	0	+	64658
chr3	133118900	133194066	BFSP2	0	+	75166
chr17	58254688	58499831	USP32	0	-	245143
chr9	135937368	135947248	CEL	0	+	9880
chr17	58677554	58743641	PPM1D	0	+	66087
chr4	6665123	6678482	ENSG00000170846	0	+	13359
chr7	32907784	32933743	KBTBD2	0	-	25959
chr3	14220317	14242622	LSM3	0	+	22305
chr4	6783102	6885897	KIAA0232	0	+	102795
chr8	125563025	125740714	MTSS1	0	-	177689
chr3	14166515	14185180	TMEM43	0	+	18665
chr19	54704677	54752862	RPS9	0	+	48185
chr12	120759918	120765582	PLA2G1B	0	-	5664
chr4	5016313	5021185	CYTL1	0	-	4872
chr19	54693789	54698394	TSEN34	0	+	4605
chr3	129693531	129696778	TRH	0	+	3247
chr6	52842746	52860102	GSTA4	0	-	17356
chr11	105866350	105893130	MSANTD4	0	-	26780
chr19	54597933	54606000	OSCAR	0	-	8067
chr17	61043596	61505064	TANC2	0	+	461468
chr6	51480097	51952411	PKHD1	0	-	472314
chr19	53569859	53606687	ZNF160	0	-	36828
chr11	6340176	6341762	CAVIN3	0	-	1586
chr19	42300519	42315592	CEACAM3	0	+	15073
chr11	30851916	31391357	DCDC1	0	-	539441
chr8	122624356	122653680	HAS2	0	-	29324
chr11	103777917	104035107	PDGFD	0	-	257190
chrX	133699868	133898352	PLAC1	0	-	198484
chr1	101702421	101709269	S1PR1	0	+	6848
chrX	131760043	132095423	HS6ST2	0	-	335380
chr15	55831082	55881145	PYGO1	0	-	50063
chr19	7953390	7966906	LRRC8E	0	+	13516
chr8	79428575	79517502	PKIA	0	+	88927
chr8	10753555	11059342	XKR6	0	-	305787
chr8	143293441	143484543	TSNARE1	0	-	191102
chr19	52248425	52307368	FPR1	0	-	58943
chr11	68028806	68039469	C11orf24	0	-	10663
chr2	29415640	30144452	ALK	0	-	728812
chrX	149736867	149841616	MTM1	0	+	104749
chr9	136080664	136084637	OBP2B	0	-	3973
chr19	7112266	7294425	INSR	0	-	182159
chr3	179065497	179112724	MFN1	0	+	47227
chr7	150147718	150176481	GIMAP8	0	+	28763
chr19	5805078	5828335	NRTN	0	+	23257
chr19	5842899	5851482	FUT3	0	-	8583
chr2	42669157	42721122	KCNG3	0	-	51965
chr7	149570057	149588293	ATP6V0E2	0	+	18236
chr2	45878484	46415129	PRKCE	0	+	536645
chr3	9932258	9936033	JAGN1	0	+	3775
chr19	14138960	14142363	RLN3	0	+	3403
chr2	46926091	47007384	SOCS5	0	+	81293
chrX	119759529	119763909	C1GALT1C1	0	-	4380
chr1	249132409	249143716	ZNF672	0	+	11307
chr1	249144205	249153343	ZNF692	0	-	9138
chr4	71296209	71348714	MUC7	0	+	52505
chr4	71263648	71275912	OPRPN	0	+	12264
chr4	71235810	71255961	SMR3B	0	+	20151
chr11	85359011	85367591	TMEM126A	0	+	8580
chr11	85339617	85347583	TMEM126B	0	+	7966
chr10	104404236	104418075	TRIM8	0	+	13839
chr16	47111614	47177856	NETO2	0	-	66242
chr4	71104099	71117191	CSN3	0	+	13092
chr6	155585147	155597682	CLDN20	0	+	12535
chr11	64590524	64612125	CDC42BPG	0	-	21601
chr10	71390003	71393352	FAM241B	0	+	3349
chr2	120187477	120196080	TMEM37	0	+	8603
chr4	69917081	69978705	UGT2B7	0	+	61624
chr19	4536414	4540048	LRG1	0	-	3634
chr16	46612503	46655291	SHCBP1	0	-	42788
chr17	78440634	78451643	NPTX1	0	-	11009
chr15	38746328	38779911	FAM98B	0	+	33583
chr19	11959541	11994565	ZNF439	0	+	35024
chr19	11925088	11946031	ZNF440	0	+	20943
chr17	78075355	78093680	GAA	0	+	18325
chr17	76987798	77005949	CANT1	0	-	18151
chr2	26915590	26956288	KCNK3	0	+	40698
chr10	99205927	99217127	ZDHHC16	0	+	11200
chr12	104849073	105155792	CHST11	0	+	306719
chr10	99195666	99205774	EXOSC1	0	-	10108
chr10	99185948	99193201	PGAM1	0	+	7253
chr8	61591299	61780587	CHD7	0	+	189288
chr8	27629466	27670157	ESCO2	0	+	40691
chr17	39679869	39684560	KRT19	0	-	4691
chr17	39669997	39678781	KRT15	0	-	8784
chr17	39592406	39597235	KRT38	0	-	4829
chrX	49687206	49863892	CLCN5	0	+	176686
chr1	112313284	112532290	KCND3	0	-	219006
chrX	128779236	128788933	APLN	0	-	9697
chr17	39657233	39661957	KRT13	0	-	4724
chr17	39722088	39728311	KRT9	0	-	6223
chr6	136172839	136516712	PDE7B	0	+	343873
chr5	1798499	1801480	MRPL36	0	-	2981
chr8	18027986	18081198	NAT1	0	+	53212
chrX	48620151	48632064	GLOD5	0	+	11913
chr12	117890817	118406795	KSR2	0	-	515978
chr5	112357796	112824520	MCC	0	-	466724
chr17	38933060	38938802	KRT27	0	-	5742
chr9	125677845	125693791	ZBTB26	0	-	15946
chr2	219824388	219826877	CDK5R2	0	+	2489
chr18	65173824	65183957	DSEL	0	-	10133
chr20	30946133	31027122	ASXL1	0	+	80989
chr19	9752483	9785776	ZNF562	0	-	33293
chr6	43274872	43337385	ZNF318	0	-	62513
chr19	9715356	9731912	ZNF561	0	-	16556
chr17	38375556	38440388	WIPF2	0	+	64832
chr4	57514154	57548065	HOPX	0	-	33911
chrX	47863734	47869130	SPACA5	0	+	5396
chr16	11927707	11945437	RSL1D1	0	-	17730
chr9	125329396	125345663	OR1L8	0	-	16267
chr1	86194916	86622626	COL24A1	0	-	427710
chr4	159593120	159631894	ETFDH	0	+	38774
chr1	85277285	85358889	LPAR3	0	-	81604
chr5	76986991	77164604	TBCA	0	-	177613
chr11	75297963	75380083	MAP6	0	-	82120
chr2	233344537	233352544	ECEL1	0	-	8007
chr20	30252255	30311792	BCL2L1	0	-	59537
chr4	155525286	155534119	FGG	0	-	8833
chr4	155484163	155493959	FGB	0	+	9796
chr4	155456157	155471552	PLRG1	0	-	15395
chr19	58912871	58929694	ZNF584	0	+	16823
chr21	41382926	42219084	DSCAM	0	-	836158
chr2	232387898	232395156	NMUR1	0	-	7258
chr5	139026884	139063467	CXXC5	0	+	36583
chr19	58694396	58724928	ZNF274	0	+	30532
chr1	9689947	9789172	PIK3CD	0	+	99225
chr1	9599524	9645231	SLC25A33	0	+	45707
chr1	9352953	9429591	SPSB1	0	+	76638
chr11	72975543	73016148	P2RY6	0	+	40605
chr17	65821619	65980494	BPTF	0	+	158875
chr5	76145826	76217475	S100Z	0	+	71649
chr19	58089824	58105258	ZIK1	0	+	15434
chr1	6527182	6580134	PLEKHG5	0	-	52952
chr12	14518610	14655865	ATF7IP	0	+	137255
chr20	62704534	62711341	RGS19	0	-	6807
chr20	62681189	62703700	TCEA2	0	+	22511
chr11	21804205	22305113	ANO5	0	+	500908
chr5	141000443	141016416	HDAC3	0	-	15973
chr1	162342993	162346644	SPATA46	0	-	3651
chr14	66974125	67648520	GPHN	0	+	674395
chr16	77822461	78014004	VAT1L	0	+	191543
chr1	15479028	15546974	TMEM51	0	+	67946
chr1	6845514	7829766	CAMTA1	0	+	984252
chr19	39292311	39303585	LGALS4	0	-	11274
chr12	103230667	103352188	PAH	0	-	121521
chr15	45694534	45713613	SPATA5L1	0	+	19079
chr15	45653322	45694525	GATM	0	-	41203
chr10	135367405	135383339	SYCE1	0	-	15934
chr19	38899691	38916945	RASGRP4	0	-	17254
chr1	160336861	160342636	NHLH1	0	+	5775
chr1	41481261	41488909	SLFNL1	0	-	7648
chr18	60790579	60987361	BCL2	0	-	196782
chr1	41444972	41478237	CTPS1	0	+	33265
chr10	134973723	135039916	KNDC1	0	+	66193
chr19	38375463	38397317	WDR87	0	-	21854
chr10	134621896	134756327	CFAP46	0	-	134431
chr1	36560840	36590823	COL8A2	0	-	29983
chr10	134210672	134231363	PWWP2B	0	+	20691
chr1	11126675	11159926	EXOSC10	0	-	33251
chr12	673462	772755	NINJ2	0	-	99293
chr9	20341667	20622498	MLLT3	0	-	280831
chr12	8373856	8380214	FAM90A1	0	-	6358
chr2	10260825	10351851	RRM2	0	+	91026
chr2	3383446	3488865	TRAPPC12	0	+	105419
chr9	21077103	21077941	IFNB1	0	-	838
chr20	60962159	60963576	RPS21	0	+	1417
chr12	8209440	8218955	C3AR1	0	-	9515
chr17	685593	695749	MRM3	0	+	10156
chr10	89622395	89731687	PTEN	0	+	109292
chr2	3622850	3628510	RPS7	0	+	5660
chr20	4702555	4709106	PRND	0	+	6551
chr20	4666996	4682236	PRNP	0	+	15240
chr20	4201277	4229934	ADRA1D	0	-	28657
chr15	44162959	44487469	FRMD5	0	-	324510
chr18	24432007	24445735	AQP4	0	-	13728
chr19	16023177	16045677	CYP4F11	0	-	22500
chr15	62682725	63136830	TLN2	0	+	454105
chr17	18380051	18398259	LGALS9C	0	+	18208
chr17	18684424	18710027	TVP23B	0	+	25603
chr17	18647339	18682662	FBXW10	0	+	35323
chr20	52183610	52226446	ZNF217	0	-	42836
chr2	224461658	224467079	SCG2	0	-	5421
chr17	17880723	17942523	ATPAF2	0	-	61800
chr19	15619336	15663128	CYP4F22	0	+	43792
chr1	43124006	43142429	PPIH	0	+	18423
chr19	2900926	2918471	ZNF57	0	+	17545
chr20	5731039	5845041	SHLD1	0	+	114002
chr10	64926981	65281610	JMJD1C	0	-	354629
chr5	149980642	150038769	SYNPO	0	+	58127
chr19	2867333	2883443	ZNF556	0	+	16110
chr2	95691422	95719737	MAL	0	+	28315
chr19	2819866	2836733	ZNF554	0	+	16867
chr4	140374386	140397763	RAB33B	0	+	23377
chr19	2785501	2815805	THOP1	0	+	30304
chr3	115342357	115440337	GAP43	0	+	97980
chr1	92495542	92529095	EPHX4	0	+	33553
chr3	49158547	49170551	LAMB2	0	-	12004
chr3	49145479	49158371	USP19	0	-	12892
chr3	49133365	49142563	QARS1	0	-	9198
chr17	38077294	38083854	ORMDL3	0	-	6560
chr5	70196496	70214357	SERF1A	0	+	17861
chr2	10182976	10194963	KLF11	0	+	11987
chr3	194075978	194090472	LRRC15	0	-	14494
chr5	70220857	70249769	SMN1	0	+	28912
chr2	88856259	88991036	EIF2AK3	0	-	134777
chr19	2071035	2096672	MOB3A	0	-	25637
chr2	88326724	88363771	KRCC1	0	-	37047
chr7	25158275	25164879	CYCS	0	-	6604
chr2	87042462	87089047	CD8B	0	-	46585
chr17	33737941	33760302	SLFN12	0	-	22361
chr16	71392616	71424339	CALB2	0	+	31723
chr3	111859745	112013074	SLC9C1	0	-	153329
chr17	32612761	32615353	CCL11	0	+	2592
chr9	85857905	86153461	FRMD3	0	-	295556
chr8	121547985	121825513	SNTB1	0	-	277528
chr17	29224354	29233256	TEFM	0	-	8902
chr18	56338697	56421709	MALT1	0	+	83012
chr15	89178901	89199714	ISG20	0	+	20813
chr6	20099915	20212700	MBOAT1	0	-	112785
chr6	19837601	19842428	ID4	0	+	4827
chr20	48807367	48809205	CEBPB	0	+	1838
chr19	825097	832018	AZU1	0	+	6921
chr16	1290380	1292555	TPSAB1	0	+	2175
chr5	43526369	43557860	PAIP1	0	-	31491
chr12	10269376	10282857	CLEC7A	0	-	13481
chr5	43486811	43515250	C5orf34	0	-	28439
chr11	47611219	47615963	C1QTNF4	0	-	4744
chr1	71861626	72748222	NEGR1	0	-	886596
chr5	43065278	43192123	ZNF131	0	+	126845
chr20	13976015	16033842	MACROD2	0	+	2057827
chr19	571277	583494	BSG	0	+	12217
chr11	118992290	119006769	HINFP	0	+	14479
chr2	169312759	169631644	CERS6	0	+	318885
chr20	12989620	13149750	SPTLC3	0	+	160130
chr17	30178890	30186310	COPRS	0	-	7420
chr2	168149511	168730555	B3GALT1	0	+	581044
chr12	10103915	10148293	CLEC12A	0	+	44378
chr7	134331563	134364568	BPGM	0	+	33005
chr7	100303744	100305109	POP7	0	+	1365
chr1	95439961	95538507	ALG14	0	-	98546
chr3	67410884	67705036	SUCLG2	0	-	294152
chr22	41957014	41973745	CSDC2	0	+	16731
chr6	46188473	46459709	RCAN2	0	-	271236
chr15	81451916	81606399	IL16	0	+	154483
chr11	119019762	119033362	ABCG4	0	+	13600
chr7	100271190	100276797	GNB2	0	+	5607
chr18	47753563	47792865	CFAP53	0	-	39302
chr16	686817	698474	MCRIP2	0	+	11657
chr11	118972908	118989254	C2CD2L	0	+	16346
chr15	80696692	80890274	ARNT2	0	+	193582
chr1	68167158	68299150	GNG12	0	-	131992
chr16	2762420	2770552	PRSS27	0	-	8132
chr4	120056987	120108944	MYOZ2	0	+	51957
chr4	119771843	119982402	SYNPO2	0	+	210559
chr11	57415661	57429337	CLP1	0	+	13676
chr17	60421302	60493841	EFCAB3	0	+	72539
chr6	43612773	43640337	RSPH9	0	+	27564
chr2	241065980	241076224	COPS9	0	-	10244
chr1	59762310	60276319	FGGY	0	+	514009
chr13	21276266	21297237	IL17D	0	+	20971
chr6	96463850	96663488	FUT9	0	+	199638
chr18	32912191	32925446	ZNF24	0	-	13255
chr6	96025361	96057346	MANEA	0	+	31985
chrX	102754058	102774417	RAB40A	0	-	20359
chr2	241825465	241836306	MAB21L4	0	-	10841
chr2	241808241	241819919	AGXT	0	+	11678
chr4	87856154	88062191	AFF1	0	+	206037
chr5	80625815	80689998	ACOT12	0	-	64183
chr11	65651211	65656002	FIBP	0	-	4791
chr11	67182439	67193078	CARNS1	0	+	10639
chr16	87982850	88110924	BANP	0	+	128074
chrX	153213008	153237269	HCFC1	0	-	24261
chr12	55224302	55289792	MUCL1	0	+	65490
chr2	946535	1371385	SNTG2	0	+	424850
chr12	20521471	20841517	PDE3A	0	+	320046
chr15	38780304	38857776	RASGRP1	0	-	77472
chr3	183205339	183273494	KLHL6	0	-	68155
chr10	75541805	75543410	CHCHD1	0	+	1605
chr14	23299088	23304246	MRPL52	0	+	5158
chr6	123110194	123130865	SMPDL3A	0	+	20671
chr12	49250928	49259653	RND1	0	-	8725
chr11	67085342	67165881	RAD9A	0	+	80539
chr11	65633912	65641063	EFEMP2	0	-	7151
chr12	48596122	48597075	OR10AD1	0	-	953
chr10	75434045	75457867	AGAP5	0	-	23822
chr10	46222648	46288412	WASHC2C	0	+	65764
chr3	178677909	178790003	ZMAT3	0	-	112094
chr10	46110948	46168228	ZFAND4	0	-	57280
chr6	128029217	128239776	THEMIS	0	-	210559
chr19	21541732	21571384	ZNF738	0	+	29652
chr17	33677324	33700720	SLFN11	0	-	23396
chr9	34689567	34691273	CCL19	0	-	1706
chr11	67202981	67211292	CORO1B	0	-	8311
chr8	33228342	33330664	FUT10	0	-	102322
chr10	72058726	72142406	LRRC20	0	-	83680
chr8	30853318	30891231	PURG	0	-	37913
chr8	182137	214703	ZNF596	0	+	32566
chr11	65590493	65629497	CFL1	0	-	39004
chr3	129366635	129612554	TMCC1	0	-	245919
chr13	41885403	41951166	NAA16	0	+	65763
chr3	129120164	129147494	EFCAB12	0	-	27330
chr16	57186378	57220028	PSME3IP1	0	-	33650
chr17	72873431	72889879	FADS6	0	-	16448
chr9	120837	179147	CBWD1	0	-	58310
chr17	72666717	72743474	RAB37	0	+	76757
chr17	72199721	72206794	RPL38	0	+	7073
chr8	65500320	65711294	CYP7B1	0	-	210974
chr11	65554534	65564685	OVOL1	0	+	10151
chr12	53604351	53626764	RARG	0	-	22413
chr16	67022492	67044320	CES4A	0	+	21828
chr16	66995148	67009052	CES3	0	+	13904
chr11	67070949	67080078	SSH3	0	+	9129
chr16	66968347	66978999	CES2	0	+	10652
chr16	66912492	66929657	PDP2	0	+	17165
chr2	174745578	174830101	SP3	0	-	84523
chr5	118373467	118584833	DMXL1	0	+	211366
chr2	172864850	172947158	METAP1D	0	+	82308
chr3	40566369	40616176	ZNF621	0	+	49807
chr9	139553308	139567130	EGFL7	0	+	13822
chr11	71164155	71235153	NADSYN1	0	+	70998
chr11	71139239	71163914	DHCR7	0	-	24675
chr5	115298151	115363316	LVRN	0	+	65165
chr13	35516407	36247159	NBEA	0	+	730752
chr11	69061605	69182494	KNOWN	0	+	120889
chr11	67056771	67069956	ANKRD13D	0	+	13185
chr11	68771863	68780850	MRGPRF	0	-	8987
chr3	38179969	38184515	MYD88	0	+	4546
chr3	38206580	38296975	OXSR1	0	+	90395
chrX	53963109	54075391	PHF8	0	-	112282
chr2	30670092	30867091	LCLAT1	0	+	196999
chr4	100123795	100140694	ADH6	0	-	16899
chr11	65479467	65487075	KAT5	0	+	7608
chr2	109745661	110262211	SH3RF3	0	+	516550
chr3	72937197	73047289	GXYLT2	0	+	110092
chr10	100216834	100995619	HPSE2	0	-	778785
chr4	7043626	7059679	TADA2B	0	+	16053
chr11	67033944	67054027	GRK2	0	+	20083
chr11	65421070	65430561	RELA	0	-	9491
chr4	5544499	5711275	EVC2	0	-	166776
chr7	63980256	64023453	ZNF680	0	-	43197
chr12	112597992	112820243	HECTD4	0	-	222251
chr17	27082998	27182250	FAM222B	0	-	99252
chr9	16409501	16870841	BNC2	0	-	461340
chr1	155911429	155912878	RXFP4	0	+	1449
chr4	84213614	84256306	HPSE	0	-	42692
chr4	84182689	84206067	COQ2	0	-	23378
chr1	161494330	161496684	HSPA6	0	+	2354
chr11	66886734	67025553	KDM2A	0	+	138819
chr8	145596790	145618457	ADCK5	0	+	21667
chr13	21750797	21753223	MRPL57	0	+	2426
chr10	96092983	96122716	NOC3L	0	-	29733
chr11	64072969	64084215	ESRRA	0	+	11246
chr11	66824318	66839488	RHOD	0	+	15170
chr12	43747669	43946006	ADAMTS20	0	-	198337
chr2	62115859	62374382	COMMD1	0	+	258523
chr2	204259068	204400058	RAPH1	0	-	140990
chr3	123001143	123167937	ADCY5	0	-	166794
chr3	122399686	122449687	PARP14	0	+	50001
chrX	77526965	77583188	CYSLTR1	0	-	56223
chr3	122296475	122357894	PARP15	0	+	61419
chr1	154947129	154951727	CKS1B	0	+	4598
chr12	39943835	40013605	ABCD2	0	-	69770
chr5	148521046	148640105	ABLIM3	0	+	119059
chr1	116654020	116680770	MAB21L3	0	+	26750
chr18	47221	49615	TUBB8B	0	-	2394
chr6	111580530	111766557	MFSD4B	0	+	186027
chr1	116184591	116240845	VANGL1	0	+	56254
chr3	121488608	121553926	IQCB1	0	-	65318
chr11	66774249	66818334	SYT12	0	+	44085
chr3	121382046	121468813	GOLGB1	0	-	86767
chr11	66742748	66744480	C11orf86	0	+	1732
chr9	1049858	1057552	DMRT2	0	+	7694
chr9	114287439	114340124	ZNF483	0	+	52685
chr5	145463876	145485140	PLAC8L1	0	-	21264
chr12	7965108	8043744	SLC2A14	0	-	78636
chr11	64037534	64056972	GPR137	0	+	19438
chr10	88695297	88729238	MMRN2	0	-	33941
chr2	132222473	132250316	MZT2A	0	-	27843
chr8	9413422	9639856	TNKS	0	+	226434
chrX	134478721	134497338	ZNF449	0	+	18617
chr21	43406940	43430496	ZBTB21	0	-	23556
chr8	8993765	9009084	PPP1R3B	0	-	15319
chr4	184718845	184944679	STOX2	0	+	225834
chr11	65365227	65382853	MAP3K11	0	-	17626
chr8	126442600	126450645	TRIB1	0	+	8045
chr20	23583047	23586554	CST9	0	-	3507
chr11	65360307	65363467	KCNK7	0	-	3160
chr1	22979255	22988130	C1QB	0	+	8875
chr4	121956768	121994176	NDNF	0	-	37408
chr3	51928892	51937369	IQCF1	0	-	8477
chr3	49506146	49573051	DAG1	0	+	66905
chr20	20348748	20351593	INSM1	0	+	2845
chr1	57460451	59012406	DAB1	0	-	1551955
chr1	231114727	231136479	ARV1	0	+	21752
chr20	19997954	20014299	NAA20	0	+	16345
chr3	49235861	49295539	IHO1	0	+	59678
chr11	18287807	18291524	SAA1	0	+	3717
chr11	65343517	65360121	EHBP1L1	0	+	16604
chr7	19758938	19813240	TMEM196	0	-	54302
chr11	119205237	119208019	RNF26	0	+	2782
chr11	64011951	64014415	PPP1R14B	0	-	2464
chr11	65337931	65341413	ZNRD2	0	+	3482
chr7	16899036	16921611	AGR3	0	-	22575
chr3	47626759	47823596	SMARCC1	0	-	196837
chr19	58411664	58427978	ZNF417	0	-	16314
chr18	7566780	8406859	PTPRM	0	+	840079
chr11	64008475	64011604	FKBP2	0	+	3129
chr11	64002056	64006736	VEGFB	0	+	4680
chr15	77392998	77712486	PEAK1	0	-	319488
chr8	22993101	23021540	TNFRSF10D	0	-	28439
chr4	71768043	71888166	MOB1B	0	+	120123
chr5	16451628	16465909	ZNF622	0	-	14281
chr15	75966663	76005189	CSPG4	0	-	38526
chr15	75940253	75954642	SNX33	0	+	14389
chr2	26785453	26802400	FAM166C	0	+	16947
chr2	192542794	192605823	NABP1	0	+	63029
chr15	93443419	93571226	CHD2	0	+	127807
chr3	46058482	46127317	XCR1	0	-	68835
chr19	56152428	56164527	CCDC106	0	+	12099
chr4	70586885	70653679	SULT1B1	0	-	66794
chr11	66615888	66725857	PC	0	-	109969
chr9	127704887	127905807	SCAI	0	-	200920
chr1	10003486	10045559	NMNAT1	0	+	42073
chr1	46769370	46782448	UQCRH	0	+	13078
chr1	6615367	6639815	TAS1R1	0	+	24448
chrX	20142643	20159956	EIF1AX	0	-	17313
chr7	102290766	102303072	SPDYE2B	0	+	12306
chrX	19930978	20009179	BCLAF3	0	-	78201
chr2	231921559	232037830	PSMD1	0	+	116271
chrX	19007425	19140755	ADGRG2	0	-	133330
chr3	124624289	124672663	MUC13	0	-	48374
chr3	33191535	33260302	SUSD5	0	-	68767
chr3	124684554	124774841	HEG1	0	-	90287
chr17	48912011	48919714	WFIKKN2	0	+	7703
chr11	66511922	66610987	C11orf80	0	+	99065
chr1	235272656	235292152	TOMM20	0	-	19496
chr1	244515937	244552965	C1orf100	0	+	37028
chr2	228336868	228425933	AGFG1	0	+	89065
chr17	40351194	40440651	STAT5B	0	-	89457
chr17	80272744	80275484	CD7	0	-	2740
chr17	39910856	39943183	JUP	0	-	32327
chr17	39873994	39890896	HAP1	0	-	16902
chr19	33210659	33320486	TDRD12	0	+	109827
chr17	39845137	39848920	EIF1	0	+	3783
chr17	78388965	78411886	ENDOV	0	+	22921
chr17	78234651	78372594	RNF213	0	+	137943
chr11	65122222	65125084	TIGD3	0	+	2862
chr17	60778675	60885705	MARCHF10	0	-	107030
chr1	45266049	45271662	PLK3	0	+	5613
chr10	5454520	5501019	NET1	0	+	46499
chr7	34966904	35077883	DPY19L1	0	-	110979
chr15	89002732	89089816	ENSG00000173867	0	-	87084
chr17	47300728	47308149	PHOSPHO1	0	-	7421
chr3	169804520	169899537	PHC3	0	-	95017
chr3	169755783	169803180	GPR160	0	+	47397
chr17	77751947	77761782	CBX2	0	+	9835
chr3	167726477	167813712	GOLIM4	0	-	87235
chr11	66432469	66445358	RBM4B	0	-	12889
chr17	46618256	46622471	HOXB2	0	-	4215
chr17	77018896	77045870	C1QTNF1	0	+	26974
chr5	126203406	126366250	MARCHF3	0	-	162844
chr19	11485342	11487627	SWSAP1	0	+	2285
chr5	101569690	101631988	SLCO4C1	0	-	62298
chr1	111889222	111895635	PIFO	0	+	6413
chr3	194789013	194991888	XXYLT1	0	-	202875
chr2	24150155	24227779	UBXN2A	0	+	77624
chr13	46786063	46851250	LRRC63	0	+	65187
chr17	37821602	37822807	TCAP	0	+	1205
chr11	66360624	66373490	CCS	0	+	12866
chrX	24001833	24045303	KLHL15	0	-	43470
chr3	196295482	196315930	FBXO45	0	+	20448
chr13	46276455	46288694	CBY2	0	+	12239
chr13	45967451	45992590	SLC25A30	0	-	25139
chr9	35041092	35045983	C9orf131	0	+	4891
chr1	208054317	208084747	CD34	0	-	30430
chr11	66330935	66336350	CTSF	0	-	5415
chr12	65672423	65885210	MSRB3	0	+	212787
chr12	65563363	65642135	LEMD3	0	+	78772
chr16	1469753	1470757	C16orf91	0	-	1004
chr4	38773859	38784611	TLR10	0	-	10752
chr4	38792298	38858438	TLR1	0	-	66140
chr5	99871078	99922445	FAM174A	0	+	51367
chr5	98104354	98134347	RGMB	0	+	29993
chr4	1619642	1686040	FAM53A	0	-	66398
chr1	110036674	110045554	CYB561D1	0	+	8880
chr6	52761437	52774496	GSTA3	0	-	13059
chr11	66288108	66313706	ZDHHC24	0	-	25598
chr3	101280712	101285290	TRMT10C	0	+	4578
chr1	169558087	169599431	SELP	0	-	41344
chr10	51224681	51371321	KNOWN	0	-	146640
chr15	41913332	42065279	MGA	0	+	151947
chr12	64580096	64616076	KICS2	0	-	35980
chrX	100224697	100245820	ARL13A	0	+	21123
chr8	101585117	101675643	SNX31	0	-	90526
chr4	492999	533989	PIGG	0	+	40990
chr17	1553923	1588161	PRPF8	0	-	34238
chr12	49159977	49182872	ADCY6	0	-	22895
chr12	27849380	27850529	REP15	0	+	1149
chr17	1421012	1466086	PITPNA	0	-	45074
chr12	49223539	49246625	DDX23	0	-	23086
chr11	64883875	64885173	ZNHIT2	0	-	1298
chr17	7362685	7387582	ZBTB4	0	-	24897
chr20	39807088	39946371	ZHX3	0	-	139283
chr1	201433406	201438365	PHLDA3	0	-	4959
chr17	6944940	6947411	SLC16A11	0	-	2471
chr17	6939334	6943436	SLC16A13	0	+	4102
chr1	53971910	54204837	GLIS1	0	-	232927
chr4	40337350	40357234	CHRNA9	0	+	19884
chr1	53527724	53551173	PODN	0	+	23449
chr1	242011269	242058450	EXO1	0	+	47181
chr14	36007558	36278510	RALGAPA1	0	-	270952
chr13	108859787	108870716	LIG4	0	-	10929
chr7	74508364	74565623	GTF2IRD2B	0	+	57259
chr12	110718561	110788898	ATP2A2	0	+	70337
chr15	66797297	66842468	ZWILCH	0	+	45171
chr18	51850728	51884334	STARD6	0	-	33606
chr12	110464833	110511441	C12orf76	0	-	46608
chrX	117957787	117960931	ZCCHC12	0	+	3144
chr7	145813094	148118090	CNTNAP2	0	+	2304996
chr9	27937615	29213599	LINGO2	0	-	1275984
chr15	65619465	65670340	IGDCC3	0	-	50875
chr2	96502667	96657579	ANKRD36C	0	-	154912
chr1	205882176	205912588	SLC26A9	0	-	30412
chr19	40721965	40724291	TTC9B	0	-	2326
chr12	109785705	109893328	MYO1H	0	+	107623
chr1	205052257	205053588	TMEM81	0	-	1331
chr11	66202546	66234209	MRPL11	0	-	31663
chr1	204167291	204183116	GOLT1A	0	-	15825
chr1	39456948	39471731	AKIRIN1	0	+	14783
chr11	66188475	66194178	NPAS4	0	+	5703
chr3	135867759	135916083	MSL2	0	-	48324
chr19	58865723	58874214	ZNF497	0	-	8491
chr4	118004710	118006732	TRAM1L1	0	-	2022
chr12	108681821	108733094	CMKLR1	0	-	51273
chr1	213165524	213189209	ANGEL2	0	-	23685
chr4	115519926	115599381	UGT8	0	+	79455
chr3	134318765	134370478	KY	0	-	51713
chr16	19727778	19869789	IQCK	0	+	142011
chr3	133651545	133771028	SLCO2A1	0	-	119483
chr19	9523105	9546249	ZNF266	0	-	23144
chr11	66129992	66139685	SLC29A2	0	-	9693
chr11	1411129	1483919	BRSK2	0	+	72790
chr11	66112845	66115100	B4GAT1	0	-	2255
chr7	127881331	127897682	LEP	0	+	16351
chr5	171752004	171881529	SH3PXD2B	0	-	129525
chr12	32112304	32146041	RESF1	0	+	33737
chr4	113558233	113578852	LARP7	0	+	20619
chr10	93666341	93669243	FGFBP3	0	-	2902
chr3	23986777	24022108	NR1D2	0	+	35331
chrX	90689594	90693583	PABPC5	0	+	3989
chr11	66104804	66112596	BRMS1	0	-	7792
chr3	23958082	23965865	RPL15	0	+	7783
chr4	113066610	113116412	FAM241A	0	+	49802
chr11	532242	537321	HRAS	0	-	5079
chr3	167196472	167371771	WDR49	0	-	175299
chr4	57333783	57369847	SRP72	0	+	36064
chr11	66097712	66104311	RIN1	0	-	6599
chr4	76481258	76491081	ODAPH	0	+	9823
chr4	76439156	76475683	THAP6	0	+	36527
chr4	56815037	56899527	CEP135	0	+	84490
chr11	66081965	66084515	CD248	0	-	2550
chr4	75669969	75719733	BTC	0	-	49764
chr1	145726918	145764207	PDZK1	0	+	37289
chr19	6887577	6940470	ADGRE1	0	+	52893
chr3	57611181	57678804	DENND6A	0	-	67623
chr3	57542001	57552575	PDE12	0	+	10574
chr1	92711959	92764544	GLMN	0	-	52585
chr3	57327727	57530071	DNAH12	0	-	202344
chr11	66045646	66052772	CNIH2	0	+	7126
chr11	278407	285388	NLRP6	0	+	6981
chr3	157823644	158263519	RSRC1	0	+	439875
chr19	5720648	5778745	CATSPERD	0	+	58097
chr11	66036061	66044963	RAB1B	0	+	8902
chr11	448268	491399	PTDSS2	0	+	43131
chr16	29882480	29910871	SEZ6L2	0	-	28391
chr16	29916333	29937557	KCTD13	0	-	21224
chr1	27705666	27709823	CD164L2	0	-	4157
chr19	49251268	49258647	FUT1	0	-	7379
chr3	153990335	154042276	DHX36	0	-	51941
chr12	117348755	117468953	FBXW8	0	+	120198
chr11	66024765	66035331	KLC2	0	+	10566
chr6	160542847	160579750	SLC22A1	0	+	36903
chr10	126672886	126849739	CTBP2	0	-	176853
chr3	142838613	142842856	CHST2	0	+	4243
chr6	157802165	158099189	ZDHHC14	0	+	297024
chr3	142167849	142297575	ATR	0	-	129726
chr20	44441215	44445596	UBE2C	0	+	4381
chr3	141876369	141944434	GK5	0	-	68065
chr8	67540722	67579466	VCPIP1	0	-	38744
chr2	220283099	220291457	DES	0	+	8358
chr1	26437656	26452046	PDIK1L	0	+	14390
chr3	140770189	140867453	SPSB4	0	+	97264
chr11	36505319	36531822	TRAF6	0	-	26503
chr3	138724648	139079339	MRPS22	0	+	354691
chr11	65837743	66012215	PACS1	0	+	174472
chr20	43738093	43743815	WFDC5	0	-	5722
chr1	32799440	32801834	MARCKSL1	0	-	2394
chr1	249104645	249120114	SH3BP5L	0	-	15469
chr17	57409016	57479090	YPEL2	0	+	70074
chr3	85008140	86123579	CADM2	0	+	1115439
chr9	136108665	136151440	ABO	0	-	42775
chr3	184016986	184026838	PSMD2	0	+	9852
chr17	56833215	57062540	PPM1E	0	+	229325
chr12	77252489	77272803	CSRP2	0	-	20314
chr12	57828567	57845845	INHBC	0	+	17278
chr13	100741269	101182691	PCCA	0	+	441422
chr11	46722580	46727462	ZNF408	0	+	4882
chr12	58213710	58240512	CTDSP2	0	-	26802
chr11	46764598	46867859	CKAP5	0	-	103261
chr11	46698630	46722169	ARHGAP1	0	-	23539
chr19	867630	893218	MED16	0	-	25588
chr11	46639077	46696368	ATG13	0	+	57291
chr11	65808236	65816632	GAL3ST3	0	-	8396
chr1	11006528	11042133	C1orf127	0	-	35605
chr11	45669239	45687172	CHST1	0	-	17933
chr15	34671136	34730009	GOLGA8A	0	-	58873
chr16	22103859	22168285	VWA3A	0	+	64426
chr9	131707809	131709882	DOLK	0	-	2073
chr9	131683245	131704320	PHYHD1	0	+	21075
chr11	65784223	65793950	CATSPER1	0	-	9727
chr5	177635472	177659803	PHYKPL	0	-	24331
chr11	65779479	65780976	CST6	0	+	1497
chr15	72452147	72490128	GRAMD2A	0	-	37981
chr18	14057456	14132489	ZNF519	0	-	75033
chr11	65769699	65771620	BANF1	0	+	1921
chr12	56754352	56756641	APOF	0	-	2289
chr15	32215641	32465219	CHRNA7	0	+	249578
chr11	8968749	8986558	TMEM9B	0	-	17809
chr11	8987229	9026835	NRIP3	0	-	39606
chr18	12785477	12929642	PTPN2	0	-	144165
chr11	9041023	9159661	SCUBE2	0	-	118638
chr11	65764016	65769647	EIF1AD	0	-	5631
chr18	45335328	45457517	SMAD2	0	-	122189
chr11	7991798	8023409	EIF3F	0	+	31611
chr10	38238501	38265575	ZNF25	0	-	27074
chr5	175792490	175828866	ARL10	0	+	36376
chr5	95726037	95769847	PCSK1	0	-	43810
chr8	19759228	19824770	LPL	0	+	65542
chr3	123616152	123680255	CCDC14	0	-	64103
chr11	67171386	67177560	TBC1D10C	0	+	6174
chr11	65729199	65747608	SART1	0	+	18409
chr10	133747955	133773331	KNOWN	0	+	25376
chr5	94039395	94620798	MCTP1	0	-	581403
chr19	18501947	18508432	LRRC25	0	-	6485
chr2	115199876	116603356	DPP10	0	+	1403480
chr11	65712951	65727437	TSGA10IP	0	+	14486
chr11	74201564	74204769	LIPT2	0	-	3205
chr11	74165886	74178774	KCNE3	0	-	12888
chr11	67219877	67229223	CABP4	0	+	9346
chr12	38710564	38723523	ALG10B	0	+	12959
chr11	65686745	65689034	DRAP1	0	+	2289
chrX	118108577	118152318	LONRF3	0	+	43741
chr11	73711322	73720130	UCP3	0	-	8808
chr11	73685717	73693888	UCP2	0	-	8171
chr11	65684281	65686533	C11orf68	0	-	2252
chr11	73587744	73642159	PAAF1	0	+	54415
chr11	73498917	73576178	MRPL48	0	+	77261
chr11	73386683	73472182	RAB6A	0	-	85499
chr11	72929326	72953472	P2RY2	0	+	24146
chr11	65659520	65668044	FOSL1	0	-	8524
chr16	14013995	14046205	ERCC4	0	+	32210
chr7	40174604	40900362	SUGCT	0	+	725758
chr11	65658144	65659106	CCDC85B	0	+	962
chr8	74884672	74895018	TMEM70	0	+	10346
chr11	67195931	67202872	RPS6KB2	0	+	6941
chr17	17746825	17875736	TOM1L2	0	-	128911
chr19	2933216	2944969	ZNF77	0	-	11753
chr3	119883492	120004069	GPR156	0	-	120577
chr2	110969106	111002997	MTLN	0	-	33891
chr1	27276053	27286959	KDF1	0	-	10906
chr12	122516628	122631894	KNOWN	0	+	115266
chr5	92918928	92930317	NR2F1	0	+	11389
chr1	1309110	1310587	AURKAIP1	0	-	1477
chr9	124577953	124855885	TTLL11	0	-	277932
chr12	69139905	69187744	SLC35E3	0	+	47839
chr14	94184644	94254831	PRIMA1	0	-	70187
chr9	97021580	97064111	ZNF169	0	+	42531
chr1	27189640	27190947	SFN	0	+	1307
chr8	9911802	10286401	MSRA	0	+	374599
chr9	131037658	131078402	SWI5	0	+	40744
chr5	57787262	57792917	GAPT	0	+	5655
chr17	79008922	79091234	BAIAP2	0	+	82312
chr11	14926543	15103888	CALCB	0	+	177345
chr2	101962012	102003965	CREG2	0	-	41953
chr7	73275489	73280220	TMEM270	0	+	4731
chr2	176994422	176997423	HOXD8	0	+	3001
chr9	14611069	14693430	ZDHHC21	0	-	82361
chr21	45917776	46131487	TSPEAR	0	-	213711
chr12	9220260	9268825	A2M	0	-	48565
chr17	41476361	41478505	ARL4D	0	+	2144
chr4	3465033	3503200	DOK7	0	+	38167
chr17	74385537	74449234	UBE2O	0	-	63697
chr16	30960389	30967782	ORAI3	0	+	7393
chr8	124656682	124666041	KLHL38	0	-	9359
chr12	121148261	121161443	UNC119B	0	+	13182
chr1	115125469	115213043	DENND2C	0	-	87574
chr14	69951409	69998268	PLEKHD1	0	+	46859
chr11	8959125	8964563	ASCL3	0	-	5438
chr1	1167617	1170421	B3GALT6	0	+	2804
chr19	52430400	52452012	ZNF613	0	+	21612
chr11	8941623	8954553	C11orf16	0	-	12930
chr16	28544029	28550329	NUPR1	0	-	6300
chr5	146965001	147162338	JAKMIP2	0	-	197337
chr9	140086069	140098645	TPRN	0	-	12576
chr1	26688125	26701013	ZNF683	0	-	12888
chr1	26648189	26686571	CRYBG2	0	-	38382
chr3	49761727	49823975	IP6K1	0	-	62248
chr9	140083112	140084822	SSNA1	0	+	1710
chr11	33098734	33183917	CSTF3	0	-	85183
chr18	721588	812547	YES1	0	-	90959
chr17	78965398	78983317	CHMP6	0	+	17919
chr7	100486342	100487336	UFSP1	0	-	994
chr9	69650263	69660358	NOVEL	0	+	10095
chr18	13824148	13827322	MC5R	0	+	3174
chr3	119147796	119187677	TMEM39A	0	-	39881
chr17	80059336	80170754	CCDC57	0	-	111418
chr10	133781188	133795471	BNIP3	0	-	14283
chr19	46393281	46405871	MYPOP	0	-	12590
chr18	12254360	12277594	CIDEA	0	+	23234
chr2	76974811	77820445	LRRTM4	0	-	845634
chr17	29158984	29222887	ATAD5	0	+	63903
chr19	44376517	44405537	ZNF404	0	-	29020
chr18	67670267	67872962	RTTN	0	-	202695
chr10	15117474	15130775	ACBD7	0	-	13301
chr9	140069236	140083012	ANAPC2	0	-	13776
chr10	95653730	95715819	SLC35G1	0	+	62089
chr17	47915662	47925431	TAC4	0	-	9769
chr15	85144217	85171027	ZSCAN2	0	+	26810
chr6	166718788	166721936	PRR18	0	-	3148
chr16	67464555	67471456	HSD11B2	0	+	6901
chr17	29096406	29151710	CRLF3	0	-	55304
chr1	201951500	201975275	RNPEP	0	+	23775
chr19	40029347	40030801	EID2	0	-	1454
chr9	22446823	22455739	DMRTA1	0	+	8916
chr19	40021627	40023492	EID2B	0	-	1865
chr7	99520889	99527243	GJC3	0	-	6354
chr8	104512838	105266658	RIMS2	0	+	753820
chr2	85198216	85286595	KCMF1	0	+	88379
chr7	73082161	73086442	VPS37D	0	+	4281
chr14	38723205	38725298	CLEC14A	0	-	2093
chr14	95873603	95982987	SYNE3	0	-	109384
chr1	155232659	155248282	CLK2	0	-	15623
chr15	34650834	34659397	LPCAT4	0	-	8563
chr15	92396938	92715665	SLCO3A1	0	+	318727
chr14	100842755	100996640	WDR25	0	+	153885
chr16	28565236	28603111	SGF29	0	+	37875
chr11	63340667	63384355	PLAAT3	0	-	43688
chr19	43979106	44009087	PHLDB3	0	-	29981
chr7	29603451	29606909	PRR15	0	+	3458
chr19	2511217	2702692	GNG7	0	-	191475
chr3	113367232	113415493	USF3	0	-	48261
chr8	88882975	88886243	DCAF4L2	0	-	3268
chr8	1921843	1955102	KBTBD11	0	+	33259
chr19	2427636	2456957	LMNB2	0	-	29321
chr18	48700920	48744703	MEX3C	0	-	43783
chr18	59475300	59561480	RNF152	0	-	86180
chr17	30819540	31204195	MYO1D	0	-	384655
chr16	86609974	86617084	FOXL1	0	+	7110
chr16	86600435	86603334	FOXC2	0	+	2899
chr11	27676440	27743605	BDNF	0	-	67165
chr16	89154783	89230529	ACSF3	0	+	75746
chr2	242490839	242513546	BOK	0	+	22707
chr16	31443914	31454481	ZNF843	0	-	10567
chr17	30814011	30818271	CDK5R1	0	+	4260
chr2	133429361	134326034	NCKAP5	0	-	896673
chr5	178977555	179037013	RUFY1	0	+	59458
chr5	17065707	17276952	BASP1	0	+	211245
chr17	62850248	62915598	LRRC37A3	0	-	65350
chr12	118501398	118573831	VSIG10	0	-	72433
chr16	54964777	54968397	IRX5	0	+	3620
chr17	81037485	81052867	METRNL	0	+	15382
chr8	124780679	124827692	FAM91A1	0	+	47013
chr12	118470492	118500235	WSB2	0	-	29743
chr9	140033606	140063208	GRIN1	0	+	29602
chr2	5832516	5841517	SOX11	0	+	9001
chr12	133264173	133281571	PXMP2	0	+	17398
chrX	13671231	13700083	TCEANC	0	+	28852
chr14	74178486	74181087	PNMA1	0	-	2601
chr8	40011001	40012829	TCIM	0	+	1828
chr19	49215982	49222982	MAMSTR	0	-	7000
chr12	133302089	133338418	ANKLE2	0	-	36329
chr9	139839637	139841427	C8G	0	+	1790
chr19	49199228	49209208	FUT2	0	+	9980
chr5	74321171	74348383	GCNT4	0	-	27212
chr3	195447755	195467994	MUC20	0	+	20239
chr2	242523820	242576573	THAP4	0	-	52753
chr16	28962128	28978413	NFATC2IP	0	+	16285
chr8	144239331	144242128	LY6H	0	-	2797
chr11	27015659	27018634	FIBIN	0	+	2975
chr17	18231174	18266877	SHMT1	0	-	35703
chr9	140004998	140009629	DPP7	0	-	4631
chr10	75504130	75531919	SEC24C	0	+	27789
chrX	147062857	147108185	FMR1NB	0	+	45328
chr19	58469805	58485902	C19orf18	0	-	16097
chr11	644233	707118	DEAF1	0	-	62885
chr5	79272539	79287085	MTX3	0	-	14546
chr19	46268043	46272510	SIX5	0	-	4467
chr19	46213887	46234154	FBXO46	0	-	20267
chr11	19138646	19197969	ZDHHC13	0	+	59323
chr5	54921673	55069022	SLC38A9	0	-	147349
chr9	19409007	19452503	ACER2	0	+	43496
chr15	85182516	85197574	WDR73	0	-	15058
chr12	133200339	133263962	POLE	0	-	63623
chr22	42470252	42475442	PHETA2	0	+	5190
chr11	118004092	118023603	SCN4B	0	-	19511
chr11	117298488	117688240	DSCAML1	0	-	389752
chr11	3848208	3862189	RHOG	0	-	13981
chr12	45609770	45876063	ANO6	0	+	266293
chr9	129622918	129648157	ZBTB34	0	+	25239
chr1	145136108	145139728	NUDT4B	0	-	3620
chr18	13663346	13726662	FAM210A	0	-	63316
chr11	747415	765012	TALDO1	0	+	17597
chr12	132379167	132407695	ULK1	0	+	28528
chr1	42846463	42889903	RIMKLA	0	+	43440
chrX	20168029	20285637	RPS6KA3	0	-	117608
chr19	41931264	41934635	B3GNT8	0	-	3371
chr12	132413745	132430441	PUS1	0	+	16696
chr16	53088903	53363062	CHD9	0	+	274159
chr11	767220	777488	GATD1	0	-	10268
chr16	31225412	31242858	TRIM72	0	+	17446
chr9	139981309	140003641	MAN1B1	0	+	22332
chr1	111196182	111217562	KCNA3	0	-	21380
chr10	35927175	35931224	FZD8	0	-	4049
chr10	35894269	35897863	GJD4	0	+	3594
chr17	18174742	18218321	TOP3A	0	-	43579
chr3	49199968	49203764	CCDC71	0	-	3796
chr19	49622801	49654283	PPFIA3	0	+	31482
chr3	184428152	184429852	MAGEF1	0	-	1700
chr21	43483068	43563563	UMODL1	0	+	80495
chr7	92759369	92777698	SAMD9L	0	-	18329
chr12	79968759	80084744	PAWR	0	-	115985
chr18	3411606	3459976	TGIF1	0	+	48370
chr17	18163911	18169866	MIEF2	0	+	5955
chr5	43192173	43280952	NIM1K	0	+	88779
chr8	99076750	99105838	ERICH5	0	+	29088
chr1	248083554	248086454	OR2T8	0	+	2900
chr3	14989090	15095107	NR2C2	0	+	106017
chr14	74058577	74062470	ACOT4	0	+	3893
chr17	40554467	40575274	CAVIN1	0	-	20807
chr3	48956254	49023815	ARIH2	0	+	67561
chrX	119384607	119392253	ZBTB33	0	+	7646
chr16	54317216	54320699	IRX3	0	-	3483
chr2	154333852	154335276	RPRM	0	-	1424
chr11	790475	798281	SLC25A22	0	-	7806
chr16	28915742	28947847	RABEP2	0	-	32105
chr3	176737128	176945788	TBL1XR1	0	-	208660
chr8	119201694	119634351	SAMD12	0	-	432657
chr11	799179	809753	PIDD1	0	-	10574
chr19	11908482	11920437	ZNF491	0	+	11955
chr11	809965	812880	RPLP2	0	+	2915
chr1	59242517	59249720	JUN	0	-	7203
chr1	230450236	230562078	PGBD5	0	-	111842
chr12	48876281	48890307	C12orf54	0	+	14026
chr1	155204243	155214490	GBA	0	-	10247
chr22	17565844	17596583	IL17RA	0	+	30739
chr11	818914	825573	PNPLA2	0	+	6659
chr1	11796141	11814859	AGTRAP	0	+	18718
chr12	7499281	7632493	CD163L1	0	-	133212
chr7	75831214	75916605	SRRM3	0	+	85391
chr11	826144	831991	CRACR2B	0	+	5847
chr21	34857837	34864023	DNAJC28	0	-	6186
chr3	174156363	175528336	NAALADL2	0	+	1371973
chr11	832887	839831	CD151	0	+	6944
chr7	192969	300711	KNOWN	0	+	107742
chr3	110788918	110994410	NECTIN3	0	+	205492
chr8	11188521	11189869	SLC35G5	0	+	1348
chr5	43039335	43043272	ANXA2R	0	-	3937
chr17	73437240	73496533	TMEM94	0	+	59293
chr20	306196	310868	SOX12	0	+	4672
chr5	137081340	137090052	HNRNPA0	0	-	8712
chr4	44624105	44680573	YIPF7	0	-	56468
chr10	75391370	75401232	MYOZ1	0	-	9862
chr1	159968441	160039950	KCNJ10	0	-	71509
chr11	867859	915058	CHID1	0	-	47199
chr5	140566701	140571114	PCDHB9	0	+	4413
chr3	40518622	40560227	ZNF620	0	+	41605
chrX	153238205	153248645	TMEM187	0	+	10440
chr12	48577427	48579709	CCDC184	0	+	2282
chr5	115177289	115249778	AP3S1	0	+	72489
chr17	73314157	73401790	GRB2	0	-	87633
chr1	197122812	197170423	ZBTB41	0	-	47611
chr12	93799449	93835723	UBE2N	0	-	36274
chr5	178487374	178510978	ZNF354C	0	+	23604
chr12	18891053	18892122	CAPZA3	0	+	1069
chr9	139745395	139755251	MAMDC4	0	+	9856
chr11	167784	207399	BET1L	0	-	39615
chr1	153963238	153964631	RPS27	0	+	1393
chr12	48541572	48574996	ASB8	0	-	33424
chr9	139654086	139660707	LCN15	0	-	6621
chr12	63952693	64062719	DPY19L2	0	-	110026
chr2	54557171	54610879	C2orf73	0	+	53708
chr5	94955791	94957846	GPR150	0	+	2055
chr1	44679127	44686353	DMAP1	0	+	7226
chr9	17906561	18910948	ADAMTSL1	0	+	1004387
chr3	49061758	49066880	IMPDH2	0	-	5122
chr3	46710485	46735194	ALS2CL	0	-	24709
chr3	158288952	158325041	MLF1	0	+	36089
chr3	113547029	113666021	GRAMD1C	0	+	118992
chr19	4324040	4342783	STAP2	0	-	18743
chr3	183770835	183778461	HTR3C	0	+	7626
chr19	19623227	19626357	TSSK6	0	-	3130
chr1	149859440	149872351	BOLA1	0	+	12911
chr1	144836157	145076227	PDE4DIP	0	-	240070
chr11	108535785	108811726	DDX10	0	+	275941
chr8	67876334	67968839	PPP1R42	0	-	92505
chr18	9102628	9134343	NDUFV2	0	+	31715
chr3	49052921	49059726	DALRD3	0	-	6805
chr19	48773338	48790865	ZNF114	0	+	17527
chr4	10441504	10459050	ZNF518B	0	-	17546
chr5	71735730	71803237	ZNF366	0	-	67507
chr4	17842810	18023499	LCORL	0	-	180689
chr18	77915115	78005397	PARD6G	0	-	90282
chr5	178368192	178393434	ZNF454	0	+	25242
chr16	28857921	28885533	SH2B1	0	+	27612
chr6	149767931	149806150	ZC3H12D	0	-	38219
chr19	57966158	57968508	VN1R1	0	-	2350
chr11	108342839	108369111	POGLUT3	0	-	26272
chr8	144989321	145050902	PLEC	0	-	61581
chr4	1050038	1107352	RNF212	0	-	57314
chr16	31150247	31161404	PRSS36	0	-	11157
chr19	57831840	57842138	ZNF543	0	+	10298
chr7	151722759	151819425	GALNT11	0	+	96666
chr13	84451340	84456609	SLITRK1	0	-	5269
chr19	2360236	2426259	TMPRSS9	0	+	66023
chr17	21101267	21117489	TMEM11	0	-	16222
chr5	178286954	178315123	ZNF354B	0	+	28169
chr18	77557938	77660184	KCNG2	0	+	102246
chr4	42399505	42404504	SHISA3	0	+	4999
chr10	5566924	5568734	CALML3	0	+	1810
chr10	5540660	5541533	CALML5	0	-	873
chr7	1191707	1200395	ZFAND2A	0	-	8688
chr2	208686012	208890251	PLEKHM3	0	-	204239
chr1	223566757	223568807	CCDC185	0	+	2050
chr7	6369042	6388612	FAM220A	0	-	19570
chr12	49740671	49751329	DNAJC22	0	+	10658
chr4	113434672	113437336	NEUROG2	0	-	2664
chr6	107386386	107436719	BEND3	0	-	50333
chr6	116422014	116570660	NT5DC1	0	+	148646
chr9	6532467	6645729	GLDC	0	-	113262
chr12	50505865	50514240	COX14	0	+	8375
chr8	67782984	67834283	MCMDC2	0	+	51299
chr10	5435064	5446791	TUBAL3	0	-	11727
chr3	49027322	49044586	P4HTM	0	+	17264
chr12	57998405	58003587	DTX3	0	+	5182
chr17	40004770	40021676	KLHL11	0	-	16906
chr19	7989376	7991020	CTXN1	0	-	1644
chr3	48894359	48936337	SLC25A20	0	-	41978
chr8	61097971	61193959	CA8	0	-	95988
chr2	204571198	204603635	CD28	0	+	32437
chr3	37026534	37034622	EPM2AIP1	0	-	8088
chr2	212240442	213403565	ERBB4	0	-	1163123
chr16	79619740	79634634	MAF	0	-	14894
chr1	9908334	9970394	CTNNBIP1	0	-	62060
chr2	241078443	241083979	OTOS	0	-	5536
chrX	221196	230884	GTPBP6	0	-	9688
chrY	171196	180884	GTPBP6	0	-	9688
chr17	62116440	62208179	ERN1	0	-	91739
chr2	166326157	166545917	CSRNP3	0	+	219760
chr8	145051321	145086940	PARP10	0	-	35619
chr17	30264026	30328057	SUZ12	0	+	64031
chr3	93781824	93850676	NSUN3	0	+	68852
chr13	77454310	77460540	KCTD12	0	-	6230
chr15	75246759	75249113	RPP25	0	-	2354
chr20	23026270	23030309	THBD	0	-	4039
chr15	75212132	75230424	COX5A	0	-	18292
chr2	239067611	239077541	ERFE	0	+	9930
chr8	123793894	123986750	ZHX2	0	+	192856
chr3	194060497	194072057	CPN2	0	-	11560
chr16	89642166	89663654	CPNE7	0	+	21488
chr5	147260289	147286101	C5orf46	0	-	25812
chr17	72517313	72527614	CD300LB	0	-	10301
chr1	151682909	151702281	RIIAD1	0	+	19372
chr15	75182346	75194560	MPI	0	+	12214
chr7	75024337	75040279	KNOWN	0	+	15942
chr8	145106167	145118868	OPLAH	0	-	12701
chr1	1849029	1850718	TMEM52	0	-	1689
chr7	142977050	142985141	TMEM139	0	+	8091
chr1	20140522	20141776	RNF186	0	-	1254
chr17	45400656	45518678	EFCAB13	0	+	118022
chr8	72753795	72756647	MSC	0	-	2852
chr12	12878851	12982909	APOLD1	0	+	104058
chr12	124457788	124800570	RFLNA	0	+	342782
chr8	145133551	145135551	EXOSC4	0	+	2000
chr19	32896449	32976801	DPY19L3	0	+	80352
chr5	140639452	140700351	TAF7	0	-	60899
chr3	44536339	44552128	ZNF852	0	-	15789
chr9	100615508	100618999	FOXE1	0	+	3491
chr17	80398788	80408705	CYBC1	0	-	9917
chr19	39279840	39282394	LGALS7B	0	+	2554
chrX	134555869	134562000	SMIM10L2A	0	+	6131
chr4	843064	926161	GAK	0	-	83097
chr19	4043301	4066897	ZBTB7A	0	-	23596
chr16	28853732	28857669	TUFM	0	-	3937
chr1	75033801	75139476	ERICH3	0	-	105675
chr9	86595713	86618989	RMI1	0	+	23276
chr17	8128133	8151376	CTC1	0	-	23243
chr14	55738062	55836771	FBXO34	0	+	98709
chr19	48281934	48287943	SELENOW	0	+	6009
chr19	39109722	39127595	EIF3K	0	+	17873
chr4	6709428	6711592	MRFAP1L1	0	-	2164
chr5	53813589	53842416	SNX18	0	+	28827
chr15	41474923	41522955	EXD1	0	-	48032
chr17	8108051	8113918	AURKB	0	-	5867
chr14	60863187	60982261	C14orf39	0	-	119074
chr4	6641818	6644456	MRFAP1	0	+	2638
chr3	88199109	88217879	C3orf38	0	+	18770
chr1	18807424	18812468	KLHDC7A	0	+	5044
chr17	8075775	8079717	TMEM107	0	-	3942
chr16	67218282	67224088	EXOC3L1	0	-	5806
chr4	189012426	189030757	TRIML2	0	-	18331
chr1	17733256	17766173	RCC2	0	-	32917
chr11	18725859	18747777	IGSF22	0	-	21918
chr4	188916925	188926200	ZFP42	0	+	9275
chr11	85394891	85397238	CCDC89	0	-	2347
chrX	92929012	92967273	FAM133A	0	+	38261
chr1	155112367	155113071	DPM3	0	-	704
chr8	145149942	145152428	CYC1	0	+	2486
chr17	8043790	8059824	PER1	0	-	16034
chr3	87841856	88042989	HTR1F	0	+	201133
chr12	83080659	83528649	TMTC2	0	+	447990
chr17	8023910	8027424	HES7	0	-	3514
chr19	13033293	13044851	FARSA	0	-	11558
chr11	18627950	18656338	SPTY2D1	0	-	28388
chr19	39833061	39876350	SAMD4B	0	+	43289
chr7	150211960	150218161	GIMAP7	0	+	6201
chr17	7999218	8022365	ALOXE3	0	-	23147
chr15	74922899	74988633	EDC3	0	-	65734
chr3	44379611	44450943	TCAIM	0	+	71332
chr1	24171567	24194780	FUCA1	0	-	23213
chr6	36358328	36410631	PXT1	0	-	52303
chr19	38874907	38878722	GGN	0	-	3815
chr19	13049392	13055303	CALR	0	+	5911
chrX	51546103	51645450	MAGED1	0	+	99347
chr11	76092347	76125663	GVQW3	0	+	33316
chr11	35965531	36253686	LDLRAD3	0	+	288155
chr20	59827317	60515673	CDH4	0	+	688356
chr19	13056669	13064456	RAD23A	0	+	7787
chr2	29283842	29297389	PCARE	0	-	13547
chr19	13075973	13085574	DAND5	0	+	9601
chr11	66059365	66064135	TMEM151A	0	+	4770
chr12	112856155	112947722	PTPN11	0	+	91567
chrX	77911565	77914825	RTL3	0	-	3260
chrX	52920336	52937587	FAM156B	0	+	17251
chr11	107799174	107834208	RAB39A	0	+	35034
chr6	32627244	32636160	HLA-DQB1	0	-	8916
chr3	128198270	128212044	GATA2	0	-	13774
chr15	74833547	74890472	ARID3B	0	+	56925
chrX	102965837	102968960	TMEM31	0	+	3123
chr4	141445322	141474924	ELMOD2	0	+	29602
chr8	22545172	22550993	EGR3	0	-	5821
chr1	244617679	244804479	CATSPERE	0	+	186800
chr13	92050875	93525935	GPC5	0	+	1475060
chr1	1370241	1378262	VWA1	0	+	8021
chr17	647661	657239	GEMIN4	0	-	9578
chr11	35640008	35642413	FJX1	0	+	2405
chr14	45393527	45511525	KLHL28	0	-	117998
chr15	23810821	23875222	MKRN3	0	+	64401
chr1	244211849	244220778	ZBTB18	0	+	8929
chr14	45366478	45376460	C14orf28	0	+	9982
chr17	7975954	7991034	ALOX12B	0	-	15080
chr2	74724644	74730443	LBX2	0	-	5799
chr11	6518490	6614988	DNHD1	0	+	96498
chrX	142710595	142723916	SLITRK4	0	-	13321
chr1	23518388	23543995	HTR1D	0	-	25607
chr7	127220682	127233665	GCC1	0	-	12983
chr3	50316518	50325545	LSMEM2	0	+	9027
chr16	2016824	2018976	RNF151	0	+	2152
chr16	10960079	11036878	CIITA	0	+	76799
chr16	88519688	88603439	ZFPM1	0	+	83751
chr17	7942352	7952452	ALOX15B	0	+	10100
chr7	126078652	126893147	GRM8	0	-	814495
chr17	71279763	71308144	CDC42EP4	0	-	28381
chr14	105266933	105271049	ZBTB42	0	+	4116
chr1	159259504	159278014	FCER1A	0	+	18510
chr3	160394948	160396236	ARL14	0	+	1288
chr8	145162629	145173231	WDR97	0	+	10602
chr12	47473386	47630445	PCED1B	0	+	157059
chr19	39693465	39694903	SYCN	0	-	1438
chr17	27277531	27384234	PIPOX	0	+	106703
chr20	30432106	30433407	FOXS1	0	-	1301
chr10	69990352	69991870	ATOH7	0	-	1518
chr16	66400525	66438687	CDH5	0	+	38162
chr3	26664263	26759028	LRRC3B	0	+	94765
chr19	54368017	54379689	MYADM	0	+	11672
chr11	18142502	18160035	MRGPRX3	0	+	17533
chr8	145202919	145316830	MROH1	0	+	113911
chr2	64858755	64978139	SERTAD2	0	-	119384
chr14	64932217	64941221	AKAP5	0	+	9004
chr19	3585476	3593539	GIPC3	0	+	8063
chr17	7816657	7819607	RNF227	0	-	2950
chr1	41326726	41328035	CITED4	0	-	1309
chr7	48211055	48687093	ABCA13	0	+	476038
chr16	15068448	15233196	PDXDC1	0	+	164748
chr12	57647545	57824826	R3HDM2	0	-	177281
chr19	17905637	17924385	B3GNT3	0	+	18748
chr1	160846330	160854970	ITLN1	0	-	8640
chr2	50145641	51452713	NRXN1	0	-	1307072
chr16	30454952	30457195	SEPHS2	0	-	2243
chr2	219124219	219128584	GPBAR1	0	+	4365
chr19	56132107	56135932	ZNF784	0	-	3825
chr1	182023705	182030847	ZNF648	0	-	7142
chr3	39371200	39375171	CCR8	0	+	3971
chr12	76738254	76742195	BBS10	0	-	3941
chr19	56102742	56113336	FIZ1	0	-	10594
chr8	144898514	144911522	PUF60	0	-	13008
chr19	55999771	56030466	SSC5D	0	+	30695
chr16	30418735	30442429	ZNF771	0	+	23694
chr18	72922710	73001905	TSHZ1	0	+	79195
chr10	124713897	124757029	PSTK	0	+	43132
chr14	55493948	55516207	SOCS4	0	+	22259
chr18	72907068	72921094	ZADH2	0	-	14026
chr16	30389427	30411429	ZNF48	0	+	22002
chr19	55824169	55845416	TMEM150B	0	-	21247
chr9	38540564	38620593	ANKRD18A	0	-	80029
chr1	28879597	28905057	TRNAU1AP	0	+	25460
chr11	2185159	2193045	TH	0	-	7886
chrX	40507557	40595110	MED14	0	-	87553
chr8	439803	495781	TDRP	0	-	55978
chr1	28832455	28865812	RCC1	0	+	33357
chr16	30382255	30389312	MYLPF	0	+	7057
chr2	179296019	179316239	PRKRA	0	-	20220
chr7	30324213	30407305	ZNRF2	0	+	83092
chr2	103089685	103150431	SLC9A4	0	+	60746
chr12	95470525	95611258	FGD6	0	-	140733
chr9	127212730	127240868	ADGRD2	0	+	28138
chr1	242246288	242687999	PLD5	0	-	441711
chr15	64979772	64995480	OAZ2	0	-	15708
chr6	36210980	36281732	PNPLA1	0	+	70752
chr12	85673998	85695562	ALX1	0	+	21564
chr17	42733772	42767676	MEIOC	0	+	33904
chr17	42634852	42638630	FZD2	0	+	3778
chr4	90032684	90036052	TIGD2	0	+	3368
chr7	31553704	31696118	ITPRID1	0	+	142414
chr3	121350246	121379774	HCLS1	0	-	29528
chr7	30174602	30202378	MTURN	0	+	27776
chr15	64752777	64978267	ZNF609	0	+	225490
chr3	196466728	196559518	PAK2	0	+	92790
chr3	56591189	56655865	CCDC66	0	+	64676
chr20	30053274	30064560	DEFB124	0	-	11286
chr13	37248157	37271976	SERTM1	0	+	23819
chr9	89559277	89562421	GAS1	0	-	3144
chr19	1065922	1086627	ARHGAP45	0	+	20705
chr12	75784869	75826468	GLIPR1L2	0	+	41599
chr1	78245309	78345225	MIGA1	0	+	99916
chr21	16333556	16438257	NRIP1	0	-	104701
chr19	58180303	58190520	ZSCAN4	0	+	10217
chr6	13924677	13980541	RNF182	0	+	55864
chr8	98285716	98290156	TSPYL5	0	-	4440
chr6	26124373	26139344	H2AC6	0	+	14971
chr12	10658201	10675734	EIF2S3B	0	+	17533
chr6	26115101	26124154	H2BC4	0	-	9053
chr3	192514604	192635645	MB21D2	0	-	121041
chr17	71161149	71172772	SSTR2	0	+	11623
chr17	5082830	5095163	ZNF594	0	-	12333
chr10	92922769	93044094	PCGF5	0	+	121325
chr17	19581601	19622292	SLC47A2	0	-	40691
chr8	91634223	91803860	TMEM64	0	-	169637
chr11	46405339	46413326	CHRM4	0	-	7987
chr13	26618735	26626154	SHISA2	0	-	7419
chr19	10623418	10628607	S1PR5	0	-	5189
chr10	129676105	129691205	CLRN3	0	-	15100
chr1	9160364	9189161	GPR157	0	-	28797
chr11	92877340	92931157	SLC36A4	0	-	53817
chr13	21922923	22033509	ZDHHC20	0	-	110586
chr18	14728271	14854666	ANKRD30B	0	+	126395
chr11	4664650	4676718	OR51E1	0	+	12068
chr17	4981762	4999669	ZFP3	0	+	17907
chr4	114821440	114900883	ARSJ	0	-	79443
chrX	19378174	19533626	MAP3K15	0	-	155452
chr10	71962591	71993667	PPA1	0	-	31076
chr8	65492922	65496184	BHLHE22	0	+	3262
chr2	218990012	219001974	CXCR2	0	+	11962
chr1	240652873	240775455	GREM2	0	-	122582
chr11	6226787	6232365	C11orf42	0	+	5578
chr12	75669759	75784708	CAPS2	0	-	114949
chr19	35447258	35455133	ZNF792	0	-	7875
chr17	55938604	56032773	CUEDC1	0	-	94169
chr8	144873090	144897943	SCRIB	0	-	24853
chr17	73028670	73061984	KCTD2	0	+	33314
chr2	242674017	242708231	D2HGDH	0	+	34214
chr3	8792067	8811314	OXTR	0	-	19247
chr16	71315292	71323618	CMTR2	0	-	8326
chr11	6128914	6130065	OR56B4	0	+	1151
chr8	125985537	125991631	ZNF572	0	+	6094
chr22	28247657	28316122	PITPNB	0	-	68465
chrX	102507923	102510120	TCEAL8	0	-	2197
chr14	53019554	53104431	GPR137C	0	+	84877
chr1	172389825	172437971	C1orf105	0	+	48146
chr4	123653857	123666097	BBS12	0	+	12240
chr19	36874022	36909546	ZFP82	0	-	35524
chr16	69740899	69760571	NQO1	0	-	19672
chr15	89164568	89175512	AEN	0	+	10944
chr19	47249303	47280245	FKRP	0	+	30942
chr19	7745719	7752589	TRAPPC5	0	+	6870
chr17	62180	236045	RPH3AL	0	-	173865
chr19	19174803	19223839	SLC25A42	0	+	49036
chr1	159770301	159786047	FCRL6	0	+	15746
chr17	74722912	74730018	METTL23	0	+	7106
chr17	78193498	78227299	SLC26A11	0	+	33801
chr11	5775473	5777188	OR52N4	0	+	1715
chr8	144798510	144804628	MAPK15	0	+	6118
chr9	140513444	140764468	EHMT1	0	+	251024
chr3	186560493	186576252	ADIPOQ	0	+	15759
chr5	76011951	76031595	F2R	0	+	19644
chr8	144766622	144796068	ZNF707	0	+	29446
chr19	8959520	9092018	MUC16	0	-	132498
chr5	170814120	170838814	NPM1	0	+	24694
chrX	68380694	68385364	PJA1	0	-	4670
chr10	12110953	12165220	DHTKD1	0	+	54267
chr8	57349233	57359230	PENK	0	-	9997
chr1	228622478	228645574	H2AW	0	-	23096
chr7	149169787	149194908	ZNF746	0	-	25121
chr17	7387685	7417933	POLR2A	0	+	30248
chr12	128751715	129192456	TMEM132C	0	+	440741
chr19	6426048	6433790	SLC25A41	0	-	7742
chr11	120196005	120204395	TLCD5	0	+	8390
chr10	99092254	99094486	FRAT2	0	-	2232
chr17	32906506	32966337	TMEM132E	0	+	59831
chr6	26634611	26659980	ZNF322	0	-	25369
chr17	7323643	7324951	SPEM1	0	+	1308
chr11	93754520	93847374	HEPHL1	0	+	92854
chr17	16344891	16395507	LRRC75A	0	-	50616
chr17	32683499	32685629	CCL13	0	+	2130
chr19	36494209	36499715	SYNE4	0	-	5506
chr17	80347086	80376513	OGFOD3	0	-	29427
chr9	14475	73865	WASHC1	0	-	59390
chr17	80329641	80335334	UTS2R	0	+	5693
chr12	49388932	49393158	DDN	0	-	4226
chr7	149461271	149470677	ZNF467	0	-	9406
chr3	181429713	181432224	SOX2	0	+	2511
chr1	227751244	227865144	ZNF678	0	+	113900
chr3	100211463	100296288	TMEM45A	0	+	84825
chr3	152880015	152888416	RAP2B	0	+	8401
chr6	151685250	151712694	ZBTB2	0	-	27444
chr17	29298002	29326929	RNF135	0	+	28927
chr17	43209967	43221548	ACBD4	0	+	11581
chr14	21236563	21239107	EDDM3B	0	+	2544
chr3	47057918	47205603	SETD2	0	-	147685
chr14	21214046	21216539	EDDM3A	0	+	2493
chr3	46736018	46752376	TMIE	0	+	16358
chr19	1554671	1568324	MEX3D	0	-	13653
chr17	55912142	55927417	MRPS23	0	-	15275
chr4	71091841	71100969	FDCSP	0	+	9128
chr14	59895740	59932098	GPR135	0	-	36358
chr18	12093842	12129763	ANKRD62	0	+	35921
chr9	117546932	117568319	TNFSF15	0	-	21387
chr11	2949503	2950650	PHLDA2	0	-	1147
chr1	101003695	101007577	GPR88	0	+	3882
chr19	37803739	37860267	ZNF875	0	+	56528
chr8	57073468	57123883	PLAG1	0	-	50415
chrX	67718404	67757124	YIPF6	0	+	38720
chr3	114033347	114866135	ZBTB20	0	-	832788
chr3	143690665	143767561	DIPK2A	0	+	76896
chr5	102594464	102614361	MACIR	0	+	19897
chr1	110046800	110052360	AMIGO1	0	-	5560
chr1	27719126	27722318	GPR3	0	+	3192
chr9	71151496	71155799	TMEM252	0	-	4303
chr19	463346	474983	ODF3L2	0	-	11637
chr3	150458912	150481264	SIAH2	0	-	22352
chr3	128968449	128996616	COPG1	0	+	28167
chr8	143530791	143626370	ADGRB1	0	+	95579
chr3	142984064	143567327	SLC9A9	0	-	583263
chr1	36856839	36863509	LSM10	0	-	6670
chr11	45825623	45834567	SLC35C1	0	+	8944
chr3	113995760	114029135	TIGIT	0	+	33375
chr12	56595963	56615717	RNF41	0	-	19754
chr17	7185037	7191576	SLC2A4	0	+	6539
chr5	121187577	121188528	FTMT	0	+	951
chr1	228353505	228369958	IBA57	0	+	16453
chr19	58637615	58666477	ZNF329	0	-	28862
chr19	19779605	19794318	ZNF101	0	+	14713
chr10	64564480	64568239	ADO	0	+	3759
chr16	58328984	58440051	GINS3	0	+	111067
chr4	24805136	24981826	CCDC149	0	-	176690
chr1	203830727	203840280	SNRPE	0	+	9553
chr10	63942794	64028603	RTKN2	0	-	85809
chr19	46969748	46974820	PNMA8A	0	-	5072
chr10	125767184	125853114	CHST15	0	-	85930
chr15	90626277	90645709	IDH2	0	-	19432
chr10	27686050	27703297	PTCHD3	0	-	17247
chr19	1009647	1021178	TMEM259	0	-	11531
chr7	5346421	5465045	TNRC18	0	-	118624
chr11	82440982	82444906	FAM181B	0	-	3924
chr7	57509883	57533265	ZNF716	0	+	23382
chr15	34631360	34635381	NOP10	0	-	4021
chr1	231154704	231176000	FAM89A	0	-	21296
chr5	169780491	170163636	KCNIP1	0	+	383145
chr1	151742583	151763892	TDRKH	0	-	21309
chr19	21473962	21512227	ZNF708	0	-	38265
chr16	71879899	71965102	IST1	0	+	85203
chr9	98633546	98883436	ERCC6L2	0	+	249890
chr9	140446331	140447007	MRPL41	0	+	676
chr7	137559725	137686832	CREB3L2	0	-	127107
chrX	1581474	1656078	P2RY8	0	-	74604
chrY	1531474	1606078	P2RY8	0	-	74604
chr4	96083655	96470357	UNC5C	0	-	386702
chr17	73512025	73520816	TSEN54	0	+	8791
chr15	93578501	93632440	RGMA	0	-	53939
chr3	49842642	49851386	UBA7	0	-	8744
chr10	75008601	75012451	MRPS16	0	-	3850
chr1	53098840	53135355	SHISAL2A	0	+	36515
chr14	68286496	69196935	RAD51B	0	+	910439
chrX	140205784	140271314	LDOC1	0	-	65530
chr8	118806729	119124065	EXT1	0	-	317336
chr11	1490687	1522477	MOB2	0	-	31790
chr14	100111466	100146906	HHIPL1	0	+	35440
chrX	40438624	40466100	ATP6AP2	0	+	27476
chr4	48492269	48496406	ZAR1	0	+	4137
chr21	42539728	42654457	BACE2	0	+	114729
chr3	23244511	23633285	UBE2E2	0	+	388774
chr15	99638420	99675798	SYNM	0	+	37378
chr15	27216328	27787130	GABRG3	0	+	570802
chr2	164449906	164592522	FIGN	0	-	142616
chr19	49244109	49250166	IZUMO1	0	-	6057
chr11	369499	382117	B4GALNT4	0	+	12618
chr8	146277851	146292071	C8orf33	0	+	14220
chr4	41983773	41988482	DCAF4L1	0	+	4709
chr19	52192381	52215640	SPACA6	0	+	23259
chr19	58838360	58853698	ZSCAN22	0	+	15338
chr19	48958831	48970237	KCNJ14	0	+	11406
chr12	7096351	7178336	C1S	0	+	81985
chr17	4692259	4693884	GLTPD2	0	+	1625
chr2	202937978	203069911	KIAA2012	0	+	131933
chr11	105921825	105948186	KBTBD3	0	-	26361
chr21	47706256	47717665	YBEY	0	+	11409
chr9	45727107	45728274	KNOWN	0	+	1167
chr8	1703944	1749877	CLN8	0	+	45933
chrX	192989	220023	PLCXD1	0	+	27034
chrY	142989	170023	PLCXD1	0	+	27034
chr12	57610577	57620232	NXPH4	0	+	9655
chr2	152689285	152955681	CACNB4	0	-	266396
chr19	39787047	39789313	IFNL1	0	+	2266
chr14	39617015	39639736	TRAPPC6B	0	-	22721
chr15	34394284	34400887	PGBD4	0	+	6603
chr17	79523913	79615495	NPLOC4	0	-	91582
chr17	80317123	80321651	TEX19	0	+	4528
chr20	51588897	52111869	TSHZ2	0	+	522972
chr17	74077097	74117657	EXOC7	0	-	40560
chr17	66031752	66043480	KPNA2	0	+	11728
chrX	155250491	155255375	WASH6P	0	+	4884
chrY	59353497	59358381	WASH6P	0	+	4884
chrX	100168434	100184422	XKRX	0	-	15988
chr3	101443437	101489406	CEP97	0	+	45969
chrX	111873876	111923282	LHFPL1	0	-	49406
chr15	91426925	91439006	FES	0	+	12081
chr14	95999840	96011061	GLRX5	0	+	11221
chrX	55169535	55187743	FAM104B	0	-	18208
chr14	55880928	55923444	TBPL2	0	-	42516
chr17	74668633	74707086	MXRA7	0	-	38453
chr22	31608225	31676066	LIMK2	0	+	67841
chr12	53645035	53648190	MFSD5	0	+	3155
chr14	20973696	20982043	RNASE10	0	+	8347
chr2	3501137	3523302	ADI1	0	-	22165
chr4	184560788	184580356	RWDD4	0	-	19568
chr17	4337235	4391503	SPNS3	0	+	54268
chr17	47653233	47661189	NXPH3	0	+	7956
chr5	149432854	149492935	CSF1R	0	-	60081
chr3	184279573	184300196	EPHB3	0	+	20623
chrX	7810303	7812184	VCX	0	+	1881
chr4	75174187	75182506	EPGN	0	+	8319
chr16	25703280	26149006	HS3ST4	0	+	445726
chr3	42055294	42267382	TRAK1	0	+	212088
chr20	8057898	8949007	PLCB1	0	+	891109
chr17	57187218	57232621	SKA2	0	-	45403
chr15	23930547	23932452	NDN	0	-	1905
chr11	131240373	132206716	NTM	0	+	966343
chr21	38445526	38575413	TTC3	0	+	129887
chr8	73449460	73850584	KCNB2	0	+	401124
chr17	79791368	79792926	PPP1R27	0	-	1558
chr17	74070862	74073618	GALR2	0	+	2756
chr5	139505522	139508977	IGIP	0	+	3455
chr11	76493295	76509197	TSKU	0	+	15902
chr15	60639333	60695082	ANXA2	0	-	55749
chr14	72399146	73033238	RGS6	0	+	634092
chr6	137243439	137246798	SLC35D3	0	+	3359
chr1	26187975	26202199	PAQR7	0	-	14224
chr9	118916070	119164600	PAPPA	0	+	248530
chr8	144501352	144512902	MAFA	0	-	11550
chr10	87359309	88126552	GRID1	0	-	767243
chr12	123185840	123187904	HCAR2	0	-	2064
chr11	66357647	66360534	CCDC87	0	-	2887
chr6	52696453	52705641	GSTA5	0	-	9188
chr1	207191867	207206101	C1orf116	0	-	14234
chrX	16185604	16189587	MAGEB17	0	+	3983
chr14	105939299	105946499	CRIP2	0	+	7200
chr1	226332380	226374442	ACBD3	0	-	42062
chr16	9185501	9215492	C16orf72	0	+	29991
chr5	41307054	41510730	PLCXD3	0	-	203676
chr17	4688580	4689728	VMO1	0	-	1148
chr22	50293877	50312086	ALG12	0	-	18209
chr1	32716845	32751766	LCK	0	+	34921
chr12	132680924	132905935	KNOWN	0	-	225011
chr21	46825080	46933634	COL18A1	0	+	108554
chrX	47004620	47046212	RBM10	0	+	41592
chr16	57702189	57723290	ADGRG3	0	+	21101
chrX	120181464	120183948	GLUD2	0	+	2484
chr1	240930936	241520674	RGS7	0	-	589738
chr22	18043150	18073761	SLC25A18	0	+	30611
chr4	419604	492945	ZNF721	0	-	73341
chrX	102585157	102587254	TCEAL7	0	+	2097
chr3	134204541	134306631	CEP63	0	+	102090
chr20	44313290	44333658	WFDC10B	0	-	20368
chr17	72931993	72946087	OTOP3	0	+	14094
chr22	29663998	29696515	EWSR1	0	+	32517
chr15	76016382	76020029	ODF3L1	0	+	3647
chr6	26538594	26547161	HMGN4	0	+	8567
chr17	42875816	42908184	GJC1	0	-	32368
chr3	32726637	32815367	CNOT10	0	+	88730
chr11	115039938	115375675	CADM1	0	-	335737
chr19	53364104	53400946	ZNF320	0	-	36842
chr12	14956600	15059520	C12orf60	0	+	102920
chr17	79890260	79900288	PYCR1	0	-	10028
chr17	7760003	7788556	NAA38	0	-	28553
chr17	4402176	4442330	SPNS2	0	+	40154
chr11	924881	1012245	AP2A2	0	+	87364
chr2	40324410	40838193	SLC8A1	0	-	513783
chr14	37147126	37641811	SLC25A21	0	-	494685
chr21	41239364	41301322	PCP4	0	+	61958
chr16	8768453	8878432	ABAT	0	+	109979
chr10	12391546	12877545	CAMK1D	0	+	485999
chr22	42394729	42454460	WBP2NL	0	+	59731
chr21	41117110	41174008	IGSF5	0	+	56898
chr5	172659112	172662314	NKX2-5	0	-	3202
chr17	76183439	76203783	AFMID	0	+	20344
chr13	114523522	114567049	GAS6	0	-	43527
chr2	152341850	152591001	NEB	0	-	249151
chr14	101003484	101053754	BEGAIN	0	-	50270
chr13	93879060	95060274	GPC6	0	+	1181214
chr5	148931510	149014531	ARHGEF37	0	+	83021
chr1	20879066	20881513	FAM43B	0	+	2447
chr8	2792875	4852494	CSMD1	0	-	2059619
chr6	109416313	109495621	CEP57L1	0	+	79308
chr21	38378450	38391962	RIPPLY3	0	+	13512
chr17	38516904	38520989	GJD3	0	-	4085
chr1	202847410	202858277	RABIF	0	-	10867
chr12	108983627	108992096	TMEM119	0	-	8469
chr7	71244476	71912136	CALN1	0	-	667660
chr22	42475695	42480288	SMDT1	0	+	4593
chr19	405445	409147	C2CD4C	0	-	3702
chr16	75505950	75529343	CHST6	0	-	23393
chr19	49496819	49519227	RUVBL2	0	+	22408
chr19	7933605	7939275	PRR36	0	-	5670
chr21	46269500	46293818	PTTG1IP	0	-	24318
chr5	176938578	176943962	DDX41	0	-	5384
chr20	62492851	62494341	ABHD16B	0	+	1490
chr12	51632508	51665146	DAZAP2	0	+	32638
chr18	57098171	57364894	CCBE1	0	-	266723
chr1	87328128	87380107	SELENOF	0	-	51979
chr22	17597187	17602257	TMEM121B	0	-	5070
chr8	144718189	144738588	ZNF623	0	+	20399
chr1	38179552	38230805	EPHA10	0	-	51253
chr5	68576002	68628636	CCDC125	0	-	52634
chrX	39909068	40036582	BCOR	0	-	127514
chr11	96123153	96240738	JRKL	0	+	117585
chr10	63422687	63526524	CABCOCO1	0	+	103837
chr1	89829618	89853719	GBP6	0	+	24101
chr9	5881596	6008482	KIAA2026	0	-	126886
chr11	7710668	7728024	OVCH2	0	-	17356
chr14	74872597	74892913	SYNDIG1L	0	-	20316
chr1	38462442	38471278	FHL3	0	-	8836
chr3	48658192	48659202	TMEM89	0	-	1010
chr19	11455360	11465620	CCDC159	0	+	10260
chr21	43159529	43187249	RIPK4	0	-	27720
chr4	110769263	110793471	LRIT3	0	+	24208
chr16	15016659	15045917	NPIPA1	0	+	29258
chr1	38422647	38455747	SF3A3	0	-	33100
chrX	132350690	132352382	TFDP3	0	-	1692
chr4	165875598	165898820	TRIM61	0	-	23222
chr16	9847261	10276785	GRIN2A	0	-	429524
chr5	68856018	68891048	GTF2H2C	0	+	35030
chr15	101142794	101191906	ASB7	0	+	49112
chr15	78370150	78396712	SH2D7	0	+	26562
chr14	105515732	105531782	GPR132	0	-	16050
chr21	42733926	42781320	MX2	0	+	47394
chr12	132434487	132565005	EP400	0	+	130518
chr15	82334119	82338460	MEX3B	0	-	4341
chr1	118148670	118171011	TENT5C	0	+	22341
chr2	99215777	99224978	COA5	0	-	9201
chr1	38474930	38490492	UTP11	0	+	15562
chr21	40546695	40555414	PSMG1	0	-	8719
chr22	32072242	32146126	PRR14L	0	-	73884
chr16	20420856	20452658	ACSM5	0	+	31802
chr1	149813505	149814478	KNOWN	0	-	973
chr11	94037746	94041312	IZUMO1R	0	+	3566
chr22	42949623	42970388	SERHL2	0	+	20765
chr21	47063608	47362368	PCBP3	0	+	298760
chr15	99511458	99551021	PGPEP1L	0	-	39563
chr14	99864085	99947226	SETD3	0	-	83141
chr15	51348795	51397473	TNFAIP8L3	0	-	48678
chr22	29279560	29453476	ZNRF3	0	+	173916
chr5	15500289	15939904	FBXL7	0	+	439615
chr22	20004537	20054687	TANGO2	0	+	50150
chr1	149784780	149785248	H3C13	0	-	468
chr10	120900279	120925226	SFXN4	0	-	24947
chr1	32712823	32714457	FAM167B	0	+	1634
chr19	3762680	3768573	MRPL54	0	+	5893
chr10	31109136	31320866	ZNF438	0	-	211730
chr3	128997671	129025029	HMCES	0	+	27358
chr3	46172382	46308197	CCR3	0	+	135815
chrX	125953712	125955769	PRR32	0	+	2057
chr8	10463859	10569697	RP1L1	0	-	105838
chr11	111385503	111407768	HOATZ	0	+	22265
chr19	58111253	58124090	ZNF530	0	+	12837
chr14	92582466	92588261	NDUFB1	0	-	5795
chr15	86302557	86338156	KLHL25	0	-	35599
chr8	125463061	125474391	TRMT12	0	+	11330
chr2	207040040	207082771	CMKLR2	0	-	42731
chr10	48736874	48827966	KNOWN	0	-	91092
chr1	39957308	39995541	BMP8A	0	+	38233
chr17	289769	295730	RFLNB	0	-	5961
chrX	44007118	44202918	EFHC2	0	-	195800
chr17	54671060	54672972	NOG	0	+	1912
chr11	19076002	19082264	MRGPRX2	0	-	6262
chr7	48128225	48148333	UPP1	0	+	20108
chr19	39759036	39760828	IFNL2	0	+	1792
chr11	132284871	133402396	OPCML	0	-	1117525
chr5	180681077	180688151	TRIM52	0	-	7074
chr13	39783253	40177665	LHFPL6	0	-	394412
chr16	66648653	66730646	CMTM4	0	-	81993
chr11	2289728	2291818	ASCL2	0	-	2090
chr12	64845870	64895894	TBK1	0	+	50024
chr22	39257427	39268254	CBX6	0	-	10827
chr7	20174278	20257027	MACC1	0	-	82749
chr16	20462783	20498991	ACSM2A	0	+	36208
chr10	17851362	17953178	KNOWN	0	+	101816
chr16	2022054	2032930	TBL3	0	+	10876
chr19	39574553	39602133	ACP7	0	+	27580
chr22	29469023	29564321	KREMEN1	0	+	95298
chr3	49866034	49894007	TRAIP	0	-	27973
chr22	29083731	29138410	CHEK2	0	-	54679
chr3	138663066	138665979	FOXL2	0	-	2913
chr22	21319396	21335649	AIFM3	0	+	16253
chr21	40928369	41045064	B3GALT5	0	+	116695
chr8	37553300	37557537	ZNF703	0	+	4237
chr1	234040422	234460257	SLC35F3	0	+	419835
chr16	15457485	15474904	NPIPA5	0	-	17419
chr11	7506619	7532608	OLFML1	0	+	25989
chr6	117073360	117086882	FAM162B	0	-	13522
chr3	32993136	32997841	CCR4	0	+	4705
chr1	226418850	226497570	LIN9	0	-	78720
chr6	38136227	38607924	BTBD9	0	-	471697
chr14	105639275	105647660	NUDT14	0	-	8385
chr1	173577475	173638990	ANKRD45	0	-	61515
chrX	152224766	152228827	PNMA3	0	+	4061
chr2	133174378	133404155	GPR39	0	+	229777
chr21	42676139	42729654	FAM3B	0	+	53515
chr19	23258012	23330023	ZNF730	0	+	72011
chr1	157963063	158070052	KIRREL1	0	+	106989
chr1	156495197	156542396	IQGAP3	0	-	47199
chrX	150903218	150914036	CNGA2	0	+	10818
chr22	41829498	41842805	TOB2	0	-	13307
chr3	38589548	38691178	SCN5A	0	-	101630
chr5	149675906	149718870	ARSI	0	-	42964
chr1	16330731	16335302	SRARP	0	+	4571
chr16	16411301	16444447	ENSG00000183889	0	+	33146
chr2	20096392	20101744	TTC32	0	-	5352
chr11	56949221	56959191	LRRC55	0	+	9970
chr17	7621062	7737060	DNAH2	0	+	115998
chrX	3522381	3631690	PRKX	0	-	109309
chr12	123868679	123893900	KMT5A	0	+	25221
chr3	19190002	19577134	KCNH8	0	+	387132
chr22	31460091	31500743	SMTN	0	+	40652
chr16	2059927	2070756	NPW	0	+	10829
chr1	76540431	77100288	ST6GALNAC3	0	+	559857
chr1	32372022	32410457	PTP4A2	0	-	38435
chr17	79476439	79490873	ACTG1	0	-	14434
chr21	42836227	42903043	TMPRSS2	0	-	66816
chr11	9160372	9287506	DENND5A	0	-	127134
chr17	29233362	29286340	ADAP2	0	+	52978
chr22	30163358	30166402	UQCR10	0	+	3044
chrX	54094757	54209714	FAM120C	0	-	114957
chr16	28699879	28747048	EIF3C	0	+	47169
chr22	19510547	19515068	CLDN5	0	-	4521
chr1	205012065	205047417	CNTN2	0	+	35352
chr8	133133106	133493342	KCNQ3	0	-	360236
chr4	3768075	3770253	ADRA2C	0	+	2178
chr1	1177826	1182102	C1QTNF12	0	-	4276
chr4	53739149	54232233	SCFD2	0	-	493084
chr17	21279669	21323182	KCNJ12	0	+	43513
chrX	53077971	53109797	GPR173	0	+	31826
chr3	195241224	195270209	PPP1R2	0	-	28985
chrX	53111549	53117722	TSPYL2	0	+	6173
chr15	84904525	84914110	GOLGA6L4	0	+	9585
chr16	2261594	2264841	PGP	0	-	3247
chrX	153275957	153285353	IRAK1	0	-	9396
chr3	99536681	99900576	CMSS1	0	+	363895
chr21	34442447	34444719	OLIG1	0	+	2272
chr13	66876966	67804577	PCDH9	0	-	927611
chr11	120081740	120101043	OAF	0	+	19303
chr15	101417919	101456831	ALDH1A3	0	+	38912
chr1	149858468	149858961	H2AC20	0	+	493
chr12	51580719	51611846	POU6F1	0	-	31127
chr15	102161647	102192594	TM2D3	0	-	30947
chr11	2421718	2425108	TSSC4	0	+	3390
chr1	59041105	59042924	TACSTD2	0	-	1819
chr14	30045685	30661104	PRKD1	0	-	615419
chr4	91048545	92526446	CCSER1	0	+	1477901
chr12	7842380	7848371	GDF3	0	-	5991
chr5	168088738	168728143	SLIT3	0	-	639405
chr5	106712595	107006638	EFNA5	0	-	294043
chr11	3246260	3253647	MRGPRE	0	-	7387
chr6	27834570	27835366	H1-5	0	-	796
chr17	43331760	43339461	SPATA32	0	-	7701
chr11	392614	404908	PKP3	0	+	12294
chrX	20024831	20135025	MAP7D2	0	-	110194
chr1	110452864	110473614	CSF1	0	+	20750
chr8	120007691	120120694	COLEC10	0	+	113003
chr3	169484709	169487349	ACTRT3	0	-	2640
chr22	38507502	38610785	PLA2G6	0	-	103283
chr11	95709762	96076359	MAML2	0	-	366597
chr1	33772367	33786699	A3GALT2	0	-	14332
chr20	60718825	60757570	SS18L1	0	+	38745
chr7	119913229	120390391	KCND2	0	+	477162
chr8	144386554	144442149	TOP1MT	0	-	55595
chr22	21353393	21356485	THAP7	0	-	3092
chr12	123011793	123110943	KNTC1	0	+	99150
chr1	24882578	24935819	NCMAP	0	+	53241
chr22	19863040	19929343	TXNRD2	0	-	66303
chr11	5959981	5972577	OR56A3	0	+	12596
chrX	70315701	70323382	FOXO4	0	+	7681
chr6	99282450	99287334	POU3F2	0	+	4884
chr8	142402095	142442554	PTP4A3	0	+	40459
chr2	114256242	114258727	FOXD4L1	0	+	2485
chr13	114462199	114519968	TMEM255B	0	+	57769
chr3	93591895	93698847	PROS1	0	-	106952
chr17	39868583	39872221	GAST	0	+	3638
chr15	34635516	34649938	NUTM1	0	+	14422
chrX	101408680	101410949	BEX5	0	-	2269
chr16	75182392	75206134	ZFP1	0	+	23742
chr11	787115	790113	CEND1	0	-	2998
chr6	127840600	127912965	C6orf58	0	+	72365
chr11	1575281	1593501	DUSP8	0	-	18220
chr17	76352859	76356158	SOCS3	0	-	3299
chr17	7328935	7330887	SPEM2	0	+	1952
chr13	86366925	86380818	SLITRK6	0	-	13893
chr22	25115001	25170687	PIWIL3	0	-	55686
chr12	6728001	6745126	LPAR5	0	-	17125
chr12	64798172	64844905	XPOT	0	+	46733
chr5	138855118	138862520	STING1	0	-	7402
chr1	66258197	66840262	PDE4B	0	+	582065
chr1	113261527	113269857	TAFA3	0	+	8330
chr2	163227917	163695277	KCNH7	0	-	467360
chr12	44902058	45315631	NELL2	0	-	413573
chr7	74320394	74331167	SPDYE12	0	-	10773
chr17	8260220	8280022	KRBA2	0	-	19802
chrX	70338393	70363953	MED12	0	+	25560
chr19	20011722	20074273	ZNF93	0	+	62551
chr17	75276651	75496678	SEPTIN9	0	+	220027
chr8	25316715	25365427	CDCA2	0	+	48712
chr22	24376133	24384680	KNOWN	0	-	8547
chrX	63404997	63425588	AMER1	0	-	20591
chr1	22755331	22857650	ZBTB40	0	+	102319
chr1	149856009	149858232	H2BC21	0	-	2223
chr16	3064713	3070072	CLDN6	0	-	5359
chr22	19702026	19711747	SEPTIN5	0	+	9721
chr10	90033621	90344287	RNLS	0	-	310666
chr16	28505964	28510285	APOBR	0	+	4321
chr2	38814	46870	FAM110C	0	-	8056
chr11	63391559	63439393	ATL3	0	-	47834
chr12	95289073	95397524	NDUFA12	0	-	108451
chrX	134125021	134126503	SMIM10	0	+	1482
chr6	170140205	170151683	DYNLT2	0	-	11478
chr21	46188495	46221741	UBE2G2	0	-	33246
chrX	84347290	84498917	SATL1	0	-	151627
chr22	31089769	31303811	OSBP2	0	+	214042
chr17	1182956	1204272	TRARG1	0	+	21316
chr18	45553043	45937123	ZBTB7C	0	-	384080
chrX	23851470	23926055	APOO	0	-	74585
chr5	119799995	120023027	PRR16	0	+	223032
chr5	177019204	177024243	TMED9	0	+	5039
chr16	82022460	82045086	SDR42E1	0	-	22626
chr7	155437145	155574179	RBM33	0	+	137034
chrX	100910267	100914835	ARMCX2	0	-	4568
chr3	129033614	129035129	H1-10	0	-	1515
chr2	152104454	152118377	RBM43	0	-	13923
chr21	46225532	46238694	SUMO3	0	-	13162
chr7	110302700	111202573	IMMP2L	0	-	899873
chrX	101380651	101395398	TCEAL2	0	+	14747
chr1	16366747	16383806	CLCNKB	0	+	17059
chr14	105607319	105635161	JAG2	0	-	27842
chr17	43298811	43324686	FMNL1	0	+	25875
chr10	88985205	88996665	NUTM2A	0	+	11460
chr9	139844003	139849949	LCN12	0	+	5946
chr11	32409321	32457110	WT1	0	-	47789
chr16	68563993	68609975	ZFP90	0	+	45982
chr22	38974123	39052634	FAM227A	0	-	78511
chr11	1012823	1036718	MUC6	0	-	23895
chr12	132629002	132637018	NOC4L	0	+	8016
chr22	18632885	18660164	USP18	0	+	27279
chr22	42481530	42486888	NDUFA6	0	-	5358
chr4	7194265	7744563	SORCS2	0	+	550298
chr14	105992920	105996539	TMEM121	0	+	3619
chr17	41363854	41372061	TMEM106A	0	+	8207
chr14	105219484	105234831	SIVA1	0	+	15347
chr12	125478191	125515777	BRI3BP	0	+	37586
chr9	21480838	21482312	IFNE	0	-	1474
chr6	117198375	117253324	RFX6	0	+	54949
chr3	75955846	77699115	ROBO2	0	+	1743269
chrX	154064063	154255215	F8	0	-	191152
chr8	86132816	86196302	CA13	0	+	63486
chr20	3088219	3140842	UBOX5	0	-	52623
chr14	105675623	105781926	BRF1	0	-	106303
chr5	191610	196449	LRRC14B	0	+	4839
chr15	90703836	90772911	SEMA4B	0	+	69075
chr2	234684325	234742069	MROH2A	0	+	57744
chr12	99120235	100378714	ANKS1B	0	-	1258479
chr4	1984444	2043630	NELFA	0	-	59186
chr20	19193286	19703570	SLC24A3	0	+	510284
chr7	105205567	105241322	EFCAB10	0	-	35755
chr14	85996488	86120772	FLRT2	0	+	124284
chr15	63418071	63450220	RPS27L	0	-	32149
chr1	38259519	38266809	MANEAL	0	+	7290
chr14	105190566	105213662	ADSS1	0	+	23096
chr11	417933	442011	ANO9	0	-	24078
chr1	50902700	51425939	FAF1	0	-	523239
chr3	194406612	194409766	FAM43A	0	+	3154
chr8	145515273	145538383	HSF1	0	+	23110
chr5	139487362	139505204	PURA	0	+	17842
chr6	27775257	27775707	H2BC13	0	-	450
chr22	31518717	31530683	INPP5J	0	+	11966
chr4	156129788	156138230	NPY2R	0	+	8442
chr1	226411319	226414761	MIXL1	0	+	3442
chr17	8700428	8702683	MFSD6L	0	-	2255
chr17	30334402	30380523	LRRC37B	0	+	46121
chr12	132621139	132628864	DDX51	0	-	7725
chr16	18511182	18573533	KNOWN	0	-	62351
chr11	405716	417455	SIGIRR	0	-	11739
chr8	144915753	144923145	NRBP2	0	-	7392
chr14	103587813	103603776	TNFAIP2	0	+	15963
chr3	44473197	44519162	ZNF445	0	-	45965
chr1	249200395	249214145	PGBD2	0	+	13750
chrX	102611417	102613390	TCEAL9	0	+	1973
chr19	8454865	8469318	RAB11B	0	+	14453
chr11	20409104	20530884	PRMT3	0	+	121780
chr17	4835572	4838318	GP1BA	0	+	2746
chr14	45553310	45585485	PRPF39	0	+	32175
chrX	148769894	148798928	MAGEA11	0	+	29034
chr6	109711418	109762374	PPIL6	0	-	50956
chr22	20748405	20762751	ZNF74	0	+	14346
chr5	93486556	93954309	KIAA0825	0	-	467753
chr17	74261429	74267379	UBALD2	0	+	5950
chr17	79910383	79919716	NOTUM	0	-	9333
chr14	20894011	20904325	KLHL33	0	-	10314
chr21	15588451	15600693	RBM11	0	+	12242
chr7	70597130	71178585	GALNT17	0	+	581455
chr1	173837220	173872685	ZBTB37	0	+	35465
chr7	56182374	56184110	NUPR2	0	-	1736
chrX	1455509	1501582	IL3RA	0	+	46073
chrY	1405509	1451582	IL3RA	0	+	46073
chr17	79633767	79640934	CCDC137	0	+	7167
chr10	81315608	81320163	SFTPA2	0	-	4555
chr5	53179772	53606412	ARL15	0	-	426640
chr12	64658542	64784538	C12orf56	0	-	125996
chr16	89747145	89762762	CDK10	0	+	15617
chr22	29702608	29708776	GAS2L1	0	+	6168
chr12	124196900	124246302	ATP6V0A2	0	+	49402
chr6	161768449	163148807	PRKN	0	-	1380358
chr14	105956192	105965912	TEDC1	0	+	9720
chr17	79650356	79670168	HGS	0	+	19812
chr22	50702142	50709196	MAPK11	0	-	7054
chr2	231191899	231268447	SP140L	0	+	76548
chr15	102193799	102264676	TARS3	0	-	70877
chr1	245912644	246670614	SMYD3	0	-	757970
chr1	24480658	24514449	IFNLR1	0	-	33791
chr15	93160678	93353114	FAM174B	0	-	192436
chr7	98771195	98847698	KPNA7	0	-	76503
chr4	90157534	90228951	GPRIN3	0	-	71417
chr12	52840435	52845930	KRT6B	0	-	5495
chr12	102513961	102591298	PARPBP	0	+	77337
chr1	64239688	64647181	ROR1	0	+	407493
chr17	79506911	79520987	FAAP100	0	-	14076
chr11	612553	615983	IRF7	0	-	3430
chr15	91643180	91845795	SV2B	0	+	202615
chr1	16384264	16400146	FAM131C	0	-	15882
chr1	213003483	213020991	SPATA45	0	-	17508
chr17	79617489	79630142	PDE6G	0	-	12653
chr10	52750648	54058183	PRKG1	0	+	1307535
chr15	96869167	96883492	NR2F2	0	+	14325
chr14	101192042	101204561	DLK1	0	+	12519
chr17	1606110	1613671	TLCD2	0	-	7561
chr3	115521210	116858236	LSAMP	0	-	1337026
chr14	105403581	105444711	AHNAK2	0	-	41130
chr9	127539412	127577164	OLFML2A	0	+	37752
chr12	53773960	53810230	SP1	0	+	36270
chr12	45408455	45444882	DBX2	0	-	36427
chr3	49840694	49842463	INKA1	0	+	1769
chr16	333164	337215	PDIA2	0	+	4051
chr4	699537	763877	PCGF3	0	+	64340
chr3	197687071	197770591	LMLN	0	+	83520
chr17	79801035	79818732	P4HB	0	-	17697
chr11	236966	252984	PSMD13	0	+	16018
chr1	164524821	164868533	PBX1	0	+	343712
chr12	57628686	57634498	NDUFA4L2	0	-	5812
chr15	49115938	49256116	SHC4	0	-	140178
chr12	53215192	53228095	KRT79	0	-	12903
chr14	69254377	69262970	ZFP36L1	0	-	8593
chr22	21903736	21978323	UBE2L3	0	+	74587
chr12	5541274	5630702	NTF3	0	+	89428
chr21	40556102	40693485	BRWD1	0	-	137383
chr12	56347889	56367101	PMEL	0	-	19212
chr22	32903807	33454367	SYN3	0	-	550560
chr1	38509501	38512465	POU3F1	0	-	2964
chr16	88744096	88752915	SNAI3	0	-	8819
chr11	62515791	62521656	ZBTB3	0	-	5865
chr9	124922187	124962367	MORN5	0	+	40180
chr22	22890123	22901768	PRAME	0	-	11645
chr8	67474410	67526482	MYBL1	0	-	52072
chr16	22018959	22098855	MOSMO	0	+	79896
chr22	31795590	31926620	DRG1	0	+	131030
chr17	4067115	4167290	ANKFY1	0	-	100175
chr8	64081112	64125344	YTHDF3	0	+	44232
chr8	144371846	144382122	ZNF696	0	+	10276
chr10	1223253	1779719	ADARB2	0	-	556466
chr10	83634950	84746935	NRG3	0	+	1111985
chr16	4239375	4292081	SRL	0	-	52706
chrX	40486173	40506813	CXorf38	0	-	20640
chr6	73331520	73908576	KCNQ5	0	+	577056
chr4	20730229	21950395	KCNIP4	0	-	1220166
chr15	79102829	79190481	MORF4L1	0	+	87652
chr19	46286205	46296103	DMWD	0	-	9898
chr8	145557619	145584946	SLC52A2	0	+	27327
chr21	38435146	38445470	PIGP	0	-	10324
chr7	50343664	50472799	IKZF1	0	+	129135
chr17	79858834	79869308	PCYT2	0	-	10474
chr4	2061054	2070816	NAT8L	0	+	9762
chrX	152965947	152990020	BCAP31	0	-	24073
chr17	44594068	44657057	ARL17A	0	-	62989
chr22	19770746	19842462	GNB1L	0	-	71716
chr1	225083964	225586994	DNAH14	0	+	503030
chr16	21845890	21892148	NPIPB4	0	-	46258
chr15	45021186	45060027	TRIM69	0	+	38841
chr13	113951554	113977987	LAMP1	0	+	26433
chr19	35849362	35851391	FFAR3	0	+	2029
chr8	42948641	42986323	POMK	0	+	37682
chr16	29753784	29757311	C16orf54	0	-	3527
chr3	49209031	49213919	KLHDC8B	0	+	4888
chr21	37406839	37451687	SETD4	0	-	44848
chr9	98205262	98279339	PTCH1	0	-	74077
chr17	1837971	1928628	RTN4RL1	0	-	90657
chr8	63161150	63926559	NKAIN3	0	+	765409
chr1	104068313	104097861	RNPC3	0	+	29548
chr16	31885128	31928678	ZNF267	0	+	43550
chr13	110405042	110438930	IRS2	0	-	33888
chr9	95473645	95527115	BICD2	0	-	53470
chr9	36169385	36171331	CCIN	0	+	1946
chrX	154718672	154948759	TMLHE	0	-	230087
chr13	114321470	114440708	KNOWN	0	+	119238
chrX	144899347	144911374	SLITRK2	0	+	12027
chr19	1508022	1536045	PLK5	0	+	28023
chr13	114747194	114898098	RASA3	0	-	150904
chr3	197518097	197615307	LRCH3	0	+	97210
chr1	205350506	205425082	LEMD1	0	-	74576
chr19	36936021	36980804	ZNF566	0	-	44783
chr19	37025676	37096178	ZNF529	0	-	70502
chr13	51093500	51418075	DLEU7	0	-	324575
chr9	108424738	108425405	TAL2	0	+	667
chr1	222841355	222886552	AIDA	0	-	45197
chr15	36871827	37102449	CDIN1	0	+	230622
chr17	38024455	38034149	ZPBP2	0	+	9694
chr12	52908359	52914314	KRT5	0	-	5955
chr1	108992904	109014542	NBPF6	0	+	21638
chr1	48998526	50489626	AGBL4	0	-	1491100
chr11	14898986	14913777	CYP2R1	0	-	14791
chr5	61874646	61877273	LRRC70	0	+	2627
chr8	101521980	101572012	ANKRD46	0	-	50032
chr19	3630181	3700466	PIP5K1C	0	-	70285
chr9	125670335	125675602	ZBTB6	0	-	5267
chr2	120059801	120124410	C2orf76	0	-	64609
chr1	110655065	110656569	UBL4B	0	+	1504
chr16	78133297	79246564	WWOX	0	+	1113267
chr1	47532903	47583990	CYP4Z1	0	+	51087
chr11	118868848	118886503	CENATAC	0	+	17655
chr13	28194879	28318374	POLR1D	0	+	123495
chr17	43002077	43025141	KIF18B	0	-	23064
chr10	95326422	95364237	FFAR4	0	+	37815
chr9	139956579	139965009	SAPCD2	0	-	8430
chr1	236511557	236666215	EDARADD	0	+	154658
chr19	15783828	15807984	CYP4F12	0	+	24156
chr4	77815305	77819297	SOWAHB	0	-	3992
chr4	6717901	6719391	BLOC1S4	0	+	1490
chr6	97372496	97588630	KLHL32	0	+	216134
chr16	14165176	14360630	MRTFB	0	+	195454
chr3	112182813	112218319	BTLA	0	-	35506
chr1	146373546	146467744	KNOWN	0	+	94198
chr11	94706873	94732683	KDM4D	0	+	25810
chr2	96687694	96705199	GPAT2	0	-	17505
chr1	179051205	179067158	TOR3A	0	+	15953
chr12	111157485	111180744	PPP1CC	0	-	23259
chr19	2841435	2860469	ZNF555	0	+	19034
chrX	92925929	92928577	NAP1L3	0	-	2648
chr5	144851362	145214932	PRELID2	0	-	363570
chr3	171561139	171656505	TMEM212	0	+	95366
chr6	169615875	169654145	THBS2	0	-	38270
chr9	137208944	137332431	RXRA	0	+	123487
chrX	134382867	134478034	ZNF75D	0	-	95167
chr1	47489341	47516423	CYP4X1	0	+	27082
chr17	38974369	38978866	KRT10	0	-	4497
chr15	30692765	30706463	GOLGA8R	0	-	13698
chr17	72606024	72619877	CD300E	0	-	13853
chr1	42928892	43122861	CCDC30	0	+	193969
chr15	51633852	51700202	GLDN	0	+	66350
chr19	55385691	55402786	FCAR	0	+	17095
chr3	160212795	160283359	KPNA4	0	-	70564
chr6	123537484	123958238	TRDN	0	-	420754
chr3	44771088	44778575	ZNF501	0	+	7487
chr3	44626380	44689963	ZNF197	0	+	63583
chr12	51236703	51281667	TMPRSS12	0	+	44964
chr2	24397922	24423718	FAM228A	0	+	25796
chr20	238365	241737	DEFB132	0	+	3372
chrX	72432135	72434687	NAP1L2	0	-	2552
chr14	52292913	52446060	GNG2	0	+	153147
chr6	26365387	26378548	BTN3A2	0	+	13161
chrX	119029800	119054679	AKAP14	0	+	24879
chr7	82383328	82792246	PCLO	0	-	408918
chr19	51532348	51538486	KLK12	0	-	6138
chr5	63801842	63908146	RGS7BP	0	+	106304
chr7	155089486	155101945	INSIG1	0	+	12459
chr18	32946658	32957301	ZNF396	0	-	10643
chr1	27648636	27662891	TMEM222	0	+	14255
chr1	16345370	16360545	CLCNKA	0	+	15175
chr1	161016736	161039760	ARHGAP30	0	-	23024
chr2	110300376	110371720	SEPTIN10	0	-	71344
chr8	12039605	12051642	FAM86B1	0	-	12037
chr19	15726029	15741449	CYP4F8	0	+	15420
chr19	15751707	15773635	CYP4F3	0	+	21928
chr1	47903716	47906363	FOXD2	0	+	2647
chr17	42472649	42580798	GPATCH8	0	-	108149
chr22	29999545	30094587	NF2	0	+	95042
chr6	34214158	34216885	SMIM29	0	-	2727
chr7	129470572	129592800	UBE2H	0	-	122228
chr1	45792567	45794382	HPDL	0	+	1815
chr6	149916009	149970108	KATNA1	0	-	54099
chr11	72396114	72504644	ARAP1	0	-	108530
chr9	34252378	34329266	KIF24	0	-	76888
chr11	72287185	72385635	PDE2A	0	-	98450
chr14	24521218	24538938	CARMIL3	0	+	17720
chr17	65987215	65992585	C17orf58	0	-	5370
chr12	50229826	50236889	BCDIN3D	0	-	7063
chrX	75002822	75005089	MAGEE2	0	-	2267
chr2	127941408	127977889	CYP27C1	0	-	36481
chr11	32624267	32816208	CCDC73	0	-	191941
chr22	23521891	23660224	BCR	0	+	138333
chr19	15915359	15926474	OR10H1	0	-	11115
chr22	43807202	43903728	MPPED1	0	+	96526
chr17	79495403	79504156	FSCN2	0	+	8753
chr10	129535449	129539447	FOXI2	0	+	3998
chrX	62567107	62571211	SPIN4	0	-	4104
chr4	264464	299263	ZNF732	0	-	34799
chrX	57144984	57147981	SPIN2B	0	-	2997
chr1	47881957	47883724	FOXE3	0	+	1767
chr3	50330262	50336836	HYAL3	0	-	6574
chr19	51834790	51845393	VSIG10L	0	-	10603
chrX	70835766	70838361	CXCR3	0	-	2595
chr18	32831022	32870209	ZSCAN30	0	-	39187
chr12	113658855	113736390	TPCN1	0	+	77535
chr19	55155340	55181810	LILRB4	0	+	26470
chr1	1146706	1149533	TNFRSF4	0	-	2827
chr17	39766030	39772151	KRT16	0	-	6121
chr17	43225842	43229466	HEXIM1	0	+	3624
chr19	40005779	40011315	SELENOV	0	+	5536
chr17	39738531	39743147	KRT14	0	-	4616
chr2	85048774	85134132	TRABD2A	0	-	85358
chr17	39471164	39471962	KRTAP17-1	0	-	798
chr10	102767436	102792052	PDZD7	0	-	24616
chr21	46683843	46707813	POFUT2	0	-	23970
chr4	122249797	122302214	QRFPR	0	-	52417
chr17	43971893	44105700	MAPT	0	+	133807
chr2	62727353	62739029	TMEM17	0	-	11676
chr1	1138888	1141972	TNFRSF18	0	-	3084
chr12	49726192	49730971	C1QL4	0	-	4779
chr11	57228001	57245007	RTN4RL2	0	+	17006
chr12	77157883	77247476	ZDHHC17	0	+	89593
chr14	94908801	94919137	SERPINA11	0	-	10336
chrX	69478016	69480054	P2RY4	0	-	2038
chr22	46546424	46639652	PPARA	0	+	93228
chr5	109624934	110074657	TMEM232	0	-	449723
chr1	43610824	43622067	FAM183A	0	+	11243
chr22	43924624	44208217	EFCAB6	0	-	283593
chr19	8387468	8408146	KANK3	0	-	20678
chr22	29601885	29655586	EMID1	0	+	53701
chr1	6484836	6521427	ESPN	0	+	36591
chr22	37461476	37505753	TMPRSS6	0	-	44277
chr11	61159865	61166338	TMEM216	0	+	6473
chr22	39925098	39928766	RPS19BP1	0	-	3668
chr3	184794626	184870848	C3orf70	0	-	76222
chr11	12695968	12966284	TEAD1	0	+	270316
chr3	38048987	38071133	PLCD1	0	-	22146
chr3	42299317	42307677	CCK	0	-	8360
chr3	69788607	70017487	MITF	0	+	228880
chr14	73945189	74025651	HEATR4	0	-	80462
chr12	76430365	76478515	NAP1L1	0	-	48150
chr19	54818353	54824436	LILRA5	0	-	6083
chr3	28283075	28366633	CMC1	0	+	83558
chr2	150186499	150330652	LYPD6	0	+	144153
chr10	5005445	5025475	AKR1C1	0	+	20030
chr1	63788238	63790799	FOXD3	0	+	2561
chr1	44870866	45117396	RNF220	0	+	246530
chr10	118640988	118886097	SHTN1	0	-	245109
chr9	34664160	34666109	ENSG00000187186	0	-	1949
chr19	40490041	40526945	ZNF546	0	+	36904
chr6	116571127	116575238	TSPYL4	0	-	4111
chr16	56716382	56718108	MT1X	0	+	1726
chr2	179966405	180129559	SESTD1	0	-	163154
chr9	132649466	132805473	FNBP1	0	-	156007
chr11	102980139	103350591	DYNC2H1	0	+	370452
chr17	39017555	39023475	KRT12	0	-	5920
chr19	45312328	45324678	BCAM	0	+	12350
chr7	77325776	77412339	RSBN1L	0	+	86563
chrX	13053736	13062801	FAM9C	0	-	9065
chr3	9908395	9921939	CIDEC	0	-	13544
chrX	77385245	77395147	TAF9B	0	-	9902
chr5	140593491	140598551	PCDHB13	0	+	5060
chr7	77646372	79082983	MAGI2	0	-	1436611
chr11	24518516	25104184	LUZP2	0	+	585668
chr15	41523037	41574085	CHP1	0	+	51048
chr6	26107640	26108363	H1-6	0	-	723
chr11	43964187	43965428	C11orf96	0	+	1241
chr3	49828165	49837306	CDHR4	0	-	9141
chr2	232571605	232578261	PTMA	0	+	6656
chr10	14880305	14913740	HSPA14	0	+	33435
chr3	192992578	193096609	ATP13A5	0	-	104031
chr4	70999333	71042516	PRR27	0	+	43183
chr16	1560428	1662073	IFT140	0	-	101645
chr7	15239942	15601640	AGMO	0	-	361698
chr1	223282746	223316590	TLR5	0	-	33844
chr16	8985954	9069185	USP7	0	-	83231
chr19	13972877	13991571	NANOS3	0	+	18694
chr6	18120671	18122908	NHLRC1	0	-	2237
chr1	901862	911245	PLEKHN1	0	+	9383
chr17	40177594	40250497	ZNF385C	0	-	72903
chrX	55478560	55479999	MAGEH1	0	+	1439
chr2	74212037	74335303	TET3	0	+	123266
chr1	936518	949920	ISG15	0	+	13402
chr9	140201348	140317663	EXD3	0	-	116315
chr17	260116	280853	C17orf97	0	+	20737
chr6	28209475	28220047	ZKSCAN4	0	-	10572
chr14	24439083	24475617	DHRS4L2	0	+	36534
chr1	859303	879955	SAMD11	0	+	20652
chr3	55542339	56503123	ERC2	0	-	960784
chr13	31774112	31906413	B3GLCT	0	+	132301
chr5	141689992	141706020	SPRY4	0	-	16028
chrX	48684923	48688548	ERAS	0	+	3625
chr17	16318885	16340317	TRPV2	0	+	21432
chr4	71384286	71398460	AMTN	0	+	14174
chrX	51149800	51151695	EZHIP	0	+	1895
chr2	190744335	191068210	C2orf88	0	+	323875
chr15	71389291	72075722	THSD4	0	+	686431
chr11	73662071	73681411	DNAJB13	0	+	19340
chr1	1950768	1962197	GABRD	0	+	11429
chr8	54879112	54935016	TCEA1	0	-	55904
chr16	89793091	89883385	FANCA	0	-	90294
chr9	91933415	91974578	SECISBP2	0	+	41163
chr9	88835180	88874572	C9orf153	0	-	39392
chr4	100197526	100212160	ADH1A	0	-	14634
chr9	91975702	92113045	SEMA4D	0	-	137343
chr6	105384491	105531207	LIN28B	0	+	146716
chr18	72102010	72125179	DIPK1C	0	-	23169
chr17	76419778	76573478	DNAH17	0	-	153700
chr10	45406764	45432458	TMEM72	0	+	25694
chr14	45605133	45670093	FANCM	0	+	64960
chr22	24080869	24093299	ZNF70	0	-	12430
chr1	156863490	156886221	PEAR1	0	+	22731
chr1	40915774	40929390	ZFP69B	0	+	13616
chrX	118892551	118894165	SOWAHD	0	+	1614
chr1	40942962	40962015	ZFP69	0	+	19053
chr17	10602332	10633340	TMEM220	0	-	31008
chr6	26055968	26056698	H1-2	0	-	730
chr8	37888052	37917883	EIF4EBP1	0	+	29831
chr12	133195362	133198974	P2RX2	0	+	3612
chr19	14164175	14172888	PALM3	0	-	8713
chr1	57184462	57285369	FYB2	0	-	100907
chr10	124320181	124403252	DMBT1	0	+	83071
chr19	14693896	14722847	CLEC17A	0	+	28951
chr2	197669141	197674079	C2orf66	0	-	4938
chr8	145674965	145691050	CYHR1	0	-	16085
chr8	121072019	121385812	COL14A1	0	+	313793
chr2	230222345	230579271	DNER	0	-	356926
chr17	71244588	71258491	CPSF4L	0	-	13903
chr1	895964	901099	KLHL17	0	+	5135
chr6	28399707	28411279	ZSCAN23	0	-	11572
chr19	39358470	39368915	RINL	0	-	10445
chr3	188665003	189043093	TPRG1	0	+	378090
chrX	56590060	56594301	UBQLN2	0	+	4241
chr12	123954601	124018266	RILPL1	0	-	63665
chr19	14192436	14196687	C19orf67	0	-	4251
chr19	12686914	12750912	ZNF490	0	-	63998
chr7	143013204	143049176	CLCN1	0	+	35972
chr19	16830658	16928774	NWD1	0	+	98116
chr2	235401685	235405725	ARL4C	0	-	4040
chr6	41196077	41206620	TREML4	0	+	10543
chr22	46316246	46373042	WNT7B	0	-	56796
chr11	63527364	63536247	ZFTA	0	-	8883
chr1	147400506	147465824	GPR89B	0	+	65318
chr15	90303822	90321985	MESP2	0	+	18163
chr10	88780051	88784487	FAM25A	0	+	4436
chr6	64429876	66417119	EYS	0	-	1987243
chr6	42059971	42110358	C6orf132	0	-	50387
chr22	50683879	50700145	MAPK12	0	-	16266
chr9	32783538	32789199	TMEM215	0	+	5661
chr9	99690592	99702535	NUTM2G	0	+	11943
chrX	107683068	107940775	COL4A5	0	+	257707
chr1	955500	991498	AGRN	0	+	35998
chrX	17393323	17754114	NHS	0	+	360791
chr9	140138036	140142222	FAM166A	0	-	4186
chr19	20802745	20844402	ZNF626	0	-	41657
chr7	92817847	92855782	HEPACAM2	0	-	37935
chr17	4487294	4511614	SMTNL2	0	+	24320
chr2	113033174	113097640	ZC3H6	0	+	64466
chr7	99746535	99753567	LAMTOR4	0	+	7032
chr7	588834	767287	PRKAR1B	0	-	178453
chr10	81462983	81474437	NUTM2B	0	+	11454
chr11	17373347	17398888	NCR3LG1	0	+	25541
chr16	20866247	20911680	DCUN1D3	0	-	45433
chr19	37997841	38039664	ZNF793	0	+	41823
chr10	46321042	46349323	AGAP4	0	-	28281
chr13	76099350	76123575	COMMD6	0	-	24225
chr1	20301924	20306909	PLA2G2A	0	-	4985
chr22	50430240	50451194	IL17REL	0	-	20954
chr15	78799906	78829714	HYKK	0	+	29808
chr2	218899683	218955307	RUFY4	0	+	55624
chr1	934342	935552	HES4	0	-	1210
chr19	46732999	46734500	IGFL1	0	+	1501
chr1	247263264	247267674	ZNF669	0	-	4410
chr3	169530658	169555561	LRRIQ4	0	+	24903
chr9	95088235	95382811	CENPP	0	+	294576
chr3	146232967	146262643	PLSCR1	0	-	29676
chr16	28270567	28335170	SBK1	0	+	64603
chr3	50242679	50258918	SLC38A3	0	+	16239
chr13	45694645	45859028	GTF2F2	0	+	164383
chr8	94710789	94743755	CIBAR1	0	+	32966
chr9	20658308	20995954	FOCAD	0	+	337646
chr19	42806250	42814966	PRR19	0	+	8716
chr7	76026835	76071388	ZP3	0	+	44553
chr10	85933557	85945050	C10orf99	0	+	11493
chr12	31944119	31945232	H3-5	0	-	1113
chr10	133849840	133998362	JAKMIP3	0	+	148522
chr2	242792036	242801046	PDCD1	0	-	9010
chrX	85116185	85302565	CHM	0	-	186380
chr2	182399768	182545392	CERKL	0	-	145624
chr11	118964584	118966175	H2AX	0	-	1591
chr11	15133970	15268754	INSC	0	+	134784
chr19	39687604	39692524	NCCRP1	0	+	4920
chr19	35978226	35986460	KRTDAP	0	-	8234
chr4	109729881	110223908	COL25A1	0	-	494027
chr9	135285430	135448706	CFAP77	0	+	163276
chr1	24290837	24307417	SRSF10	0	-	16580
chr16	222875	223709	HBA2	0	+	834
chr15	40623653	40633140	CCDC9B	0	-	9487
chr17	41322498	41363708	NBR1	0	+	41210
chr20	20370174	20693287	RALGAPA2	0	-	323113
chr9	140100137	140113813	NDOR1	0	+	13676
chr5	167956310	167957639	FBLL1	0	+	1329
chr6	124125010	125146786	NKAIN2	0	+	1021776
chr17	39196793	39197702	KRTAP1-1	0	-	909
chr3	142668006	142682516	PAQR9	0	-	14510
chr12	96883349	97269333	CFAP54	0	+	385984
chr1	120837756	120855681	KNOWN	0	+	17925
chr10	51942538	52039480	ASAH2	0	-	96942
chr10	124895486	124898939	HMX3	0	+	3453
chr19	46623324	46627945	IGFL3	0	-	4621
chr15	28943729	28983530	GOLGA8M	0	-	39801
chr22	44888463	44894113	RTL6	0	-	5650
chr1	97543299	98460556	DPYD	0	-	917257
chr1	153579362	153585621	S100A16	0	-	6259
chr9	72324438	72374927	PTAR1	0	-	50489
chr15	82555151	82577271	SAXO2	0	+	22120
chr1	25688740	25756683	RHCE	0	-	67943
chr8	39792133	39873911	IDO2	0	+	81778
chr22	44395091	44568819	PARVB	0	+	173728
chr10	127473549	127511827	UROS	0	-	38278
chr11	5988407	5989724	OR56A5	0	-	1317
chrX	128937264	128977885	ZDHHC9	0	-	40621
chr9	133768094	133772199	QRFP	0	-	4105
chr5	60453531	60458295	SMIM15	0	-	4764
chr3	190917030	190983404	OSTN	0	+	66374
chr7	23719749	23742868	FAM221A	0	+	23119
chr12	122150658	122220907	TMEM120B	0	+	70249
chr2	186603531	186698017	FSIP2	0	+	94486
chr9	140317802	140328858	NOXA1	0	+	11056
chr2	220408385	220415317	TMEM198	0	+	6932
chr1	114419438	114430203	BCL2L15	0	-	10765
chr7	72848108	72850450	FZD9	0	+	2342
chr19	38879061	38890227	SPRED3	0	+	11166
chr15	68112042	68126920	SKOR1	0	+	14878
chr1	203444934	203460480	PRELP	0	+	15546
chr1	38275246	38325264	MTF1	0	-	50018
chr17	11144530	11467380	SHISA6	0	+	322850
chr1	9648969	9674935	TMEM201	0	+	25966
chr13	39612443	39624246	NHLRC3	0	+	11803
chr10	124907652	124910188	HMX2	0	+	2536
chr5	795720	859088	ZDHHC11	0	-	63368
chr6	116782533	116784934	CALHM6	0	+	2401
chr16	3631182	3661607	SLX4	0	-	30425
chr3	40498783	40510078	RPL14	0	+	11295
chr4	42112870	42154895	BEND4	0	-	42025
chr1	166026663	166136238	FAM78B	0	-	109575
chr19	12428291	12444534	ZNF563	0	-	16243
chr17	73905655	73937221	FBF1	0	-	31566
chr7	139137436	139168419	KLRG2	0	-	30983
chr2	96788557	96804241	ASTL	0	-	15684
chr17	38278224	38293170	MSL1	0	+	14946
chr16	11453702	11621103	ENSG00000188897	0	-	167401
chr12	40590546	40763087	LRRK2	0	+	172541
chrX	100264335	100307105	TRMT2B	0	-	42770
chr9	20999508	21031639	HACD4	0	-	32131
chr1	161334523	161337666	CFAP126	0	-	3143
chr9	112952328	112970439	C9orf152	0	-	18111
chr4	3246096	3273465	MSANTD1	0	+	27369
chr9	140149779	140167994	NELFB	0	+	18215
chr21	15481134	15583276	LIPI	0	-	102142
chr4	52859818	52886529	LRRC66	0	-	26711
chr6	87861521	87975661	ZNF292	0	+	114140
chr11	77882295	77899672	KCTD21	0	-	17377
chr19	36014269	36019253	SBSN	0	-	4984
chr6	143743969	143771832	ADAT2	0	-	27863
chr7	10971570	10979780	NDUFA4	0	-	8210
chr5	74907007	74977598	ANKDD1B	0	+	70591
chr12	109525993	109531436	ALKBH2	0	-	5443
chr17	58029601	58042122	RNFT1	0	-	12521
chr17	8294020	8301145	RNF222	0	-	7125
chr7	103111828	103630105	RELN	0	-	518277
chr11	58874658	58894885	FAM111B	0	+	20227
chr3	195295576	195310904	APOD	0	-	15328
chr22	38201236	38203439	H1-0	0	+	2203
chr16	11641578	11730237	LITAF	0	-	88659
chr12	46123489	46301823	ARID2	0	+	178334
chr16	70557694	70611573	SF3B3	0	+	53879
chrX	103810880	105011822	IL1RAPL2	0	+	1200942
chr17	45922274	45933240	SP6	0	-	10966
chr5	79852574	79866099	ANKRD34B	0	-	13525
chr10	81891438	81905115	PLAC9	0	+	13677
chr6	28227075	28228736	NKAPL	0	+	1661
chr7	73213872	73247020	CLDN4	0	+	33148
chr19	38226734	38307940	ZNF573	0	-	81206
chr17	19030848	19062500	GRAPL	0	+	31652
chr17	73131343	73164376	JPT1	0	-	33033
chr19	37861963	37883968	ZNF527	0	+	22005
chr1	153591263	153603836	S100A13	0	-	12573
chr10	38299578	38354016	ZNF33A	0	+	54438
chr4	138440072	138453648	PCDH18	0	-	13576
chr19	53253195	53290060	ZNF600	0	-	36865
chr1	92545862	92650282	BTBD8	0	+	104420
chrX	43514155	43606064	MAOA	0	+	91909
chr15	67813469	67822484	C15orf61	0	+	9015
chr8	27879481	27941453	NUGGC	0	-	61972
chr1	24283329	24289952	PNRC2	0	+	6623
chr22	23950639	23974508	DRICH1	0	-	23869
chr3	59733003	61237133	FHIT	0	-	1504130
chr2	279558	288851	ALKAL2	0	-	9293
chr22	42904350	42915802	RRP7A	0	-	11452
chr4	83831126	83934079	LIN54	0	-	102953
chr1	153586731	153589462	S100A14	0	-	2731
chr1	14219287	15444539	KAZN	0	+	1225252
chr1	1590990	1624234	SLC35E2B	0	-	33244
chrX	51486538	51489328	GSPT2	0	+	2790
chr19	42932430	42947098	CXCL17	0	-	14668
chr13	31030841	31191734	HMGB1	0	-	160893
chr1	21046224	21059330	SH2D5	0	-	13106
chrX	152676930	152691939	ZFP92	0	+	15009
chr19	55417506	55427508	NCR1	0	+	10002
chr11	13030863	13033666	RASSF10	0	+	2803
chr1	248258486	248264465	OR2L13	0	+	5979
chr10	102033037	102046437	BLOC1S2	0	-	13400
chr20	58438619	58508710	SYCP2	0	-	70091
chr3	190231840	190377539	IL1RAP	0	+	145699
chr20	40701392	41818610	PTPRT	0	-	1117218
chr12	101962131	102079806	MYBPC1	0	+	117675
chr9	36833266	37034265	PAX5	0	-	200999
chr4	167654535	168155947	SPOCK3	0	-	501412
chr19	22361891	22398603	ZNF676	0	-	36712
chr19	9401816	9420514	ZNF699	0	-	18698
chr9	100174378	100258407	TDRD7	0	+	84029
chr16	67209502	67217943	KIAA0895L	0	-	8441
chr6	32545679	32557625	HLA-DRB1	0	-	11946
chr20	62733747	62873606	MYT1	0	+	139859
chr10	5077546	5149878	AKR1C3	0	+	72332
chr2	201170604	201346987	SPATS2L	0	+	176383
chr8	146101882	146127553	ZNF250	0	-	25671
chr2	160092309	160143214	WDSUB1	0	-	50905
chr9	130186653	130207651	ZNF79	0	+	20998
chr1	153516089	153522612	S100A4	0	-	6523
chr4	126236073	126414087	FAT4	0	+	178014
chr17	72322349	72351959	KIF19	0	+	29610
chr19	23921997	23941693	ZNF681	0	-	19696
chr10	124768495	124817806	ACADSB	0	+	49311
chr1	36805225	36851525	STK40	0	-	46300
chr1	226033237	226070080	TMEM63A	0	-	36843
chr1	206317459	206332221	CTSE	0	+	14762
chr1	156117157	156147543	SEMA4A	0	+	30386
chr9	35906199	35907133	HRCT1	0	+	934
chr13	20207799	20247581	MPHOSPH8	0	+	39782
chr2	11622467	11782914	GREB1	0	+	160447
chr19	52772840	52799299	ZNF766	0	+	26459
chr19	38924331	39085913	RYR1	0	+	161582
chr3	9022275	9404737	SRGAP3	0	-	382462
chr11	1628795	1629693	KRTAP5-3	0	-	898
chr20	58508819	58523735	FAM217B	0	+	14916
chr10	98592011	98755713	LCOR	0	+	163702
chr19	39926796	39967310	SUPT5H	0	+	40514
chr22	41253081	41328819	XPNPEP3	0	+	75738
chr7	64126477	64171955	ZNF107	0	+	45478
chr6	30899130	30923413	SFTA2	0	-	24283
chr7	44836279	44864163	PPIA	0	+	27884
chr19	57019219	57041590	ZNF471	0	+	22371
chr19	52657117	52674896	ZNF836	0	-	17779
chr6	44777054	45345690	SUPT3H	0	-	568636
chr1	242121069	242122364	BECN2	0	+	1295
chr2	201754050	201768661	NIF3L1	0	+	14611
chr9	94972489	95056136	IARS1	0	-	83647
chr7	72349920	72421979	POM121	0	+	72059
chr11	130096572	130184812	ZBTB44	0	-	88240
chr7	150419341	150447121	GIMAP5	0	+	27780
chr7	23749822	23872132	STK31	0	+	122310
chrX	70364671	70395105	NLGN3	0	+	30434
chr19	22469243	22499978	ZNF729	0	+	30735
chr1	207494864	207560149	CD55	0	+	65285
chr19	36673178	36737159	ZNF565	0	-	63981
chr9	135037445	135119913	NTNG2	0	+	82468
chr9	137000487	137025090	WDR5	0	+	24603
chr19	5691845	5720583	LONP1	0	-	28738
chr7	98475556	98648454	TRRAP	0	+	172898
chrX	51232863	51239444	NUDT11	0	-	6581
chr10	5680830	5708558	ASB13	0	-	27728
chr6	118228427	118638839	SLC35F1	0	+	410412
chr8	145997609	146012730	ZNF34	0	-	15121
chr12	133657060	133684112	ZNF140	0	+	27052
chr17	4891425	4900905	INCA1	0	-	9480
chr15	90895516	90912378	ZNF774	0	+	16862
chr20	49126858	49201778	PTPN1	0	+	74920
chr14	100437786	100610573	EVL	0	+	172787
chr1	151819577	151826188	THEM5	0	-	6611
chr19	840999	848175	PRTN3	0	+	7176
chr19	53893046	53933666	ZNF765	0	+	40620
chr1	247285277	247335322	ZNF124	0	-	50045
chr22	42017167	42060052	XRCC6	0	+	42885
chr1	153509623	153514241	S100A5	0	-	4618
chr20	62665697	62671315	C20orf204	0	+	5618
chr9	138370925	138380739	PPP1R26	0	+	9814
chr1	108765086	108786703	NBPF4	0	-	21617
chr3	150126085	150184209	TSC22D2	0	+	58124
chr22	27017927	27026633	CRYBA4	0	+	8706
chrX	1733952	1761974	ASMT	0	+	28022
chrY	1683952	1711974	ASMT	0	+	28022
chr16	74410204	74426013	NPIPB15	0	+	15809
chr19	37902057	37960177	ZNF569	0	-	58120
chrX	100673275	100788446	ARMCX4	0	+	115171
chr1	38268617	38273880	YRDC	0	-	5263
chr7	149128454	149158153	ZNF777	0	-	29699
chr3	130397778	130465673	PIK3R4	0	-	67895
chr7	150065879	150095718	ZNF775	0	+	29839
chrX	13730363	13752754	TRAPPC2	0	-	22391
chr2	102013821	102091574	RFX8	0	-	77753
chr12	56546040	56553431	MYL6B	0	+	7391
chrX	76709648	76712769	KNOWN	0	+	3121
chr20	251504	271419	C20orf96	0	-	19915
chr1	216676588	217311097	ESRRG	0	-	634509
chr12	124808961	125052158	NCOR2	0	-	243197
chr16	28616517	28625600	SULT1A1	0	-	9083
chr4	57371375	57391125	ARL9	0	+	19750
chr2	153508107	153574526	PRPF40A	0	-	66419
chr1	118406107	118472244	GDAP2	0	-	66137
chrX	102862379	102884618	TCEAL3	0	+	22239
chr12	110810705	110841535	ANAPC7	0	-	30830
chr7	144149034	144533488	TPK1	0	-	384454
chr1	44457172	44497139	SLC6A9	0	-	39967
chr4	7760441	7941653	AFAP1	0	-	181212
chr17	27398140	27507416	MYO18A	0	-	109276
chr3	161062586	161090668	SPTSSB	0	-	28082
chr17	8091663	8093498	BORCS6	0	-	1835
chr15	91445448	91465814	MAN2A2	0	+	20366
chr3	154741913	154901493	MME	0	+	159580
chr1	206136916	206155151	FAM72A	0	+	18235
chr16	1203106	1271771	CACNA1H	0	+	68665
chr6	129204283	129837711	LAMA2	0	+	633428
chr22	50713408	50746075	PLXNB2	0	-	32667
chr1	4714669	4852594	AJAP1	0	+	137925
chr7	152341861	152373278	XRCC2	0	-	31417
chr6	76458918	76629254	MYO6	0	+	170336
chr22	40806285	41032723	MRTFA	0	-	226438
chr6	114254192	114332472	HDAC2	0	-	78280
chr9	99578551	99637905	ZNF782	0	-	59354
chr2	130831108	130886795	POTEF	0	-	55687
chr19	9862669	9903856	ZNF846	0	-	41187
chr11	102660132	102668891	MMP1	0	-	8759
chr4	100226128	100273917	ADH1B	0	-	47789
chr4	69512315	69536370	UGT2B15	0	-	24055
chr18	52889416	53332018	TCF4	0	-	442602
chrX	54219256	54385075	WNK3	0	-	165819
chr7	96747010	96811075	SDHAF3	0	+	64065
chr3	11178779	11305243	HRH1	0	+	126464
chr9	139702395	139735639	RABL6	0	+	33244
chr1	145883868	145924373	KNOWN	0	+	40505
chr19	12273879	12300686	ZNF136	0	+	26807
chr3	44754135	44765323	ZNF502	0	+	11188
chr1	219858769	220132360	SLC30A10	0	-	273591
chr14	102829278	102968814	TECPR2	0	+	139536
chrX	12885191	12908480	TLR7	0	+	23289
chr11	47608230	47610746	FAM180B	0	+	2516
chr5	180274611	180288285	ZFP62	0	-	13674
chr7	22852247	22862468	TOMM7	0	-	10221
chr19	16244838	16269386	HSH2D	0	+	24548
chr10	43069633	43134018	ZNF33B	0	-	64385
chr20	62588057	62601283	ZNF512B	0	-	13226
chr17	66201622	66253853	AMZ2	0	+	52231
chr19	21324827	21378856	ZNF431	0	+	54029
chr8	53446597	53477990	ALKAL1	0	-	31393
chr17	29421945	29709134	NF1	0	+	287189
chr7	65338061	65424550	VKORC1L1	0	+	86489
chr19	58433250	58446770	ZNF418	0	-	13520
chr9	90112143	90323549	DAPK1	0	+	211406
chr6	32595956	32614839	HLA-DQA1	0	+	18883
chr9	116917817	117074791	COL27A1	0	+	156974
chr5	150591711	150650001	GM2A	0	+	58290
chr6	27775951	27776445	H2AC13	0	+	494
chr6	35744371	35747329	CLPSL2	0	+	2958
chr1	153533584	153540366	S100A2	0	-	6782
chrX	82763298	82767135	POU3F4	0	+	3837
chr9	67926761	67969840	KNOWN	0	+	43079
chr3	107761938	107810709	CD47	0	-	48771
chr9	84198598	84304462	TLE1	0	-	105864
chr4	140637907	141075338	MAML3	0	-	437431
chr6	27100822	27101314	H2AC11	0	+	492
chr14	31363005	31495607	STRN3	0	-	132602
chr10	44051792	44070066	ZNF239	0	-	18274
chr5	147548109	147555182	SPINK14	0	+	7073
chr2	233404402	233412825	CHRNG	0	+	8423
chr6	28075467	28097860	ZSCAN16	0	+	22393
chr9	129089108	129269320	MVB12B	0	+	180212
chr6	34555065	34664636	ILRUN	0	-	109571
chr2	131217028	131267280	POTEI	0	-	50252
chr2	97202480	97218371	ARID5A	0	+	15891
chr11	125646008	125648723	PATE2	0	-	2715
chr12	110971050	111021123	PPTC7	0	-	50073
chr17	39114669	39123200	KRT39	0	-	8531
chr10	115614420	115676953	NHLRC2	0	+	62533
chr19	57050317	57068177	ZFP28	0	+	17860
chr2	99410309	99552722	CRACDL	0	-	142413
chr9	70846919	70914951	CBWD3	0	+	68032
chr12	51984050	52206648	KNOWN	0	+	222598
chr1	209788215	209825770	LAMB3	0	-	37555
chr1	228645804	228650805	H2BU1	0	+	5001
chr6	117002350	117063030	KPNA5	0	+	60680
chr2	98109127	98206340	ANKRD36B	0	-	97213
chr11	120207122	120360646	ARHGEF12	0	+	153524
chr12	123210623	123215391	HCAR1	0	-	4768
chr5	176910395	176924607	PDLIM7	0	-	14212
chrX	153576892	153603002	FLNA	0	-	26110
chr10	63166400	63213139	TMEM26	0	-	46739
chr12	64237541	64555997	SRGAP1	0	+	318456
chr7	120988932	121036418	FAM3C	0	-	47486
chr14	24769056	24778330	NOP9	0	+	9274
chr2	196440701	196602426	SLC39A10	0	+	161725
chr11	104813593	104840093	CASP4	0	-	26500
chr19	50270258	50310371	AP2A1	0	+	40113
chr10	75532034	75540009	FUT11	0	+	7975
chrX	134229015	134232742	SMIM10L2B	0	-	3727
chrX	48932092	48958108	WDR45	0	-	26016
chr16	21608539	21668792	METTL9	0	+	60253
chr7	64254766	64294059	ZNF138	0	+	39293
chr19	21679484	21739072	ZNF429	0	+	59588
chr19	57078837	57100279	ZNF470	0	+	21442
chr19	40927496	40931899	SERTAD1	0	-	4403
chr19	21905573	21950381	ZNF100	0	-	44808
chrX	149097745	149106918	EOLA2	0	-	9173
chr7	148823508	148880134	ZNF398	0	+	56626
chr7	99214569	99230031	ZSCAN25	0	+	15462
chr5	150480267	150537376	ANXA6	0	-	57109
chr19	11877815	11894893	ZNF441	0	+	17078
chr14	54941202	54955744	GMFB	0	-	14542
chr19	37498759	37621270	ZNF420	0	+	122511
chr1	35497773	35581460	ZMYM1	0	+	83687
chr6	26104161	26104565	H4C3	0	+	404
chr17	79876146	79885611	MAFG	0	-	9465
chr9	140500137	140509812	ARRDC1	0	+	9675
chr22	25348683	25593415	KIAA1671	0	+	244732
chr6	160390114	160534539	IGF2R	0	+	144425
chr1	152777308	152779127	LCE1C	0	-	1819
chr7	99756867	99766240	GAL3ST4	0	-	9373
chr14	102430910	102522780	DYNC1H1	0	+	91870
chr1	110693116	110744824	SLC6A17	0	+	51708
chr19	39734095	39735890	IFNL3	0	-	1795
chr12	53845886	53874946	PCBP2	0	+	29060
chr14	100757453	100772884	SLC25A29	0	-	15431
chr2	197697728	197792520	PGAP1	0	-	94792
chr20	35973088	36034453	SRC	0	+	61365
chr7	63688852	63727309	ZNF679	0	+	38457
chr19	20107867	20150314	ZNF682	0	-	42447
chr19	57978031	57988938	ZNF772	0	-	10907
chr19	22235232	22274282	ZNF257	0	+	39050
chr11	65383247	65404910	PCNX3	0	+	21663
chr8	38964509	39142436	ADAM32	0	+	177927
chr10	114133874	114188137	ACSL5	0	+	54263
chr1	89990388	90063420	LRRC8B	0	+	73032
chr7	150725509	150744869	ABCB8	0	+	19360
chr6	27858093	27860884	H3C12	0	-	2791
chr7	127292248	127732661	SND1	0	+	440413
chr16	30585061	30597090	ZNF785	0	-	12029
chr16	28603264	28608371	SULT1A2	0	-	5107
chr13	52607747	52703228	NEK5	0	-	95481
chr17	65334032	65362721	PSMD12	0	-	28689
chrX	151867214	151870825	KNOWN	0	+	3611
chr8	22132829	22215081	PIWIL2	0	+	82252
chr20	31030862	31173135	NOL4L	0	-	142273
chr9	140119087	140120767	CYSRT1	0	+	1680
chr2	68268262	68338080	C1D	0	-	69818
chr5	179289066	179334897	TBC1D9B	0	-	45831
chr6	27791870	27792258	H4C11	0	+	388
chr1	26485570	26490453	FAM110D	0	+	4883
chr14	94843084	94857030	SERPINA1	0	-	13946
chr16	1277272	1280185	TPSB2	0	-	2913
chr19	11274946	11308467	KANK2	0	-	33521
chr6	49518379	49529620	C6orf141	0	+	11241
chr17	34639793	34641846	KNOWN	0	+	2053
chr8	30435835	30515753	GTF2E2	0	-	79918
chr16	28510683	28523372	IL27	0	-	12689
chr8	95384188	95487343	RAD54B	0	-	103155
chr6	28048346	28057341	ZNF165	0	+	8995
chr6	33387438	33421466	SYNGAP1	0	+	34028
chr20	42931480	42939842	FITM2	0	-	8362
chr15	91260577	91359396	BLM	0	+	98819
chr16	31724550	31806190	KRBOX5	0	+	81640
chr1	15943953	15995539	DDI2	0	+	51586
chr10	29746267	30025888	SVIL	0	-	279621
chr1	114935412	115053824	TRIM33	0	-	118412
chr14	23340949	23350922	LRP10	0	+	9973
chr2	64319786	64371554	PELI1	0	-	51768
chr11	68658744	68671303	MRPL21	0	-	12559
chr8	143831568	143833950	LYPD2	0	-	2382
chr9	139971969	139978991	UAP1L1	0	+	7022
chr19	22573821	22715287	ZNF98	0	-	141466
chr15	63889552	63894627	FBXL22	0	+	5075
chr7	148766733	148787874	ZNF786	0	-	21141
chr8	146024261	146036554	ZNF517	0	+	12293
chr19	23708433	23870022	ZNF675	0	-	161589
chr5	131705402	131731305	SLC22A5	0	+	25903
chr19	47150808	47164439	DACT3	0	-	13631
chr21	46493768	46646475	ADARB1	0	+	152707
chr4	3043090	3245684	HTT	0	+	202594
chr19	47793280	47825323	C5AR1	0	+	32043
chr14	102026476	102029789	DIO3	0	+	3313
chr4	155152894	155412951	DCHS2	0	-	260057
chr3	156977531	157251408	VEPH1	0	-	273877
chr1	46159996	46216325	IPP	0	-	56329
chr6	136878184	137114235	MAP3K5	0	-	236051
chr10	50942687	50970425	OGDHL	0	-	27738
chr19	41620337	41634286	CYP2F1	0	+	13949
chr7	142941186	142967947	GSTK1	0	+	26761
chr20	62271058	62289035	STMN3	0	-	17977
chr7	536895	559933	PDGFA	0	-	23038
chr4	144792017	144826716	GYPE	0	-	34699
chr10	71561636	71724031	COL13A1	0	+	162395
chr5	140579183	140583352	PCDHB11	0	+	4169
chr19	55987984	55995854	ZNF628	0	+	7870
chr20	45338288	45364986	SLC2A10	0	+	26698
chr19	53662466	53696639	ZNF665	0	-	34173
chr6	111303218	111349466	RPF2	0	+	46248
chr9	86890372	86955673	SLC28A3	0	-	65301
chr1	222910544	222924346	FAM177B	0	+	13802
chr1	1550834	1565985	MIB2	0	+	15151
chr15	52599478	52821329	MYO5A	0	-	221851
chr19	544034	549924	GZMM	0	+	5890
chr3	11313995	11599139	ATG7	0	+	285144
chr14	71787166	72207946	SIPA1L1	0	+	420780
chr2	178477727	178483470	TTC30A	0	-	5743
chr19	851014	856247	ELANE	0	+	5233
chr16	639357	679272	RAB40C	0	+	39915
chr18	59572488	59854351	PIGN	0	-	281863
chrX	107398837	107682727	COL4A6	0	-	283890
chr17	16524048	16557170	ZNF624	0	-	33122
chr3	177990720	178562217	KCNMB2	0	+	571497
chr20	25176329	25208711	ENTPD6	0	+	32382
chr1	46955508	46981888	DMBX1	0	+	26380
chr6	132129156	132216295	ENPP1	0	+	87139
chr16	1484384	1494557	CCDC154	0	-	10173
chr11	13690215	13753893	FAR1	0	+	63678
chr5	37106330	37249478	CPLANE1	0	-	143148
chr12	8789942	8815484	MFAP5	0	-	25542
chr1	247419274	247420512	VN1R5	0	+	1238
chr19	52494585	52511483	ZNF615	0	-	16898
chr1	151023447	151042801	CDC42SE1	0	-	19354
chr18	61538926	61571122	SERPINB2	0	+	32196
chr2	162848755	162930904	DPP4	0	-	82149
chr9	5510531	5571282	PDCD1LG2	0	+	60751
chr12	124246735	124420267	DNAH10	0	+	173532
chr9	131314837	131395941	SPTAN1	0	+	81104
chr15	85198360	85201794	NMB	0	-	3434
chr11	12399110	12556903	PARVA	0	+	157793
chr18	30252636	30352986	KLHL14	0	-	100350
chr4	38869298	38947360	FAM114A1	0	+	78062
chr19	57791419	57805437	ZNF460	0	+	14018
chr1	207818458	207911761	CR1L	0	+	93303
chr9	96338866	96441869	PHF2	0	+	103003
chr12	56435135	56438481	RPS26	0	+	3346
chr10	73576055	73611008	PSAP	0	-	34953
chr1	151955391	151966335	S100A10	0	-	10944
chr10	105889646	105992122	CFAP43	0	-	102476
chr2	217363548	217443903	RPL37A	0	+	80355
chr3	126290622	126373967	TXNRD3	0	-	83345
chr9	140145713	140147935	STPG3	0	+	2222
chr1	242158792	242162400	MAP1LC3C	0	-	3608
chr10	121588916	121652068	MCMBP	0	-	63152
chr14	50159823	50219868	KLHDC1	0	+	60045
chrX	47696301	47861960	ZNF81	0	+	165659
chr1	109605118	109618634	TAF13	0	-	13516
chr19	40575059	40596850	ZNF780A	0	-	21791
chr1	1447542	1470065	ATAD3A	0	+	22523
chr11	126081619	126132879	FAM118B	0	+	51260
chr19	37127520	37157755	ZNF461	0	-	30235
chr9	100069586	100141033	CCDC180	0	+	71447
chr20	48429250	48508779	SLC9A8	0	+	79529
chr5	68788119	68853931	OCLN	0	+	65812
chr12	14920933	14924065	H4-16	0	-	3132
chr19	41594356	41602100	CYP2A13	0	+	7744
chr19	35225060	35236283	ZNF181	0	+	11223
chr19	12335501	12405698	ZNF44	0	-	70197
chr8	145137493	145141119	GPAA1	0	+	3626
chr9	136397286	136440641	ADAMTSL2	0	+	43355
chr12	11418847	11422641	PRB3	0	-	3794
chr2	16730727	16847599	CYRIA	0	-	116872
chr17	1367480	1395980	MYO1C	0	-	28500
chr4	69402891	69442131	UGT2B17	0	-	39240
chr10	15001387	15030049	MEIG1	0	+	28662
chr8	28924795	29120641	KIF13B	0	-	195846
chr4	99992129	100009952	ADH5	0	-	17823
chr6	27114140	27114634	H2BC12	0	-	494
chr12	3068496	3149842	TEAD4	0	+	81346
chr16	89557127	89624174	SPG7	0	+	67047
chr19	53738634	53758151	ZNF677	0	-	19517
chr14	53106633	53162618	ERO1A	0	-	55985
chr19	11832080	11849824	ZNF823	0	-	17744
chr6	28962562	28973093	ZNF311	0	-	10531
chr19	53627325	53662328	ZNF347	0	-	35003
chr16	81812884	81996290	PLCG2	0	+	183406
chr5	141018869	141030985	FCHSD1	0	-	12116
chr19	57106668	57137849	ZNF71	0	+	31181
chr1	153507075	153508720	S100A6	0	-	1645
chr9	130209953	130213685	RPL12	0	-	3732
chr1	171787027	172387606	DNM3	0	+	600579
chr19	9671005	9695180	ZNF121	0	-	24175
chr1	167690429	167761156	MPZL1	0	+	70727
chr9	79792361	80036453	VPS13A	0	+	244092
chr18	74690783	74845639	MBP	0	-	154856
chrX	1710497	1721413	AKAP17A	0	+	10916
chrY	1660497	1671413	AKAP17A	0	+	10916
chr6	10980992	11044538	ELOVL2	0	-	63546
chr3	156543270	156763918	LEKR1	0	+	220648
chr13	61983991	62001982	ENSG00000197991	0	-	17991
chr12	10183277	10218630	CLEC9A	0	+	35353
chr7	142638201	142659450	KEL	0	-	21249
chr9	95059640	95087918	NOL8	0	-	28278
chr12	44152747	44192110	IRAK4	0	+	39363
chr8	687628	1656642	DLGAP2	0	+	969014
chr12	93861290	93909990	MRPL42	0	+	48700
chr1	120926979	120935937	KNOWN	0	-	8958
chr20	44577299	44600842	ZNF335	0	-	23543
chr19	9577031	9609292	ZNF560	0	-	32261
chr13	19747912	19755964	TUBA3C	0	-	8052
chr7	64330550	64391359	ZNF273	0	+	60809
chr12	133613878	133639890	ZNF84	0	+	26012
chr19	56950694	56989434	ZNF667	0	-	38740
chr1	206223632	206234395	AVPR1B	0	+	10763
chr20	1874813	1921238	SIRPA	0	+	46425
chr5	176830205	176869902	GRK6	0	+	39697
chr10	94050924	94113721	MARCHF5	0	+	62797
chr7	134212319	134226164	AKR1B10	0	+	13845
chr2	108994367	109005445	SULT1C4	0	+	11078
chr18	5289018	5297052	ZBTB14	0	-	8034
chr6	47445525	47594999	CD2AP	0	+	149474
chrX	106366657	106449663	NUP62CL	0	-	83006
chr4	100044808	100078949	ADH4	0	-	34141
chr10	38065454	38147034	ZNF248	0	-	81580
chr5	129240158	129522327	CHSY3	0	+	282169
chr9	140172178	140177093	TOR4A	0	+	4915
chr9	113635543	113800750	LPAR1	0	-	165207
chr22	36002811	36033998	MB	0	-	31187
chr14	67913801	68000456	TMEM229B	0	-	86655
chr2	110371941	110376567	SOWAHC	0	+	4626
chr15	35270542	35280488	ZNF770	0	-	9946
chr16	28353838	28374829	NPIPB6	0	-	20991
chrX	80369198	80457412	HMGN5	0	-	88214
chr1	67390578	67454302	MIER1	0	+	63724
chr1	117910071	118071494	MAN1A2	0	+	161423
chr11	22835345	22851845	SVIP	0	-	16500
chr8	145946292	145981802	ZNF251	0	-	35510
chr20	3170996	3185331	DDRGK1	0	-	14335
chr13	114239036	114295788	TFDP1	0	+	56752
chr19	38187272	38210662	ZNF607	0	-	23390
chr20	31823801	31831117	BPIFA1	0	+	7316
chr20	45128269	45142198	ZNF334	0	-	13929
chr4	88257667	88312340	HSD17B11	0	-	54673
chr1	43855553	43919918	SZT2	0	+	64365
chr2	108905095	108926371	SULT1C2	0	+	21276
chrX	57931864	57936892	ZXDA	0	-	5028
chr14	75370654	75390005	RPS6KL1	0	-	19351
chr3	49067140	49131796	QRICH1	0	-	64656
chrX	1387693	1429274	CSF2RA	0	+	41581
chrY	1337693	1379274	CSF2RA	0	+	41581
chr6	63921351	63922929	FKBP1C	0	+	1578
chr17	61850963	61896677	DDX42	0	+	45714
chr17	27047003	27051377	RPL23A	0	+	4374
chr10	73079016	73141180	SLC29A3	0	+	62164
chr14	53196884	53241707	STYX	0	+	44823
chr19	9938568	9940791	UBL5	0	+	2223
chr17	65066560	65242105	HELZ	0	-	175545
chr12	112369086	112450989	TMEM116	0	-	81903
chr20	62571182	62587769	UCKL1	0	-	16587
chr7	2945776	3083862	CARD11	0	-	138086
chr10	44101867	44113352	ZNF485	0	+	11485
chr4	76862103	76912115	SDAD1	0	-	50012
chr6	28109661	28127238	ZKSCAN8	0	+	17577
chr12	111798455	111806925	PHETA1	0	-	8470
chr11	125753509	125770541	HYLS1	0	+	17032
chr17	45277812	45301045	MYL4	0	+	23233
chr19	12460185	12476719	KNOWN	0	-	16534
chr19	53970987	53999509	ZNF813	0	+	28522
chrX	125297482	125300272	DCAF12L2	0	-	2790
chr22	50354416	50357720	PIM3	0	+	3304
chr19	12847953	12859137	GET3	0	+	11184
chr2	65537985	65659771	SPRED2	0	-	121786
chr16	69796231	69975644	WWP2	0	+	179413
chr2	69546912	69614382	GFPT1	0	-	67470
chr11	75526255	75855276	UVRAG	0	+	329021
chr12	133562951	133609538	ZNF26	0	+	46587
chr2	24425733	24583405	ITSN2	0	-	157672
chr1	156785432	156851642	NTRK1	0	+	66210
chr10	103544200	103578222	OGA	0	-	34022
chr16	56691643	56694610	MT1F	0	+	2967
chr7	143548468	143599291	TCAF1	0	-	50823
chr19	11998597	12025144	ZNF69	0	+	26547
chr12	104609557	104744085	TXNRD1	0	+	134528
chr9	140194083	140196723	NRARP	0	-	2640
chr19	56909335	56947404	ZNF583	0	+	38069
chr17	39340352	39341163	KRTAP4-1	0	-	811
chr19	37407231	37489602	ZNF568	0	+	82371
chrX	57618444	57623910	ZXDB	0	+	5466
chr19	52800422	52829175	ZNF480	0	+	28753
chr9	35681989	35690053	TPM2	0	-	8064
chr6	80341046	80413372	SH3BGRL2	0	+	72326
chr19	53030905	53067717	ZNF808	0	+	36812
chr1	145549209	145568526	ANKRD35	0	+	19317
chr1	29063133	29096287	YTHDF2	0	+	33154
chr4	164415594	164441691	TMA16	0	+	26097
chr6	32485130	32498064	HLA-DRB5	0	-	12934
chr1	45140364	45191263	ARMH1	0	+	50899
chr19	21987752	22034927	KNOWN	0	-	47175
chr2	27851114	27874378	GPN1	0	+	23264
chr15	62359176	62363116	C2CD4A	0	+	3940
chr19	53300661	53360853	ZNF28	0	-	60192
chr19	11670189	11729976	ZNF627	0	+	59787
chr14	55405667	55493823	WDHD1	0	-	88156
chr9	140125209	140131007	SLC34A3	0	+	5798
chr1	162365058	162381928	SH2D1B	0	-	16870
chr8	143692410	143695840	ARC	0	-	3430
chr3	131100515	131107674	NUDT16	0	+	7159
chr2	171847333	172087824	TLK1	0	-	240491
chr4	151185587	151936879	LRBA	0	-	751292
chr12	132312938	132336328	MMP17	0	+	23390
chr14	35221937	35344853	BAZ1A	0	-	122916
chr10	5237425	5260912	AKR1C4	0	+	23487
chr2	237994525	238009117	COPS8	0	+	14592
chr1	204485507	204527248	MDM4	0	+	41741
chr1	237205484	237997288	RYR2	0	+	791804
chr19	52932401	52955568	ZNF534	0	+	23167
chr9	21329664	21335403	KLHL9	0	-	5739
chr3	58619673	58652561	FAM3D	0	-	32888
chr2	168810530	169104105	STK39	0	-	293575
chr16	71599563	71610995	TAT	0	-	11432
chr6	36839646	36896740	C6orf89	0	+	57094
chr14	90862846	90874612	CALM1	0	+	11766
chr12	62102054	62672931	TAFA2	0	-	570877
chr5	94797459	94890754	TTC37	0	-	93295
chr9	25676967	25678442	TUSC1	0	-	1475
chrX	152481520	152486116	MAGEA1	0	-	4596
chr10	89419370	89507462	PAPSS2	0	+	88092
chrX	135056000	135129428	SLC9A6	0	+	73428
chr1	94458390	94586704	ABCA4	0	-	128314
chr1	201798277	201853419	IPO9	0	+	55142
chr12	88442793	88535876	CEP290	0	-	93083
chr17	27916787	27941779	ANKRD13B	0	+	24992
chr6	4115927	4135831	ECI2	0	-	19904
chr9	35161989	35405335	UNC13B	0	+	243346
chr10	103866246	103880125	LDB1	0	-	13879
chr6	150464180	150571528	PPP1R14C	0	+	107348
chr11	10772793	10823172	CTR9	0	+	50379
chr14	70320848	70499083	SMOC1	0	+	178235
chr1	169481189	169555826	F5	0	-	74637
chr16	1988230	1993200	MSRB1	0	-	4970
chr17	47366568	47439835	ZNF652	0	-	73267
chr7	74807499	74867509	KNOWN	0	-	60010
chr14	103398717	103523886	CDC42BPB	0	-	125169
chrX	153029651	153044801	PLXNB3	0	+	15150
chr1	40235195	40237020	OXCT2	0	-	1825
chr6	35436178	35438562	RPL10A	0	+	2384
chr1	183898988	184006863	COLGALT2	0	-	107875
chrX	13587720	13651694	EGFL6	0	+	63974
chr1	115397484	115537991	SYCP1	0	+	140507
chr20	57034157	57090455	APCDD1L	0	-	56298
chr1	167599330	167677933	RCSD1	0	+	78603
chr12	86194481	86230187	RASSF9	0	-	35706
chr5	74073399	74162791	FAM169A	0	-	89392
chr9	104331634	104500929	GRIN3A	0	-	169295
chr11	1074875	1104416	MUC2	0	+	29541
chr8	17082475	17104387	CNOT7	0	-	21912
chr22	38615298	38669016	TMEM184B	0	-	53718
chr1	11166592	11322613	MTOR	0	-	156021
chr15	75249560	75313836	SCAMP5	0	+	64276
chr18	22641888	22932154	ZNF521	0	-	290266
chr18	56148479	56296323	ALPK2	0	-	147844
chr1	177140094	177251558	BRINP2	0	+	111464
chr1	113615820	113674882	LRIG2	0	+	59062
chr14	20930151	20945253	PNP	0	+	15102
chrX	30671476	30749579	GK	0	+	78103
chr1	42642210	42801548	FOXJ3	0	-	159338
chr6	166733216	166756064	SFT2D1	0	-	22848
chr13	115079957	115103101	CHAMP1	0	+	23144
chr10	121485554	121588659	INPP5F	0	+	103105
chr3	151591431	151602407	SUCNR1	0	+	10976
chr1	26798931	26803133	HMGN2	0	+	4202
chr22	31500758	31516055	SELENOM	0	-	15297
chr6	90036344	90062441	UBE2J1	0	-	26097
chr1	228337631	228347527	GJC2	0	+	9896
chr3	193310933	193415600	OPA1	0	+	104667
chr1	153901977	153919194	DENND4B	0	-	17217
chr15	33603163	34158322	RYR3	0	+	555159
chr7	111846750	111983989	ZNF277	0	+	137239
chr17	8213559	8225832	ARHGEF15	0	+	12273
chr8	59717971	60031706	TOX	0	-	313735
chr16	55836763	55867249	CES1	0	-	30486
chr11	118175445	118186890	CD3E	0	+	11445
chr9	35490108	35561895	RUSC2	0	+	71787
chr4	109571741	109588976	OSTC	0	+	17235
chr19	896503	913245	R3HDM4	0	-	16742
chr1	184020785	184093112	TSEN15	0	+	72327
chr21	30300466	30365277	LTN1	0	-	64811
chr17	41132582	41147159	RUNDC1	0	+	14577
chr9	136243237	136271220	STKLD1	0	+	27983
chr10	120967083	121219257	GRK5	0	+	252174
chr7	66460160	66704501	TYW1	0	+	244341
chr9	34086385	34127397	DCAF12	0	-	41012
chr10	7200586	7453450	SFMBT2	0	-	252864
chrX	152157368	152162660	PNMA5	0	-	5292
chr2	96991055	96996255	ITPRIPL1	0	+	5200
chr9	72873894	72969789	SMC5	0	+	95895
chr1	107599296	107610258	PRMT6	0	+	10962
chr1	201857808	201861715	SHISA4	0	+	3907
chr7	116451124	116562103	CAPZA2	0	+	110979
chr20	39657462	39753127	TOP1	0	+	95665
chr17	61699775	61773665	MAP3K3	0	+	73890
chr22	42229083	42303311	SREBF2	0	+	74228
chr1	3805689	3816857	C1orf174	0	-	11168
chr2	105469745	105475032	POU3F3	0	+	5287
chr10	43689983	43762513	RASGEF1A	0	-	72530
chrX	118920467	118925593	RPL39	0	-	5126
chr3	108308552	108413687	DZIP3	0	+	105135
chr17	6481467	6544031	KIAA0753	0	-	62564
chr10	115594484	115614142	DCLRE1A	0	-	19658
chr1	162039481	162340265	NOS1AP	0	+	300784
chrX	151903228	151909518	CSAG1	0	+	6290
chr16	88875747	88878345	APRT	0	-	2598
chrX	101906020	101914011	GPRASP1	0	+	7991
chr17	45771527	45789418	TBKBP1	0	+	17891
chrX	75648103	75651735	MAGEE1	0	+	3632
chr6	37450714	37467669	CCDC167	0	-	16955
chr5	178322899	178360213	ZFP2	0	+	37314
chr5	132148994	132152478	SOWAHA	0	+	3484
chr6	130334844	130462594	L3MBTL3	0	+	127750
chrX	31115794	33357726	DMD	0	-	2241932
chr4	170907748	170954182	MFAP3L	0	-	46434
chr1	156219015	156252616	SMG5	0	-	33601
chr10	70748559	70803300	KIFBP	0	+	54741
chrX	100870108	100872991	ARMCX6	0	-	2883
chr5	108670414	108745675	PJA2	0	-	75261
chr9	77112251	77308093	RORB	0	+	195842
chr10	52065346	52384923	SGMS1	0	-	319577
chr14	105147483	105188872	INF2	0	+	41389
chr8	144816309	144872815	IQANK1	0	+	56506
chr1	245132984	245290466	EFCAB2	0	+	157482
chr1	226736465	226796931	STUM	0	+	60466
chr1	223711349	223853425	CAPN8	0	-	142076
chr1	212965170	212990172	TATDN3	0	+	25002
chr1	207669492	207815110	CR1	0	+	145618
chr6	150238014	150244257	RAET1G	0	-	6243
chr1	197871760	197876497	C1orf53	0	+	4737
chr6	147829826	148058683	SAMD5	0	+	228857
chr1	182367252	182369802	TEDDM1	0	-	2550
chr6	139117048	139225207	ECT2L	0	+	108159
chr1	170115100	170138007	NTMT2	0	+	22907
chr6	126661261	126670021	CENPW	0	+	8760
chr10	135234170	135238129	SPRN	0	-	3959
chr6	112408794	112423993	FAM229B	0	+	15199
chr10	127585133	127698161	FANK1	0	+	113028
chr1	153232163	153234600	LORICRIN	0	+	2437
chr1	153065611	153078660	SPRR2E	0	-	13049
chr6	110712974	110736778	DDO	0	-	23804
chr10	122216739	122351577	PLPP4	0	+	134838
chr1	149754245	149783928	H2BC18	0	-	29683
chr1	149675978	149676609	NOVEL	0	+	631
chr1	149438750	149459549	KNOWN	0	-	20799
chr1	148739443	148758311	KNOWN	0	+	18868
chr1	148250249	148347506	KNOWN	0	-	97257
chr1	147574428	147634886	KNOWN	0	-	60458
chr1	119957554	119965658	HSD3B2	0	+	8104
chr10	112404094	112599226	RBM20	0	+	195132
chr6	84563079	84567234	RIPPLY2	0	+	4155
chrX	153665259	153671814	GDI1	0	+	6555
chr20	62887048	62936173	PCMTD2	0	+	49125
chr20	62678935	62680992	SOX18	0	-	2057
chr1	92683472	92711370	C1orf146	0	+	27898
chr1	84764049	84855640	SAMD13	0	+	91591
chrX	134184962	134186226	RTL8A	0	-	1264
chrX	133371077	133380872	CCDC160	0	+	9795
chr6	49467636	49495791	GLYATL3	0	+	28155
chr1	54472971	54483859	LDLRAD1	0	-	10888
chr1	53308183	53360670	ZYG11A	0	+	52487
chr9	139648838	139652995	LCN8	0	-	4157
chrX	115592853	115594137	CT83	0	-	1284
chr10	90466006	90512533	LIPK	0	+	46527
chr1	41827594	41849262	FOXO6	0	+	21668
chrX	102528619	102531678	TCEAL5	0	-	3059
chrX	101395448	101397942	TCEAL6	0	-	2494
chr1	38326369	38412729	INPP5B	0	-	86360
chr2	242750160	242758739	NEU4	0	+	8579
chr20	39314488	39317876	MAFB	0	-	3388
chr2	239229082	239309538	TRAF3IP1	0	+	80456
chrX	72783033	72906946	CHIC1	0	+	123913
chr2	233562009	233725315	GIGYF2	0	+	163306
chr2	231902238	231914434	C2orf72	0	+	12196
chr10	70100864	70167051	RUFY2	0	-	66187
chrX	71130695	71381600	NHSL2	0	+	250905
chr9	124207269	124262123	GGTA1	0	-	54854
chr1	28696093	28826876	PHACTR4	0	+	130783
chr6	35748796	35761452	CLPSL1	0	+	12656
chr10	51741950	51771414	AGAP6	0	+	29464
chr10	51371390	51387768	KNOWN	0	+	16378
chr1	27153179	27184095	ZDHHC18	0	+	30916
chr10	50362770	50396630	TMEM273	0	-	33860
chr10	47191844	47239738	KNOWN	0	-	47894
chr10	47083457	47088320	NPY4R	0	+	4863
chr10	46992959	47007881	GPRIN2	0	+	14922
chr1	25757349	25826700	MACO1	0	+	69351
chr10	46549955	46641045	KNOWN	0	-	91090
chr2	207139387	207179151	ZDBF2	0	+	39764
chr2	203241050	203432474	BMPR2	0	+	191424
chr1	23707402	23751241	TCEA3	0	-	43839
chr6	33257079	33266178	PFDN6	0	+	9099
chr6	33176277	33180499	RING1	0	+	4222
chr6	33172432	33174608	HSD17B8	0	+	2176
chr6	33161365	33168442	RXRB	0	-	7077
chr17	79632066	79633665	OXLD1	0	-	1599
chr6	33130458	33160276	COL11A2	0	-	29818
chr6	32971959	32977368	HLA-DOA	0	-	5409
chr6	32916390	32936871	HLA-DMA	0	-	20481
chr2	189896624	190090038	COL5A2	0	-	193414
chrX	56844731	57022260	SPIN3	0	-	177529
chr6	32407655	32412823	HLA-DRA	0	+	5168
chr9	101705461	101833074	COL15A1	0	+	127613
chr6	32162620	32191844	NOTCH4	0	-	29224
chr6	32152510	32157979	PBX2	0	-	5469
chr6	32148745	32152099	AGER	0	-	3354
chr6	32146182	32148570	RNF5	0	+	2388
chr6	32116136	32120860	PRRT1	0	-	4724
chr6	32096484	32098065	FKBPL	0	-	1581
chr2	171623388	171655487	ERICH2	0	+	32099
chr2	171571847	171574588	SP5	0	+	2741
chr17	72575504	72588422	CD300LD	0	-	12918
chr6	31926893	31937595	SKIV2L	0	+	10702
chr6	31919864	31926815	NELFE	0	-	6951
chr11	114549249	114577791	NXPE2	0	+	28542
chr6	31847536	31865475	EHMT2	0	-	17939
chr1	16555368	16556038	KNOWN	0	-	670
chr11	111411005	111432470	LAYN	0	+	21465
chr6	31830969	31846823	SLC44A4	0	-	15854
chr6	31825436	31830682	NEU1	0	-	5246
chr6	31795515	31798031	HSPA1B	0	+	2516
chr6	31783320	31785723	HSPA1A	0	+	2403
chr6	31777396	31783060	HSPA1L	0	-	5664
chr6	31765173	31774743	LSM2	0	-	9570
chr6	31745295	31763529	VARS1	0	-	18234
chr6	31733367	31745105	VWA7	0	-	11738
chr11	104912053	104972158	CARD16	0	-	60105
chr11	104756445	104769397	CASP12	0	-	12952
chr2	148778580	149274540	MBD5	0	+	495960
chr6	31686371	31694491	MPIG6B	0	+	8120
chr6	31654732	31671133	ABHD16A	0	-	16401
chr6	31644461	31651817	LY6G5C	0	-	7356
chr6	31626075	31628555	C6orf47	0	-	2480
chr13	107815858	108519844	NALF1	0	-	703986
chr6	31606805	31620482	BAG6	0	-	13677
chr6	31588492	31605548	PRRC2A	0	+	17056
chr6	31582994	31584798	AIF1	0	+	1804
chr6	31556672	31560783	NCR3	0	-	4111
chr6	31514647	31526606	NFKBIL1	0	+	11959
chr19	58360099	58400442	ZNF814	0	-	40343
chr6	31462658	31478901	MICB	0	+	16243
chr6	31367561	31383092	MICA	0	+	15531
chr19	57752000	57774096	ZNF805	0	+	22096
chr6	31236526	31239907	HLA-C	0	-	3381
chr6	31132114	31148508	POU5F1	0	-	16394
chr6	31110216	31126015	CCHCR1	0	-	15799
chr6	31082527	31107869	PSORS1C1	0	+	25342
chr6	31079000	31080352	C6orf15	0	-	1352
chr6	30951495	30957680	MUC21	0	+	6185
chr6	30620896	30640783	DHX16	0	-	19887
chr6	30568190	30586389	PPP1R10	0	-	18199
chr11	71276609	71277781	KRTAP5-10	0	+	1172
chr6	30539170	30564956	ABCF1	0	+	25786
chr6	30525057	30531500	PRR3	0	+	6443
chr6	30844198	30867933	DDR1	0	+	23735
chr12	133179736	133187168	LRCOL1	0	-	7432
chr6	30509158	30524266	GNL1	0	-	15108
chr6	30457286	30461971	HLA-E	0	+	4685
chr6	30130983	30140470	TRIM15	0	+	9487
chr19	52616344	52643191	ZNF616	0	-	26847
chr6	30070674	30080867	TRIM31	0	-	10193
chr6	30038043	30043626	RNF39	0	-	5583
chr1	11539212	11597608	DISP3	0	+	58396
chr5	180663897	180675096	RACK1	0	-	11199
chr6	29794744	29798902	HLA-G	0	+	4158
chr2	101623690	101869328	TBC1D8	0	-	245638
chr6	29690552	29706305	HLA-F	0	+	15753
chr6	29640260	29648932	ZFP57	0	-	8672
chr19	51014857	51017947	ASPDH	0	-	3090
chr6	29624779	29640149	MOG	0	+	15370
chr6	29523406	29601753	GABBR1	0	-	78347
chr6	29454474	29455733	MAS1L	0	-	1259
chr11	64937704	64940845	SPDYC	0	+	3141
chr9	72435733	72521143	CFAP95	0	+	85410
chr6	28870779	28891765	TRIM27	0	-	20986
chr10	19337730	20079330	MALRD1	0	+	741600
chr5	170288874	170727019	RANBP17	0	+	438145
chr8	145317003	145331153	KNOWN	0	-	14150
chr9	69204538	69269662	KNOWN	0	-	65124
chr9	45733559	45734896	KNOWN	0	+	1337
chr17	40086870	40118521	ODAD4	0	+	31651
chr8	144648362	144654942	MROH6	0	-	6580
chr12	111881289	112037480	ATXN2	0	-	156191
chr19	46990163	46999136	PNMA8B	0	-	8973
chr12	110906220	110928190	FAM216A	0	+	21970
chr1	6640054	6649340	ZBTB48	0	+	9286
chr19	46646363	46664555	IGFL2	0	+	18192
chr19	46542440	46580376	IGFL4	0	-	37936
chr2	73927703	73928467	NAT8B	0	-	764
chr8	142366570	142377386	GPR20	0	-	10816
chr17	39133967	39143387	KRT40	0	-	9420
chr13	73282505	73301767	MZT1	0	-	19262
chr5	147700766	147719415	SPINK9	0	+	18649
chr17	38083985	38101252	LRRC3C	0	+	17267
chr19	44472014	44502478	ZNF155	0	+	30464
chr11	62437745	62441158	UQCC3	0	+	3413
chr2	68686554	68694426	FBXO48	0	-	7872
chr19	43857838	43867324	CD177	0	+	9486
chr7	148959262	148994393	ZNF783	0	+	35131
chr7	148799876	148823416	ZNF425	0	-	23540
chr11	61276221	61278490	LRRC10B	0	+	2269
chr12	104334541	104359486	C12orf73	0	-	24945
chr5	140710081	140892542	PCDHGA1	0	+	182461
chr5	140165721	140391932	PCDHA1	0	+	226211
chr13	50570024	50594617	TRIM13	0	+	24593
chr19	41949061	41950670	ERICH4	0	+	1609
chr16	89884587	89937727	SPIRE2	0	+	53140
chr8	117950446	117956726	AARD	0	+	6280
chr17	34538310	34540280	KNOWN	0	+	1970
chr17	34623842	34625731	KNOWN	0	-	1889
chr8	110374690	110549436	PKHD1L1	0	+	174746
chr17	33791268	33864697	SLFN12L	0	-	73429
chr7	133974084	134001682	SLC35B4	0	-	27598
chr19	39261608	39264157	LGALS7	0	-	2549
chr16	77233305	77247112	SYCE1L	0	+	13807
chr16	75570639	75590187	TMEM231	0	-	19548
chr7	128311747	128327931	GARIN1A	0	+	16184
chr1	1470158	1476004	TMEM240	0	-	5846
chr2	39395186	39471124	CDKL4	0	-	75938
chr1	1361251	1365635	TMEM88B	0	+	4384
chr8	93895760	94029901	TRIQK	0	-	134141
chr19	36486090	36487214	SDHAF1	0	+	1124
chr9	34621046	34629063	ARID3C	0	-	8017
chr19	4041127	4043154	KNOWN	0	-	2027
chr8	81397854	81438500	ZBTB10	0	+	40646
chr19	35081549	35168064	SCGB2B2	0	-	86515
chr11	27387508	27494337	LGR4	0	-	106829
chr16	67968409	67970767	PSMB10	0	-	2358
chr2	36923833	37041937	VIT	0	+	118104
chr19	23945807	24010937	KNOWN	0	+	65130
chr16	67226058	67232821	E2F4	0	+	6763
chr8	66626569	66754557	PDE7A	0	-	127988
chr6	11537982	11583757	TMEM170B	0	+	45775
chr5	126984774	126994322	CTXN3	0	+	9548
chr5	122110774	122170238	SNX2	0	+	59464
chr17	17206649	17250977	NT5M	0	+	44328
chr16	57644564	57699492	ADGRG1	0	+	54928
chr11	9406199	9469674	IPO7	0	+	63475
chr12	53835462	53840429	PRR13	0	+	4967
chr7	97843936	97881544	TECPR1	0	-	37608
chr16	56703726	56705041	MT1H	0	+	1315
chr5	101707478	101834720	SLCO6A1	0	-	127242
chr16	56672578	56673999	MT1A	0	+	1421
chr15	74027799	74045692	INSYN1	0	-	17893
chr16	56666571	56667893	MT1M	0	+	1322
chr7	92728826	92747336	SAMD9	0	-	18510
chr12	52880960	52887041	KRT6A	0	-	6081
chr16	50058321	50070999	CNEP1R1	0	+	12678
chr14	103561062	103576896	EXOC3L4	0	+	15834
chr16	32264607	32267249	TP53TG3D	0	+	2642
chr14	99966527	100070544	CCDC85C	0	-	104017
chr7	76679708	76691875	SPDYE18	0	-	12167
chr15	62455734	62457484	C2CD4B	0	-	1750
chr19	11495017	11530004	RGL3	0	-	34987
chr11	2965661	3013607	NAP1L4	0	-	47946
chrX	12993229	12995346	TMSB4X	0	+	2117
chr5	69345465	69374349	SMN2	0	+	28884
chr5	69321074	69338940	SERF1B	0	+	17866
chr21	40714241	40721573	HMGN1	0	-	7332
chr12	40787197	40964634	MUC19	0	+	177437
chr22	50747459	50765441	DENND6B	0	-	17982
chr16	28390900	28415162	EIF3CL	0	-	24262
chr16	25123052	25189552	LCMT1	0	+	66500
chr2	24232951	24286191	MFSD2B	0	+	53240
chrX	8432871	8434551	VCX3B	0	+	1680
chr22	46639908	46646208	CDPF1	0	-	6300
chr14	74551659	74668196	LIN52	0	+	116537
chrX	2924587	2952152	ARSH	0	+	27565
chr14	74077649	74086592	ACOT6	0	+	8943
chr21	35747779	35789259	SMIM11	0	+	41480
chr14	73075742	73360809	DPF3	0	-	285067
chr22	42536214	42545446	CYP2D7	0	-	9232
chr22	42348178	42354937	SMIM45	0	+	6759
chr17	4802713	4806229	C17orf107	0	+	3516
chr16	19125254	19132951	ITPRIPL2	0	+	7697
chr19	6467218	6482568	DENND1C	0	-	15350
chrX	1314894	1331616	CRLF2	0	-	16722
chrY	1264894	1281616	CRLF2	0	-	16722
chr5	41904290	41921738	RIMOC1	0	+	17448
chr19	4890449	4902908	ARRDC5	0	-	12459
chr2	10196600	10221071	CYS1	0	-	24471
chr16	4606341	4650759	C16orf96	0	+	44418
chr3	190570526	190610218	GMNC	0	-	39692
chr5	34838938	34900616	TTC23L	0	+	61678
chr22	32544993	32555309	C22orf42	0	-	10316
chr12	7917812	7926717	NANOGNB	0	+	8905
chr13	24465238	24471641	C1QTNF9B	0	-	6403
chr11	1718425	1718985	KRTAP5-6	0	+	560
chr11	1605572	1606513	KRTAP5-1	0	-	941
chr17	1173738	1175109	BHLHA9	0	+	1371
chr7	6676949	6697910	ZNF316	0	+	20961
chr21	34162984	34186053	C21orf62	0	-	23069
chr16	2303117	2318398	RNPS1	0	-	15281
chr14	24868209	24888489	NYNRIN	0	+	20280
chr3	180701485	180707562	DNAJC19	0	-	6077
chr11	298200	299526	IFITM5	0	-	1326
chr18	67068124	67516323	DOK6	0	+	448199
chr16	1728257	1752281	JPT2	0	+	24024
chr22	25331065	25342662	LHFPL7	0	-	11597
chr18	61304493	61311490	SERPINB4	0	-	6997
chr18	61144191	61172318	SERPINB5	0	+	28127
chr5	710470	784844	ZDHHC11B	0	-	74374
chr22	21820712	21825558	TMEM191C	0	+	4846
chr16	226679	227521	HBA1	0	+	842
chr16	203891	216763	HBM	0	+	12872
chr15	25922420	26110331	ATP10A	0	-	187911
chr3	130236021	130395888	COL6A6	0	+	159867
chr18	8609435	8639381	RAB12	0	+	29946
chr18	5882071	5895954	TMEM200C	0	-	13883
chr6	29909037	29913661	HLA-A	0	+	4624
chr3	123209667	123303900	HACD2	0	-	94233
chr3	113005777	113160457	CFAP44	0	-	154680
chr3	100120376	100175163	LNP1	0	+	54787
chr3	86925538	87040299	VGLL3	0	-	114761
chr3	46753605	46854064	ENSG00000206549	0	-	100459
chr3	32859489	32939316	TRIM71	0	+	79827
chr3	15708743	15901278	ANKRD28	0	-	192535
chr3	15491640	15563258	COLQ	0	-	71618
chr3	15422782	15482073	METTL6	0	-	59291
chr5	150400152	150408549	GPX3	0	+	8397
chr14	80663869	80854100	DIO2	0	-	190231
chr1	54356912	54376759	DIO1	0	+	19847
chr1	19592476	19600688	AKR7L	0	-	8212
chr12	27396901	27478892	STK38L	0	+	81991
chr3	45730548	45786901	SACM1L	0	+	56353
chr2	122494679	122525429	TSN	0	+	30750
chr19	5782971	5784757	PRR22	0	-	1786
chr17	39458078	39459103	KRTAP29-1	0	-	1025
chr17	39215492	39216366	KRTAP2-3	0	-	874
chrX	134154543	134156572	RTL8B	0	-	2029
chr9	140114699	140116692	RNF208	0	-	1993
chr17	39149682	39150416	KRTAP3-3	0	-	734
chr17	39164773	39175576	KRTAP3-1	0	-	10803
chr1	232941162	232945675	MAP10	0	+	4513
chr8	128334428	128432311	POU5F1B	0	+	97883
chr19	53206066	53238326	ZNF611	0	-	32260
chr19	51124564	51143138	SYT3	0	-	18574
chr1	197473878	197744826	DENND1B	0	-	270948
chr1	168195176	168222259	SFT2D2	0	+	27083
chr6	167412805	167508277	CEP43	0	+	95472
chr1	159173097	159176290	ACKR1	0	+	3193
chr19	24216207	24312770	ZNF254	0	+	96563
chr3	196018090	196045170	DYNLT2B	0	-	27080
chr2	170550998	170633499	KLHL23	0	+	82501
chr1	151772740	151777895	LINGO4	0	-	5155
chr7	150745379	150749843	ASIC3	0	+	4464
chr6	88117730	88221352	ENSG00000213204	0	+	103622
chr9	139690790	139702193	CCDC183	0	+	11403
chr7	143883176	143892972	ARHGEF35	0	-	9796
chr1	115247090	115259392	NRAS	0	-	12302
chr19	10812106	10824113	QTRT1	0	+	12007
chr10	101948057	101989353	CHUK	0	-	41296
chr5	176728462	176739758	MXD3	0	-	11296
chr1	110210644	110252173	GSTM2	0	+	41529
chr10	98981930	99052430	ARHGAP19	0	-	70500
chrX	152713126	152760974	HAUS7	0	-	47848
chrX	151899293	151903206	MAGEA12	0	-	3913
chr7	99767229	99775004	GPC2	0	-	7775
chr11	65405572	65418389	SIPA1	0	+	12817
chr8	145751117	145754516	C8orf82	0	-	3399
chr5	133307562	133340666	VDAC1	0	-	33104
chr6	33421747	33425321	ZBTB9	0	+	3574
chr2	30454400	30546596	LBH	0	+	92196
chr16	28996147	29002105	LAT	0	+	5958
chr3	48711277	48723797	NCKIPSD	0	-	12520
chr9	91605778	91620070	S1PR3	0	+	14292
chr20	55108302	55111576	FAM209B	0	+	3274
chr14	50037702	50065882	RPS29	0	-	28180
chr4	70065669	70080466	UGT2B11	0	-	14797
chr19	58125601	58136092	ZNF134	0	+	10491
chr6	30875984	30881883	GTF2H4	0	+	5899
chr19	53407668	53426723	ZNF888	0	-	19055
chr19	53837002	53860159	ZNF845	0	+	23157
chr16	10622279	10674489	EMP2	0	-	52210
chr17	7255208	7258263	KCTD11	0	+	3055
chr19	45992035	46005771	PPM1N	0	+	13736
chr14	24780656	24787242	LTB4R	0	+	6586
chr16	3661729	3730144	DNASE1	0	+	68415
chr16	3062924	3064506	CLDN9	0	+	1582
chr5	52083750	52255039	ITGA1	0	+	171289
chr19	33182727	33204698	NUDT19	0	+	21971
chr19	24097678	24127961	ZNF726	0	+	30283
chr19	22934985	22966953	ZNF99	0	-	31968
chr19	20188803	20237885	ZNF90	0	+	49082
chr13	111267892	111292343	NAXD	0	+	24451
chr19	19375173	19384200	TM6SF2	0	-	9027
chr15	42565399	42645864	GANC	0	+	80465
chr3	9849770	9896822	TTLL3	0	+	47052
chr11	1968508	2005752	MRPL23	0	+	37244
chr19	16741562	16771253	SMIM7	0	-	29691
chr8	28205804	28347795	FBXO16	0	-	141991
chr11	842812	867116	TSPAN4	0	+	24304
chrX	30261832	30270157	MAGEB1	0	+	8325
chr6	5103863	5261183	LYRM4	0	-	157320
chr17	74523668	74549660	PRCD	0	+	25992
chr1	36771969	36794941	SH3D21	0	+	22972
chr7	112756773	112758615	SMIM30	0	-	1842
chr19	10947251	10980466	C19orf38	0	+	33215
chr7	100882739	100895597	FIS1	0	-	12858
chr10	135267432	135337062	SCART1	0	+	69630
chr11	111169271	111179460	COLCA2	0	+	10189
chr7	99905325	99919819	SPDYE3	0	+	14494
chr7	99724408	99726118	MBLAC1	0	+	1710
chr2	88746306	88752211	FOXI3	0	-	5905
chr5	172068266	172118543	NEURL1B	0	+	50277
chr11	93551398	93583784	VSTM5	0	-	32386
chr19	4522543	4535236	PLIN5	0	-	12693
chr22	30918786	30942728	SEC14L6	0	-	23942
chr5	147647743	147665818	SPINK13	0	+	18075
chr11	73882312	73965748	PPME1	0	+	83436
chr10	89117477	89130452	NUTM2D	0	+	12975
chr15	83211951	83317612	CPEB1	0	-	105661
chr2	54950636	55199161	EML6	0	+	248525
chr7	63505812	63545717	ZNF727	0	+	39905
chr10	75545364	75561555	ZSWIM8	0	+	16191
chr12	27233990	27235511	C12orf71	0	-	1521
chr2	31395922	31456724	CAPN14	0	-	60802
chr11	62432781	62435968	CSKMT	0	+	3187
chrX	154292309	154376212	MTCP1	0	-	83903
chr2	17691846	17699707	RAD51AP2	0	-	7861
chr17	18281092	18292961	EVPLL	0	+	11869
chr11	57305068	57317745	SMTNL1	0	+	12677
chrX	152661097	152666850	PNMA6E	0	-	5753
chr16	18411799	18441131	NOVEL	0	-	29332
chr17	15879874	15903031	ZSWIM7	0	-	23157
chr5	72921983	73237818	ARHGEF28	0	+	315835
chr7	16127150	16542129	CRPPA	0	-	414979
chr16	16472997	16487829	NPIPA7	0	+	14832
chr12	7456668	7481315	ACSM4	0	+	24647
chr7	7395834	7575504	COL28A1	0	-	179670
chr12	7074490	7079943	PHB2	0	-	5453
chr17	7218947	7232712	NEURL4	0	-	13765
chr7	6536409	6591092	GRID2IP	0	-	54683
chr8	59323918	59364060	UBXN2B	0	+	40142
chr9	42668608	42714962	KNOWN	0	+	46354
chr16	3543484	3545489	C16orf90	0	-	2005
chr16	2848471	2855305	PRSS41	0	+	6834
chr11	1151580	1222364	KNOWN	0	+	70784
chr5	7830491	7851264	C5orf49	0	-	20773
chr5	6448972	6496836	UBE2QL1	0	+	47864
chr15	34817296	34880704	GOLGA8B	0	-	63408
chrX	49160125	49176320	GAGE10	0	+	16195
chr14	23654525	23742686	RNF212B	0	+	88161
chrX	41192601	41223725	DDX3X	0	+	31124
chr20	2821349	2847378	VPS16	0	+	26029
chr4	667369	675817	MYL5	0	+	8448
chr18	72265106	72777627	ZNF407	0	+	512521
chr18	47008051	47018849	RPL17-C18orf32	0	-	10798
chr13	46351377	46425888	SIAH3	0	-	74511
chr20	31446729	31549651	EFCAB8	0	+	102922
chr20	1184098	1189720	C20orf202	0	+	5622
chr4	8847802	8873565	HMX1	0	-	25763
chr17	79762008	79771884	GCGR	0	+	9876
chr6	157710057	157744633	TMEM242	0	-	34576
chr1	109633386	109639556	TMEM167B	0	+	6170
chr1	143896448	143913169	FAM72D	0	-	16721
chr1	219781354	219786447	ZC3H11B	0	-	5093
chr1	152126071	152131704	RPTN	0	-	5633
chr1	2568425	2718258	TTC34	0	-	149833
chr1	1385069	1405543	ATAD3C	0	+	20474
chr19	45116873	45140081	IGSF23	0	+	23208
chr2	242836139	242844702	FAM240C	0	-	8563
chr10	32735068	33171802	CCDC7	0	+	436734
chr2	175199682	175203228	SP9	0	+	3546
chr22	50989541	51001348	SYCE3	0	-	11807
chr4	183065140	183724177	TENM3	0	+	659037
chr19	56088140	56092214	ZNF579	0	-	4074
chr22	48885365	49246724	TAFA5	0	+	361359
chr1	16888814	16940057	NBPF1	0	-	51243
chr7	7680342	8007651	UMAD1	0	+	327309
chr6	5085575	5089721	PPP1R3G	0	+	4146
chr2	24299396	24392509	FAM228B	0	+	93113
chr17	8062467	8066864	VAMP2	0	-	4397
chr8	25699241	25902929	EBF2	0	-	203688
chr6	42858003	42858559	C6orf226	0	-	556
chr9	35073832	35080001	FANCG	0	-	6169
chr2	27760253	27805589	C2orf16	0	+	45336
chr7	131808099	132333447	PLXNA4	0	-	525348
chrX	151934652	151938240	KNOWN	0	-	3588
chr8	48649475	48650726	CEBPD	0	-	1251
chr5	159820155	159827061	ZBED8	0	-	6906
chr22	39214457	39240033	NPTXR	0	-	25576
chr8	26149024	26230196	PPP2R2A	0	+	81172
chr19	52873170	52889048	ZNF880	0	+	15878
chr7	142919130	142920172	TAS2R40	0	+	1042
chr19	35634154	35645205	FXYD7	0	+	11051
chr8	71581574	71702606	XKR9	0	+	121032
chr3	124801480	124931708	SLC12A8	0	-	130228
chr19	55344131	55360024	KIR2DS4	0	+	15893
chr22	36044493	36064451	APOL6	0	+	19958
chr11	61640991	61659523	FADS3	0	-	18532
chr1	1321091	1334715	CCNL2	0	-	13624
chr1	45274195	45281257	BTBD19	0	+	7062
chr7	102389418	102449672	FAM185A	0	+	60254
chr2	130737239	130740311	RAB6C	0	+	3072
chr16	70280681	70285843	EXOSC6	0	-	5162
chr6	33218049	33239824	VPS52	0	-	21775
chr17	14138990	14140179	CDRT15	0	-	1189
chr15	43985084	43991420	CKMT1A	0	+	6336
chr19	5558178	5578360	TINCR	0	-	20182
chr19	18979354	19007536	CERS1	0	-	28182
chr1	1260136	1264276	CPTP	0	+	4140
chr6	31982572	32003195	C4B	0	+	20623
chr19	50192851	50193832	ADM5	0	+	981
chr6	11094067	11138966	SMIM13	0	+	44899
chr16	51587347	51681043	HNRNPA1L3	0	+	93696
chr16	14797268	14820199	NPIPA3	0	+	22931
chr17	79213105	79215110	NDUFAF8	0	+	2005
chr7	127990379	128001739	PRRT4	0	-	11360
chr12	120031579	120080880	TMEM233	0	+	49301
chr10	38717074	38736820	KNOWN	0	+	19746
chr17	79139307	79156966	PVALEF	0	+	17659
chr17	43513266	43568124	PLEKHM1	0	-	54858
chr1	151810294	151813033	C2CD4D	0	-	2739
chr16	88449367	88507165	ZNF469	0	+	57798
chr17	79780237	79791178	MCRIP1	0	-	10941
chr3	48663156	48672926	SLC26A6	0	-	9770
chr10	50662214	50747584	ERCC6	0	-	85370
chr7	1705381	1787582	ELFN1	0	+	82201
chr2	200625267	200715915	FTCDNL1	0	-	90648
chr14	105864875	105916443	TEX22	0	+	51568
chr6	28129547	28137372	ZKSCAN8P1	0	+	7825
chrX	27996109	27999566	DCAF8L1	0	-	3457
chr2	120975055	120980976	TMEM185B	0	-	5921
chr5	154393315	154397701	KIF4B	0	+	4386
chr7	12509247	12581848	ENSG00000226690	0	+	72601
chr19	44100769	44118650	SRRM5	0	+	17881
chr8	142443929	142517330	MROH5	0	-	73401
chr4	53588785	53617753	ERVMER34-1	0	-	28968
chr6	31539831	31542101	LTA	0	+	2270
chr14	96505699	96560308	C14orf132	0	+	54609
chr6	33246885	33257024	WDR46	0	-	10139
chr3	75727811	75834734	ZNF717	0	-	106923
chr10	51026325	51130715	KNOWN	0	-	104390
chr7	134233862	134264627	AKR1B15	0	+	30765
chr19	1905371	1926012	SCAMP4	0	+	20641
chr6	31548302	31550299	LTB	0	-	1997
chr1	23337327	23345593	TEX46	0	-	8266
chr10	61496450	61515799	MRLN	0	-	19349
chr9	40028620	40032417	PUTATIVE	0	+	3797
chr9	117092149	117095531	ORM2	0	+	3382
chr19	1275529	1279243	FAM174C	0	+	3714
chr2	98280680	98319529	C2orf92	0	+	38849
chr1	1533392	1535515	FNDC10	0	-	2123
chr5	138726281	138730793	PROB1	0	-	4512
chr17	44352150	44439163	ARL17B	0	-	87013
chr12	56510374	56511751	RPL41	0	+	1377
chr9	117085378	117088759	ORM1	0	+	3381
chr3	48348332	48375151	SPINK8	0	-	26819
chr15	44957930	45003521	PATL2	0	-	45591
chr10	126133812	126138604	NKX1-2	0	-	4792
chr17	46800547	46802120	PRAC2	0	+	1573
chr19	22817126	22850473	ZNF492	0	+	33347
chr16	30580993	30584055	ZNF688	0	-	3062
chr4	166198959	166200856	GK3P	0	-	1897
chr9	117418584	117424654	TEX53	0	-	6070
chr1	180238788	180472089	ACBD6	0	-	233301
chr9	33524249	33608846	ANKRD18B	0	+	84597
chr19	7049332	7051746	MBD3L2	0	+	2414
chr5	127039083	127277199	CCDC192	0	+	238116
chr9	117428714	117444472	TEX48	0	-	15758
chr12	11460011	11463370	PRB4	0	-	3359
chr1	92540090	92540968	SETSIP	0	-	878
chr6	17102281	17131609	STMND1	0	+	29328
chr3	146294342	146323133	PLSCR5	0	-	28791
chr19	56052023	56056909	SBK3	0	-	4886
chr1	144339738	144521058	NOVEL	0	+	181320
chr6	33032346	33048552	HLA-DPA1	0	-	16206
chr6	33239852	33244288	RPS18	0	+	4436
chr6	33267471	33282061	TAPBP	0	-	14590
chr5	156277306	156279539	PPP1R2B	0	+	2233
chr9	46389110	46391556	KNOWN	0	+	2446
chr6	28538312	28583989	ZBED9	0	-	45677
chr1	201083071	201096312	ASCL5	0	-	13241
chr9	139736930	139743253	AJM1	0	+	6323
chrX	53123324	53200096	KANTR	0	+	76772
chr6	32723875	32731309	HLA-DQB2	0	-	7434
chr15	32885657	32899511	GOLGA8N	0	+	13854
chr6	31543342	31546113	TNF	0	+	2771
chr9	67784944	67786624	KNOWN	0	-	1680
chr15	40643234	40648635	PHGR1	0	+	5401
chr21	44336913	44345740	ERVH48-1	0	-	8827
chr2	132118065	132121741	RAB6D	0	-	3676
chr9	140121954	140124092	RNF224	0	+	2138
chr3	49394609	49395786	GPX1	0	-	1177
chr12	31767957	31805029	AK4P3	0	-	37072
chr19	55890612	55895660	TMEM238	0	-	5048
chr2	239756673	239832230	TWIST2	0	+	75557
chr2	95873269	95925522	ENSG00000233757	0	+	52253
chr6	27806323	27823487	H2BC15	0	+	17164
chrX	56100757	56102014	KNOWN	0	+	1257
chr1	16133664	16135843	UQCRHL	0	-	2179
chrX	55115451	55119275	PAGE2	0	+	3824
chr6	30152232	30181204	TRIM26	0	-	28972
chr5	178450805	178462065	ZNF879	0	+	11260
chr22	20135939	20138578	CCDC188	0	-	2639
chr7	63767837	63817012	ZNF736	0	+	49175
chrX	9935398	9936392	CLDN34	0	+	994
chr7	92190072	92219707	FAM133B	0	-	29635
chr5	54515392	54523143	MCIDAS	0	-	7751
chr8	143738874	143763386	JRK	0	-	24512
chr16	12021116	12070500	NPIPB2	0	-	49384
chr6	31321649	31334844	HLA-B	0	-	13195
chr11	45928064	45928823	C11orf94	0	-	759
chr4	150272861	150817385	IQCM	0	-	544524
chr11	62457747	62494856	HNRNPUL2-BSCL2	0	-	37109
chr22	42305547	42311078	SHISA8	0	-	5531
chr1	1353800	1357149	ANKRD65	0	-	3349
chr6	28292470	28324048	ZSCAN31	0	-	31578
chr12	105629068	105789875	C12orf75	0	+	160807
chr1	3689313	3692546	SMIM1	0	+	3233
chr8	145192677	145195754	HGH1	0	+	3077
chr11	94758422	94760760	KDM4E	0	+	2338
chr9	35909487	35937150	SPAAR	0	+	27663
chr22	42776413	42828409	NFAM1	0	-	51996
chr1	175126122	175162135	KIAA0040	0	-	36013
chrX	152240837	152243402	PNMA6A	0	+	2565
chr6	33282183	33285719	ZBTB22	0	-	3536
chr7	139208431	139229731	CLEC2L	0	+	21300
chr11	10833621	10880343	ZBED5	0	-	46722
chr1	143767144	143767881	KNOWN	0	-	737
chr13	30996625	31003895	UBE2L5	0	+	7270
chr7	6655241	6663921	ZNF853	0	+	8680
chr1	26496007	26498323	ZNF593OS	0	-	2316
chr5	133737756	133747572	CDKN2AIPNL	0	-	9816
chr1	1006347	1009686	RNF223	0	-	3339
chr19	20718631	20748615	ZNF737	0	-	29984
chr10	131818289	131909094	C10orf143	0	-	90805
chr16	12995455	13334273	SHISA9	0	+	338818
chr6	32709168	32714975	HLA-DQA2	0	+	5807
chr6	33359600	33377673	KIFC1	0	+	18073
chr2	61372203	61391963	C2orf74	0	+	19760
chr1	134901	139379	KNOWN	0	-	4478
chr5	150226083	150280298	IRGM	0	+	54215
chr9	139006427	139010721	TMEM250	0	-	4294
chr1	248058889	248059833	OR2W3	0	+	944
chrX	55101463	55105342	PAGE2B	0	+	3879
chr19	36500022	36505141	ALKBH6	0	-	5119
chr9	125281420	125282361	OR1J4	0	+	941
chr22	39473072	39483748	APOBEC3G	0	+	10676
chr1	162348631	162356602	C1orf226	0	+	7971
chr11	5275622	5699664	ENSG00000239920	0	-	424042
chr19	54844456	54850433	LILRA4	0	-	5977
chr19	55084387	55101752	LILRA2	0	+	17365
chr6	32811913	32827628	PSMB9	0	+	15715
chr7	129142372	129152759	SMKR1	0	+	10387
chr7	938415	1015185	COX19	0	-	76770
chr2	201735630	201754026	PPIL3	0	-	18396
chr17	18570942	18585627	FOXO3B	0	-	14685
chr17	16833130	16875432	TNFRSF13B	0	-	42302
chr1	62660521	62678000	L1TD1	0	+	17479
chr7	30951468	30965132	AQP1	0	+	13664
chr10	18834490	18948214	NSUN6	0	-	113724
chr7	39605984	39649919	YAE1	0	+	43935
chr7	63459227	63478459	ZNF722	0	+	19232
chr11	71249071	71250255	KRTAP5-8	0	+	1184
chr11	56587049	56587992	OR5G3	0	-	943
chrX	148558635	148622471	ENSG00000241489	0	-	63836
chr1	153028596	153029988	SPRR2A	0	-	1392
chr8	22457112	22461663	C8orf58	0	+	4551
chr22	32014477	32058207	PISD	0	-	43730
chr21	45527254	45551063	PWP2	0	+	23809
chr2	99757948	99939204	ENSG00000241962	0	+	181256
chr22	21061979	21213705	PI4KA	0	-	151726
chr22	30821611	30825041	MTFP1	0	+	3430
chr16	330450	333010	ARHGDIG	0	+	2560
chr20	33866710	33872788	EIF6	0	-	6078
chr1	1337289	1342673	MRPL20	0	-	5384
chr7	4815246	4834028	AP5Z1	0	+	18782
chr15	43891761	43910998	STRC	0	-	19237
chr7	92097694	92107300	ERVW-1	0	-	9606
chr19	43696854	43711451	PSG4	0	-	14597
chr22	18270415	18507327	MICAL3	0	-	236912
chr4	2043722	2045691	C4orf48	0	+	1969
chr7	76139842	76145839	UPK3B	0	+	5997
chr21	35791013	35796249	SMIM34	0	-	5236
chr10	43932289	43978629	ZNF487	0	+	46340
chr16	22490442	22547856	NPIPB5	0	+	57414
chr7	143954756	143961885	OR2A7	0	-	7129
chr21	35445524	35515334	MRPS6	0	+	69810
chr2	27805836	27846084	ZNF512	0	+	40248
chr6	52656169	52668658	GSTA1	0	-	12489
chr1	20978260	20988037	DDOST	0	-	9777
chr17	26684665	26690705	TMEM199	0	+	6040
chr6	52614885	52628273	GSTA2	0	-	13388
chr1	153084597	153085992	SPRR2F	0	-	1395
chr5	177611506	177614372	GMCL2	0	-	2866
chr11	71238313	71239715	KRTAP5-7	0	+	1402
chr1	196788861	196806289	CFHR1	0	+	17428
chr2	70187221	70188763	ASPRV1	0	-	1542
chr6	47824409	48078933	PTCHD4	0	-	254524
chr6	31949834	31970458	C4A	0	+	20624
chr11	5246694	5250625	HBB	0	-	3931
chr22	25608531	25627837	CRYBB2	0	+	19306
chr13	33006554	33113022	N4BP2L2	0	-	106468
chr19	37672481	37709055	ZNF585B	0	-	36574
chr19	33790840	33793440	CEBPA	0	-	2600
chr12	14927339	14930936	H2AJ	0	+	3597
chr15	65385098	65407538	UBAP1L	0	-	22440
chr12	133287405	133299320	PGAM5	0	+	11915
chr3	52262628	52280804	TWF2	0	-	18176
chr2	198570093	198573119	MARS2	0	+	3026
chrX	55511049	55516281	USP51	0	-	5232
chr19	17927321	17932383	INSL3	0	-	5062
chr5	147601213	147623143	MARCOL	0	+	21930
chr6	30296684	30314631	TRIM39-RPP21	0	+	17947
chr4	165798330	165820117	APELA	0	+	21787
chr1	1570601	1590473	CDK11B	0	-	19872
chr22	45098113	45258586	PRR5-ARHGAP8	0	+	160473
chr1	161228535	161255240	PCP4L1	0	+	26705
chr3	52867137	52931578	STIMATE-MUSTN1	0	-	64441
chr11	119060959	119067479	CCDC153	0	-	6520
chr11	66313866	66330805	ACTN3	0	+	16939
chr4	165675216	165724947	SMIM31	0	+	49731
chr15	33057745	33486915	FMN1	0	-	429170
chr19	36103637	36116257	HAUS5	0	+	12620
chr4	83404323	83483510	TMEM150C	0	-	79187
chr7	65552748	65617264	ENSG00000249319	0	+	64516
chr5	70263993	70321166	NAIP	0	-	57173
chrX	36737902	36738646	H2AL1Q	0	+	744
chr19	58962978	58969200	ZNF324B	0	+	6222
chr21	34602197	34669465	ENSG00000249624	0	+	67268
chr4	57396772	57469673	THEGL	0	+	72901
chr2	97308474	97370624	FER1L5	0	+	62150
chr5	138784245	138842328	KNOWN	0	-	58083
chr7	55954970	56022932	ENSG00000249773	0	+	67962
chr4	22694537	22821198	GBA3	0	+	126661
chr16	66788543	66835523	TERB1	0	-	46980
chr3	45265958	45267779	TMEM158	0	-	1821
chr15	90377540	90456114	ARPIN-AP3S2	0	-	78574
chr6	32781544	32806599	ENSG00000250264	0	-	25055
chr8	12803151	12889012	TRMT9B	0	+	85861
chr4	124383	196092	ZNF718	0	+	71709
chr14	96332924	96392000	TUNAR	0	+	59076
chr2	46717889	46769716	ATP6V1E2	0	-	51827
chr11	1756051	1785184	ENSG00000250644	0	-	29133
chr4	147135667	147153419	REELD1	0	+	17752
chr5	42799982	42887494	SELENOP	0	-	87512
chrX	46357160	46404892	ZNF674	0	-	47732
chr19	37341263	37403931	ZNF345	0	+	62668
chr3	129800674	129832070	ALG1L2	0	+	31396
chr22	51112843	51171640	SHANK3	0	+	58797
chr5	72740654	72744602	FOXD1	0	-	3948
chr12	11504757	11508525	PRB1	0	-	3768
chr7	106294806	106301604	CCDC71L	0	-	6798
chr1	43747548	43751288	C1orf210	0	-	3740
chr22	31365231	31375381	TUG1	0	+	10150
chr1	27320183	27327377	TRNP1	0	+	7194
chr8	82605866	82607293	SLC10A5	0	-	1427
chr10	81272289	81276196	EIF5AL1	0	+	3907
chr8	10340388	10405095	PRSS51	0	-	64707
chr12	74931615	74939210	ATXN7L3B	0	+	7595
chr8	48685672	48872738	PRKDC	0	-	187066
chr1	157061835	157082204	ETV3L	0	-	20369
chr8	8559447	8561606	CLDN23	0	+	2159
chr19	37001589	37019173	ZNF260	0	-	17584
chr8	56792394	56926728	LYN	0	+	134334
chr2	107103820	107160753	CD8B2	0	+	56933
chr16	29392631	29418032	NPIPB11	0	-	25401
chr19	52142731	52150078	SIGLEC14	0	-	7347
chr11	65541369	65548447	AP5B1	0	-	7078
chr4	135117488	135122944	PABPC4L	0	-	5456
chr10	135193521	135233775	ENSG00000254536	0	+	40254
chr22	23229960	23238291	IGLL5	0	+	8331
chr1	156041804	156052256	MEX3A	0	-	10452
chr16	66586490	66613038	CKLF-CMTM1	0	+	26548
chr20	43991840	44039250	SYS1-DBNDD2	0	+	47410
chr11	57154838	57191532	ENSG00000254979	0	-	36694
chr11	66247484	66277128	DPP3	0	+	29644
chr20	57226490	57290466	STX16-NPEPL1	0	+	63976
chr5	139781493	139929154	ANKHD1-EIF4EBP3	0	+	147661
chr11	71259466	71260654	KRTAP5-9	0	+	1188
chr3	10157359	10168874	BRK1	0	+	11515
chr11	18252970	18270182	SAA2-SAA4	0	-	17212
chr11	58853780	58862259	GLYATL1B	0	+	8479
chr6	31707797	31732628	MSH5-SAPCD1	0	+	24831
chr11	111957627	112064528	ENSG00000255292	0	+	106901
chr15	69222864	69355102	NOX5	0	+	132238
chr12	123199303	123201358	HCAR3	0	-	2055
chr3	73110810	73112488	EBLN2	0	+	1678
chr16	31094760	31106277	ENSG00000255439	0	-	11517
chr11	62327075	62359003	ENSG00000255508	0	-	31928
chr14	24683161	24701558	NEDD8-MDP1	0	-	18397
chr7	28992974	28997946	TRIL	0	-	4972
chr12	10524952	10562745	KLRC4-KLRK1	0	-	37793
chr4	156842732	156875064	CTSO	0	-	32332
chrX	55207824	55208944	KNOWN	0	-	1120
chr15	55702723	55800432	DNAAF4	0	-	97709
chr19	52534631	52598991	ZNF432	0	-	64360
chr19	20278023	20311297	ZNF486	0	+	33274
chr11	118955576	118964544	HMBS	0	+	8968
chr19	44616334	44638975	ZNF225	0	+	22641
chr17	34522268	34524157	KNOWN	0	-	1889
chr17	62473902	62493172	POLG2	0	-	19270
chr11	61196692	61253294	ENSG00000256591	0	+	56602
chr17	22022437	22023991	KNOWN	0	+	1554
chr19	52467593	52490109	ZNF350	0	-	22516
chr19	19976691	20005483	ZNF253	0	+	28792
chr12	10034088	10048432	KLRF2	0	+	14344
chr12	101549271	101604016	SLC5A8	0	-	54745
chr17	72363597	72368739	GPR142	0	+	5142
chr7	141356528	141401966	DENND11	0	-	45438
chr19	34663409	34720193	LSM14A	0	+	56784
chr2	111160511	111230652	ENSG00000257207	0	-	70141
chr7	141607613	141806547	MGAM	0	+	198934
chr12	56151059	56221330	ENSG00000257390	0	-	70271
chr9	130630129	130668301	ENSG00000257524	0	-	38172
chrX	100645999	100667285	RPL36A-HNRNPH2	0	+	21286
chr19	12252905	12267549	ZNF625	0	-	14644
chr19	47778142	47778980	INAFM1	0	+	838
chr7	141811518	141922124	MGAM2	0	+	110606
chr7	101459184	101927250	CUX1	0	+	468066
chr17	3566357	3599488	P2RX5-TAX1BP3	0	-	33131
chr12	116985910	117014411	MAP1LC3B2	0	+	28501
chr6	32121622	32139755	PPT2-EGFL8	0	+	18133
chr19	52956806	53020135	ZNF578	0	+	63329
chr14	68126537	68157084	ENSG00000258466	0	-	30547
chr10	126305649	126480296	ENSG00000258539	0	-	174647
chr14	23776042	23795384	BCL2L2-PABPN1	0	+	19342
chr14	35591755	35786680	ENSG00000258790	0	+	194925
chr14	20697561	20698505	OR11H7	0	+	944
chr14	21152719	21169375	RNASE4	0	+	16656
chr16	89987800	90005169	TUBB3	0	+	17369
chr14	104941015	105071984	TMEM179	0	-	130969
chr17	15339338	15466875	TVP23C-CDRT4	0	-	127537
chr1	74663919	75010077	FPGT-TNNI3K	0	+	346158
chr14	93651318	93684932	ENSG00000259066	0	+	33614
chr8	124238429	124286524	ZHX1-C8orf76	0	-	48095
chr15	40615893	40618916	INAFM2	0	+	3023
chr15	80137492	80216096	ST20-MTHFS	0	-	78604
chr14	24590165	24601038	ENSG00000259371	0	+	10873
chr20	35202956	35240787	TGIF2-RAB5IF	0	+	37831
chr15	80487823	80544555	CTXND1	0	-	56732
chr14	24616757	24635661	ENSG00000259529	0	+	18904
chr16	33647251	33647696	IGHV3OR16-17	0	-	445
chr16	89262169	89268059	SLC22A31	0	-	5890
chr19	7979715	7983982	TGFBR3L	0	+	4267
chr17	46684594	46710934	HOXB7	0	-	26340
chr9	111892573	111929529	FRRS1L	0	-	36956
chr1	156182773	156213123	PMF1-BGLAP	0	+	30350
chr16	18799385	18812841	ENSG00000260342	0	-	13456
chr16	87117168	87351026	C16orf95	0	-	233858
chr15	72577068	72668322	ENSG00000260729	0	-	91254
chr15	55632230	55700708	CCPG1	0	-	68478
chr16	30210549	30215631	SULT1A3	0	+	5082
chr7	140773864	141180180	TMEM178B	0	+	406316
chr16	19297053	19333467	CLEC19A	0	+	36414
chr19	56117013	56128635	ZNF865	0	+	11622
chr12	52211683	52242502	FIGNL2	0	-	30819
chr19	51279398	51296399	ENSG00000261341	0	-	17001
chr17	73975312	74002080	TEN1-CDK3	0	+	26768
chr11	74951819	74954749	TPBGL	0	+	2930
chr16	81348549	81424414	GAN	0	+	75865
chr15	23599895	23613488	GOLGA8S	0	+	13593
chr16	29454551	29465972	BOLA2-SMG1P6	0	-	11421
chr8	67858736	67874826	TCF24	0	-	16090
chr15	30896231	30909955	GOLGA8H	0	+	13724
chr19	49927006	49932244	GFY	0	+	5238
chr16	3038257	3052017	GREP1	0	+	13760
chr17	4704454	4710308	C17orf114	0	-	5854
chr6	44184663	44185971	MYMX	0	+	1308
chr17	7150148	7165408	ENSG00000262302	0	-	15260
chr17	3488443	3539543	ENSG00000262304	0	-	51100
chr19	39399620	39402826	CCER2	0	-	3206
chr19	51891543	51893845	C19orf84	0	-	2302
chr19	44645707	44664466	ZNF234	0	+	18759
chr6	31633879	31641323	ENSG00000263020	0	+	7444
chr17	10698225	10707416	TMEM238L	0	-	9191
chr17	21729601	21731762	KNOWN	0	+	2161
chr17	37081421	37085637	LINC00672	0	+	4216
chr17	38783608	38821393	ENSG00000264058	0	-	37785
chr17	56160780	56172903	DYNLL2	0	+	12123
chr21	33774820	33985175	CFAP298-TCP10L	0	-	210355
chr1	248902716	248903150	NOVEL	0	-	434
chr19	37205285	37263727	ZNF850	0	-	58442
chr18	77794346	77854968	ENSG00000267127	0	+	60622
chr18	44634559	44702716	ENSG00000267228	0	-	68157
chr17	40271692	40306934	ENSG00000267261	0	-	35242
chr12	53900475	54019763	ATF7-NPFF	0	-	119288
chr19	5904852	5914718	ENSG00000267314	0	+	9866
chr19	44598514	44614039	ZNF224	0	+	15525
chr1	33439268	33439642	KNOWN	0	+	374
chr19	7571938	7584508	ENSG00000267952	0	+	12570
chr7	72459478	72464996	NOVEL	0	+	5518
chr19	57154527	57168615	SMIM17	0	+	14088
chr19	19017822	19045206	ENSG00000268193	0	-	27384
chr19	57905551	57949825	ENSG00000268533	0	+	44274
chr2	105867759	105869601	NOVEL	0	+	1842
chr9	45441273	45441542	KNOWN	0	-	269
chr19	49521225	49523806	ENSG00000268655	0	-	2581
chr19	23015093	23041469	ZNF723	0	+	26376
chr4	6693782	6694189	KNOWN	0	-	407
chr7	74999908	75005425	NOVEL	0	-	5517
chr10	135341026	135342661	NOVEL	0	-	1635
chr19	53547993	53554933	ERVV-2	0	+	6940
chr21	15051621	15053459	KNOWN	0	-	1838
chr19	23157685	23185978	ZNF728	0	-	28293
chr1	48226200	48463057	TRABD2B	0	-	236857
chr15	22456895	22460351	NOVEL	0	+	3456
chr4	187111913	187112626	KNOWN	0	-	713
chr9	70646589	70648956	KNOWN	0	+	2367
chr7	302918	304070	KNOWN	0	+	1152
chr19	50922195	50934571	SPIB	0	+	12376
chr19	53517174	53519376	ERVV-1	0	+	2202
chr1	159879884	159880159	KNOWN	0	-	275
chr19	57285915	57352099	ZIM2	0	-	66184
chr19	17498005	17505005	CCDC194	0	-	7000
chr19	58907023	58908446	RNF225	0	+	1423
chr19	9434850	9493293	ZNF559-ZNF177	0	+	58443
chr1	160967747	161008752	ENSG00000270149	0	-	41005
chr3	196669545	196670414	NCBP2AS2	0	+	869
chr20	627270	656444	ENSG00000270299	0	-	29174
chr7	142374104	142375550	KNOWN	0	+	1446
chr2	198365137	198415450	HSPE1-MOB4	0	+	50313
chr6	34252664	34393848	RPS10-NUDT3	0	-	141184
chr1	95583479	95712781	TLCD4-RWDD3	0	+	129302
chr17	62461569	62464760	KNOWN	0	+	3191
chr1	35447134	35497342	ENSG00000271741	0	-	50208
chr1	113245236	113254055	ENSG00000271810	0	-	8819
chr5	135527156	135528850	SMIM32	0	-	1694
chr6	158589382	158620376	GTF2H5	0	+	30994
chr19	39736954	39739496	IFNL4	0	-	2542
chr6	44240931	44346694	ENSG00000272442	0	+	105763
chr17	5810	31441	DOC2B	0	-	25631
chr12	49297286	49351148	ENSG00000272822	0	-	53862
chr7	5023349	5112852	RBAK-RBAKDN	0	+	89503
chr20	62340216	62370456	ENSG00000273154	0	+	30240
chr1	149389123	149400553	H3-7	0	-	11430
chr14	95058395	95090983	ENSG00000273259	0	+	32588
chr3	42850938	43097363	ENSG00000273291	0	+	246425
chr5	33987279	34124633	C1QTNF3-AMACR	0	-	137354
